40.0473,40,40000000000,47277491,0
40.1252,40,40047277491,77934616,0
40.1866,40,40150000000,36595463,0
40.2413,40,40200000000,41309013,0
40.3033,40,40250000000,53282363,0
40.4004,40,40350000000,50426003,0
40.4905,40,40450000000,40479425,0
40.578,40,40500000000,78047241,0
40.6352,40,40600000000,35209585,0
40.6967,40,40650000000,46717735,0
40.7742,40,40700000000,74200527,0
40.8101,40,40800000000,10070417,0
40.9026,40,40850000000,52636245,0
40.9877,40,40950000000,37664655,0
41.0778,40,41000000000,77824477,0
41.1138,40,41100000000,13756367,0
41.1706,40,41150000000,20624911,0
41.2015,40,41200000000,1451989,0
41.289,40,41250000000,39019605,0
41.3278,40,41300000000,27821701,0
41.4176,40,41350000000,67588523,0
41.531,40,41450000000,80966199,0
41.5647,40,41550000000,14653489,0
41.616,40,41600000000,15980615,0
41.6575,40,41650000000,7500123,0
41.745,40,41700000000,45032739,0
41.8347,40,41750000000,84729155,0
41.8735,40,41850000000,23467457,0
41.9865,40,41900000000,86541333,0
42.0198,40,42000000000,19782217,0
42.1354,40,42050000000,85395099,0
42.1694,40,42150000000,19368389,0
42.2027,40,42200000000,2654473,0
42.2622,40,42250000000,12187023,0
42.3185,40,42300000000,18501161,0
42.4163,40,42350000000,66341001,0
42.5603,40,42450000000,110344949,0
42.622,40,42600000000,21952305,0
42.6606,40,42650000000,10602401,0
42.7453,40,42700000000,45274011,0
42.7693,40,42750000000,19349477,0
42.8256,40,42800000000,25592615,0
42.8726,40,42850000000,22573135,0
42.9366,40,42900000000,36566291,0
43.0089,40,42950000000,58911071,0
43.0524,40,43050000000,2361979,0
43.122,40,43100000000,21961553,0
43.2424,40,43150000000,92438447,0
43.276,40,43250000000,26036331,0
43.3609,40,43300000000,60939141,0
43.4253,40,43400000000,25336503,0
43.5007,40,43450000000,50697289,0
43.5518,40,43550000000,1809215,0
43.719,40,43600000000,119010823,0
43.7548,40,43750000000,4817513,0
43.8167,40,43800000000,16711069,0
43.9296,40,43850000000,79570945,0
44.0197,40,43950000000,69695567,0
44.0608,40,44050000000,10803469,0
44.1125,40,44100000000,12496001,0
44.1585,40,44150000000,8548115,0
44.2792,40,44200000000,79249009,0
44.3208,40,44300000000,20795317,0
44.3819,40,44350000000,31938467,0
44.4186,40,44400000000,18566963,0
44.5366,40,44450000000,86602851,0
44.6035,40,44550000000,53511013,0
44.6853,40,44650000000,35331417,0
44.7038,40,44700000000,3759465,0
44.7678,40,44750000000,17754027,0
44.8066,40,44800000000,6565123,0
44.9038,40,44850000000,53842963,0
44.9656,40,44950000000,15620319,0
45.0276,40,45000000000,27557875,0
45.0634,40,45050000000,13418965,0
45.1018,40,45100000000,1756061,0
45.2279,40,45150000000,77874373,0
45.2612,40,45250000000,11240257,0
45.3256,40,45300000000,25636819,0
45.4694,40,45350000000,119399967,0
45.5465,40,45500000000,46455159,0
45.5671,40,45550000000,17064213,0
45.6131,40,45600000000,13063327,0
45.6723,40,45650000000,22346877,0
45.7575,40,45700000000,57537687,0
45.8035,40,45800000000,3536601,0
45.8602,40,45850000000,10218145,0
45.9063,40,45900000000,6271259,0
45.9629,40,45950000000,12916803,0
46.0089,40,46000000000,8942917,0
46.0658,40,46050000000,15758461,0
46.1092,40,46100000000,9191569,0
46.1634,40,46150000000,13441107,0
46.207,40,46200000000,7008215,0
46.2637,40,46250000000,13671759,0
46.343,40,46300000000,43043951,0
46.364,40,46350000000,13956411,0
46.4099,40,46400000000,9946525,0
46.4666,40,46450000000,16628069,0
46.5127,40,46500000000,12681183,0
46.5693,40,46550000000,19335727,0
46.6154,40,46600000000,15352841,0
46.672,40,46650000000,22043385,0
46.7156,40,46700000000,15583493,0
46.7517,40,46750000000,1703583,0
46.8183,40,46800000000,18327151,0
46.8544,40,46850000000,4429241,0
46.921,40,46900000000,20989809,0
46.9571,40,46950000000,7145899,0
47.0237,40,47000000000,23697467,0
47.0599,40,47050000000,9853557,0
47.1011,40,47100000000,1069065,0
47.196,40,47150000000,46004699,0
47.2242,40,47200000000,24212771,0
47.3193,40,47250000000,69344605,0
47.4145,40,47350000000,64467239,0
47.4503,40,47450000000,292129,0
47.5172,40,47500000000,17192697,0
47.5711,40,47550000000,21120829,0
47.615,40,47600000000,14973343,0
47.6686,40,47650000000,18597475,0
47.7152,40,47700000000,15230995,0
47.751,40,47750000000,1002085,0
47.8179,40,47800000000,17920653,0
47.8538,40,47850000000,3754743,0
47.9513,40,47900000000,51309583,0
48.0692,40,48000000000,69176271,0
48.1158,40,48100000000,15800591,0
48.1516,40,48150000000,1598681,0
48.2185,40,48200000000,18481249,0
48.3112,40,48250000000,61154077,0
48.4112,40,48350000000,61176723,0
48.4673,40,48450000000,17304661,0
48.5115,40,48500000000,11497175,0
48.5701,40,48550000000,20110319,0
48.6141,40,48600000000,14141833,0
48.6728,40,48650000000,22808977,0
48.7144,40,48700000000,14399485,0
48.7705,40,48750000000,20518623,0
48.8656,40,48800000000,65614457,0
48.9122,40,48900000000,12229777,0
49.0095,40,48950000000,59517211,0
49.0635,40,49050000000,13471549,0
49.1097,40,49100000000,9738663,0
49.2021,40,49150000000,52098491,0
49.2922,40,49250000000,42213913,0
49.4493,40,49300000000,149316497,0
49.5106,40,49450000000,60646447,0
49.5775,40,49550000000,27537815,0
49.6109,40,49600000000,10912899,0
49.7242,40,49650000000,74194775,0
49.7705,40,49750000000,20515095,0
49.8328,40,49800000000,32758651,0
49.8584,40,49850000000,8409717,0
49.9145,40,49900000000,14510855,0
49.9611,40,49950000000,11135375,0
50.033,40,50000000000,32970549,0
50.0589,40,50050000000,8934021,0
50.1126,40,50100000000,12567153,0
50.1592,40,50150000000,9173673,0
50.2153,40,50200000000,15319811,0
50.2619,40,50250000000,11917331,0
50.318,40,50300000000,18000469,0
50.3646,40,50350000000,14606989,0
50.4004,40,50400000000,405079,0
50.4979,40,50450000000,47906719,0
50.5185,40,50500000000,18488773,0
50.5651,40,50550000000,15122293,0
50.6009,40,50600000000,866383,0
50.6654,40,50650000000,15352945,0
50.7011,40,50700000000,1133035,0
50.768,40,50750000000,18015603,0
50.8656,40,50800000000,65624443,0
50.9014,40,50900000000,1449333,0
51.012,40,50950000000,61975203,0
51.1095,40,51050000000,59493843,0
51.2224,40,51150000000,72416519,0
51.343,40,51250000000,92982213,0
51.3948,40,51350000000,44808545,0
51.4129,40,51400000000,12851593,0
51.508,40,51450000000,57974427,0
51.5902,40,51550000000,40152831,0
51.6082,40,51600000000,8213879,0
51.6723,40,51650000000,22263035,0
51.7135,40,51700000000,13505543,0
51.7931,40,51750000000,43109141,0
51.8112,40,51800000000,11179189,0
51.9088,40,51850000000,58806029,0
52.0039,40,51950000000,53928663,0
52.0676,40,52050000000,17610619,0
52.1092,40,52100000000,9166127,0
52.1703,40,52150000000,20282277,0
52.2093,40,52200000000,9289779,0
52.3093,40,52250000000,59330625,0
52.407,40,52350000000,56957265,0
52.4707,40,52450000000,20666221,0
52.5836,40,52500000000,83597097,0
52.6812,40,52600000000,81214737,0
52.7892,40,52700000000,89176401,0
52.8155,40,52800000000,15532673,0
52.8513,40,52850000000,1312763,0
52.9157,40,52900000000,15703245,0
53.0084,40,52950000000,58367073,0
53.0621,40,53050000000,12054005,0
53.1059,40,53100000000,5907113,0
53.2497,40,53150000000,99731935,0
53.2678,40,53250000000,17792783,0
53.3321,40,53300000000,32145345,0
53.4377,40,53350000000,87728203,0
53.5098,40,53450000000,59787377,0
53.6433,40,53550000000,93271507,0
53.731,40,53650000000,80999123,0
53.8517,40,53750000000,101687017,0
53.9492,40,53900000000,49215257,0
54.0029,40,53950000000,52919589,0
54.1468,40,54050000000,96765743,0
54.1826,40,54150000000,32590633,0
54.2032,40,54200000000,3199687,0
54.3161,40,54250000000,66113563,0
54.3804,40,54350000000,30411925,0
54.401,40,54400000000,1011979,0
54.4807,40,54450000000,30678577,0
54.519,40,54500000000,19024673,0
54.6424,40,54550000000,92371573,0
54.7347,40,54650000000,84697201,0
54.8069,40,54750000000,56862781,0
54.889,40,54850000000,39041185,0
54.9613,40,54900000000,61342439,0
55.0252,40,55000000000,25194395,0
55.0592,40,55050000000,9167885,0
55.123,40,55100000000,22984041,0
55.1594,40,55150000000,9416537,0
55.2748,40,55200000000,74815419,0
55.3183,40,55300000000,18310327,0
55.375,40,55350000000,25036871,0
55.4186,40,55400000000,18612979,0
55.4729,40,55450000000,22853517,0
55.5164,40,55500000000,16411625,0
55.5522,40,55550000000,2164715,0
55.6191,40,55600000000,19083283,0
55.7093,40,55650000000,59252105,0
55.7657,40,55750000000,15720043,0
55.812,40,55800000000,11977563,0
55.9451,40,55850000000,95060487,0
55.9816,40,55950000000,31608783,0
56.0404,40,56000000000,40363927,0
56.1355,40,56050000000,85513761,0
56.2282,40,56150000000,78177389,0
56.2665,40,56250000000,16541285,0
56.3641,40,56300000000,64132125,0
56.4285,40,56400000000,28457487,0
56.4644,40,56450000000,14380577,0
56.5466,40,56500000000,46585783,0
56.5646,40,56550000000,14628831,0
56.683,40,56600000000,83048719,0
56.7192,40,56700000000,19195015,0
56.783,40,56750000000,33020171,0
56.8194,40,56800000000,19416667,0
56.8578,40,56850000000,7798763,0
56.9221,40,56900000000,22106325,0
56.986,40,56950000000,35958481,0
57.0762,40,57000000000,76181303,0
57.1126,40,57100000000,12595599,0
57.2102,40,57150000000,60168439,0
57.3409,40,57250000000,90890157,0
57.4207,40,57350000000,70689755,0
57.4667,40,57450000000,16688669,0
57.5544,40,57500000000,54418485,0
57.6802,40,57600000000,80162191,0
57.7167,40,57700000000,16683487,0
57.7982,40,57750000000,48218685,0
57.8166,40,57800000000,16610733,0
57.9142,40,57850000000,64174573,0
57.9782,40,57950000000,28195935,0
58.0684,40,58000000000,68409757,0
58.1863,40,58100000000,86276445,0
58.2305,40,58200000000,30450759,0
58.2638,40,58250000000,13780843,0
58.3614,40,58300000000,61389683,0
58.4279,40,58400000000,27941645,0
58.4641,40,58450000000,14079141,0
58.5592,40,58500000000,59192975,0
58.6771,40,58600000000,77095663,0
58.7747,40,58700000000,74686303,0
58.8206,40,58800000000,20640217,0
58.9133,40,58850000000,63286045,0
58.9853,40,58950000000,35335425,0
59.0135,40,59000000000,13534497,0
59.1038,40,59050000000,53757319,0
59.2013,40,59150000000,51311959,0
59.2581,40,59250000000,8056303,0
59.304,40,59300000000,4037417,0
59.3583,40,59350000000,8322955,0
59.4967,40,59400000000,96652891,0
59.5942,40,59500000000,94234531,0
59.6478,40,59600000000,47849463,0
59.7202,40,59650000000,70237243,0
59.7797,40,59750000000,29733593,0
59.8487,40,59800000000,48680761,0
59.8751,40,59850000000,25082233,0
59.9109,40,59900000000,10880323,0
59.9753,40,59950000000,25348885,0
60.0729,40,60000000000,72939725,0
60.1087,40,60100000000,8719615,0
60.1729,40,60150000000,22875771,0
60.2446,40,60200000000,44567151,0
60.2731,40,60250000000,23070223,0
60.3092,40,60300000000,9189719,0
60.4068,40,60350000000,56789559,0
60.4734,40,60450000000,23395521,0
60.5095,40,60500000000,9524017,0
60.5733,40,60550000000,23322173,0
60.6276,40,60600000000,27625711,0
60.6711,40,60650000000,21138819,0
60.7075,40,60700000000,7544315,0
60.7713,40,60750000000,21324471,0
60.869,40,60800000000,68969311,0
60.9208,40,60900000000,20768643,0
60.9667,40,60950000000,16713757,0
61.021,40,61000000000,21008295,0
61.067,40,61050000000,16971409,0
61.1034,40,61100000000,3448905,0
61.214,40,61150000000,63956775,0
61.2599,40,61250000000,9865689,0
61.3166,40,61300000000,16637233,0
61.3626,40,61350000000,12564347,0
61.4193,40,61400000000,19317891,0
61.4653,40,61450000000,15281005,0
61.5373,40,61500000000,37330585,0
61.5656,40,61550000000,15556657,0
61.6198,40,61600000000,19824195,0
61.6633,40,61650000000,13337303,0
61.7201,40,61700000000,20108847,0
61.7661,40,61750000000,16098961,0
61.8636,40,61800000000,63644801,0
61.9612,40,61900000000,61226441,0
62.0152,40,62000000000,15217373,0
62.0614,40,62050000000,11447893,0
62.1179,40,62100000000,17907031,0
62.1972,40,62150000000,47206629,0
62.2593,40,62200000000,59305385,0
62.352,40,62300000000,51960013,0
62.452,40,62400000000,51973659,0
62.5081,40,62500000000,8146597,0
62.5523,40,62550000000,2285111,0
62.6804,40,62600000000,80441023,0
62.773,40,62700000000,73041651,0
62.8115,40,62800000000,11468547,0
62.8733,40,62850000000,23290103,0
62.9863,40,62900000000,86283979,0
63.0839,40,63000000000,83901619,0
63.102,40,63100000000,1971467,0
63.1662,40,63150000000,16234029,0
63.2614,40,63200000000,61367863,0
63.3277,40,63300000000,27687825,0
63.3641,40,63350000000,14084321,0
63.428,40,63400000000,27954477,0
63.4619,40,63450000000,11891967,0
63.5003,40,63500000000,292063,0
63.58,40,63550000000,30020661,0
63.6776,40,63600000000,77557501,0
63.7236,40,63700000000,23556415,0
63.76,40,63750000000,9997911,0
63.8729,40,63800000000,72946787,0
63.9189,40,63900000000,18909701,0
63.9551,40,63950000000,5065791,0
64.0216,40,64000000000,21626359,0
64.0578,40,64050000000,7764449,0
64.1759,40,64100000000,75943743,0
64.2195,40,64200000000,19456651,0
64.2528,40,64250000000,2831735,0
64.3173,40,64300000000,17273297,0
64.3506,40,64350000000,621381,0
64.415,40,64400000000,15033317,0
64.4508,40,64450000000,813407,0
64.5509,40,64500000000,50926253,0
64.651,40,64600000000,50966899,0
64.7386,40,64700000000,38573315,0
64.7956,40,64750000000,45630859,0
64.8265,40,64800000000,26475937,0
64.9117,40,64850000000,61693747,0
64.9783,40,64950000000,28325709,0
65.0145,40,65000000000,14508205,0
65.0783,40,65050000000,28288361,0
65.1734,40,65100000000,73384195,0
65.2098,40,65200000000,9834491,0
65.3406,40,65250000000,90601409,0
65.4357,40,65350000000,85679043,0
65.4947,40,65450000000,44684987,0
65.5335,40,65500000000,33450489,0
65.5951,40,65550000000,45058639,0
65.6469,40,65600000000,46856171,0
65.7371,40,65650000000,87060993,0
65.8273,40,65750000000,77283615,0
65.8631,40,65850000000,13117505,0
65.9607,40,65900000000,60717345,0
66.0251,40,66000000000,25095707,0
66.0609,40,66050000000,10929797,0
66.1278,40,66100000000,27794365,0
66.1637,40,66150000000,13664455,0
66.2281,40,66200000000,28079017,0
66.2613,40,66250000000,11320101,0
66.3818,40,66300000000,81752995,0
66.4259,40,66400000000,25909309,0
66.4617,40,66450000000,11689399,0
66.5286,40,66500000000,28580967,0
66.5618,40,66550000000,11840051,0
66.6798,40,66600000000,79831939,0
66.7261,40,66700000000,26116853,0
66.8237,40,66750000000,73680693,0
66.8573,40,66850000000,7337281,0
66.9239,40,66900000000,23916443,0
66.9601,40,66950000000,10053939,0
67.0239,40,67000000000,23861095,0
67.0603,40,67050000000,10284591,0
67.1265,40,67100000000,26532753,0
67.1808,40,67150000000,30836291,0
67.2268,40,67200000000,26790405,0
67.2786,40,67250000000,28616937,0
67.3221,40,67300000000,22112045,0
67.4197,40,67350000000,69729885,0
67.4536,40,67450000000,3569175,0
67.5562,40,67500000000,56203027,0
67.6691,40,67600000000,69142703,0
67.7151,40,67700000000,15123617,0
67.7694,40,67750000000,19364155,0
67.8153,40,67800000000,15336269,0
67.8874,40,67850000000,37412849,0
67.985,40,67900000000,84980911,0
68.0801,40,68000000000,80139545,0
68.1083,40,68100000000,8329417,0
68.165,40,68150000000,15028961,0
68.2416,40,68200000000,41611147,0
68.2962,40,68250000000,46234685,0
68.3295,40,68300000000,29466769,0
68.3686,40,68350000000,18590271,0
68.4298,40,68400000000,29831421,0
68.4504,40,68450000000,449475,0
68.53,40,68500000000,29964073,0
68.5531,40,68550000000,3139133,0
68.6688,40,68600000000,68816015,0
68.7303,40,68700000000,30253371,0
68.7534,40,68750000000,3410431,0
68.833,40,68800000000,32952029,0
68.8562,40,68850000000,6163089,0
68.9537,40,68900000000,53708929,0
69.0003,40,69000000000,306249,0
69.0564,40,69050000000,6389387,0
69.1718,40,69100000000,71798269,0
69.2694,40,69200000000,69388909,0
69.3491,40,69300000000,49072307,0
69.3647,40,69350000000,14728349,0
69.4623,40,69400000000,62319189,0
69.5241,40,69500000000,24060545,0
69.6396,40,69550000000,89557427,0
69.6576,40,69650000000,7627275,0
69.7194,40,69700000000,19386831,0
69.7604,40,69750000000,10361933,0
69.8196,40,69800000000,19644483,0
69.8836,40,69850000000,33594639,0
69.9175,40,69900000000,17452129,0
69.9584,40,69950000000,8373231,0
70.0201,40,70000000000,20132787,0
70.1104,40,70050000000,60364609,0
70.2308,40,70150000000,80779303,0
70.3692,40,70250000000,119240239,0
70.4644,40,70400000000,64362673,0
70.5186,40,70500000000,18639011,0
70.5951,40,70550000000,45078197,0
70.6188,40,70600000000,18815663,0
70.6929,40,70650000000,42858843,0
70.7575,40,70700000000,57496605,0
70.8111,40,70800000000,11147537,0
70.8577,40,70850000000,7736057,0
70.9529,40,70900000000,52867891,0
71.009,40,71000000000,9004829,0
71.0556,40,71050000000,5584349,0
71.1116,40,71100000000,11649487,0
71.1583,40,71150000000,8274007,0
71.2144,40,71200000000,14384145,0
71.3071,40,71250000000,57065973,0
71.4224,40,71350000000,72411655,0
71.4512,40,71450000000,1244933,0
71.5073,40,71500000000,7337071,0
71.5844,40,71550000000,34410663,0
71.6076,40,71600000000,7585723,0
71.7076,40,71650000000,57599569,0
71.8438,40,71750000000,93828299,0
71.8749,40,71850000000,24913583,0
71.9158,40,71900000000,15843685,0
72.011,40,71950000000,60984519,0
72.1315,40,72050000000,81543213,0
72.2291,40,72150000000,79133853,0
72.3267,40,72250000000,76697493,0
72.3606,40,72350000000,10572783,0
72.481,40,72400000000,80987677,0
72.589,40,72500000000,88994341,0
72.6688,40,72600000000,68784939,0
72.7123,40,72700000000,12333847,0
72.7843,40,72750000000,34338427,0
72.8126,40,72800000000,12555499,0
72.8689,40,72850000000,18933637,0
72.9822,40,72900000000,82186919,0
73.0104,40,73000000000,10385791,0
73.1361,40,73050000000,86109697,0
73.1567,40,73150000000,6664551,0
73.2724,40,73200000000,72377433,0
73.3543,40,73300000000,54300589,0
73.401,40,73400000000,951909,0
73.4699,40,73450000000,19917077,0
73.5935,40,73500000000,93549383,0
73.6626,40,73600000000,62558551,0
73.7244,40,73700000000,24371907,0
73.7653,40,73750000000,15275009,0
73.8475,40,73800000000,47471613,0
73.9148,40,73850000000,64825381,0
73.9533,40,73950000000,3323277,0
74.0176,40,74000000000,17612839,0
74.133,40,74050000000,83029721,0
74.1766,40,74150000000,26587629,0
74.2104,40,74200000000,10436119,0
74.2514,40,74250000000,1402221,0
74.3157,40,74300000000,15700783,0
74.3541,40,74350000000,4091879,0
74.4516,40,74400000000,51637719,0
74.5135,40,74500000000,13540075,0
74.5519,40,74550000000,1931171,0
74.6162,40,74600000000,16229733,0
74.6546,40,74650000000,4584829,0
74.7136,40,74700000000,13626973,0
74.7803,40,74750000000,30312341,0
74.8168,40,74800000000,16753837,0
74.8551,40,74850000000,5117933,0
74.9476,40,74900000000,47647561,0
74.9735,40,74950000000,23450627,0
75.0455,40,75000000000,45475699,0
75.12,40,75050000000,70027079,0
75.1664,40,75150000000,16356399,0
75.2203,40,75200000000,20320531,0
75.3176,40,75250000000,67589371,0
75.3923,40,75350000000,42310757,0
75.4129,40,75400000000,12919811,0
75.4901,40,75450000000,40091403,0
75.5107,40,75500000000,10664457,0
75.6261,40,75550000000,76109339,0
75.6549,40,75650000000,4897617,0
75.745,40,75700000000,44979239,0
75.7986,40,75750000000,48612371,0
75.8685,40,75800000000,68461145,0
75.9094,40,75900000000,9382047,0
75.9687,40,75950000000,18673597,0
76.0096,40,76000000000,9648699,0
76.0689,40,76050000000,18940249,0
76.1099,40,76100000000,9897351,0
76.1716,40,76150000000,21620907,0
76.2126,40,76200000000,12587009,0
76.3077,40,76250000000,57700843,0
76.3696,40,76350000000,19585199,0
76.4622,40,76400000000,62160027,0
76.5285,40,76500000000,28523989,0
76.5624,40,76550000000,12363479,0
76.6033,40,76600000000,3311581,0
76.6651,40,76650000000,15089137,0
76.706,40,76700000000,6001239,0
76.7678,40,76750000000,17823795,0
76.8063,40,76800000000,6294891,0
76.9038,40,76850000000,53831731,0
76.9682,40,76950000000,18193093,0
77.0066,40,77000000000,6629189,0
77.1041,40,77050000000,54121029,0
77.1967,40,77150000000,46677457,0
77.3174,40,77200000000,117394551,0
77.3506,40,77350000000,626235,0
77.4686,40,77400000000,68573123,0
77.5152,40,77500000000,15215443,0
77.6103,40,77550000000,60329277,0
77.664,40,77650000000,13962209,0
77.7106,40,77700000000,10568729,0
77.7667,40,77750000000,16651867,0
77.8618,40,77800000000,61783701,0
77.9084,40,77900000000,8417021,0
77.9645,40,77950000000,14482159,0
78.1036,40,78000000000,103577701,0
78.1596,40,78150000000,9642439,0
78.2063,40,78200000000,6257959,0
78.327,40,78250000000,77045853,0
78.363,40,78350000000,12950743,0
78.4247,40,78400000000,24692299,0
78.4632,40,78450000000,13208395,0
78.5225,40,78500000000,22481945,0
78.5634,40,78550000000,13412047,0
78.6456,40,78600000000,45599651,0
78.6636,40,78650000000,13642699,0
78.7458,40,78700000000,45821303,0
78.7639,40,78750000000,13918351,0
78.8566,40,78800000000,56573179,0
78.9184,40,78900000000,18386535,0
78.9569,40,78950000000,6866631,0
79.0186,40,79000000000,18608187,0
79.0595,40,79050000000,9511289,0
79.1213,40,79100000000,21315845,0
79.1623,40,79150000000,12299947,0
79.224,40,79200000000,24041503,0
79.265,40,79250000000,14989605,0
79.3267,40,79300000000,26731161,0
79.3882,40,79350000000,38204311,0
79.4809,40,79400000000,80859139,0
79.548,40,79500000000,47963507,0
79.5762,40,79550000000,26216579,0
79.6738,40,79600000000,73807419,0
79.707,40,79700000000,7039303,0
79.7765,40,79750000000,26505877,0
79.9921,40,79800000000,192052799,0
80.0847,40,80000000000,84716027,0
80.1232,40,80100000000,23231923,0
80.2929,40,80150000000,142864537,0
80.3109,40,80300000000,10916185,0
80.3727,40,80350000000,22702741,0
80.4137,40,80400000000,13695843,0
80.473,40,80450000000,23005393,0
80.5139,40,80500000000,13917495,0
80.5733,40,80550000000,23254045,0
80.6142,40,80600000000,14202147,0
80.6735,40,80650000000,23466697,0
80.7119,40,80700000000,11937793,0
80.7941,40,80750000000,44098397,0
80.8122,40,80800000000,12186445,0
80.874,40,80850000000,23973001,0
80.9617,40,80900000000,61718817,0
81.0027,40,81000000000,2702719,0
81.0617,40,81050000000,11654863,0
81.1568,40,81100000000,56750697,0
81.2259,40,81200000000,25922071,0
81.2621,40,81250000000,12069161,0
81.3567,40,81300000000,56744995,0
81.4729,40,81400000000,72912083,0
81.5189,40,81500000000,18865997,0
81.5909,40,81550000000,40888577,0
81.6191,40,81600000000,19114649,0
81.6524,40,81650000000,2355733,0
81.7524,40,81700000000,52396579,0
81.8732,40,81800000000,73187273,0
82.0144,40,81900000000,114356621,0
82.0705,40,82050000000,20457359,0
82.1171,40,82100000000,17063879,0
82.1503,40,82150000000,295963,0
82.2505,40,82200000000,50473815,0
82.348,40,82300000000,48047661,0
82.3686,40,82350000000,18629715,0
82.4457,40,82400000000,45730307,0
82.4841,40,82450000000,34147403,0
82.5435,40,82500000000,43519953,0
82.5666,40,82550000000,16641013,0
82.6132,40,82600000000,13247533,0
82.6694,40,82650000000,19366671,0
82.7848,40,82700000000,84775553,0
82.844,40,82800000000,44039903,0
82.8825,40,82850000000,32474999,0
82.9801,40,82900000000,80137839,0
83.055,40,83000000000,54976425,0
83.1703,40,83100000000,70331107,0
83.2348,40,83200000000,34763469,0
83.2961,40,83250000000,46102619,0
83.33,40,83300000000,29951109,0
83.4201,40,83350000000,70120931,0
83.4816,40,83450000000,31566881,0
83.57,40,83500000000,69994697,0
83.601,40,83600000000,999575,0
83.6761,40,83650000000,26050161,0
83.7042,40,83700000000,4213233,0
83.8198,40,83750000000,69791115,0
83.9171,40,83850000000,67086755,0
84.0122,40,83950000000,62173389,0
84.0512,40,84050000000,1171691,0
84.1149,40,84100000000,14898847,0
84.2,40,84150000000,49982795,0
84.2029,40,84200000000,2863807,0
84.2572,40,84250000000,7167345,0
84.3548,40,84300000000,54767185,0
84.4007,40,84400000000,685099,0
84.455,40,84450000000,4984245,0
84.5525,40,84500000000,52521085,0
84.6525,40,84600000000,52543731,0
84.7503,40,84700000000,50298377,0
84.8885,40,84800000000,88519519,0
84.9423,40,84900000000,42251451,0
85.0398,40,84950000000,89779291,0
85.0942,40,85050000000,44162629,0
85.1351,40,85100000000,35082731,0
85.1817,40,85150000000,31680251,0
85.2354,40,85200000000,35358383,0
85.3305,40,85250000000,80472217,0
85.3771,40,85350000000,27069537,0
85.4154,40,85400000000,15433633,0
85.4798,40,85450000000,29750195,0
85.5334,40,85500000000,33419327,0
85.6133,40,85550000000,63282125,0
85.7084,40,85650000000,58386759,0
85.77,40,85750000000,19994709,0
85.8087,40,85800000000,8653211,0
85.8727,40,85850000000,22684367,0
85.9625,40,85900000000,62524189,0
86.0193,40,86000000000,19322533,0
86.0653,40,86050000000,15285647,0
86.1042,40,86100000000,4239149,0
86.168,40,86150000000,17966305,0
86.207,40,86200000000,6982807,0
86.2707,40,86250000000,20664963,0
86.3097,40,86300000000,9672465,0
86.4023,40,86350000000,52338293,0
86.4661,40,86450000000,16065249,0
86.5228,40,86500000000,22800793,0
86.6026,40,86550000000,52636591,0
86.6664,40,86650000000,16354547,0
86.7182,40,86700000000,18226079,0
86.7641,40,86750000000,14099193,0
86.8031,40,86800000000,3124695,0
86.8669,40,86850000000,16869851,0
86.9187,40,86900000000,18696383,0
86.9646,40,86950000000,14623497,0
87.019,40,87000000000,18981035,0
87.0649,40,87050000000,14881149,0
87.1036,40,87100000000,3576245,0
87.1651,40,87150000000,15129801,0
87.2038,40,87200000000,3788897,0
87.2678,40,87250000000,17792459,0
87.363,40,87300000000,62960893,0
87.4197,40,87400000000,19714237,0
87.4657,40,87450000000,15686351,0
87.5041,40,87500000000,4068447,0
87.5684,40,87550000000,18358009,0
87.6067,40,87600000000,6722105,0
87.6711,40,87650000000,21056667,0
87.7098,40,87700000000,9814763,0
87.7738,40,87750000000,23773325,0
87.8097,40,87800000000,9741415,0
87.874,40,87850000000,23994977,0
87.9124,40,87900000000,12413073,0
87.9743,40,87950000000,24342629,0
88.0102,40,88000000000,10238719,0
88.1078,40,88050000000,57775559,0
88.1721,40,88150000000,22082921,0
88.2105,40,88200000000,10528017,0
88.2748,40,88250000000,24835579,0
88.3264,40,88300000000,26403705,0
88.4626,40,88350000000,112601241,0
88.501,40,88500000000,1000937,0
88.5653,40,88550000000,15290499,0
88.6757,40,88600000000,75701369,0
88.7166,40,88700000000,16586271,0
88.7631,40,88750000000,13084791,0
88.8015,40,88800000000,1502887,0
88.8634,40,88850000000,13423443,0
88.9018,40,88900000000,1796539,0
88.9661,40,88950000000,16059101,0
89.0045,40,89000000000,4522197,0
89.0995,40,89050000000,49465831,0
89.1921,40,89100000000,92129659,0
89.2539,40,89200000000,53862809,0
89.3539,40,89300000000,53903455,0
89.4539,40,89400000000,53926101,0
89.5104,40,89500000000,10366445,0
89.5567,40,89550000000,6651559,0
89.6566,40,89600000000,56611405,0
89.7902,40,89700000000,90167535,0
89.8515,40,89800000000,51452685,0
89.9515,40,89900000000,51538331,0
90.0516,40,90000000000,51560977,0
90.1491,40,90100000000,49080417,0
90.2466,40,90150000000,96608257,0
90.2832,40,90250000000,33201553,0
90.3013,40,90300000000,1271601,0
90.4013,40,90350000000,51303447,0
90.4625,40,90450000000,12491397,0
90.5783,40,90500000000,78265279,0
90.6706,40,90600000000,70615907,0
90.7325,40,90700000000,32491263,0
90.7709,40,90750000000,20882359,0
90.8611,40,90800000000,61069181,0
90.9229,40,90900000000,22935537,0
90.9613,40,90950000000,11308633,0
91.0232,40,91000000000,23211189,0
91.0591,40,91050000000,9116279,0
91.121,40,91100000000,20955835,0
91.1593,40,91150000000,9328931,0
91.2237,40,91200000000,23690493,0
91.262,40,91250000000,12027589,0
91.375,40,91300000000,74977465,0
91.4726,40,91400000000,72550105,0
91.5166,40,91500000000,16634419,0
91.555,40,91550000000,5007515,0
91.6526,40,91600000000,52616355,0
91.717,40,91700000000,16977717,0
91.7554,40,91750000000,5350813,0
91.8196,40,91800000000,19622375,0
91.9169,40,91850000000,66900809,0
91.9556,40,91950000000,5631111,0
92.0172,40,92000000000,17203261,0
92.0558,40,92050000000,5816763,0
92.1198,40,92100000000,19838919,0
92.1586,40,92150000000,8578421,0
92.2225,40,92200000000,22546577,0
92.2741,40,92250000000,24141109,0
92.3179,40,92300000000,17949217,0
92.4152,40,92350000000,65209057,0
92.4518,40,92450000000,1757353,0
92.513,40,92500000000,12980503,0
92.552,40,92550000000,2024005,0
92.6444,40,92600000000,44444239,0
92.7058,40,92650000000,55810589,0
92.7626,40,92750000000,12626933,0
92.8086,40,92800000000,8581047,0
92.9085,40,92850000000,58549893,0
93.0062,40,92950000000,56185533,0
93.1062,40,93050000000,56226179,0
93.2345,40,93150000000,84463891,0
93.2963,40,93250000000,46348247,0
93.3322,40,93300000000,32244337,0
93.3942,40,93350000000,44155893,0
93.4301,40,93400000000,30087983,0
93.7075,40,93450000000,257527855,0
93.7719,40,93750000000,21873669,0
93.8102,40,93800000000,10219765,0
93.8874,40,93850000000,37374357,0
93.9105,40,93900000000,10495417,0
93.9723,40,93950000000,22343973,0
94.0107,40,94000000000,10744069,0
94.0751,40,94050000000,25051631,0
94.1135,40,94100000000,13505727,0
94.1754,40,94150000000,25358227,0
94.2112,40,94200000000,11245317,0
94.3089,40,94250000000,58872157,0
94.4065,40,94350000000,56480797,0
94.4677,40,94450000000,17676747,0
94.5066,40,94500000000,6639249,0
94.568,40,94550000000,17961399,0
94.6655,40,94600000000,65471239,0
94.7045,40,94700000000,4505541,0
94.7657,40,94750000000,15746691,0
94.8048,40,94800000000,4772193,0
94.866,40,94850000000,16040343,0
94.905,40,94900000000,5020845,0
95.0026,40,94950000000,52593685,0
95.0663,40,95050000000,16275641,0
95.1053,40,95100000000,5292143,0
95.169,40,95150000000,18992299,0
95.208,40,95200000000,8035801,0
95.2717,40,95250000000,21717957,0
95.3083,40,95300000000,8302453,0
95.3719,40,95350000000,21921609,0
95.411,40,95400000000,10983111,0
95.4747,40,95450000000,24656267,0
95.5112,40,95500000000,11231763,0
95.5725,40,95550000000,22499913,0
95.6115,40,95600000000,11480415,0
95.6751,40,95650000000,25144571,0
95.7142,40,95700000000,14188073,0
95.8271,40,95750000000,77092949,0
95.909,40,95850000000,58967147,0
95.973,40,95950000000,23015509,0
96.0093,40,96000000000,9296599,0
96.0708,40,96050000000,20841155,0
96.1095,40,96100000000,9482251,0
96.171,40,96150000000,21026807,0
96.2098,40,96200000000,9802903,0
96.2714,40,96250000000,21365459,0
96.3096,40,96300000000,9648555,0
96.3716,40,96350000000,21614111,0
96.4075,40,96400000000,7501201,0
96.4718,40,96450000000,21772763,0
96.5102,40,96500000000,10190859,0
96.5745,40,96550000000,24534421,0
96.6129,40,96600000000,12880517,0
96.6772,40,96650000000,27197079,0
96.7156,40,96700000000,15579175,0
96.7799,40,96750000000,29895737,0
96.8183,40,96800000000,18304833,0
96.8802,40,96850000000,30225389,0
96.9342,40,96900000000,34198521,0
96.978,40,96950000000,28006035,0
97.0139,40,97000000000,13911125,0
97.1115,40,97050000000,61537965,0
97.1734,40,97150000000,23350321,0
97.2117,40,97200000000,11669417,0
97.2736,40,97250000000,23562973,0
97.3119,40,97300000000,11945069,0
97.4071,40,97350000000,57076903,0
97.4714,40,97450000000,21411265,0
97.5097,40,97500000000,9748361,0
97.5717,40,97550000000,21695917,0
97.6101,40,97600000000,10096013,0
97.6743,40,97650000000,24340575,0
97.7128,40,97700000000,12794671,0
97.7771,40,97750000000,27057233,0
97.8155,40,97800000000,15466329,0
97.8774,40,97850000000,27386885,0
97.9133,40,97900000000,13273975,0
97.9775,40,97950000000,27545537,0
98.016,40,98000000000,15963633,0
98.088,40,98050000000,38013213,0
98.1705,40,98100000000,70469017,0
98.2089,40,98200000000,8931913,0
98.2732,40,98250000000,23176475,0
98.3092,40,98300000000,9180565,0
98.3734,40,98350000000,23443127,0
98.4118,40,98400000000,11816223,0
98.4762,40,98450000000,26150785,0
98.5146,40,98500000000,14577881,0
98.5765,40,98550000000,26462437,0
98.6123,40,98600000000,12313527,0
98.7099,40,98650000000,59931367,0
98.8075,40,98750000000,57468007,0
98.8687,40,98850000000,18735957,0
98.9077,40,98900000000,7734459,0
98.9714,40,98950000000,21407615,0
99.0105,40,99000000000,10496117,0
99.0717,40,99050000000,21674267,0
99.1107,40,99100000000,10717769,0
99.1824,40,99150000000,32436943,0
99.2646,40,99200000000,64595747,0
99.3012,40,99300000000,1180043,0
99.3648,40,99350000000,14835199,0
99.4039,40,99400000000,3851701,0
99.4988,40,99450000000,48833335,0
99.517,40,99500000000,16975383,0
99.5991,40,99550000000,49081987,0
99.6172,40,99600000000,17206035,0
99.6631,40,99650000000,13115149,0
99.7021,40,99700000000,2095651,0
99.7634,40,99750000000,13381801,0
99.8585,40,99800000000,58531635,0
99.9586,40,99900000000,58581281,0
100.059,40,100000000000,58666927,0
100.156,40,100100000000,56149567,0
100.289,40,100200000000,89341291,0
100.384,40,100300000000,84454925,0
100.482,40,100400000000,82108565,0
100.634,40,100500000000,133932937,0
100.67,40,100650000000,19900627,0
100.824,40,100700000000,123817799,0
100.863,40,100850000000,12538901,0
100.924,40,100900000000,24138051,0
100.963,40,100950000000,12787553,0
