1.13244,1,1132286141,152006,0
1.13766,1,1135167153,2496006,0
1.14024,1,1137744159,2496006,0
1.14278,1,1140285165,2496006,0
1.14795,1,1145457177,2496006,0
1.15561,1,1153116195,2496006,0
1.16072,1,1158225207,2496006,0
1.16327,1,1160775213,2496006,0
1.16834,1,1165848225,2496006,0
1.17092,1,1168425231,2496006,0
1.17378,1,1171279237,2496006,0
1.1789,1,1176406249,2496006,0
1.18142,1,1178947255,2469000,1
1.18653,1,1184036261,2496006,0
1.18907,1,1186604267,2469000,1
1.19158,1,1189080267,2496006,0
1.19413,1,1191630273,2496006,0
1.19927,1,1196802285,2469000,1
1.20471,1,1202213291,2496006,0
1.20724,1,1204745297,2496006,0
1.21239,1,1209890309,2496006,0
1.21744,1,1214945321,2496006,0
1.21999,1,1217495327,2496006,0
1.22507,1,1222577339,2496006,0
1.22761,1,1225109345,2496006,0
1.23271,1,1230218357,2496006,0
1.2353,1,1232831363,2469000,1
1.24045,1,1237956369,2496006,0
1.24556,1,1243092381,2469000,1
1.24807,1,1245577381,2496006,0
1.25323,1,1250731393,2496006,0
1.2583,1,1255804405,2496006,0
1.26347,1,1260976417,2496006,0
1.26855,1,1266049429,2496006,0
1.2737,1,1271203441,2496006,0
1.27909,1,1276589453,2496006,0
1.28421,1,1281716465,2496006,0
1.28937,1,1286870477,2496006,0
1.29444,1,1291943489,2496006,0
1.29961,1,1297115501,2496006,0
1.30472,1,1302224513,2496006,0
1.3127,1,1310205531,2496006,0
1.31784,1,1315341543,2496006,0
1.32295,1,1320450555,2496006,0
1.3255,1,1323000561,2496006,0
1.33055,1,1328055573,2496006,0
1.33571,1,1333209585,2496006,0
1.34086,1,1338363597,2496006,0
1.34598,1,1343481609,2496006,0
1.35111,1,1348617621,2496006,0
1.3562,1,1353708633,2496006,0
1.36133,1,1358862645,2469000,1
1.36386,1,1361365645,2496006,0
1.36894,1,1366447657,2496006,0
1.37149,1,1368997663,2496006,0
1.37664,1,1374142675,2496006,0
1.38207,1,1379573687,2496006,0
1.38715,1,1384655699,2496006,0
1.39228,1,1389782711,2496006,0
1.39741,1,1394918723,2496006,0
1.40254,1,1400072735,2469000,1
1.40797,1,1405474741,2496006,0
1.41051,1,1408015747,2496006,0
1.41557,1,1413070759,2496006,0
1.41816,1,1415665765,2496006,0
1.42067,1,1418197771,2469000,1
1.42584,1,1423340777,2496006,0
1.4335,1,1431008795,2496006,0
1.43866,1,1436162807,2496006,0
1.44379,1,1441289819,2496006,0
1.44889,1,1446389831,2496006,0
1.45402,1,1451525843,2496006,0
1.45913,1,1456634855,2496006,0
1.46425,1,1461779867,2469000,1
1.46679,1,1464291867,2496006,0
1.47192,1,1469427879,2496006,0
1.47961,1,1477113897,2496006,0
1.48507,1,1482571909,2496006,0
1.49273,1,1490230927,2496006,0
1.49529,1,1492798933,2496006,0
1.50041,1,1497916945,2496006,0
1.50552,1,1503025957,2496006,0
1.51096,1,1508465969,2496006,0
1.51865,1,1516151987,2496006,0
1.52119,1,1518692993,2496006,0
1.52625,1,1523757005,2496006,0
1.53142,1,1528920017,2496006,0
1.53653,1,1534038029,2496006,0
1.54167,1,1539174041,2496006,0
1.54677,1,1544274053,2496006,0
1.54933,1,1546833059,2496006,0
1.55438,1,1551879071,2496006,0
1.55692,1,1554420077,2496006,0
1.55948,1,1556988083,2496006,0
1.56457,1,1562070095,2496006,0
1.56972,1,1567224107,2496006,0
1.5748,1,1572306119,2496006,0
1.57995,1,1577451131,2496006,0
1.58542,1,1582927143,2496006,0
1.59048,1,1587982155,2496006,0
1.59304,1,1590541161,2496006,0
1.59816,1,1595659173,2496006,0
1.60584,1,1603345191,2496006,0
1.61098,1,1608481203,2496006,0
1.61645,1,1613957215,2496006,0
1.62154,1,1619039227,2496006,0
1.62885,1,1626350257,2496006,0
1.63396,1,1631459269,2496006,0
1.63653,1,1634036275,2496006,0
1.64422,1,1641722293,2496006,0
1.64938,1,1646885305,2496006,0
1.65707,1,1654571323,2496006,0
1.66221,1,1659716335,2496006,0
1.66732,1,1664825347,2496006,0
1.675,1,1672502365,2496006,0
1.67755,1,1675052371,2496006,0
1.68268,1,1680179383,2496006,0
1.68811,1,1685637395,2469000,1
1.69579,1,1693294407,2496006,0
1.69832,1,1695826413,2496006,0
1.70085,1,1698358419,2496006,0
1.70338,1,1700881425,2496006,0
1.70845,1,1705954437,2496006,0
1.71103,1,1708531443,2496006,0
1.71649,1,1713989455,2496006,0
1.7216,1,1719107467,2496006,0
1.72676,1,1724261479,2496006,0
1.73444,1,1731947497,2496006,0
1.74213,1,1739633515,2496006,0
1.74727,1,1744769527,2496006,0
1.75236,1,1749860539,2496006,0
1.7549,1,1752401545,2496006,0
1.75743,1,1754933551,2496006,0
1.76253,1,1760033563,2496006,0
1.76511,1,1762610569,2496006,0
1.77015,1,1767656581,2496006,0
1.7727,1,1770206587,2496006,0
1.77523,1,1772738593,2496006,0
1.78036,1,1777865605,2496006,0
1.78551,1,1783010617,2496006,0
1.78835,1,1785855623,2496006,0
1.79087,1,1788378629,2496006,0
1.79855,1,1796055647,2496006,0
1.80111,1,1798614653,2496006,0
1.80626,1,1803759665,2496006,0
1.81131,1,1808814677,2496006,0
1.81386,1,1811364683,2496006,0
1.81932,1,1816822695,2496006,0
1.82445,1,1821976707,2469000,1
1.82698,1,1824488707,2496006,0
1.82952,1,1827020713,2496006,0
1.83464,1,1832147725,2496006,0
1.83975,1,1837283737,2469000,1
1.84485,1,1842354743,2496006,0
1.85001,1,1847517755,2496006,0
1.8551,1,1852599767,2496006,0
1.85762,1,1855122773,2496006,0
1.86015,1,1857654779,2496006,0
1.86527,1,1862772791,2496006,0
1.87037,1,1867872803,2496006,0
1.87292,1,1870422809,2496006,0
1.87807,1,1875576821,2496006,0
1.88317,1,1880676833,2496006,0
1.88832,1,1885821845,2496006,0
1.8937,1,1891207857,2496006,0
1.89625,1,1893757863,2496006,0
1.90136,1,1898866875,2496006,0
1.90389,1,1901425881,2469000,1
1.9064,1,1903901881,2496006,0
1.90896,1,1906460887,2496006,0
1.91409,1,1911623899,2469000,1
1.92471,1,1922215917,2496006,0
1.92725,1,1924756923,2496006,0
1.93494,1,1932442941,2496006,0
1.94004,1,1937542953,2496006,0
1.94517,1,1942669965,2496006,0
1.94772,1,1945219971,2496006,0
1.95286,1,1950364983,2496006,0
1.95538,1,1952887989,2496006,0
1.96048,1,1957979001,2496006,0
1.963,1,1960502007,2496006,0
1.96554,1,1963070013,2469000,1
1.97072,1,1968222019,2496006,0
1.97583,1,1973331031,2496006,0
1.98089,1,1978395043,2496006,0
1.98344,1,1980945049,2496006,0
1.98856,1,1986063061,2496006,0
1.99401,1,1991512073,2496006,0
2.00169,1,1999198091,2496006,0
2.00424,1,2001775097,2469000,1
2.00439,2,2004242097,152006,0
2.00972,2,2007222109,2496006,0
2.01226,2,2009763115,2496006,0
2.01478,2,2012313121,2469000,1
2.01732,1,2014825121,2496006,0
2.02273,2,2020229133,2496006,0
2.02528,1,2022788139,2496006,0
2.02782,2,2025320145,2496006,0
2.03287,1,2030375157,2496006,0
2.0354,2,2032907163,2496006,0
2.03793,1,2035457169,2469000,1
2.03793,2,2035457169,2469000,1
2.04307,1,2040600175,2469000,1
2.04563,2,2043130175,2496006,0
2.0507,2,2048203187,2496006,0
2.05323,2,2050735193,2496006,0
2.05832,2,2055826205,2496006,0
2.06089,2,2058421211,2469000,1
2.066,2,2063501217,2496006,0
2.0711,2,2068601229,2496006,0
2.07366,2,2071160235,2496006,0
2.07876,1,2076260247,2496006,0
2.08132,2,2078846253,2469000,1
2.08383,1,2081331253,2496006,0
2.08895,1,2086458265,2496006,0
2.0915,1,2088999271,2496006,0
2.09695,1,2094457283,2496006,0
2.09948,2,2096980289,2496006,0
2.10197,2,2099503295,2469000,1
2.1071,1,2104601301,2496006,0
2.10965,1,2107151307,2496006,0
2.11217,2,2109674313,2496006,0
2.11723,1,2114738325,2496006,0
2.12237,2,2119874337,2496006,0
2.12518,1,2122710343,2469000,1
2.12518,2,2122710343,2469000,1
2.12768,2,2125179343,2496006,0
2.13285,2,2130351355,2496006,0
2.13793,1,2135433367,2496006,0
2.14046,2,2137965373,2496006,0
2.143,1,2140506379,2496006,0
2.1481,1,2145606391,2496006,0
2.15066,2,2148165397,2496006,0
2.15573,1,2153229409,2496006,0
2.15829,2,2155797415,2496006,0
2.16338,2,2160879427,2496006,0
2.16591,1,2163411433,2496006,0
2.17103,1,2168538445,2496006,0
2.17358,2,2171079451,2496006,0
2.17614,1,2173647457,2496006,0
2.18122,2,2178720469,2496006,0
2.18377,2,2181270475,2496006,0
2.18631,1,2183811481,2496006,0
2.19136,2,2188866493,2496006,0
2.19394,2,2191443499,2496006,0
2.19647,1,2193975505,2496006,0
2.1993,1,2196829511,2469000,1
2.20179,2,2199296511,2496006,0
2.20438,2,2201882517,2496006,0
2.20692,2,2204423523,2496006,0
2.21199,1,2209496535,2496006,0
2.21455,2,2212055541,2496006,0
2.21707,1,2214578547,2496006,0
2.21959,2,2217119553,2469000,1
2.22215,1,2219649553,2496006,0
2.2276,1,2225107565,2496006,0
2.23013,2,2227630571,2496006,0
2.23521,2,2232712583,2496006,0
2.23775,1,2235253589,2496006,0
2.24286,1,2240362601,2496006,0
2.24541,2,2242912607,2496006,0
2.24794,2,2245444613,2496006,0
2.25306,1,2250562625,2496006,0
2.25558,2,2253085631,2496006,0
2.26072,2,2258221643,2496006,0
2.26325,1,2260753649,2496006,0
2.26833,1,2265835661,2496006,0
2.27087,2,2268376667,2496006,0
2.27596,2,2273467679,2496006,0
2.2785,2,2275999685,2496006,0
2.28103,1,2278531691,2496006,0
2.28613,1,2283631703,2496006,0
2.28866,2,2286163709,2496006,0
2.29118,1,2288686715,2496006,0
2.29375,2,2291254721,2496006,0
2.29884,1,2296345733,2496006,0
2.3017,1,2299199739,2496006,0
2.30425,2,2301758745,2496006,0
2.30936,2,2306867757,2496006,0
2.3119,1,2309399763,2496006,0
2.31703,2,2314535775,2496006,0
2.31956,1,2317067781,2496006,0
2.32461,1,2322113793,2496006,0
2.32713,1,2324636799,2496006,0
2.32999,2,2327490805,2496006,0
2.33253,2,2330031811,2496006,0
2.33762,2,2335122823,2496006,0
2.34016,1,2337663829,2496006,0
2.3427,2,2340204835,2496006,0
2.34524,2,2342745841,2496006,0
2.34776,1,2345268847,2496006,0
2.35287,1,2350377859,2496006,0
2.35542,2,2352927865,2496006,0
2.35796,2,2355468871,2496006,0
2.36049,2,2357991877,2496006,0
2.36555,2,2363055889,2496006,0
2.3681,1,2365605895,2496006,0
2.37061,2,2368137901,2469000,1
2.37061,1,2368137901,2469000,1
2.3731,2,2370606901,2496006,0
2.37563,1,2373129907,2496006,0
2.38074,1,2378247919,2496006,0
2.38328,1,2380779925,2496006,0
2.38581,2,2383311931,2496006,0
2.38837,1,2385870937,2496006,0
2.39345,2,2390952949,2496006,0
2.396,2,2393502955,2496006,0
2.39855,1,2396052961,2496006,0
2.40399,2,2401492973,2496006,0
2.40651,2,2404015979,2496006,0
2.40904,1,2406547985,2496006,0
2.41154,1,2409070991,2469000,1
2.41411,2,2411609991,2496006,0
2.41921,1,2416710003,2496006,0
2.42173,2,2419233009,2496006,0
2.42683,1,2424333021,2496006,0
2.42936,2,2426865027,2496006,0
2.43222,1,2429719033,2496006,0
2.43729,2,2434792045,2496006,0
2.43989,1,2437396051,2496006,0
2.44497,2,2442469063,2496006,0
2.44752,1,2445028069,2496006,0
2.4526,1,2450101081,2496006,0
2.45514,2,2452642087,2496006,0
2.45769,1,2455192093,2496006,0
2.46021,1,2457715099,2496006,0
2.46529,2,2462797111,2496006,0
2.46783,2,2465338117,2496006,0
2.4704,1,2467906123,2496006,0
2.47293,2,2470429129,2496006,0
2.47545,1,2472952135,2496006,0
2.48059,1,2478097147,2496006,0
2.48312,2,2480620153,2496006,0
2.48827,2,2485774165,2496006,0
2.49077,1,2488297171,2469000,1
2.49327,1,2490773171,2496006,0
2.49583,2,2493332177,2496006,0
2.50095,1,2498450189,2496006,0
2.50348,2,2501009195,2469000,1
2.50629,1,2503798201,2496006,0
2.50886,1,2506366207,2496006,0
2.51397,1,2511475219,2496006,0
2.5165,2,2514034225,2469000,1
2.51906,1,2516564225,2496006,0
2.52674,1,2524241243,2496006,0
2.53186,2,2529359255,2496006,0
2.53473,2,2532231261,2496006,0
2.53722,1,2534754267,2469000,1
2.53978,1,2537284267,2496006,0
2.54232,2,2539825273,2496006,0
2.54739,1,2544889285,2496006,0
2.54991,2,2547412291,2496006,0
2.55243,1,2549935297,2496006,0
2.55757,1,2555071309,2496006,0
2.5601,2,2557603315,2496006,0
2.56264,2,2560171321,2469000,1
2.56514,1,2562647321,2496006,0
2.56773,1,2565233327,2496006,0
2.57284,1,2570342339,2496006,0
2.57792,2,2575424351,2496006,0
2.5805,1,2578001357,2496006,0
2.583,1,2580533363,2469000,1
2.58554,1,2583045363,2496006,0
2.58806,2,2585568369,2496006,0
2.59316,1,2590659381,2496006,0
2.5957,2,2593200387,2496006,0
2.59826,1,2595759393,2496006,0
2.60332,1,2600823405,2496006,0
2.60586,2,2603364411,2496006,0
2.60871,1,2606218417,2496006,0
2.61381,1,2611318429,2496006,0
2.61637,2,2613877435,2496006,0
2.62146,1,2618959447,2496006,0
2.62405,2,2621554453,2496006,0
2.62656,1,2624086459,2469000,1
2.62911,1,2626616459,2496006,0
2.63164,2,2629139465,2496006,0
2.63703,2,2634534477,2496006,0
2.63958,1,2637084483,2496006,0
2.64467,1,2642202495,2469000,1
2.64467,2,2642202495,2469000,1
2.64981,1,2647309501,2496006,0
2.65487,2,2652373513,2496006,0
2.6574,2,2654905519,2496006,0
2.65992,1,2657428525,2496006,0
2.66507,1,2662573537,2496006,0
2.6676,2,2665105543,2496006,0
2.67012,1,2667646549,2469000,1
2.67268,2,2670185549,2496006,0
2.67779,1,2675294561,2496006,0
2.68288,2,2680385573,2496006,0
2.6854,2,2682908579,2496006,0
2.68795,1,2685449585,2496006,0
2.69046,2,2687990591,2469000,1
2.69297,2,2690475591,2496006,0
2.69555,2,2693052597,2496006,0
2.69807,1,2695575603,2496006,0
2.70058,1,2698107609,2469000,1
2.70312,2,2700619609,2496006,0
2.70564,2,2703142615,2496006,0
2.7082,1,2705701621,2496006,0
2.71357,2,2711078633,2496006,0
2.71612,2,2713628639,2496006,0
2.72122,1,2718719651,2496006,0
2.72379,2,2721296657,2496006,0
2.72889,1,2726396669,2496006,0
2.73143,2,2728937675,2496006,0
2.73398,2,2731487681,2496006,0
2.73935,1,2736855693,2496006,0
2.74189,2,2739396699,2496006,0
2.74444,1,2741946705,2496006,0
2.74697,2,2744496711,2469000,1
2.74956,1,2747062711,2496006,0
2.75465,1,2752153723,2496006,0
2.75719,1,2754694729,2496006,0
2.76225,2,2759749741,2496006,0
2.76478,1,2762281747,2496006,0
2.76989,1,2767390759,2496006,0
2.77242,2,2769922765,2496006,0
2.77495,1,2772454771,2496006,0
2.7775,2,2775031777,2469000,1
2.77999,1,2777498777,2496006,0
2.78259,2,2780093783,2496006,0
2.7851,2,2782634789,2469000,1
2.78762,1,2785119789,2496006,0
2.79276,1,2790264801,2496006,0
2.79792,1,2795427813,2496006,0
2.80042,2,2797950819,2469000,1
2.80295,1,2800453819,2496006,0
2.80809,1,2805616831,2469000,1
2.81613,2,2813631843,2496006,0
2.82119,1,2818695855,2496006,0
2.82371,2,2821218861,2496006,0
2.82626,2,2823759867,2496006,0
2.83134,1,2828841879,2496006,0
2.83391,2,2831409885,2496006,0
2.83645,2,2833977891,2469000,1
2.83645,1,2833977891,2469000,1
2.83899,1,2836498891,2496006,0
2.84183,2,2839334897,2496006,0
2.84695,2,2844452909,2496006,0
2.8495,1,2847002915,2496006,0
2.85463,2,2852129927,2496006,0
2.8597,1,2857202939,2496006,0
2.86481,2,2862311951,2496006,0
2.86737,1,2864870957,2496006,0
2.87247,1,2869997969,2469000,1
2.87247,2,2869997969,2469000,1
2.87756,2,2875059975,2496006,0
2.8801,1,2877600981,2496006,0
2.88262,2,2880123987,2496006,0
2.88772,2,2885223999,2496006,0
2.89027,1,2887774005,2496006,0
2.89533,1,2892829017,2496006,0
2.89788,1,2895388023,2496006,0
2.90041,2,2897911029,2496006,0
2.90294,2,2900470035,2469000,1
2.90544,2,2902939035,2496006,0
2.90799,1,2905489041,2496006,0
2.91054,2,2908039047,2496006,0
2.91307,1,2910571053,2496006,0
2.91844,2,2915948065,2496006,0
2.92099,2,2918489071,2496006,0
2.92355,2,2921057077,2496006,0
2.92609,1,2923598083,2496006,0
2.93119,1,2928698095,2496006,0
2.93374,2,2931239101,2496006,0
2.93883,1,2936330113,2496006,0
2.94139,2,2938898119,2496006,0
2.94423,1,2941734125,2496006,0
2.94931,2,2946816137,2496006,0
2.95184,2,2949339143,2496006,0
2.95436,2,2951862149,2496006,0
2.95692,1,2954421155,2496006,0
2.96201,1,2959512167,2496006,0
2.96454,2,2962044173,2496006,0
2.96711,1,2964612179,2496006,0
2.96963,1,2967135185,2496006,0
2.97469,2,2972190197,2496006,0
2.97718,1,2974713203,2469000,1
2.97718,2,2974713203,2469000,1
2.97974,2,2977243203,2496006,0
2.98488,2,2982388215,2496006,0
2.98999,2,2987497227,2496006,0
2.99252,1,2990020233,2496006,0
2.9976,1,2995102245,2496006,0
3.00017,2,2997670251,2496006,0
3.00031,3,3000193257,121000,1
3.00266,2,3000193257,2469000,1
3.00771,1,3005210263,2496006,0
3.00792,3,3007769269,152006,0
3.00795,3,3007948275,0,0
3.01062,3,3008127275,2496006,0
3.01317,2,3010677281,2496006,0
3.01567,3,3013200287,2469000,1
3.01849,1,3015998293,2496006,0
3.02105,1,3018557299,2496006,0
3.0236,1,3021107305,2496006,0
3.02613,2,3023630311,2496006,0
3.02866,3,3026162317,2496006,0
3.03379,1,3031298329,2496006,0
3.03633,2,3033830335,2496006,0
3.03885,3,3036353341,2496006,0
3.04392,1,3041426353,2496006,0
3.04679,2,3044298359,2496006,0
3.04933,2,3046830365,2496006,0
3.05182,3,3049353371,2469000,1
3.05182,1,3049353371,2469000,1
3.0569,3,3054406377,2496006,0
3.05946,2,3056965383,2496006,0
3.06451,2,3062038395,2469000,1
3.06451,3,3062038395,2469000,1
3.06706,1,3064586395,2469000,1
3.06961,2,3067116395,2496006,0
3.07471,3,3072216407,2496006,0
3.07724,1,3074748413,2496006,0
3.0823,3,3079803425,2496006,0
3.08482,2,3082326431,2496006,0
3.08739,3,3084894437,2496006,0
3.08992,2,3087426443,2496006,0
3.09245,3,3089949449,2496006,0
3.09494,3,3092472455,2469000,1
3.09744,1,3094948455,2496006,0
3.10003,1,3097534461,2496006,0
3.10257,2,3100075467,2496006,0
3.10509,2,3102616473,2469000,1
3.10763,2,3105137473,2496006,0
3.11015,1,3107678479,2469000,1
3.11015,2,3107678479,2469000,1
3.11518,3,3112686485,2496006,0
3.11773,3,3115236491,2496006,0
3.12059,2,3118090497,2496006,0
3.12311,3,3120613503,2496006,0
3.12818,2,3125686515,2496006,0
3.13073,3,3128236521,2496006,0
3.13327,3,3130777527,2496006,0
3.13581,1,3133309533,2496006,0
3.13832,2,3135850539,2469000,1
3.13832,1,3135850539,2469000,1
3.14339,3,3140894545,2496006,0
3.14591,2,3143417551,2496006,0
3.14879,1,3146289557,2496006,0
3.15131,3,3148812563,2496006,0
3.15381,3,3151344569,2469000,1
3.15633,1,3153838569,2496006,0
3.15886,2,3156388575,2469000,1
3.15886,1,3156388575,2469000,1
3.16136,3,3158864575,2496006,0
3.16645,1,3163955587,2496006,0
3.16901,3,3166514593,2496006,0
3.17157,1,3169073599,2496006,0
3.17664,1,3174173611,2469000,1
3.17664,3,3174173611,2469000,1
3.17915,2,3176649611,2496006,0
3.18422,3,3181722623,2496006,0
3.18675,3,3184281629,2469000,1
3.18675,2,3184281629,2469000,1
3.18922,1,3186748629,2469000,1
3.18922,2,3186750629,2469000,1
3.19173,2,3189235629,2496006,0
3.1968,3,3194299641,2496006,0
3.19931,2,3196840647,2469000,1
3.19931,3,3196840647,2469000,1
3.20183,1,3199334647,2496006,0
3.20436,1,3201866653,2496006,0
3.20689,1,3204398659,2496006,0
3.21199,1,3209489671,2496006,0
3.21457,1,3212102677,2469000,1
3.21708,2,3214587677,2496006,0
3.21959,3,3217119683,2469000,1
3.21959,1,3217119683,2469000,1
3.22241,2,3219917689,2496006,0
3.22747,1,3224972701,2496006,0
3.23004,2,3227567707,2469000,1
3.23004,3,3227567707,2469000,1
3.23507,1,3232575713,2496006,0
3.2402,1,3237729725,2469000,1
3.2402,2,3237729725,2469000,1
3.2427,2,3240205725,2496006,0
3.24778,2,3245287737,2496006,0
3.25036,1,3247864743,2496006,0
3.2532,2,3250700749,2496006,0
3.25828,2,3255782761,2496006,0
3.26083,3,3258332767,2496006,0
3.26337,1,3260873773,2496006,0
3.2659,2,3263405779,2496006,0
3.2684,3,3265928785,2469000,1
3.27093,1,3268431785,2496006,0
3.2735,1,3270999791,2496006,0
3.27602,2,3273549797,2469000,1
3.27852,1,3276025797,2496006,0
3.28108,2,3278584803,2496006,0
3.28619,3,3283693815,2496006,0
3.28871,1,3286216821,2496006,0
3.29124,3,3288748827,2496006,0
3.29377,3,3291271833,2496006,0
3.29629,2,3293794839,2496006,0
3.30135,3,3298876851,2469000,1
3.30135,1,3298876851,2469000,1
3.30386,2,3301361851,2496006,0
3.30642,2,3303920857,2496006,0
3.31151,1,3309011869,2496006,0
3.31403,1,3311534875,2496006,0
3.31655,2,3314057881,2496006,0
3.31909,1,3316589887,2496006,0
3.32451,2,3322011899,2496006,0
3.32705,3,3324552905,2496006,0
3.32955,2,3327084911,2469000,1
3.32955,1,3327084911,2469000,1
3.33205,3,3329551911,2496006,0
3.33457,2,3332074917,2496006,0
3.33967,2,3337174929,2496006,0
3.34222,2,3339751935,2469000,1
3.34222,3,3339751935,2469000,1
3.34473,1,3342236935,2496006,0
3.34981,1,3347309947,2496006,0
3.3524,1,3349904953,2496006,0
3.35782,1,3355326965,2496006,0
3.36032,2,3357849971,2469000,1
3.36032,3,3357849971,2469000,1
3.36543,3,3362938977,2496006,0
3.36797,1,3365470983,2496006,0
3.37049,2,3367993989,2496006,0
3.37299,2,3370516995,2469000,1
3.37553,1,3373037995,2496006,0
3.37808,3,3375588001,2496006,0
3.38311,2,3380643013,2469000,1
3.38311,3,3380643013,2469000,1
3.38561,3,3383112013,2496006,0
3.38819,1,3385689019,2496006,0
3.39326,3,3390762031,2496006,0
3.3958,3,3393303037,2496006,0
3.39833,3,3395835043,2496006,0
3.40087,2,3398376049,2496006,0
3.4034,1,3400899055,2496006,0
3.40592,2,3403422061,2496006,0
3.40841,3,3405945067,2469000,1
3.41094,1,3408448067,2496006,0
3.41349,1,3410989073,2496006,0
3.41601,1,3413512079,2496006,0
3.41855,2,3416053085,2496006,0
3.42109,2,3418621091,2469000,1
3.42358,1,3421088091,2496006,0
3.42652,1,3424028003,2496006,0
3.42906,3,3426560009,2496006,0
3.43413,2,3431633021,2496006,0
3.43671,1,3434210027,2496006,0
3.43923,1,3436733033,2496006,0
3.44176,3,3439265039,2496006,0
3.44426,1,3441788045,2469000,1
3.44678,2,3444282045,2496006,0
3.44938,3,3446886051,2496006,0
3.45443,1,3451932063,2496006,0
3.45728,2,3454786069,2496006,0
3.45982,1,3457327075,2496006,0
3.46235,1,3459850081,2496006,0
3.46485,2,3462382087,2469000,1
3.46485,3,3462382087,2469000,1
3.46733,1,3464858087,2469000,1
3.46993,3,3467460087,2469000,1
3.47505,2,3472549093,2496006,0
3.47758,1,3475081099,2496006,0
3.4801,2,3477604105,2496006,0
3.48522,2,3482722117,2496006,0
3.48775,1,3485281123,2469000,1
3.49025,2,3487757123,2496006,0
3.49283,3,3490334129,2496006,0
3.49788,2,3495380141,2496006,0
3.5004,1,3497903147,2496006,0
3.50297,3,3500471153,2496006,0
3.50549,1,3502994159,2496006,0
3.50802,1,3505526165,2496006,0
3.51052,3,3508049171,2469000,1
3.51302,2,3510525171,2496006,0
3.51563,1,3513129177,2496006,0
3.51815,2,3515679183,2469000,1
3.51815,1,3515679183,2469000,1
3.52066,3,3518191183,2469000,1
3.52066,2,3518191183,2469000,1
3.52318,3,3520685183,2496006,0
3.52831,1,3525812195,2496006,0
3.53369,3,3531189207,2496006,0
3.53624,1,3533748213,2496006,0
3.53879,3,3536289219,2496006,0
3.54384,1,3541344231,2496006,0
3.54643,3,3543957237,2469000,1
3.54893,1,3546433237,2496006,0
3.55145,2,3548956243,2496006,0
3.55398,3,3551488249,2496006,0
3.5594,3,3556901261,2496006,0
3.56192,1,3559424267,2496006,0
3.56444,2,3561974273,2469000,1
3.56444,1,3561974273,2469000,1
3.56696,3,3564468273,2496006,0
3.56946,3,3566991279,2469000,1
3.57196,1,3569467279,2496006,0
3.57453,3,3572035285,2496006,0
3.57703,2,3574558291,2469000,1
3.57703,3,3574558291,2469000,1
3.58209,3,3579593297,2496006,0
3.58461,1,3582116303,2496006,0
3.58975,3,3587252315,2496006,0
3.5923,1,3589802321,2496006,0
3.59483,1,3592361327,2469000,1
3.59483,3,3592361327,2469000,1
3.59989,1,3597396333,2496006,0
3.60245,1,3599955339,2496006,0
3.60497,2,3602496345,2469000,1
3.60753,3,3605062345,2469000,1
3.61003,1,3607529345,2496006,0
3.61516,1,3612665357,2496006,0
3.62026,1,3617765369,2496006,0
3.62281,1,3620342375,2469000,1
3.62281,3,3620342375,2469000,1
3.62786,2,3625359381,2496006,0
3.63038,2,3627882387,2496006,0
3.63324,1,3630745393,2496006,0
3.63831,1,3635809405,2496006,0
3.64089,2,3638395411,2496006,0
3.64599,1,3643495423,2496006,0
3.64854,2,3646045429,2496006,0
3.65107,1,3648577435,2496006,0
3.65615,1,3653677447,2469000,1
3.65615,2,3653677447,2469000,1
3.66158,2,3659079453,2496006,0
3.66412,1,3661620459,2496006,0
3.66922,1,3666720471,2496006,0
3.67176,2,3669261477,2496006,0
3.67428,2,3671784483,2496006,0
3.67937,1,3676875495,2496006,0
3.68188,2,3679407501,2469000,1
3.68188,1,3679407501,2469000,1
3.68697,2,3684469507,2496006,0
3.6895,2,3687001513,2496006,0
3.69204,1,3689542519,2496006,0
3.69712,1,3694624531,2496006,0
3.69964,2,3697147537,2496006,0
3.70218,2,3699679543,2496006,0
3.70727,2,3704770555,2496006,0
3.70977,1,3707302561,2469000,1
3.70977,3,3707302561,2469000,1
3.71488,2,3712382567,2496006,0
3.71746,2,3714959573,2496006,0
3.71998,1,3717482579,2496006,0
3.72505,2,3722555591,2496006,0
3.72764,2,3725141597,2496006,0
3.73016,1,3727664603,2496006,0
3.73266,1,3730187609,2469000,1
3.73548,2,3732985615,2496006,0
3.73806,1,3735589621,2469000,1
3.74055,1,3738058621,2496006,0
3.74308,2,3740581627,2496006,0
3.74564,2,3743140633,2496006,0
3.75075,1,3748249645,2496006,0
3.75326,2,3750790651,2469000,1
3.75326,1,3750790651,2469000,1
3.75577,1,3753275651,2496006,0
3.7609,2,3758402663,2496006,0
3.76371,1,3761238669,2469000,1
3.76371,2,3761238669,2469000,1
3.76618,1,3763714669,2469000,1
3.77135,2,3768857675,2496006,0
3.77902,1,3776525693,2496006,0
3.78155,2,3779057699,2496006,0
3.78663,2,3784157711,2469000,1
3.78663,1,3784157711,2469000,1
3.78913,2,3786633711,2496006,0
3.79423,2,3791733723,2496006,0
3.79682,1,3794319729,2496006,0
3.80188,2,3799383741,2496006,0
3.80445,2,3801978747,2469000,1
3.80445,1,3801978747,2469000,1
3.80955,1,3807058753,2496006,0
3.8146,1,3812131765,2469000,1
3.8146,3,3812131765,2469000,1
3.81968,1,3817184771,2496006,0
3.82224,2,3819743777,2496006,0
3.8273,2,3824807789,2496006,0
3.82984,1,3827339795,2496006,0
3.8324,1,3829934801,2469000,1
3.8349,2,3832401801,2496006,0
3.83774,1,3835246807,2496006,0
3.8403,2,3837805813,2496006,0
3.84282,1,3840355819,2469000,1
3.84534,2,3842840819,2496006,0
3.84786,2,3845363825,2496006,0
3.85041,2,3847913831,2496006,0
3.85294,1,3850445837,2496006,0
3.85805,2,3855554849,2496006,0
3.86062,1,3858122855,2496006,0
3.86313,2,3860663861,2469000,1
3.86598,1,3863515867,2469000,1
3.86598,2,3863515867,2469000,1
3.87108,2,3868586873,2496006,0
3.87619,2,3873695885,2496006,0
3.88127,1,3878777897,2496006,0
3.88381,1,3881336903,2469000,1
3.88381,2,3881336903,2469000,1
3.88889,2,3886398909,2496006,0
3.89401,2,3891516921,2496006,0
3.89909,1,3896598933,2496006,0
3.90163,2,3899130939,2496006,0
3.90417,2,3901671945,2496006,0
3.9067,2,3904203951,2496006,0
3.91179,2,3909294963,2496006,0
3.91432,1,3911826969,2496006,0
3.91943,1,3916935981,2496006,0
3.92197,2,3919476987,2496006,0
3.92454,1,3922044993,2496006,0
3.92961,2,3927118005,2496006,0
3.93219,1,3929695011,2496006,0
3.93725,2,3934750023,2496006,0
3.94014,1,3937640029,2496006,0
3.94266,1,3940190035,2469000,1
3.94518,2,3942684035,2496006,0
3.94774,2,3945270041,2469000,1
3.95029,1,3947818041,2469000,1
3.95532,2,3952819047,2496006,0
3.95787,2,3955396053,2469000,1
3.96303,2,3960530059,2496006,0
3.96843,1,3965934071,2496006,0
3.97351,2,3971016083,2496006,0
3.97609,1,3973593089,2496006,0
3.97859,2,3976116095,2469000,1
3.98111,1,3978610095,2496006,0
3.98364,1,3981142101,2496006,0
3.98873,1,3986233113,2496006,0
3.9939,1,3991405125,2496006,0
3.99644,2,3993946131,2496006,0
3.99897,2,3996469137,2496006,0
4.00401,1,4001515149,2496006,0
4.00653,2,4004038155,2496006,0
4.00676,4,4006606161,152006,0
4.01201,2,4009514173,2496006,0
4.01453,1,4012037179,2496006,0
4.0171,2,4014605185,2496006,0
4.01962,4,4017128191,2496006,0
4.02217,1,4019678197,2496006,0
4.0247,1,4022201203,2496006,0
4.02977,1,4027274215,2496006,0
4.03233,2,4029833221,2496006,0
4.03483,1,4032356227,2469000,1
4.03483,4,4032356227,2469000,1
4.03991,2,4037409233,2496006,0
4.0428,1,4040299239,2496006,0
4.04786,1,4045390251,2469000,1
4.04786,2,4045390251,2469000,1
4.0504,4,4047902251,2496006,0
4.05548,2,4052984263,2496006,0
4.05803,4,4055534269,2496006,0
4.06056,3,4058066275,2496006,0
4.06306,2,4060589281,2469000,1
4.06306,1,4060589281,2469000,1
4.06554,3,4063074281,2469000,1
4.0681,2,4065604281,2496006,0
4.07091,4,4068440287,2469000,1
4.07091,2,4068440287,2469000,1
4.07343,2,4070934287,2496006,0
4.0785,2,4076007299,2496006,0
4.08109,3,4078593305,2496006,0
4.08359,3,4081125311,2469000,1
4.08609,2,4083592311,2496006,0
4.08861,1,4086115317,2496006,0
4.09115,1,4088656323,2496006,0
4.09369,4,4091197329,2496006,0
4.09623,4,4093729335,2496006,0
4.09875,2,4096252341,2496006,0
4.10381,1,4101343353,2469000,1
4.10381,3,4101343353,2469000,1
4.10632,2,4103828353,2496006,0
4.10887,4,4106369359,2496006,0
4.11142,4,4108919365,2496006,0
4.11645,2,4113983377,2469000,1
4.11645,1,4113983377,2469000,1
4.11895,4,4116450377,2496006,0
4.12147,3,4118973383,2496006,0
4.12402,4,4121523389,2496006,0
4.12659,2,4124091395,2496006,0
4.12908,4,4126614401,2469000,1
4.12908,3,4126614401,2469000,1
4.1316,2,4129099401,2496006,0
4.13414,3,4131640407,2496006,0
4.13666,4,4134163413,2496006,0
4.13922,2,4136722419,2496006,0
4.14176,2,4139263425,2496006,0
4.14712,4,4144622437,2496006,0
4.14965,3,4147154443,2496006,0
4.1522,3,4149704449,2496006,0
4.15475,4,4152281455,2469000,1
4.15475,2,4152281455,2469000,1
4.15724,3,4154748455,2496006,0
4.1623,1,4159803467,2496006,0
4.16484,3,4162344473,2496006,0
4.16744,4,4164939479,2496006,0
4.17281,1,4170316491,2496006,0
4.17534,4,4172848497,2496006,0
4.17787,3,4175371503,2496006,0
4.1804,1,4177903509,2496006,0
4.18296,2,4180462515,2496006,0
4.18545,2,4182985521,2469000,1
4.18797,4,4185470521,2496006,0
4.19049,2,4187993527,2496006,0
4.19302,3,4190525533,2496006,0
4.19554,1,4193048539,2496006,0
4.19811,4,4195616545,2496006,0
4.20064,3,4198139551,2496006,0
4.20316,2,4200662557,2496006,0
4.20565,3,4203185563,2469000,1
4.20817,2,4205670563,2496006,0
4.21069,1,4208193569,2496006,0
4.21323,4,4210734575,2496006,0
4.21575,1,4213257581,2496006,0
4.21835,2,4215852587,2496006,0
4.2234,4,4220907599,2496006,0
4.22593,1,4223457605,2469000,1
4.22593,3,4223457605,2469000,1
4.22845,2,4225951605,2496006,0
4.23097,2,4228474611,2496006,0
4.23606,4,4233565623,2496006,0
4.23858,2,4236115629,2469000,1
4.23858,4,4236115629,2469000,1
4.24368,1,4241186635,2496006,0
4.24652,1,4244022641,2496006,0
4.24909,1,4246590647,2496006,0
4.25162,2,4249122653,2496006,0
4.2567,4,4254204665,2496006,0
4.25922,1,4256727671,2496006,0
4.26176,2,4259259677,2496006,0
4.26432,1,4261827683,2496006,0
4.26685,1,4264350689,2496006,0
4.26934,3,4266873695,2469000,1
4.27184,4,4269340695,2496006,0
4.27437,1,4271872701,2496006,0
4.2772,1,4274708707,2496006,0
4.27974,4,4277240713,2496006,0
4.28227,2,4279772719,2496006,0
4.28479,4,4282295725,2496006,0
4.28736,4,4284863731,2496006,0
4.29243,1,4289936743,2496006,0
4.29496,2,4292459749,2496006,0
4.29749,2,4294991755,2496006,0
4.30002,4,4297523761,2496006,0
4.30259,2,4300091767,2496006,0
4.30511,4,4302641773,2469000,1
4.30511,1,4302641773,2469000,1
4.30762,2,4305126773,2496006,0
4.31015,4,4307685779,2469000,1
4.31015,1,4307685779,2469000,1
4.31268,2,4310215779,2469000,1
4.3204,2,4317899791,2496006,0
4.32294,3,4320440797,2496006,0
4.32547,3,4322972803,2496006,0
4.32799,2,4325495809,2496006,0
4.33306,2,4330568821,2496006,0
4.33559,3,4333091827,2496006,0
4.33816,4,4335668833,2496006,0
4.34324,2,4340741845,2496006,0
4.34577,3,4343273851,2496006,0
4.34862,4,4346127857,2496006,0
4.35116,1,4348668863,2496006,0
4.35369,2,4351218869,2469000,1
4.3562,3,4353703869,2496006,0
4.3587,1,4356235875,2469000,1
4.3587,4,4356235875,2469000,1
4.36125,1,4358783875,2469000,1
4.36376,3,4361259875,2496006,0
4.36631,2,4363809881,2496006,0
4.36885,3,4366350887,2496006,0
4.37393,1,4371432899,2496006,0
4.37645,1,4373955905,2496006,0
4.37926,2,4376791911,2469000,1
4.37926,1,4376791911,2469000,1
4.38176,3,4379267911,2496006,0
4.3843,4,4381808917,2496006,0
4.3894,3,4386908929,2496006,0
4.39198,4,4389485935,2496006,0
4.39452,3,4392026941,2496006,0
4.39958,4,4397081953,2496006,0
4.4021,2,4399604959,2496006,0
4.40462,1,4402127965,2496006,0
4.40715,1,4404650971,2496006,0
4.4097,2,4407200977,2496006,0
4.41221,1,4409741983,2469000,1
4.41221,3,4409741983,2469000,1
4.41724,4,4414740989,2496006,0
4.4198,4,4417299995,2496006,0
4.42234,2,4419841001,2496006,0
4.42488,1,4422382007,2496006,0
4.42996,4,4427464019,2496006,0
4.43246,1,4429987025,2469000,1
4.43246,2,4429987025,2469000,1
4.43501,2,4432517025,2496006,0
4.43754,3,4435040031,2496006,0
4.44005,1,4437581037,2469000,1
4.44005,2,4437581037,2469000,1
4.44508,4,4442580043,2496006,0
4.4476,4,4445103049,2496006,0
4.45046,4,4447965003,2496006,0
4.45298,3,4450488009,2496006,0
4.45551,4,4453011015,2496006,0
4.45804,4,4455543021,2496006,0
4.46056,3,4458066027,2496006,0
4.46565,1,4463157039,2496006,0
4.46818,3,4465680045,2496006,0
4.47074,4,4468239051,2496006,0
4.47328,2,4470780057,2496006,0
4.47581,3,4473312063,2496006,0
4.47833,1,4475835069,2496006,0
4.48119,3,4478689075,2496006,0
4.48371,2,4481239081,2469000,1
4.48371,4,4481239081,2469000,1
4.48623,1,4483733081,2496006,0
4.48878,4,4486283087,2496006,0
4.49132,3,4488824093,2496006,0
4.49389,4,4491392099,2496006,0
4.49894,1,4496447111,2496006,0
4.50149,2,4498997117,2496006,0
4.50402,3,4501520123,2496006,0
4.50655,3,4504052129,2496006,0
4.50907,3,4506575135,2496006,0
4.51157,2,4509098141,2469000,1
4.51157,4,4509098141,2469000,1
4.51408,2,4511583141,2496006,0
4.51658,1,4514115147,2469000,1
4.5191,1,4516600147,2496006,0
4.52162,1,4519123153,2496006,0
4.52414,2,4521646159,2496006,0
4.52668,1,4524187165,2496006,0
4.52922,3,4526719171,2496006,0
4.53178,1,4529287177,2496006,0
4.53431,1,4531810183,2496006,0
4.53683,3,4534333189,2496006,0
4.54188,2,4539388201,2496006,0
4.54441,2,4541911207,2496006,0
4.54694,4,4544443213,2496006,0
4.54944,2,4546966219,2469000,1
4.54944,4,4546966219,2469000,1
4.55193,2,4549435219,2496006,0
4.55478,3,4552280225,2496006,0
4.55733,1,4554830231,2496006,0
4.55989,2,4557389237,2496006,0
4.56239,1,4559921243,2469000,1
4.56239,2,4559921243,2469000,1
4.56743,4,4564929249,2496006,0
4.56995,3,4567452255,2496006,0
4.5725,4,4570002261,2496006,0
4.57507,3,4572570267,2496006,0
4.57762,1,4575120273,2496006,0
4.58014,3,4577670279,2469000,1
4.58296,4,4580459285,2496006,0
4.58548,2,4582982291,2496006,0
4.58803,3,4585532297,2496006,0
4.59056,2,4588064303,2496006,0
4.59308,4,4590587309,2496006,0
4.59562,1,4593119315,2496006,0
4.59816,4,4595660321,2496006,0
4.60065,2,4598183327,2469000,1
4.60316,1,4600668327,2496006,0
4.60569,3,4603191333,2496006,0
4.60822,4,4605723339,2496006,0
4.61077,2,4608273345,2496006,0
4.6133,1,4610805351,2496006,0
4.61584,4,4613373357,2469000,1
4.61584,3,4613373357,2469000,1
4.62089,2,4618390363,2496006,0
4.62341,1,4620913369,2496006,0
4.62593,2,4623436375,2496006,0
4.62846,1,4625959381,2496006,0
4.631,1,4628527387,2469000,1
4.631,2,4628527387,2469000,1
4.631,3,4628527387,2469000,1
4.63352,3,4631021387,2496006,0
4.63601,4,4633544393,2469000,1
4.63853,3,4636029393,2496006,0
4.64112,2,4638624399,2496006,0
4.64365,3,4641183405,2469000,1
4.64365,4,4641183405,2469000,1
4.64867,2,4646200411,2469000,1
4.64867,1,4646200411,2469000,1
4.65378,4,4651280417,2496006,0
4.65663,3,4654134423,2496006,0
4.65915,2,4656684429,2469000,1
4.6617,4,4659205429,2496006,0
4.66424,3,4661746435,2496006,0
4.66936,4,4666864447,2496006,0
4.67188,3,4669414453,2469000,1
4.6744,2,4671899453,2496006,0
4.67694,4,4674440459,2496006,0
4.67946,4,4676963465,2496006,0
4.68485,1,4682358477,2496006,0
4.68739,2,4684890483,2496006,0
4.68995,4,4687449489,2496006,0
4.69246,2,4689990495,2469000,1
4.69246,1,4689990495,2469000,1
4.69495,4,4692457495,2496006,0
4.69749,3,4694989501,2496006,0
4.70006,1,4697566507,2496006,0
4.70257,3,4700098513,2469000,1
4.70257,1,4700098513,2469000,1
4.70758,4,4705088519,2496006,0
4.71016,2,4707665525,2496006,0
4.71268,4,4710188531,2496006,0
4.71523,1,4712738537,2496006,0
4.7203,2,4717802549,2496006,0
4.72282,4,4720325555,2496006,0
4.72536,4,4722866561,2496006,0
4.72786,2,4725389567,2469000,1
4.72786,3,4725389567,2469000,1
4.73038,4,4727883567,2496006,0
4.73291,1,4730415573,2496006,0
4.73542,4,4732947579,2469000,1
4.73797,2,4735477579,2496006,0
4.74051,1,4738018585,2496006,0
4.74304,4,4740541591,2496006,0
4.74558,1,4743082597,2496006,0
4.74809,4,4745623603,2469000,1
4.7506,2,4748108603,2496006,0
4.75315,2,4750649609,2496006,0
4.75568,1,4753181615,2496006,0
4.75853,2,4756035621,2496006,0
4.76105,1,4758585627,2469000,1
4.76607,1,4763577633,2496006,0
4.76863,2,4766136639,2496006,0
4.77116,4,4768668645,2496006,0
4.77373,2,4771236651,2496006,0
4.77876,4,4776291663,2469000,1
4.77876,1,4776291663,2469000,1
4.78126,1,4778760663,2496006,0
4.78378,2,4781283669,2496006,0
4.78631,3,4783815675,2496006,0
4.78919,3,4786696681,2496006,0
4.79169,2,4789219687,2469000,1
4.79169,3,4789219687,2469000,1
4.79674,1,4794245693,2496006,0
4.79924,4,4796768699,2469000,1
4.79924,3,4796768699,2469000,1
4.80177,1,4799271699,2496006,0
4.80434,2,4801839705,2496006,0
4.8094,3,4806903717,2496006,0
4.81194,1,4809444723,2496006,0
4.81446,2,4811967729,2496006,0
4.81699,3,4814490735,2496006,0
4.81953,2,4817031741,2496006,0
4.82206,1,4819563747,2496006,0
4.82458,3,4822086753,2496006,0
4.82972,2,4827222765,2496006,0
4.83223,1,4829763771,2469000,1
4.83223,3,4829763771,2469000,1
4.83733,2,4834834777,2496006,0
4.83989,2,4837393783,2496006,0
4.84239,4,4839925789,2469000,1
4.8449,3,4842401789,2496006,0
4.84742,1,4844924795,2496006,0
4.84995,2,4847456801,2496006,0
4.85505,1,4852556813,2496006,0
4.85758,3,4855088819,2496006,0
4.86042,3,4857924825,2496006,0
4.86293,1,4860456831,2469000,1
4.86293,3,4860456831,2469000,1
4.86544,2,4862941831,2496006,0
4.86798,2,4865482837,2496006,0
4.87311,2,4870609849,2496006,0
4.87567,3,4873177855,2496006,0
4.87817,1,4875700861,2469000,1
4.87817,3,4875700861,2469000,1
4.88319,2,4880690867,2496006,0
4.88575,2,4883249873,2496006,0
4.88831,3,4885817879,2496006,0
4.89367,3,4891176891,2496006,0
4.8962,2,4893708897,2496006,0
4.89879,3,4896294903,2496006,0
4.90386,2,4901367915,2496006,0
4.90899,3,4906494927,2496006,0
4.91153,2,4909035933,2496006,0
4.91405,3,4911558939,2496006,0
4.91913,3,4916658951,2469000,1
4.91913,1,4916658951,2469000,1
4.92163,4,4919134951,2496006,0
4.92418,2,4921684957,2496006,0
4.92925,3,4926757969,2496006,0
4.93178,2,4929280975,2496006,0
4.93432,3,4931821981,2496006,0
4.93684,4,4934344987,2496006,0
4.93939,4,4936894993,2496006,0
4.94446,3,4941968005,2496006,0
4.94699,2,4944491011,2496006,0
4.94955,3,4947050017,2496006,0
4.95208,4,4949582023,2496006,0
4.95464,3,4952141029,2496006,0
4.95968,3,4957187041,2496006,0
4.9625,4,4960032047,2469000,1
4.9625,2,4960032047,2469000,1
4.96505,4,4962553047,2496006,0
4.96759,3,4965094053,2496006,0
4.97267,4,4970176065,2496006,0
4.97522,3,4972726071,2496006,0
4.97775,2,4975258077,2496006,0
4.9803,1,4977799083,2496006,0
4.98282,2,4980322089,2496006,0
4.98787,3,4985377101,2496006,0
4.99041,4,4987918107,2496006,0
4.99325,4,4990754113,2496006,0
4.99578,2,4993286119,2496006,0
4.99831,3,4995809125,2496006,0
5.0008,1,4998332131,2469000,1
5.0008,4,4998332131,2469000,1
5.00331,2,5000817131,2496006,0
5.0035,5,5003349137,152006,0
5.00875,3,5006257149,2496006,0
5.01129,1,5008789155,2496006,0
5.01382,2,5011321161,2496006,0
5.01634,2,5013844167,2496006,0
5.01885,1,5016385173,2469000,1
5.01885,5,5016385173,2469000,1
5.02138,3,5018888173,2496006,0
5.02391,4,5021411179,2496006,0
5.02644,5,5023943185,2496006,0
5.0315,5,5029007197,2496006,0
5.034,4,5031530203,2469000,1
5.034,2,5031530203,2469000,1
5.03651,5,5034015203,2496006,0
5.03905,5,5036556209,2496006,0
5.04158,3,5039088215,2496006,0
5.04411,5,5041611221,2496006,0
5.04664,1,5044143227,2496006,0
5.04917,3,5046675233,2496006,0
5.05169,5,5049225239,2469000,1
5.05169,3,5049225239,2469000,1
5.05416,1,5051692239,2469000,1
5.05416,4,5051692239,2469000,1
5.05666,1,5054161239,2496006,0
5.0592,1,5056702245,2496006,0
5.06172,5,5059225251,2496006,0
5.06431,1,5061811257,2496006,0
5.06714,2,5064647263,2496006,0
5.06971,4,5067215269,2496006,0
5.07223,5,5069738275,2496006,0
5.07473,1,5072261281,2469000,1
5.07726,2,5074764281,2496006,0
5.07979,3,5077296287,2496006,0
5.08234,5,5079846293,2496006,0
5.08487,4,5082369299,2496006,0
5.08997,2,5087469311,2496006,0
5.09249,3,5089992317,2496006,0
5.09534,4,5092846323,2496006,0
5.09787,5,5095369329,2496006,0
5.10036,2,5097892335,2469000,1
5.10036,1,5097892335,2469000,1
5.10287,1,5100377335,2496006,0
5.10541,3,5102909341,2496006,0
5.10794,1,5105441347,2496006,0
5.11298,3,5110487359,2496006,0
5.11548,1,5113010365,2469000,1
5.11548,3,5113010365,2469000,1
5.11797,5,5115477365,2496006,0
5.12048,4,5118009371,2469000,1
5.12048,5,5118009371,2469000,1
5.12297,2,5120476371,2496006,0
5.1255,4,5123008377,2496006,0
5.12803,1,5125531383,2496006,0
5.13059,3,5128090389,2496006,0
5.13311,3,5130613395,2496006,0
5.13564,3,5133145401,2496006,0
5.13816,4,5135686407,2469000,1
5.13816,2,5135686407,2469000,1
5.13816,3,5135686407,2469000,1
5.14062,1,5138153407,2469000,1
5.14312,2,5140620407,2496006,0
5.14564,4,5143143413,2496006,0
5.14819,2,5145693419,2496006,0
5.15069,5,5148216425,2469000,1
5.15069,3,5148216425,2469000,1
5.15318,4,5150683425,2496006,0
5.15579,3,5153296431,2496006,0
5.15833,2,5155837437,2496006,0
5.16086,1,5158360443,2496006,0
5.16338,4,5160883449,2496006,0
5.16874,2,5166242461,2496006,0
5.17126,3,5168765467,2496006,0
5.17379,1,5171297473,2496006,0
5.17633,2,5173838479,2496006,0
5.17886,2,5176361485,2496006,0
5.18135,3,5178884491,2469000,1
5.18135,5,5178884491,2469000,1
5.18387,4,5181369491,2496006,0
5.18642,4,5183928497,2496006,0
5.18897,1,5186469503,2496006,0
5.19403,2,5191533515,2496006,0
5.19687,1,5194378521,2496006,0
5.19945,4,5196955527,2496006,0
5.20197,1,5199478533,2496006,0
5.2045,3,5202001539,2496006,0
5.20705,2,5204551545,2496006,0
5.20957,2,5207074551,2496006,0
5.21209,2,5209597557,2496006,0
5.21462,4,5212120563,2496006,0
5.21712,1,5214652569,2469000,1
5.21712,2,5214652569,2469000,1
5.21966,3,5217164569,2496006,0
5.22218,4,5219687575,2496006,0
5.22471,1,5222210581,2496006,0
5.22725,1,5224751587,2496006,0
5.22982,4,5227319593,2496006,0
5.23232,1,5229851599,2469000,1
5.23232,3,5229851599,2469000,1
5.23232,4,5229851599,2469000,1
5.23738,4,5234886605,2496006,0
5.23989,5,5237418611,2469000,1
5.23989,2,5237418611,2469000,1
5.24238,3,5239885611,2496006,0
5.24491,3,5242417617,2496006,0
5.24745,4,5244958623,2496006,0
5.25,1,5247499629,2496006,0
5.25253,1,5250031635,2496006,0
5.2576,4,5255104647,2496006,0
5.2601,1,5257627653,2469000,1
5.2601,3,5257627653,2469000,1
5.2626,2,5260103653,2496006,0
5.26519,4,5262689659,2496006,0
5.26772,2,5265221665,2496006,0
5.27309,3,5270589677,2496006,0
5.27561,4,5273112683,2496006,0
5.27814,2,5275644689,2496006,0
5.28069,3,5278221695,2469000,1
5.28069,1,5278221695,2469000,1
5.28318,2,5280688695,2496006,0
5.28571,4,5283238701,2469000,1
5.28822,4,5285723701,2496006,0
5.29079,2,5288291707,2496006,0
5.29332,4,5290823713,2496006,0
5.29582,3,5293346719,2469000,1
5.29582,2,5293346719,2469000,1
5.29831,2,5295815719,2496006,0
5.30372,4,5301228731,2496006,0
5.30628,2,5303787737,2496006,0
5.30881,2,5306310743,2496006,0
5.31136,2,5308860749,2496006,0
5.31641,1,5313915761,2496006,0
5.31893,2,5316438767,2496006,0
5.32147,4,5318970773,2496006,0
5.32401,5,5321511779,2496006,0
5.32656,4,5324061785,2496006,0
5.33162,1,5329125797,2496006,0
5.33412,5,5331648803,2469000,1
5.33412,2,5331648803,2469000,1
5.33661,2,5334117803,2496006,0
5.33915,1,5336649809,2496006,0
5.34169,1,5339217815,2469000,1
5.34169,4,5339217815,2469000,1
5.34676,2,5344261821,2496006,0
5.34926,3,5346793827,2469000,1
5.34926,5,5346793827,2469000,1
5.35183,4,5349332827,2496006,0
5.35435,4,5351855833,2496006,0
5.3594,2,5356901845,2496006,0
5.36192,1,5359424851,2496006,0
5.36444,4,5361947857,2496006,0
5.36698,1,5364488863,2496006,0
5.36952,2,5367020869,2496006,0
5.37235,2,5369856875,2496006,0
5.37488,1,5372388881,2496006,0
5.37741,2,5374938887,2469000,1
5.37991,4,5377414887,2496006,0
5.38249,5,5379991893,2496006,0
5.38501,1,5382514899,2496006,0
5.38751,4,5385037905,2469000,1
5.38751,5,5385037905,2469000,1
5.39005,1,5387558905,2496006,0
5.39507,4,5392604917,2469000,1
5.39507,5,5392604917,2469000,1
5.39766,1,5395161917,2496006,0
5.40018,2,5397684923,2496006,0
5.40558,1,5403088935,2496006,0
5.40814,1,5405647941,2496006,0
5.41068,2,5408179947,2496006,0
5.41573,1,5413234959,2496006,0
5.4183,1,5415802965,2496006,0
5.42082,1,5418325971,2496006,0
5.42336,5,5420866977,2496006,0
5.42587,2,5423398983,2469000,1
5.42837,5,5425874983,2496006,0
5.43091,4,5428415989,2496006,0
5.43344,4,5430947995,2496006,0
5.43597,5,5433471001,2496006,0
5.43851,1,5436012007,2496006,0
5.44359,5,5441094019,2496006,0
5.44613,4,5443635025,2496006,0
5.44864,5,5446167031,2469000,1
5.44864,4,5446167031,2469000,1
5.45116,1,5448661031,2496006,0
5.4537,5,5451202037,2496006,0
5.4562,2,5453734043,2469000,1
5.4587,5,5456228043,2469000,1
5.4587,1,5456228043,2469000,1
5.4587,3,5456228043,2469000,1
5.4612,4,5458704043,2496006,0
5.46377,4,5461272049,2496006,0
5.46887,4,5466372061,2496006,0
5.47399,5,5471490073,2496006,0
5.47683,1,5474335079,2496006,0
5.47935,4,5476858085,2496006,0
5.4819,4,5479399091,2496006,0
5.48696,1,5484463103,2496006,0
5.48948,2,5486986109,2496006,0
5.49203,5,5489536115,2496006,0
5.49457,5,5492077121,2496006,0
5.4971,1,5494600127,2496006,0
5.49963,4,5497132133,2496006,0
5.50501,4,5502509145,2496006,0
5.5075,5,5505032151,2469000,1
5.5075,2,5505032151,2469000,1
5.51004,5,5507544151,2496006,0
5.51255,1,5510085157,2469000,1
5.51255,4,5510085157,2469000,1
5.51508,2,5512588157,2496006,0
5.52015,2,5517652169,2496006,0
5.5227,5,5520202175,2496006,0
5.52524,2,5522743181,2496006,0
5.52779,5,5525293187,2496006,0
5.53031,4,5527816193,2496006,0
5.53537,3,5532871205,2496006,0
5.53792,4,5535421211,2496006,0
5.54044,2,5537944217,2496006,0
5.54295,3,5540476223,2469000,1
5.54295,2,5540476223,2469000,1
5.54541,5,5542943223,2469000,1
5.54541,1,5542943223,2469000,1
5.54795,4,5545455223,2496006,0
5.55045,4,5547978229,2469000,1
5.55296,3,5550463229,2496006,0
5.55548,1,5552986235,2496006,0
5.55801,4,5555518241,2496006,0
5.5606,3,5558104247,2496006,0
5.56312,2,5560627253,2496006,0
5.56566,3,5563159259,2496006,0
5.5707,4,5568205271,2496006,0
5.57322,1,5570728277,2496006,0
5.57577,5,5573269283,2496006,0
5.57861,2,5576114289,2496006,0
5.58113,3,5578637295,2496006,0
5.58366,1,5581160301,2496006,0
5.58615,5,5583683307,2469000,1
5.58615,3,5583683307,2469000,1
5.58615,1,5583683307,2469000,1
5.58867,4,5586177307,2496006,0
5.59376,2,5591259319,2496006,0
5.59629,4,5593791325,2496006,0
5.59882,1,5596323331,2496006,0
5.60136,1,5598864337,2496006,0
5.60388,5,5601387343,2496006,0
5.60674,2,5604241349,2496006,0
5.60926,2,5606764355,2496006,0
5.61177,1,5609296361,2469000,1
5.61177,4,5609296361,2469000,1
5.61177,2,5609296361,2469000,1
5.61429,5,5611790361,2496006,0
5.61933,3,5616836373,2496006,0
5.62187,3,5619377379,2496006,0
5.62441,2,5621909385,2496006,0
5.62693,5,5624432391,2496006,0
5.62945,2,5626982397,2469000,1
5.62945,5,5626982397,2469000,1
5.63195,1,5629458397,2496006,0
5.63448,3,5631981403,2496006,0
5.63702,3,5634522409,2496006,0
5.63955,1,5637054415,2496006,0
5.64208,4,5639586421,2496006,0
5.6471,5,5644632433,2469000,1
5.6471,1,5644632433,2469000,1
5.6496,1,5647101433,2496006,0
5.65214,3,5649642439,2496006,0
5.65465,1,5652183445,2469000,1
5.65465,4,5652183445,2469000,1
5.65717,3,5654677445,2496006,0
5.65971,2,5657209451,2496006,0
5.66483,4,5662336463,2496006,0
5.66734,2,5664868469,2469000,1
5.66734,3,5664868469,2469000,1
5.66984,1,5667344469,2496006,0
5.67242,2,5669921475,2496006,0
5.67494,4,5672444481,2496006,0
5.67747,2,5674976487,2496006,0
5.68032,3,5677821493,2496006,0
5.68535,2,5682876505,2469000,1
5.68535,1,5682876505,2469000,1
5.68535,3,5682876505,2469000,1
5.68784,3,5685345505,2496006,0
5.69034,4,5687868511,2469000,1
5.69034,3,5687868511,2469000,1
5.69283,2,5690335511,2496006,0
5.69537,1,5692876517,2496006,0
5.69787,5,5695399523,2469000,1
5.69787,1,5695399523,2469000,1
5.70039,4,5697893523,2496006,0
5.70295,2,5700452529,2496006,0
5.708,5,5705507541,2496006,0
5.71084,1,5708343547,2496006,0
5.71334,3,5710875553,2469000,1
5.71334,1,5710875553,2469000,1
5.71586,4,5713360553,2496006,0
5.71839,4,5715892559,2496006,0
5.72091,3,5718415565,2496006,0
5.72343,3,5720938571,2496006,0
5.72596,2,5723461577,2496006,0
5.7285,5,5726002583,2496006,0
5.731,2,5728534589,2469000,1
5.731,4,5728534589,2469000,1
5.73604,3,5733542595,2496006,0
5.73859,3,5736092601,2496006,0
5.74111,5,5738615607,2496006,0
5.74366,5,5741165613,2496006,0
5.74621,1,5743715619,2496006,0
5.74877,3,5746274625,2496006,0
5.75129,5,5748797631,2496006,0
5.75382,1,5751347637,2469000,1
5.75631,5,5753814637,2496006,0
5.75882,3,5756346643,2469000,1
5.75882,4,5756346643,2469000,1
5.76132,2,5758822643,2496006,0
5.76384,5,5761345649,2496006,0
5.76637,4,5763877655,2496006,0
5.7689,4,5766400661,2496006,0
5.77142,4,5768923667,2496006,0
5.77394,5,5771446673,2496006,0
5.77648,4,5773987679,2496006,0
5.77902,2,5776528685,2496006,0
5.78186,5,5779364691,2496006,0
5.78692,1,5784419703,2496006,0
5.78944,2,5786942709,2496006,0
5.79198,1,5789483715,2496006,0
5.79452,1,5792024721,2496006,0
5.79702,3,5794547727,2469000,1
5.79702,4,5794547727,2469000,1
5.79951,2,5797041727,2469000,1
5.79951,5,5797041727,2469000,1
5.79951,3,5797041727,2469000,1
5.80202,1,5799526727,2496006,0
5.80455,5,5802049733,2496006,0
5.80707,3,5804572739,2496006,0
5.80961,4,5807113745,2496006,0
5.81244,3,5809967751,2469000,1
5.81494,4,5812443751,2496006,0
5.81749,1,5814993757,2496006,0
5.82001,5,5817516763,2496006,0
5.82255,4,5820057769,2496006,0
5.82514,4,5822643775,2496006,0
5.82766,5,5825166781,2496006,0
5.83019,1,5827689787,2496006,0
5.83271,2,5830212793,2496006,0
5.83524,4,5832744799,2496006,0
5.84029,2,5837790811,2496006,0
5.84281,3,5840313817,2496006,0
5.84534,5,5842845823,2496006,0
5.84786,4,5845368829,2496006,0
5.85042,2,5847927835,2496006,0
5.85296,1,5850459841,2496006,0
5.85548,4,5852982847,2496006,0
5.85798,3,5855514853,2469000,1
5.85798,4,5855514853,2469000,1
5.8605,1,5857999853,2496006,0
5.86303,5,5860531859,2496006,0
5.86809,2,5865595871,2496006,0
5.87061,5,5868118877,2496006,0
5.87314,1,5870641883,2496006,0
5.87566,2,5873164889,2496006,0
5.87821,2,5875714895,2496006,0
5.88074,1,5878246901,2496006,0
5.88328,5,5880787907,2496006,0
5.88613,3,5883632913,2496006,0
5.88865,5,5886155919,2496006,0
5.89122,4,5888723925,2496006,0
5.89372,1,5891246931,2469000,1
5.89372,2,5891246931,2469000,1
5.89624,5,5893740931,2496006,0
5.89876,3,5896263937,2496006,0
5.90126,5,5898795943,2469000,1
5.90126,3,5898795943,2469000,1
5.90376,4,5901262943,2496006,0
5.90629,5,5903794949,2496006,0
5.90884,5,5906344955,2496006,0
5.91136,4,5908867961,2496006,0
5.9142,5,5911703967,2496006,0
5.91673,5,5914235973,2496006,0
5.91926,4,5916767979,2496006,0
5.9218,4,5919299985,2496006,0
5.92432,1,5921822991,2496006,0
5.92937,2,5926878003,2496006,0
5.93187,4,5929401009,2469000,1
5.93187,5,5929401009,2469000,1
5.93444,1,5931940009,2496006,0
5.93697,2,5934472015,2496006,0
5.93949,3,5936995021,2496006,0
5.94201,1,5939518027,2496006,0
5.94455,4,5942050033,2496006,0
5.94707,3,5944573039,2496006,0
5.94963,2,5947132045,2496006,0
5.95213,3,5949664051,2469000,1
5.95213,4,5949664051,2469000,1
5.95714,2,5954672057,2469000,1
5.95714,1,5954672057,2469000,1
5.95964,5,5957139057,2496006,0
5.96222,5,5959725063,2496006,0
5.96473,3,5962257069,2469000,1
5.96473,4,5962257069,2469000,1
5.96727,4,5964778069,2496006,0
5.96979,1,5967319075,2469000,1
5.97226,5,5969795075,2469000,1
5.97226,1,5969795075,2469000,1
5.97478,2,5972280075,2496006,0
5.97731,2,5974812081,2496006,0
5.97988,4,5977380087,2496006,0
5.98239,3,5979921093,2469000,1
5.98488,2,5982388093,2496006,0
5.98772,4,5985224099,2496006,0
5.99027,5,5987774105,2496006,0
5.99285,4,5990351111,2496006,0
5.99537,2,5992874117,2496006,0
6.00046,5,5997965129,2496006,0
6.00299,2,6000497135,2496006,0
6.00555,2,6003056141,2496006,0
6.00805,4,6005579147,2469000,1
6.00805,2,6005579147,2469000,1
6.01308,5,6010587153,2496006,0
6.01359,6,6013441159,152006,0
6.0163,6,6013835165,2469000,1
6.0163,2,6013835165,2469000,1
6.01881,5,6016311165,2496006,0
6.02386,6,6021366177,2496006,0
6.02639,6,6023898183,2496006,0
6.0289,4,6026430189,2469000,1
6.0289,6,6026430189,2469000,1
6.0314,4,6028906189,2496006,0
6.03393,4,6031465195,2469000,1
6.03393,5,6031465195,2469000,1
6.03898,5,6036482201,2496006,0
6.04151,5,6039014207,2496006,0
6.04403,6,6041537213,2496006,0
6.04657,2,6044078219,2496006,0
6.04914,5,6046646225,2496006,0
6.05421,5,6051710237,2496006,0
6.05675,6,6054251243,2496006,0
6.05926,2,6056792249,2469000,1
6.05926,6,6056792249,2469000,1
6.06176,5,6059286249,2469000,1
6.06176,4,6059286249,2469000,1
6.06683,5,6064330255,2496006,0
6.06937,2,6066871261,2496006,0
6.07189,6,6069394267,2496006,0
6.07441,5,6071917273,2496006,0
6.07697,3,6074476279,2496006,0
6.0795,3,6076999285,2496006,0
6.08199,2,6079522291,2469000,1
6.08446,5,6081989291,2469000,1
6.08446,6,6081989291,2469000,1
6.08695,1,6084456291,2496006,0
6.08983,6,6087337297,2496006,0
6.09237,1,6089869303,2496006,0
6.09492,3,6092428309,2496006,0
6.09743,6,6094960315,2469000,1
6.09743,3,6094960315,2469000,1
6.10245,1,6099950321,2496006,0
6.10498,4,6102482327,2496006,0
6.10753,5,6105032333,2496006,0
6.11009,1,6107591339,2496006,0
6.11258,5,6110114345,2469000,1
6.11258,4,6110114345,2469000,1
6.11508,2,6112581345,2496006,0
6.1176,1,6115131351,2469000,1
6.1176,6,6115131351,2469000,1
6.12044,3,6117947357,2496006,0
6.12298,2,6120488363,2496006,0
6.12558,4,6123083369,2496006,0
6.13063,5,6128129381,2496006,0
6.13315,3,6130652387,2496006,0
6.1357,2,6133202393,2496006,0
6.1382,4,6135734399,2469000,1
6.1382,2,6135734399,2469000,1
6.1407,1,6138201399,2496006,0
6.14322,3,6140751405,2469000,1
6.14322,1,6140751405,2469000,1
6.14572,3,6143227405,2496006,0
6.14826,5,6145759411,2496006,0
6.15081,1,6148309417,2496006,0
6.15338,1,6150886423,2496006,0
6.15588,5,6153409429,2469000,1
6.15835,6,6155885429,2469000,1
6.15835,3,6155885429,2469000,1
6.16086,2,6158361429,2496006,0
6.16335,4,6160884435,2469000,1
6.16335,3,6160884435,2469000,1
6.16587,1,6163396435,2469000,1
6.16587,5,6163396435,2469000,1
6.1709,2,6168431441,2469000,1
6.1709,3,6168431441,2469000,1
6.17345,2,6170979441,2469000,1
6.17345,3,6170979441,2469000,1
6.17854,1,6176041447,2496006,0
6.18363,1,6181132459,2496006,0
6.18873,1,6186232471,2496006,0
6.19156,4,6189086477,2469000,1
6.19156,5,6189086477,2469000,1
6.19407,2,6191571477,2496006,0
6.19916,1,6196662489,2496006,0
6.20171,2,6199212495,2496006,0
6.20681,2,6204312507,2496006,0
6.20936,1,6206862513,2496006,0
6.21447,1,6211971525,2496006,0
6.21699,2,6214494531,2496006,0
6.22243,1,6219934543,2496006,0
6.22495,2,6222457549,2496006,0
6.22748,6,6224980555,2496006,0
6.23255,2,6230080567,2469000,1
6.23255,5,6230080567,2469000,1
6.23503,6,6232556567,2469000,1
6.23503,1,6232556567,2469000,1
6.23755,6,6235050567,2496006,0
6.24264,6,6240141579,2496006,0
6.24515,2,6242682585,2469000,1
6.24515,6,6242682585,2469000,1
6.24767,2,6245203585,2469000,1
6.24767,6,6245203585,2469000,1
6.25277,1,6250274591,2496006,0
6.2579,1,6255401603,2496006,0
6.26042,6,6257924609,2496006,0
6.26548,1,6262988621,2496006,0
6.26804,1,6265547627,2496006,0
6.27054,6,6268070633,2469000,1
6.27054,4,6268070633,2469000,1
6.27563,1,6273132639,2496006,0
6.28078,1,6278286651,2496006,0
6.28585,1,6283350663,2496006,0
6.28839,6,6285891669,2496006,0
6.29091,1,6288414675,2496006,0
6.29376,6,6291268681,2496006,0
6.29886,1,6296368693,2496006,0
6.30139,1,6298891699,2496006,0
6.30394,2,6301468705,2469000,1
6.30394,6,6301468705,2469000,1
6.30643,3,6303935705,2496006,0
6.309,6,6306503711,2496006,0
6.31153,1,6309035717,2496006,0
6.31661,6,6314117729,2496006,0
6.31915,3,6316649735,2496006,0
6.32169,6,6319190741,2496006,0
6.32453,1,6322035747,2496006,0
6.3296,6,6327099759,2496006,0
6.33214,3,6329640765,2496006,0
6.33468,6,6332181771,2496006,0
6.3372,1,6334731777,2469000,1
6.3372,6,6334731777,2469000,1
6.34228,3,6339784783,2496006,0
6.34743,3,6344929795,2496006,0
6.34996,3,6347461801,2496006,0
6.35249,1,6349993807,2496006,0
6.35753,6,6355057819,2469000,1
6.35753,1,6355057819,2469000,1
6.36003,3,6357533819,2496006,0
6.36259,1,6360092825,2496006,0
6.36514,3,6362642831,2496006,0
6.37024,1,6367742843,2496006,0
6.37276,3,6370265849,2496006,0
6.37533,3,6372833855,2496006,0
6.38043,5,6377933867,2496006,0
6.38295,1,6380456873,2496006,0
6.38548,1,6382979879,2496006,0
6.388,2,6385502885,2496006,0
6.39053,5,6388034891,2496006,0
6.39303,3,6390557897,2469000,1
6.39553,2,6393033897,2496006,0
6.39837,2,6395878903,2496006,0
6.40089,6,6398419909,2469000,1
6.40089,5,6398419909,2469000,1
6.40089,3,6398419909,2469000,1
6.40336,1,6400886909,2469000,1
6.40336,5,6400888909,2469000,1
6.40589,5,6403418909,2469000,1
6.40839,2,6405894909,2496006,0
6.41093,2,6408435915,2496006,0
6.4135,2,6411003921,2496006,0
6.41602,1,6413526927,2496006,0
6.41855,2,6416049933,2496006,0
6.42365,1,6421149945,2496006,0
6.42649,2,6423994951,2496006,0
6.43164,2,6429139963,2496006,0
6.43416,1,6431662969,2496006,0
6.43672,3,6434221975,2496006,0
6.43921,1,6436744981,2469000,1
6.44173,2,6439229981,2496006,0
6.44426,3,6441761987,2496006,0
6.44679,1,6444293993,2496006,0
6.45189,2,6449394005,2496006,0
6.4544,3,6451926011,2469000,1
6.4544,5,6451926011,2469000,1
6.45693,1,6454429011,2496006,0
6.45947,2,6456970017,2496006,0
6.46458,3,6462079029,2496006,0
6.4671,2,6464602035,2496006,0
6.4696,4,6467134041,2469000,1
6.4696,1,6467134041,2469000,1
6.47466,2,6472160047,2496006,0
6.4772,1,6474701053,2496006,0
6.47971,3,6477242059,2469000,1
6.47971,1,6477242059,2469000,1
6.48221,2,6479709059,2496006,0
6.48734,2,6484845071,2496006,0
6.48989,2,6487422077,2469000,1
6.48989,3,6487422077,2469000,1
6.49244,6,6489943077,2496006,0
6.49495,1,6492484083,2469000,1
6.49752,1,6495023083,2496006,0
6.50288,6,6500382095,2496006,0
6.50543,2,6502932101,2496006,0
6.50795,1,6505455107,2496006,0
6.51047,1,6508005113,2469000,1
6.51297,2,6510499113,2469000,1
6.51297,6,6510499113,2469000,1
6.51807,6,6515570119,2496006,0
6.52061,3,6518111125,2496006,0
6.52314,2,6520670131,2469000,1
6.52563,3,6523137131,2496006,0
6.52847,6,6525973137,2496006,0
6.53103,3,6528532143,2496006,0
6.53355,1,6531055149,2496006,0
6.53607,3,6533578155,2496006,0
6.53861,1,6536110161,2496006,0
6.54367,1,6541174173,2496006,0
6.5462,6,6543706179,2496006,0
6.54875,3,6546256185,2496006,0
6.55129,3,6548797191,2496006,0
6.55383,6,6551329197,2496006,0
6.55637,1,6553870203,2496006,0
6.56148,6,6558988215,2496006,0
6.56401,3,6561511221,2496006,0
6.56656,1,6564061227,2496006,0
6.56908,2,6566584233,2496006,0
6.57161,1,6569116239,2496006,0
6.57411,1,6571639245,2469000,1
6.5766,6,6574106245,2496006,0
6.57913,1,6576638251,2496006,0
6.58165,2,6579179257,2469000,1
6.58165,3,6579179257,2469000,1
6.58414,2,6581648257,2496006,0
6.58665,6,6584180263,2469000,1
6.58665,3,6584180263,2469000,1
6.58914,1,6586647263,2496006,0
6.59169,3,6589197269,2496006,0
6.59675,1,6594279281,2469000,1
6.59675,2,6594279281,2469000,1
6.59926,5,6596764281,2496006,0
6.60212,5,6599627287,2496006,0
6.60466,3,6602168293,2496006,0
6.60721,6,6604709299,2496006,0
6.60973,3,6607232305,2496006,0
6.61479,5,6612296317,2496006,0
6.61732,6,6614819323,2496006,0
6.61984,2,6617342329,2496006,0
6.62236,1,6619865335,2496006,0
6.62486,3,6622388341,2469000,1
6.62486,6,6622388341,2469000,1
6.62738,5,6624882341,2496006,0
6.63021,5,6627718347,2496006,0
6.63276,2,6630259353,2496006,0
6.63526,5,6632791359,2469000,1
6.63526,2,6632791359,2469000,1
6.6403,1,6637799365,2496006,0
6.64285,6,6640358371,2496006,0
6.6454,6,6642908377,2496006,0
6.64793,3,6645431383,2496006,0
6.65045,6,6647954389,2496006,0
6.65298,6,6650513395,2469000,1
6.65298,1,6650513395,2469000,1
6.65548,3,6652980395,2496006,0
6.658,5,6655503401,2496006,0
6.6605,5,6658026407,2469000,1
6.66299,5,6660495407,2496006,0
6.66551,3,6663018413,2496006,0
6.66806,2,6665559419,2496006,0
6.67056,6,6668091425,2469000,1
6.67056,1,6668091425,2469000,1
6.67307,3,6670576425,2496006,0
6.6756,5,6673099431,2496006,0
6.67812,3,6675622437,2496006,0
6.68069,4,6678190443,2496006,0
6.6832,2,6680731449,2469000,1
6.68571,5,6683216449,2496006,0
6.68826,3,6685766455,2496006,0
6.69083,4,6688334461,2496006,0
6.69336,3,6690866467,2496006,0
6.69589,4,6693416473,2469000,1
6.69589,5,6693416473,2469000,1
6.69589,3,6693416473,2469000,1
6.70094,2,6698442479,2496006,0
6.7038,4,6701305485,2496006,0
6.70632,3,6703828491,2496006,0
6.70883,1,6706360497,2469000,1
6.70883,4,6706360497,2469000,1
6.71132,5,6708827497,2496006,0
6.71386,5,6711359503,2496006,0
6.71888,6,6716414515,2469000,1
6.71888,2,6716414515,2469000,1
6.72138,3,6718881515,2496006,0
6.72387,5,6721404521,2469000,1
6.72387,3,6721404521,2469000,1
6.7264,4,6723907521,2496006,0
6.72896,2,6726466527,2496006,0
6.73437,2,6731870539,2496006,0
6.7369,4,6734402545,2496006,0
6.73947,5,6736970551,2496006,0
6.74199,2,6739493557,2496006,0
6.74449,4,6742025563,2469000,1
6.74449,2,6742025563,2469000,1
6.74699,2,6744494563,2496006,0
6.7495,5,6747026569,2469000,1
6.75199,3,6749493569,2496006,0
6.75454,3,6752043575,2496006,0
6.75706,1,6754566581,2496006,0
6.75959,6,6757098587,2496006,0
6.76214,6,6759666593,2469000,1
6.76214,2,6759666593,2469000,1
6.76464,1,6762142593,2496006,0
6.7697,3,6767206605,2496006,0
6.77223,4,6769729611,2496006,0
6.77478,6,6772279617,2496006,0
6.77729,4,6774820623,2469000,1
6.77729,1,6774820623,2469000,1
6.77978,6,6777287623,2496006,0
6.7823,3,6779828629,2469000,1
6.7823,5,6779828629,2469000,1
6.7848,1,6782304629,2496006,0
6.78731,2,6784836635,2469000,1
6.7898,4,6787303635,2496006,0
6.79232,6,6789826641,2496006,0
6.79485,4,6792376647,2469000,1
6.79485,2,6792376647,2469000,1
6.79738,6,6794879647,2496006,0
6.7999,1,6797402653,2496006,0
6.80244,1,6799943659,2496006,0
6.80497,1,6802475665,2496006,0
6.81034,6,6807843677,2496006,0
6.81286,6,6810366683,2496006,0
6.81539,3,6812898689,2496006,0
6.81794,4,6815439695,2496006,0
6.82044,3,6817971701,2469000,1
6.82044,6,6817971701,2469000,1
6.82044,4,6817971701,2469000,1
6.82295,1,6820456701,2496006,0
6.8255,5,6823033707,2469000,1
6.82797,1,6825500707,2469000,1
6.82797,6,6825500707,2469000,1
6.8305,3,6828003707,2496006,0
6.83304,1,6830544713,2496006,0
6.83588,3,6833380719,2496006,0
6.8384,1,6835903725,2496006,0
6.84092,4,6838426731,2496006,0
6.84345,3,6840958737,2496006,0
6.846,4,6843499743,2496006,0
6.85109,1,6848590755,2496006,0
6.85361,3,6851113761,2496006,0
6.85617,4,6853672767,2496006,0
6.8587,6,6856204773,2496006,0
6.86124,1,6858745779,2496006,0
6.86374,3,6861268785,2469000,1
6.86374,1,6861268785,2469000,1
6.86879,6,6866294791,2496006,0
6.87131,4,6868817797,2496006,0
6.87387,5,6871376803,2496006,0
6.8764,6,6873899809,2496006,0
6.87892,6,6876422815,2496006,0
6.88146,1,6878963821,2496006,0
6.88651,6,6884045833,2469000,1
6.88651,5,6884045833,2469000,1
6.88651,4,6884045833,2469000,1
6.88904,3,6886539833,2496006,0
6.89156,1,6889062839,2496006,0
6.89409,2,6891594845,2496006,0
6.89663,2,6894135851,2496006,0
6.89919,5,6896694857,2496006,0
6.90424,3,6901740869,2496006,0
6.90676,1,6904263875,2496006,0
6.9096,2,6907099881,2496006,0
6.91215,3,6909649887,2496006,0
6.91469,5,6912190893,2496006,0
6.91718,2,6914713899,2469000,1
6.91718,1,6914713899,2469000,1
6.91969,4,6917189899,2496006,0
6.92222,5,6919721905,2496006,0
6.92474,6,6922244911,2496006,0
6.92726,2,6924767917,2496006,0
6.92976,3,6927290923,2469000,1
6.93227,5,6929775923,2496006,0
6.93477,1,6932298929,2469000,1
6.93477,5,6932298929,2469000,1
6.93758,4,6935087935,2496006,0
6.94012,4,6937619941,2496006,0
6.94264,2,6940142947,2496006,0
6.94516,4,6942665953,2496006,0
6.94768,6,6945188959,2496006,0
6.95023,3,6947738965,2496006,0
6.95278,3,6950279971,2496006,0
6.9553,2,6952802977,2496006,0
6.95783,4,6955334983,2496006,0
6.96035,6,6957857989,2496006,0
6.96286,2,6960389995,2469000,1
6.96536,6,6962865995,2496006,0
6.9679,3,6965407001,2496006,0
6.97043,5,6967930007,2496006,0
6.97296,4,6970462013,2496006,0
6.97548,5,6972985019,2496006,0
6.97799,2,6975517025,2469000,1
6.97799,4,6975517025,2469000,1
6.98049,6,6977993025,2496006,0
6.98299,3,6980516031,2469000,1
6.98299,6,6980516031,2469000,1
6.9855,5,6983001031,2496006,0
6.98804,5,6985542037,2496006,0
6.99057,5,6988074043,2496006,0
6.9931,4,6990633049,2469000,1
6.99561,5,6993109049,2496006,0
6.99813,3,6995659055,2469000,1
6.99813,6,6995659055,2469000,1
7.0006,5,6998126055,2469000,1
7.00309,1,7000622055,2469000,1
7.00323,7,7003107055,121000,1
7.0081,4,7005601055,2496006,0
7.0086,7,7008446061,152006,0
7.01135,4,7008858067,2496006,0
7.01387,7,7011399073,2469000,1
7.01387,4,7011399073,2469000,1
7.01638,6,7013884073,2496006,0
7.0189,5,7016407079,2496006,0
7.02141,3,7018939085,2469000,1
7.02141,6,7018939085,2469000,1
7.02388,7,7021415085,2469000,1
7.02641,2,7023918085,2496006,0
7.02895,2,7026450091,2496006,0
7.03147,2,7028973097,2496006,0
7.03397,4,7031505103,2469000,1
7.03397,6,7031505103,2469000,1
7.03647,5,7033972103,2496006,0
7.03904,6,7036540109,2496006,0
7.04187,5,7039403115,2469000,1
7.04438,2,7041879115,2496006,0
7.04694,6,7044447121,2496006,0
7.04949,6,7046997127,2496006,0
7.05205,2,7049556133,2496006,0
7.05714,6,7054674145,2469000,1
7.05714,5,7054674145,2469000,1
7.05964,7,7057141145,2496006,0
7.06217,2,7059700151,2469000,1
7.06467,6,7062176151,2496006,0
7.0672,7,7064699157,2496006,0
7.06972,4,7067222163,2496006,0
7.07224,4,7069745169,2496006,0
7.07476,2,7072295175,2469000,1
7.07476,4,7072295175,2469000,1
7.07727,7,7074771175,2496006,0
7.07976,6,7077294181,2469000,1
7.08235,4,7079851181,2496006,0
7.08484,5,7082374187,2469000,1
7.08484,4,7082374187,2469000,1
7.08736,7,7084859187,2496006,0
7.08989,7,7087391193,2496006,0
7.09238,4,7089914199,2469000,1
7.09238,7,7089914199,2469000,1
7.09488,3,7092381199,2496006,0
7.09993,4,7097436211,2496006,0
7.10246,1,7099959217,2496006,0
7.10495,3,7102482223,2469000,1
7.10495,7,7102482223,2469000,1
7.10744,4,7104967223,2469000,1
7.10744,6,7104967223,2469000,1
7.10996,7,7107461223,2496006,0
7.11533,2,7112856235,2469000,1
7.11533,1,7112856235,2469000,1
7.11786,7,7115359235,2496006,0
7.12041,3,7117918241,2496006,0
7.12294,4,7120441247,2496006,0
7.12546,4,7122991253,2469000,1
7.12796,7,7125467253,2496006,0
7.13049,1,7127990259,2496006,0
7.13302,7,7130522265,2496006,0
7.13551,3,7133045271,2469000,1
7.13551,1,7133045271,2469000,1
7.14063,7,7138134277,2496006,0
7.14347,4,7140970283,2496006,0
7.146,6,7143502289,2496006,0
7.14849,3,7146025295,2469000,1
7.14849,4,7146025295,2469000,1
7.151,1,7148501295,2496006,0
7.15608,7,7153583307,2496006,0
7.15861,6,7156115313,2496006,0
7.16119,1,7158692319,2496006,0
7.16373,7,7161233325,2496006,0
7.16879,6,7166297337,2496006,0
7.17133,1,7168829343,2496006,0
7.17386,4,7171361349,2496006,0
7.17639,7,7173893355,2496006,0
7.17895,6,7176452361,2496006,0
7.18148,1,7178984367,2496006,0
7.18653,3,7184030379,2496006,0
7.18905,1,7186553385,2496006,0
7.19159,3,7189094391,2496006,0
7.19411,4,7191617397,2496006,0
7.19661,7,7194140403,2469000,1
7.19661,4,7194140403,2469000,1
7.1991,6,7196607403,2496006,0
7.20164,3,7199139409,2496006,0
7.20416,4,7201662415,2496006,0
7.20668,3,7204185421,2496006,0
7.2092,1,7206708427,2496006,0
7.21174,4,7209240433,2496006,0
7.21426,3,7211763439,2496006,0
7.21961,1,7217140451,2469000,1
7.21961,5,7217140451,2469000,1
7.22208,4,7219607451,2469000,1
7.22208,6,7219607451,2469000,1
7.22208,2,7219607451,2469000,1
7.22208,1,7219609451,2469000,1
7.22455,7,7222085451,2469000,1
7.22455,5,7222085451,2469000,1
7.22707,3,7224570451,2496006,0
7.22962,7,7227120457,2496006,0
7.23211,3,7229643463,2469000,1
7.23211,6,7229643463,2469000,1
7.23462,3,7232119463,2496006,0
7.23717,7,7234669469,2496006,0
7.23969,3,7237192475,2496006,0
7.24223,6,7239733481,2496006,0
7.24507,3,7242578487,2496006,0
7.25014,4,7247642499,2496006,0
7.25271,7,7250210505,2496006,0
7.25524,3,7252742511,2496006,0
7.25776,6,7255265517,2496006,0
7.26029,3,7257797523,2496006,0
7.26282,4,7260320529,2496006,0
7.26538,6,7262879535,2496006,0
7.26792,7,7265420541,2496006,0
7.27044,1,7267943547,2496006,0
7.27296,6,7270466553,2496006,0
7.27802,3,7275521565,2496006,0
7.28053,7,7278062571,2469000,1
7.28053,4,7278062571,2469000,1
7.28304,4,7280547571,2496006,0
7.28556,6,7283088577,2469000,1
7.28556,1,7283088577,2469000,1
7.28808,3,7285582577,2496006,0
7.29065,7,7288150583,2496006,0
7.29317,7,7290673589,2496006,0
7.29569,4,7293196595,2496006,0
7.30075,7,7298251607,2496006,0
7.30328,3,7300783613,2496006,0
7.3058,4,7303306619,2496006,0
7.30831,1,7305838625,2469000,1
7.30831,4,7305838625,2469000,1
7.31081,6,7308314625,2496006,0
7.31335,4,7310855631,2496006,0
7.31586,7,7313387637,2469000,1
7.31586,4,7313387637,2469000,1
7.31869,3,7316194643,2496006,0
7.3212,6,7318735649,2469000,1
7.32372,4,7321220649,2496006,0
7.32629,4,7323797655,2496006,0
7.32883,3,7326329661,2496006,0
7.33139,3,7328897667,2496006,0
7.33393,7,7331429673,2496006,0
7.33894,4,7336475685,2469000,1
7.33894,1,7336475685,2469000,1
7.34146,6,7338960685,2496006,0
7.34398,3,7341483691,2496006,0
7.34687,4,7344374003,2496006,0
7.34939,4,7346897009,2496006,0
7.35192,7,7349420015,2496006,0
7.35444,3,7351943021,2496006,0
7.35951,7,7357016033,2496006,0
7.36204,6,7359539039,2496006,0
7.36456,7,7362062045,2496006,0
7.36708,4,7364612051,2469000,1
7.36708,7,7364612051,2469000,1
7.36958,4,7367081051,2496006,0
7.37212,3,7369622057,2496006,0
7.37466,4,7372163063,2496006,0
7.3772,6,7374704069,2496006,0
7.3797,3,7377227075,2469000,1
7.3797,6,7377227075,2469000,1
7.38471,7,7382217081,2496006,0
7.38725,3,7384749087,2496006,0
7.38981,3,7387317093,2496006,0
7.39234,4,7389840099,2496006,0
7.39483,7,7392363105,2469000,1
7.39483,3,7392363105,2469000,1
7.39736,1,7394866105,2496006,0
7.39989,4,7397389111,2496006,0
7.40241,6,7399912117,2496006,0
7.40493,1,7402462123,2469000,1
7.40493,3,7402462123,2469000,1
7.40744,4,7404947123,2496006,0
7.40998,1,7407479129,2496006,0
7.41251,7,7410011135,2496006,0
7.41504,4,7412543141,2496006,0
7.41756,7,7415066147,2496006,0
7.42037,1,7417902153,2469000,1
7.42037,6,7417902153,2469000,1
7.42289,7,7420396153,2496006,0
7.42798,6,7425487165,2496006,0
7.43052,4,7428019171,2496006,0
7.43305,6,7430551177,2496006,0
7.43557,4,7433101183,2469000,1
7.43557,6,7433101183,2469000,1
7.43806,7,7435568183,2496006,0
7.44059,7,7438091189,2496006,0
7.44316,1,7440668195,2496006,0
7.44821,7,7445714207,2496006,0
7.45106,2,7448568213,2496006,0
7.4536,2,7451100219,2496006,0
7.45614,7,7453641225,2496006,0
7.45866,2,7456164231,2496006,0
7.46119,1,7458696237,2496006,0
7.4637,3,7461228243,2469000,1
7.4637,2,7461228243,2469000,1
7.4662,6,7463731243,2469000,1
7.4687,4,7466207243,2496006,0
7.4712,7,7468730249,2469000,1
7.4712,1,7468730249,2469000,1
7.47376,4,7471260249,2496006,0
7.47633,2,7473837255,2496006,0
7.48142,4,7478919267,2496006,0
7.48395,2,7481451273,2496006,0
7.48647,1,7483974279,2496006,0
7.48902,6,7486551285,2469000,1
7.49151,7,7489018285,2496006,0
7.49404,4,7491541291,2496006,0
7.49656,4,7494064297,2496006,0
7.49911,1,7496614303,2496006,0
7.50163,2,7499137309,2496006,0
7.50416,6,7501660315,2496006,0
7.50666,7,7504192321,2469000,1
7.50666,6,7504192321,2469000,1
7.50914,4,7506668321,2469000,1
7.51164,1,7509144321,2496006,0
7.51418,4,7511685327,2496006,0
7.51671,1,7514217333,2496006,0
7.51925,6,7516749339,2496006,0
7.52177,2,7519272345,2496006,0
7.5246,4,7522108351,2496006,0
7.52715,1,7524649357,2496006,0
7.52967,6,7527172363,2496006,0
7.53218,4,7529713369,2469000,1
7.53218,2,7529713369,2469000,1
7.53465,7,7532180369,2469000,1
7.5397,1,7537206375,2496006,0
7.54223,4,7539729381,2496006,0
7.54477,6,7542270387,2496006,0
7.5473,1,7544802393,2496006,0
7.54983,1,7547334399,2496006,0
7.55268,4,7550179405,2496006,0
7.5552,1,7552702411,2496006,0
7.55774,6,7555243417,2496006,0
7.56283,4,7560334429,2496006,0
7.56533,2,7562857435,2469000,1
7.56533,4,7562857435,2469000,1
7.56779,6,7565324435,2469000,1
7.56779,3,7565324435,2469000,1
7.57029,7,7567818435,2469000,1
7.57029,1,7567818435,2469000,1
7.57284,1,7570339435,2496006,0
7.57539,1,7572898441,2496006,0
7.58046,6,7577962453,2496006,0
7.58298,1,7580485459,2496006,0
7.5855,1,7583008465,2496006,0
7.58803,4,7585531471,2496006,0
7.59055,4,7588054477,2496006,0
7.59311,6,7590613483,2496006,0
7.59567,1,7593172489,2496006,0
7.60071,4,7598218501,2496006,0
7.60325,6,7600750507,2496006,0
7.60579,4,7603291513,2496006,0
7.6083,6,7605832519,2469000,1
7.6083,1,7605832519,2469000,1
7.6108,4,7608299519,2496006,0
7.61332,6,7610822525,2496006,0
7.61586,6,7613390531,2469000,1
7.61586,4,7613390531,2469000,1
7.62091,2,7618443537,2469000,1
7.62091,7,7618443537,2469000,1
7.62344,4,7620946537,2496006,0
7.6263,4,7623800543,2496006,0
7.62884,5,7626341549,2496006,0
7.63133,4,7628864555,2469000,1
7.63384,1,7631340555,2496006,0
7.63636,6,7633863561,2496006,0
7.63891,5,7636413567,2496006,0
7.64148,1,7638981573,2496006,0
7.64653,6,7644036585,2496006,0
7.64906,5,7646568591,2496006,0
7.65159,1,7649091597,2496006,0
7.65444,5,7651945603,2496006,0
7.65698,1,7654486609,2496006,0
7.65951,4,7657009615,2496006,0
7.66202,5,7659550621,2469000,1
7.66202,1,7659550621,2469000,1
7.66704,4,7664540627,2496006,0
7.66956,6,7667063633,2496006,0
7.67208,6,7669586639,2496006,0
7.6746,1,7672127645,2469000,1
7.6746,6,7672127645,2469000,1
7.67709,5,7674594645,2496006,0
7.67969,4,7677189651,2496006,0
7.68477,5,7682271663,2496006,0
7.68729,4,7684794669,2496006,0
7.68983,5,7687335675,2496006,0
7.69235,5,7689858681,2496006,0
7.69485,4,7692381687,2469000,1
7.69485,5,7692381687,2469000,1
7.69737,6,7694902687,2469000,1
7.69737,5,7694902687,2469000,1
7.70237,1,7699901693,2469000,1
7.70237,4,7699901693,2469000,1
7.70494,4,7702440693,2496006,0
7.7075,3,7704999699,2496006,0
7.70999,4,7707522705,2469000,1
7.70999,3,7707522705,2469000,1
7.71511,5,7712611711,2496006,0
7.7202,3,7717702723,2496006,0
7.7227,5,7720234729,2469000,1
7.7227,3,7720234729,2469000,1
7.72522,2,7722719729,2496006,0
7.7306,2,7728105741,2496006,0
7.73313,4,7730637747,2496006,0
7.73566,2,7733187753,2469000,1
7.73566,4,7733187753,2469000,1
7.73815,5,7735681753,2469000,1
7.74067,7,7738175753,2496006,0
7.7432,6,7740707759,2496006,0
7.74574,7,7743239765,2496006,0
7.74828,3,7745780771,2496006,0
7.75334,7,7750844783,2496006,0
7.75592,6,7753421789,2496006,0
7.75875,3,7756257795,2496006,0
7.76129,2,7758789801,2496006,0
7.76381,2,7761312807,2496006,0
7.76633,4,7763835813,2496006,0
7.76883,4,7766358819,2469000,1
7.77134,7,7768843819,2496006,0
7.77392,6,7771420825,2496006,0
7.77641,7,7773943831,2469000,1
7.77641,3,7773943831,2469000,1
7.77641,2,7773943831,2469000,1
7.77892,3,7776419831,2496006,0
7.78144,6,7778942837,2496006,0
7.78394,7,7781474843,2469000,1
7.78394,2,7781474843,2469000,1
7.78897,7,7786473849,2496006,0
7.79151,7,7789014855,2496006,0
7.79402,3,7791546861,2469000,1
7.79402,6,7791546861,2469000,1
7.79654,7,7794040861,2496006,0
7.79905,4,7796581867,2469000,1
7.79905,7,7796581867,2469000,1
7.80154,1,7799075867,2469000,1
7.80154,5,7799075867,2469000,1
7.80401,6,7801542867,2469000,1
7.8066,7,7804108867,2496006,0
7.80916,3,7806667873,2496006,0
7.81423,7,7811731885,2496006,0
7.81676,7,7814263891,2496006,0
7.81926,3,7816786897,2469000,1
7.81926,4,7816786897,2469000,1
7.81926,5,7816786897,2469000,1
7.82432,3,7821821903,2496006,0
7.82686,3,7824389909,2469000,1
7.82686,7,7824389909,2469000,1
7.82968,4,7827187915,2496006,0
7.8322,2,7829728921,2469000,1
7.83474,7,7832240921,2496006,0
7.83727,2,7834772927,2496006,0
7.83977,6,7837304933,2469000,1
7.83977,4,7837304933,2469000,1
7.84225,7,7839780933,2469000,1
7.84225,1,7839780933,2469000,1
7.84225,2,7839780933,2469000,1
7.84734,7,7844842939,2496006,0
7.84988,3,7847383945,2496006,0
7.85241,1,7849915951,2496006,0
7.85746,1,7854961963,2496006,0
7.86031,7,7857815969,2496006,0
7.86283,4,7860338975,2496006,0
7.8654,7,7862906981,2496006,0
7.86793,1,7865429987,2496006,0
7.87042,3,7867952993,2469000,1
7.87293,2,7870437993,2496006,0
7.87548,4,7872978999,2496006,0
7.87801,1,7875511005,2496006,0
7.88051,2,7878043011,2469000,1
7.88051,4,7878043011,2469000,1
7.88303,7,7880537011,2496006,0
7.88554,1,7883069017,2469000,1
7.88807,3,7885572017,2496006,0
7.89063,4,7888131023,2496006,0
7.89312,7,7890654029,2469000,1
7.89312,1,7890654029,2469000,1
7.89562,3,7893121029,2496006,0
7.89814,1,7895644035,2496006,0
7.90065,7,7898185041,2469000,1
7.90314,3,7900670041,2469000,1
7.90562,4,7903155041,2469000,1
7.90562,3,7903155041,2469000,1
7.9081,2,7905631041,2469000,1
7.9081,1,7905631041,2469000,1
7.91062,1,7908125041,2496006,0
7.91564,4,7913171053,2469000,1
7.91564,1,7913171053,2469000,1
7.91814,1,7915640053,2496006,0
7.92069,7,7918190059,2496006,0
7.92326,7,7920767065,2496006,0
7.9258,1,7923299071,2496006,0
7.93086,6,7928363083,2496006,0
7.9337,1,7931208089,2496006,0
7.93623,7,7933731095,2496006,0
7.93878,6,7936281101,2496006,0
7.94132,7,7938822107,2496006,0
7.94383,1,7941363113,2469000,1
7.94633,6,7943830113,2496006,0
7.94884,7,7946371119,2469000,1
7.94884,6,7946371119,2469000,1
7.9514,4,7948901119,2496006,0
7.95393,4,7951433125,2496006,0
7.95645,3,7953956131,2496006,0
7.96181,5,7959315143,2496006,0
7.96433,1,7961838149,2496006,0
7.96686,1,7964361155,2496006,0
7.96941,4,7966911161,2496006,0
7.97193,2,7969434167,2496006,0
7.97444,7,7971966173,2469000,1
7.97444,4,7971966173,2469000,1
7.97693,1,7974460173,2469000,1
7.97693,3,7974460173,2469000,1
7.97942,5,7976927173,2496006,0
7.98192,6,7979450179,2469000,1
7.98441,2,7981917179,2496006,0
7.98692,1,7984449185,2469000,1
7.98692,6,7984449185,2469000,1
7.98941,2,7986916185,2496006,0
7.99196,5,7989466191,2496006,0
7.9945,2,7992007197,2496006,0
7.99703,3,7994530203,2496006,0
7.99957,4,7997071209,2496006,0
8.00213,5,7999630215,2496006,0
8.00462,2,8002153221,2469000,1
8.00712,5,8004620221,2496006,0
8.00968,3,8007188227,2496006,0
8.00983,8,8009711233,121000,1
8.01218,5,8009711233,2469000,1
8.01218,7,8009711233,2469000,1
8.01466,4,8012187233,2469000,1
8.01466,1,8012187233,2469000,1
8.01717,3,8014699233,2469000,1
8.01717,5,8014699233,2469000,1
8.01967,2,8017175233,2496006,0
8.02242,8,8022266245,152006,0
8.02513,2,8022633251,2496006,0
8.02769,4,8025192257,2496006,0
8.03024,8,8027742263,2496006,0
8.03561,2,8033110275,2496006,0
8.03814,4,8035642281,2496006,0
8.04063,8,8038165287,2469000,1
8.04063,6,8038165287,2469000,1
8.0431,5,8040632287,2469000,1
8.0431,2,8040632287,2469000,1
8.04558,1,8043108287,2469000,1
8.04558,3,8043108287,2469000,1
8.04811,8,8045611287,2496006,0
8.05063,8,8048134293,2496006,0
8.05569,8,8053198305,2496006,0
8.05823,4,8055730311,2496006,0
8.06075,8,8058253317,2496006,0
8.0633,8,8060803323,2496006,0
8.06615,8,8063657329,2496006,0
8.06869,7,8066189335,2496006,0
8.07119,4,8068721341,2469000,1
8.07119,7,8068721341,2469000,1
8.0737,8,8071206341,2496006,0
8.0762,2,8073729347,2469000,1
8.07867,4,8076196347,2469000,1
8.07867,7,8076196347,2469000,1
8.08119,8,8078690347,2496006,0
8.08372,8,8081222353,2496006,0
8.08624,4,8083745359,2496006,0
8.08877,4,8086277365,2496006,0
8.09135,8,8088854371,2496006,0
8.09643,4,8093936383,2496006,0
8.09896,4,8096459389,2496006,0
8.10148,3,8098982395,2496006,0
8.10401,8,8101514401,2496006,0
8.10656,3,8104064407,2496006,0
8.10912,4,8106623413,2496006,0
8.11417,8,8111705425,2469000,1
8.11417,2,8111705425,2469000,1
8.11667,3,8114172425,2496006,0
8.11925,4,8116749431,2496006,0
8.1218,4,8119308437,2496006,0
8.1243,3,8121831443,2469000,1
8.1243,5,8121831443,2469000,1
8.12677,8,8124298443,2469000,1
8.12929,7,8126819443,2469000,1
8.12929,2,8126819443,2469000,1
8.12929,3,8126819443,2469000,1
8.13183,4,8129331443,2496006,0
8.13434,2,8131872449,2469000,1
8.13715,8,8134652455,2496006,0
8.13969,4,8137193461,2496006,0
8.14221,4,8139716467,2496006,0
8.14475,4,8142257473,2496006,0
8.14728,8,8144780479,2496006,0
8.15235,4,8149853491,2496006,0
8.15492,4,8152448497,2469000,1
8.15492,8,8152448497,2469000,1
8.15743,3,8154933497,2496006,0
8.16252,3,8160024509,2496006,0
8.16792,3,8165455521,2469000,1
8.16792,4,8165455521,2469000,1
8.173,8,8170508527,2496006,0
8.17815,3,8175653539,2496006,0
8.18067,8,8178176545,2496006,0
8.1832,8,8180699551,2496006,0
8.18828,8,8185781563,2496006,0
8.1908,3,8188304569,2496006,0
8.19335,8,8190854575,2496006,0
8.19589,3,8193422581,2469000,1
8.19839,8,8195898581,2496006,0
8.20094,3,8198439587,2496006,0
8.20604,3,8203566599,2469000,1
8.20604,8,8203566599,2469000,1
8.20853,7,8206033599,2496006,0
8.21106,3,8208565605,2496006,0
8.21358,4,8211088611,2496006,0
8.21612,1,8213620617,2496006,0
8.21861,6,8216143623,2469000,1
8.21861,3,8216143623,2469000,1
8.21861,1,8216143623,2469000,1
8.22361,4,8221142629,2469000,1
8.22361,8,8221142629,2469000,1
8.22612,3,8223627629,2496006,0
8.22866,7,8226168635,2496006,0
8.23121,7,8228718641,2496006,0
8.23374,7,8231241647,2496006,0
8.23884,3,8236341659,2496006,0
8.24167,3,8239177665,2496006,0
8.2442,1,8241700671,2496006,0
8.24671,2,8244241677,2469000,1
8.24671,1,8244241677,2469000,1
8.24918,7,8246708677,2469000,1
8.24918,1,8246710677,2469000,1
8.25165,4,8249177677,2469000,1
8.25165,8,8249177677,2469000,1
8.25418,3,8251680677,2496006,0
8.25667,5,8254203683,2469000,1
8.25667,7,8254203683,2469000,1
8.26175,3,8259256689,2496006,0
8.26436,3,8261860695,2496006,0
8.26688,3,8264383701,2496006,0
8.27226,3,8269787713,2469000,1
8.27226,4,8269787713,2469000,1
8.27475,8,8272254713,2496006,0
8.2773,8,8274804719,2496006,0
8.27983,8,8277336725,2496006,0
8.28233,8,8279859731,2469000,1
8.28486,6,8282362731,2496006,0
8.28738,7,8284885737,2496006,0
8.28995,7,8287453743,2496006,0
8.29499,6,8292517755,2469000,1
8.29499,1,8292517755,2469000,1
8.29749,3,8295020755,2469000,1
8.29749,6,8295020755,2469000,1
8.3,7,8297505755,2496006,0
8.30253,8,8300037761,2496006,0
8.30759,7,8305092773,2496006,0
8.31014,8,8307642779,2496006,0
8.31271,7,8310210785,2496006,0
8.31525,7,8312751791,2496006,0
8.32033,8,8317833803,2496006,0
8.32288,7,8320383809,2496006,0
8.32541,7,8322915815,2496006,0
8.33048,1,8327988827,2496006,0
8.33301,7,8330511833,2496006,0
8.33553,8,8333034839,2496006,0
8.33807,7,8335575845,2496006,0
8.34063,1,8338134851,2496006,0
8.34345,6,8340979857,2469000,1
8.34594,1,8343446857,2496006,0
8.34844,3,8345969863,2469000,1
8.34844,1,8345969863,2469000,1
8.35094,7,8348445863,2496006,0
8.35344,4,8350968869,2469000,1
8.35344,8,8350968869,2469000,1
8.35593,1,8353435869,2496006,0
8.35844,7,8355967875,2469000,1
8.35844,1,8355967875,2469000,1
8.36097,3,8358497875,2469000,1
8.3635,7,8361000875,2496006,0
8.36602,6,8363523881,2496006,0
8.36855,7,8366082887,2469000,1
8.36855,8,8366082887,2469000,1
8.37139,7,8368916893,2469000,1
8.37387,6,8371401893,2469000,1
8.37637,1,8373877893,2496006,0
8.38147,1,8378977905,2496006,0
8.384,1,8381500911,2496006,0
8.38911,5,8386618923,2496006,0
8.39164,8,8389141929,2496006,0
8.39414,1,8391673935,2469000,1
8.39414,5,8391673935,2469000,1
8.39666,6,8394167935,2496006,0
8.39919,8,8396690941,2496006,0
8.40426,8,8401763953,2496006,0
8.40683,6,8404331959,2496006,0
8.40938,6,8406881965,2496006,0
8.4119,8,8409431971,2469000,1
8.41438,7,8411907971,2469000,1
8.41438,5,8411907971,2469000,1
8.41687,6,8414401971,2469000,1
8.41687,1,8414401971,2469000,1
8.42198,8,8419481977,2496006,0
8.42451,6,8422013983,2496006,0
8.42704,5,8424545989,2496006,0
8.42957,6,8427068995,2496006,0
8.43209,5,8429592001,2496006,0
8.43458,8,8432115007,2469000,1
8.4371,6,8434600007,2496006,0
8.43966,5,8437159013,2496006,0
8.44218,6,8439682019,2496006,0
8.44763,8,8445131031,2496006,0
8.45015,5,8447654037,2496006,0
8.45266,1,8450186043,2469000,1
8.45266,5,8450186043,2469000,1
8.45515,6,8452653043,2496006,0
8.45767,3,8455176049,2496006,0
8.4602,6,8457708055,2496006,0
8.46529,8,8462790067,2496006,0
8.46781,8,8465313073,2496006,0
8.47034,3,8467845079,2496006,0
8.47286,7,8470368085,2496006,0
8.47571,5,8473213091,2496006,0
8.47823,6,8475736097,2496006,0
8.48077,8,8478277103,2496006,0
8.48584,3,8483341115,2496006,0
8.48836,5,8485864121,2496006,0
8.49088,7,8488387127,2496006,0
8.49343,8,8490937133,2496006,0
8.49594,6,8493469139,2469000,1
8.49594,8,8493469139,2469000,1
8.49846,5,8495963139,2496006,0
8.50098,7,8498486145,2496006,0
8.50351,8,8501009151,2496006,0
8.50604,3,8503541157,2496006,0
8.51112,8,8508623169,2496006,0
8.51365,5,8511155175,2496006,0
8.51617,6,8513678181,2496006,0
8.51869,8,8516219187,2469000,1
8.51869,7,8516219187,2469000,1
8.52118,3,8518686187,2496006,0
8.52371,3,8521218193,2496006,0
8.52624,5,8523741199,2496006,0
8.52876,3,8526264205,2496006,0
8.53129,8,8528796211,2496006,0
8.53379,6,8531319217,2469000,1
8.53379,5,8531319217,2469000,1
8.53884,5,8536345223,2496006,0
8.54138,7,8538886229,2496006,0
8.54391,8,8541409235,2496006,0
8.54674,3,8544245241,2496006,0
8.54926,1,8546786247,2469000,1
8.54926,3,8546786247,2469000,1
8.55175,6,8549253247,2496006,0
8.55428,7,8551785253,2496006,0
8.5568,8,8554308259,2496006,0
8.55934,5,8556840265,2496006,0
8.56185,7,8559381271,2469000,1
8.56185,6,8559381271,2469000,1
8.56436,8,8561866271,2496006,0
8.56946,5,8566966283,2496006,0
8.57199,8,8569489289,2496006,0
8.57448,3,8572012295,2469000,1
8.57448,6,8572012295,2469000,1
8.57729,8,8574792301,2496006,0
8.57983,8,8577333307,2496006,0
8.58237,8,8579874313,2496006,0
8.58489,5,8582397319,2496006,0
8.58742,8,8584920325,2496006,0
8.58994,8,8587443331,2496006,0
8.59248,7,8589984337,2496006,0
8.59502,5,8592525343,2496006,0
8.60007,7,8597571355,2496006,0
8.60261,8,8600112361,2496006,0
8.60514,4,8602644367,2496006,0
8.60771,7,8605212373,2496006,0
8.61024,5,8607744379,2496006,0
8.61278,8,8610285385,2496006,0
8.61532,4,8612826391,2496006,0
8.61785,7,8615358397,2496006,0
8.62038,8,8617881403,2496006,0
8.62544,4,8622945415,2496006,0
8.62798,5,8625486421,2496006,0
8.63051,4,8628009427,2496006,0
8.63305,7,8630550433,2496006,0
8.63557,4,8633073439,2496006,0
8.63809,3,8635596445,2496006,0
8.64062,8,8638119451,2496006,0
8.64314,3,8640642457,2496006,0
8.64567,6,8643174463,2496006,0
8.64819,6,8645697469,2496006,0
8.651,8,8648533475,2469000,1
8.651,7,8648533475,2469000,1
8.6535,4,8651000475,2496006,0
8.65601,5,8653541481,2469000,1
8.65601,8,8653541481,2469000,1
8.65848,7,8656008481,2469000,1
8.661,3,8658502481,2496006,0
8.6635,6,8661034487,2469000,1
8.6635,4,8661034487,2469000,1
8.6635,3,8661034487,2469000,1
8.66607,3,8663573487,2496006,0
8.6686,6,8666105493,2496006,0
8.67112,5,8668628499,2496006,0
8.67362,4,8671151505,2469000,1
8.67362,6,8671151505,2469000,1
8.67615,5,8673654505,2496006,0
8.679,3,8676508511,2496006,0
8.68406,5,8681563523,2496006,0
8.68656,3,8684095529,2469000,1
8.68656,4,8684095529,2469000,1
8.68909,5,8686589529,2496006,0
8.69164,5,8689148535,2496006,0
8.69419,3,8691689541,2496006,0
8.69671,5,8694239547,2469000,1
8.69671,6,8694239547,2469000,1
8.69671,3,8694239547,2469000,1
8.70173,8,8699229553,2496006,0
8.70425,6,8701752559,2496006,0
8.7068,8,8704302565,2496006,0
8.70932,6,8706825571,2496006,0
8.71184,6,8709348577,2496006,0
8.7144,7,8711907583,2496006,0
8.71694,5,8714439589,2496006,0
8.71945,3,8716980595,2469000,1
8.72195,7,8719456595,2496006,0
8.72448,6,8721979601,2496006,0
8.727,8,8724502607,2496006,0
8.72955,8,8727052613,2496006,0
8.73206,6,8729593619,2469000,1
8.73206,5,8729593619,2469000,1
8.73457,7,8732069619,2496006,0
8.73709,7,8734592625,2496006,0
8.73961,5,8737115631,2496006,0
8.74215,5,8739656637,2496006,0
8.74465,8,8742179643,2469000,1
8.74712,7,8744646643,2469000,1
8.74712,5,8744646643,2469000,1
8.74975,8,8747257643,2496006,0
8.75257,6,8750102649,2469000,1
8.75257,7,8750102649,2469000,1
8.75762,3,8755146655,2469000,1
8.75762,8,8755146655,2469000,1
8.76011,5,8757613655,2496006,0
8.76528,5,8762785667,2496006,0
8.7678,5,8765308673,2496006,0
8.7703,1,8767831679,2469000,1
8.77279,8,8770298679,2496006,0
8.77536,8,8772866685,2496006,0
8.7779,5,8775407691,2496006,0
8.78074,4,8778243697,2496006,0
8.78324,5,8780766703,2469000,1
8.78575,6,8783251703,2496006,0
8.78831,6,8785810709,2496006,0
8.79083,8,8788333715,2496006,0
8.79336,8,8790865721,2496006,0
8.79589,4,8793397727,2496006,0
8.79842,7,8795920733,2496006,0
8.80091,6,8798443739,2469000,1
8.80342,8,8800919739,2496006,0
8.80852,8,8806028751,2496006,0
8.81105,7,8808551757,2496006,0
8.81358,4,8811083763,2496006,0
8.81608,6,8813606769,2469000,1
8.81608,8,8813606769,2469000,1
8.81857,5,8816073769,2496006,0
8.82369,7,8821191781,2496006,0
8.82623,5,8823732787,2496006,0
8.82875,4,8826255793,2496006,0
8.83126,7,8828787799,2469000,1
8.83126,4,8828787799,2469000,1
8.83375,7,8831256799,2496006,0
8.83629,6,8833797805,2496006,0
8.83881,7,8836338811,2469000,1
8.8413,8,8838805811,2496006,0
8.84382,6,8841328817,2496006,0
8.84632,5,8843851823,2469000,1
8.84632,8,8843851823,2469000,1
8.84882,8,8846320823,2496006,0
8.85131,3,8848843829,2469000,1
8.85131,8,8848843829,2469000,1
8.85412,5,8851623835,2496006,0
8.85665,6,8854155841,2496006,0
8.85924,7,8856741847,2496006,0
8.86176,6,8859264853,2496006,0
8.86426,4,8861787859,2469000,1
8.86676,5,8864263859,2496006,0
8.86929,7,8866795865,2496006,0
8.87181,4,8869336871,2469000,1
8.87181,7,8869336871,2469000,1
8.87427,6,8871803871,2469000,1
8.87427,7,8871805871,2469000,1
8.87677,4,8874272871,2496006,0
8.87929,8,8876795877,2496006,0
8.88181,5,8879318883,2496006,0
8.88466,5,8882163889,2496006,0
8.88723,4,8884731895,2496006,0
8.88975,5,8887254901,2496006,0
8.89481,7,8892309913,2496006,0
8.89735,8,8894850919,2496006,0
8.89985,7,8897382925,2469000,1
8.89985,4,8897382925,2469000,1
8.90235,6,8899858925,2496006,0
8.9049,5,8902408931,2496006,0
8.90746,8,8904967937,2496006,0
8.91,6,8907499943,2496006,0
8.91255,8,8910049949,2496006,0
8.91759,5,8915095961,2496006,0
8.92012,4,8917627967,2496006,0
8.92266,4,8920159973,2496006,0
8.92519,8,8922691979,2496006,0
8.92771,5,8925214985,2496006,0
8.93024,7,8927746991,2496006,0
8.93274,4,8930269997,2469000,1
8.93274,6,8930269997,2469000,1
8.93525,7,8932754997,2496006,0
8.9378,7,8935305003,2496006,0
8.94033,6,8937837009,2496006,0
8.94283,8,8940360015,2469000,1
8.94532,7,8942827015,2496006,0
8.94786,5,8945359021,2496006,0
8.95039,7,8947891027,2496006,0
8.95293,5,8950432033,2496006,0
8.95546,6,8952964039,2496006,0
8.9583,5,8955800045,2496006,0
8.96081,7,8958341051,2469000,1
8.96081,4,8958341051,2469000,1
8.96081,8,8958341051,2469000,1
8.96331,6,8960817051,2496006,0
8.96583,3,8963358057,2469000,1
8.96583,6,8963358057,2469000,1
8.9709,5,8968402063,2496006,0
8.97342,6,8970925069,2496006,0
8.97597,5,8973475075,2496006,0
8.97851,5,8976016081,2496006,0
8.98104,7,8978539087,2496006,0
8.98356,6,8981062093,2496006,0
8.98642,7,8983925099,2496006,0
8.98897,8,8986475105,2496006,0
8.99147,7,8988998111,2469000,1
8.99147,6,8988998111,2469000,1
8.99396,5,8991465111,2496006,0
8.99651,7,8994015117,2496006,0
8.99903,5,8996538123,2496006,0
9.00157,7,8999070129,2496006,0
9.00413,8,9001638135,2496006,0
9.00667,7,9004170141,2496006,0
9.00919,7,9006693147,2496006,0
9.01171,8,9009243153,2469000,1
9.01171,5,9009243153,2469000,1
9.01188,9,9011728153,152006,0
9.01191,9,9011907159,0,0
9.01438,6,9011907159,2469000,1
9.01687,4,9014374159,2496006,0
9.01929,9,9016897165,2390472,0
9.02185,7,9019350637,2496006,0
9.02437,7,9021873643,2496006,0
9.02709,8,9024620649,2469000,1
9.02956,5,9027087649,2469000,1
9.02956,4,9027087649,2469000,1
9.03206,9,9029563649,2496006,0
9.03456,4,9032095655,2469000,1
9.03958,7,9037087661,2496006,0
9.04211,7,9039610667,2496006,0
9.04466,9,9042160673,2496006,0
9.04718,7,9044683679,2496006,0
9.04974,9,9047242685,2496006,0
9.05486,8,9052360697,2496006,0
9.05738,7,9054883703,2496006,0
9.06022,9,9057728709,2496006,0
9.06277,8,9060269715,2496006,0
9.0653,4,9062801721,2496006,0
9.06784,7,9065342727,2496006,0
9.07287,4,9070397739,2469000,1
9.07287,9,9070397739,2469000,1
9.07287,7,9070397739,2469000,1
9.07537,5,9072873739,2496006,0
9.07791,8,9075414745,2496006,0
9.08043,6,9077937751,2496006,0
9.08296,9,9080460757,2496006,0
9.08545,4,9082983763,2469000,1
9.08545,8,9082983763,2469000,1
9.08827,5,9085772769,2496006,0
9.09082,4,9088322775,2496006,0
9.09333,5,9090863781,2469000,1
9.09333,8,9090863781,2469000,1
9.09583,7,9093330781,2496006,0
9.09832,6,9095853787,2469000,1
9.09832,9,9095853787,2469000,1
9.10083,4,9098329787,2496006,0
9.10335,4,9100852793,2496006,0
9.10591,4,9103411799,2496006,0
9.10847,7,9105970805,2496006,0
9.11101,6,9108538811,2469000,1
9.11352,4,9111023811,2496006,0
9.11606,5,9113591817,2469000,1
9.11606,7,9113591817,2469000,1
9.11856,4,9116067817,2496006,0
9.1211,9,9118599823,2496006,0
9.12363,9,9121158829,2469000,1
9.12614,4,9123643829,2496006,0
9.13121,4,9128716841,2496006,0
9.13375,4,9131257847,2496006,0
9.13629,6,9133789853,2496006,0
9.13882,4,9136321859,2496006,0
9.14136,7,9138862865,2496006,0
9.14388,8,9141385871,2496006,0
9.1464,8,9143908877,2496006,0
9.1489,8,9146431883,2469000,1
9.15139,7,9148898883,2496006,0
9.15392,7,9151421889,2496006,0
9.15644,6,9153944895,2496006,0
9.15898,4,9156485901,2496006,0
9.16182,6,9159321907,2496006,0
9.16431,5,9161844913,2469000,1
9.16431,9,9161844913,2469000,1
9.16681,6,9164338913,2469000,1
9.16681,4,9164338913,2469000,1
9.16681,8,9164338913,2469000,1
9.16934,7,9166841913,2496006,0
9.17186,9,9169364919,2496006,0
9.17695,6,9174455931,2496006,0
9.17947,7,9176978937,2496006,0
9.182,4,9179501943,2496006,0
9.18451,9,9182042949,2469000,1
9.18451,7,9182042949,2469000,1
9.18451,4,9182042949,2469000,1
9.18703,6,9184536949,2496006,0
9.18956,9,9187068955,2496006,0
9.19242,4,9189922961,2496006,0
9.19494,1,9192445967,2496006,0
9.19998,7,9197509979,2469000,1
9.19998,1,9197509979,2469000,1
9.20247,6,9199976979,2496006,0
9.205,8,9202499985,2496006,0
9.20749,4,9205022991,2469000,1
9.20749,9,9205022991,2469000,1
9.20996,8,9207489991,2469000,1
9.20996,4,9207491991,2469000,1
9.21246,6,9209967991,2496006,0
9.21499,7,9212490997,2496006,0
9.21756,6,9215059003,2496006,0
9.22009,7,9217591009,2496006,0
9.22261,6,9220114015,2496006,0
9.22511,2,9222637021,2469000,1
9.22511,6,9222637021,2469000,1
9.23018,9,9227681027,2496006,0
9.23268,1,9230213033,2469000,1
9.23268,6,9230213033,2469000,1
9.2352,7,9232707033,2496006,0
9.23774,8,9235239039,2496006,0
9.24026,7,9237789045,2469000,1
9.24026,9,9237789045,2469000,1
9.24276,5,9240265045,2496006,0
9.24528,5,9242788051,2496006,0
9.24781,5,9245311057,2496006,0
9.25033,5,9247834063,2496006,0
9.25283,4,9250357069,2469000,1
9.25283,7,9250357069,2469000,1
9.25534,8,9252842069,2496006,0
9.25786,9,9255365075,2496006,0
9.26038,8,9257888081,2496006,0
9.26291,5,9260411087,2496006,0
9.26578,5,9263283093,2496006,0
9.26831,9,9265815099,2496006,0
9.27085,1,9268356105,2496006,0
9.27336,5,9270888111,2469000,1
9.27336,8,9270888111,2469000,1
9.27842,4,9275923117,2496006,0
9.28094,4,9278446123,2496006,0
9.28348,9,9280987129,2496006,0
9.28602,1,9283528135,2496006,0
9.28856,4,9286087141,2469000,1
9.28856,5,9286087141,2469000,1
9.29106,8,9288563141,2496006,0
9.2939,1,9291408147,2496006,0
9.29643,9,9293931153,2496006,0
9.29892,6,9296454159,2469000,1
9.30143,7,9298930159,2496006,0
9.30393,9,9301462165,2469000,1
9.30393,1,9301462165,2469000,1
9.30643,4,9303938165,2496006,0
9.30896,8,9306461171,2496006,0
9.31148,8,9308984177,2496006,0
9.31403,4,9311534183,2496006,0
9.31656,8,9314066189,2496006,0
9.31911,7,9316616195,2496006,0
9.32163,3,9319157201,2469000,1
9.32163,1,9319157201,2469000,1
9.32409,4,9321624201,2469000,1
9.32409,9,9321624201,2469000,1
9.32659,7,9324091201,2496006,0
9.32915,8,9326650207,2496006,0
9.33166,4,9329191213,2469000,1
9.33166,8,9329191213,2469000,1
9.33419,7,9331694213,2496006,0
9.33675,8,9334253219,2496006,0
9.34182,9,9339326231,2496006,0
9.34435,7,9341849237,2496006,0
9.34688,9,9344381243,2496006,0
9.34942,7,9346922249,2496006,0
9.35196,7,9349463255,2496006,0
9.35448,8,9351986261,2496006,0
9.35701,5,9354518267,2496006,0
9.35952,7,9357050273,2469000,1
9.36201,8,9359517273,2496006,0
9.36454,9,9362040279,2496006,0
9.36738,5,9364885285,2496006,0
9.3699,9,9367408291,2496006,0
9.37243,1,9369931297,2496006,0
9.37495,1,9372454303,2496006,0
9.37749,9,9374995309,2496006,0
9.38005,8,9377554315,2496006,0
9.38258,7,9380086321,2496006,0
9.38764,5,9385141333,2496006,0
9.39017,7,9387673339,2496006,0
9.39267,1,9390196345,2469000,1
9.39267,7,9390196345,2469000,1
9.39549,9,9392994351,2496006,0
9.39801,1,9395517357,2496006,0
9.40054,9,9398040363,2496006,0
9.40306,5,9400563369,2496006,0
9.40559,8,9403095375,2496006,0
9.40811,7,9405618381,2496006,0
9.41064,4,9408141387,2496006,0
9.41315,6,9410682393,2469000,1
9.41315,7,9410682393,2469000,1
9.41564,4,9413167393,2469000,1
9.41564,7,9413167393,2469000,1
9.4181,9,9415634393,2469000,1
9.4181,1,9415634393,2469000,1
9.42315,5,9420651399,2496006,0
9.42567,8,9423174405,2496006,0
9.42824,1,9425742411,2496006,0
9.43076,7,9428265417,2496006,0
9.43329,4,9430797423,2496006,0
9.43585,4,9433356429,2496006,0
9.43835,8,9435879435,2469000,1
9.43835,5,9435879435,2469000,1
9.44085,1,9438355435,2496006,0
9.44337,4,9440878441,2496006,0
9.4459,9,9443428447,2469000,1
9.4459,7,9443428447,2469000,1
9.45092,1,9448427453,2496006,0
9.45343,4,9450959459,2469000,1
9.45343,5,9450959459,2469000,1
9.45343,7,9450959459,2469000,1
9.45592,8,9453426459,2496006,0
9.45845,8,9455949465,2496006,0
9.46094,1,9458472471,2469000,1
9.46094,9,9458472471,2469000,1
9.46348,5,9460984471,2496006,0
9.46605,9,9463552477,2496006,0
9.46887,5,9466397483,2469000,1
9.46887,8,9466397483,2469000,1
9.47387,9,9471405489,2469000,1
9.47387,7,9471405489,2469000,1
9.47638,8,9473881489,2496006,0
9.47893,4,9476458495,2469000,1
9.47893,5,9476458495,2469000,1
9.48142,1,9478925495,2496006,0
9.48396,9,9481466501,2496006,0
9.48652,8,9484025507,2496006,0
9.49158,1,9489080519,2496006,0
9.49415,1,9491657525,2496006,0
9.49665,8,9494180531,2469000,1
9.49665,9,9494180531,2469000,1
9.49947,1,9496969537,2496006,0
9.50199,4,9499492543,2496006,0
9.50449,9,9502024549,2469000,1
9.50449,4,9502024549,2469000,1
9.50951,5,9507041555,2469000,1
9.50951,8,9507041555,2469000,1
9.51198,1,9509508555,2469000,1
9.51198,7,9509508555,2469000,1
9.51451,9,9512011555,2496006,0
9.51703,4,9514534561,2496006,0
9.51955,1,9517057567,2496006,0
9.52209,9,9519589573,2496006,0
9.52462,4,9522121579,2496006,0
9.52714,4,9524644585,2496006,0
9.52967,9,9527176591,2496006,0
9.53218,1,9529708597,2469000,1
9.53467,4,9532175597,2496006,0
9.53722,1,9534725603,2496006,0
9.53977,9,9537275609,2496006,0
9.54229,4,9539798615,2496006,0
9.54484,1,9542339621,2496006,0
9.54739,9,9544898627,2496006,0
9.54992,9,9547421633,2496006,0
9.55244,1,9549944639,2496006,0
9.5575,9,9554999651,2496006,0
9.55999,4,9557522657,2469000,1
9.55999,1,9557522657,2469000,1
9.5625,4,9560007657,2496006,0
9.56504,9,9562539663,2496006,0
9.56756,5,9565062669,2496006,0
9.57008,1,9567585675,2496006,0
9.57289,5,9570421681,2469000,1
9.57289,1,9570421681,2469000,1
9.57538,8,9572888681,2496006,0
9.57794,4,9575447687,2496006,0
9.58049,4,9577997693,2496006,0
9.58554,5,9583043705,2496006,0
9.58804,9,9585566711,2469000,1
9.58804,4,9585566711,2469000,1
9.59051,8,9588042711,2469000,1
9.59051,1,9588042711,2469000,1
9.59308,8,9590581711,2496006,0
9.59557,5,9593104717,2469000,1
9.59557,1,9593104717,2469000,1
9.59809,9,9595598717,2496006,0
9.60093,5,9598434723,2496006,0
9.60345,8,9600957729,2496006,0
9.60598,1,9603480735,2496006,0
9.60849,5,9606021741,2469000,1
9.61096,9,9608488741,2469000,1
9.61096,4,9608488741,2469000,1
9.61347,8,9610973741,2496006,0
9.61605,1,9613550747,2496006,0
9.61858,9,9616082753,2496006,0
9.62114,8,9618641759,2496006,0
9.62367,8,9621173765,2496006,0
9.62872,1,9626228777,2496006,0
9.63127,5,9628778783,2496006,0
9.6338,9,9631301789,2496006,0
9.63634,5,9633842795,2496006,0
9.63888,8,9636383801,2496006,0
9.64144,1,9638942807,2496006,0
9.6465,9,9644006819,2496006,0
9.64903,1,9646538825,2496006,0
9.65157,5,9649070831,2496006,0
9.6541,8,9651602837,2496006,0
9.65662,1,9654125843,2496006,0
9.65914,9,9656648849,2496006,0
9.66167,8,9659198855,2469000,1
9.66167,5,9659198855,2469000,1
9.66415,8,9661683855,2469000,1
9.66665,9,9664150855,2496006,0
9.66917,4,9666673861,2496006,0
9.6717,9,9669205867,2496006,0
9.67454,8,9672041873,2496006,0
9.67703,1,9674564879,2469000,1
9.67703,8,9674564879,2469000,1
9.67953,1,9677033879,2496006,0
9.68205,9,9679556885,2496006,0
9.68458,6,9682079891,2496006,0
9.68708,4,9684611897,2469000,1
9.68708,9,9684611897,2469000,1
9.68963,6,9687132897,2496006,0
9.69212,6,9689655903,2469000,1
9.69459,8,9692122903,2469000,1
9.69459,1,9692122903,2469000,1
9.69709,7,9694589903,2496006,0
9.69961,4,9697112909,2496006,0
9.70248,7,9699984915,2496006,0
9.705,5,9702507921,2496006,0
9.70755,4,9705057927,2496006,0
9.71009,7,9707589933,2496006,0
9.71261,5,9710139939,2469000,1
9.71261,1,9710139939,2469000,1
9.71511,9,9712615939,2496006,0
9.71763,7,9715138945,2496006,0
9.72014,4,9717670951,2469000,1
9.72263,6,9720137951,2496006,0
9.72517,6,9722669957,2496006,0
9.73023,6,9727760969,2469000,1
9.73023,7,9727760969,2469000,1
9.73274,9,9730245969,2496006,0
9.73526,4,9732768975,2496006,0
9.73779,5,9735291981,2496006,0
9.74033,9,9737832987,2496006,0
9.74285,9,9740355993,2496006,0
9.74539,9,9742896999,2496006,0
9.74792,8,9745420005,2496006,0
9.75045,4,9747952011,2496006,0
9.75297,5,9750475017,2496006,0
9.75548,9,9753007023,2469000,1
9.75548,5,9753007023,2469000,1
9.76051,1,9758015029,2496006,0
9.76306,6,9760565035,2496006,0
9.76559,4,9763097041,2496006,0
9.76812,8,9765620047,2496006,0
9.77064,7,9768143053,2496006,0
9.77316,4,9770666059,2496006,0
9.77601,7,9773511065,2496006,0
9.77856,6,9776061071,2496006,0
9.78108,1,9778584077,2496006,0
9.78358,4,9781107083,2469000,1
9.78358,1,9781107083,2469000,1
9.78604,9,9783574083,2469000,1
9.78604,5,9783574083,2469000,1
9.78852,6,9786050083,2469000,1
9.78852,7,9786050083,2469000,1
9.79099,8,9788517083,2469000,1
9.79099,1,9788517083,2469000,1
9.79601,4,9793516089,2496006,0
9.79856,4,9796066095,2496006,0
9.80109,4,9798589101,2496006,0
9.80365,9,9801157107,2496006,0
9.80649,8,9803993113,2496006,0
9.80908,4,9806579119,2496006,0
9.81163,8,9809129125,2496006,0
9.81416,6,9811661131,2496006,0
9.81665,9,9814184137,2469000,1
9.81915,7,9816651137,2496006,0
9.82171,8,9819210143,2496006,0
9.82423,7,9821733149,2496006,0
9.82673,4,9824265155,2469000,1
9.82673,8,9824265155,2469000,1
9.82921,9,9826741155,2469000,1
9.82921,7,9826741155,2469000,1
9.83171,5,9829217155,2496006,0
9.83424,1,9831740161,2496006,0
9.83676,6,9834263167,2496006,0
9.83928,5,9836786173,2496006,0
9.84181,4,9839309179,2496006,0
9.84689,5,9844418191,2469000,1
9.84689,6,9844418191,2469000,1
9.84689,1,9844418191,2469000,1
9.84939,5,9846894191,2496006,0
9.85192,8,9849426197,2496006,0
9.85445,8,9851949203,2496006,0
9.85694,4,9854472209,2469000,1
9.85694,5,9854472209,2469000,1
9.85947,8,9856975209,2496006,0
9.862,7,9859507215,2496006,0
9.86453,6,9862030221,2496006,0
9.86706,6,9864562227,2496006,0
9.87212,4,9869626239,2496006,0
9.87465,8,9872149245,2496006,0
9.87715,7,9874681251,2469000,1
9.87715,9,9874681251,2469000,1
9.87715,1,9874681251,2469000,1
9.87996,5,9877461257,2496006,0
9.88249,8,9879993263,2496006,0
9.88504,4,9882543269,2496006,0
9.88757,6,9885075275,2496006,0
9.89011,2,9887616281,2496006,0
9.89262,8,9890148287,2469000,1
9.89262,5,9890148287,2469000,1
9.89508,4,9892615287,2469000,1
9.89508,2,9892615287,2469000,1
9.89759,2,9895091287,2496006,0
9.90008,6,9897614293,2469000,1
9.9026,8,9900099293,2496006,0
9.90512,2,9902622299,2496006,0
9.90795,2,9905458305,2496006,0
9.9105,2,9907999311,2496006,0
9.91305,7,9910549317,2496006,0
9.91561,7,9913117323,2496006,0
9.91811,5,9915640329,2469000,1
9.91811,8,9915640329,2469000,1
9.92059,6,9918116329,2469000,1
9.92059,8,9918116329,2469000,1
9.92308,2,9920583329,2496006,0
9.92561,1,9923115335,2496006,0
9.93066,4,9928161347,2496006,0
9.93318,1,9930711353,2469000,1
9.93318,2,9930711353,2469000,1
9.9357,7,9933205353,2496006,0
9.93824,4,9935746359,2496006,0
9.94081,1,9938314365,2496006,0
9.94333,5,9940837371,2496006,0
9.94583,7,9943360377,2469000,1
9.94583,2,9943360377,2469000,1
9.94832,1,9945827377,2496006,0
9.95084,4,9948368383,2469000,1
9.95084,8,9948368383,2469000,1
9.95333,6,9950835383,2496006,0
9.95583,1,9953358389,2469000,1
9.95583,5,9953358389,2469000,1
9.95583,2,9953358389,2469000,1
9.95836,9,9955861389,2496006,0
9.96091,1,9958411395,2496006,0
9.96341,9,9960943401,2469000,1
9.96341,6,9960943401,2469000,1
9.96592,1,9963419401,2496006,0
9.97101,4,9968510413,2496006,0
9.97351,1,9971042419,2469000,1
9.97351,7,9971042419,2469000,1
9.97351,6,9971042419,2469000,1
9.97603,1,9973536419,2496006,0
9.97857,7,9976077425,2496006,0
9.98142,5,9978922431,2496006,0
9.98395,4,9981454437,2496006,0
9.98647,4,9983977443,2496006,0
9.989,1,9986500449,2496006,0
9.9915,9,9989032455,2469000,1
9.994,9,9991501455,2496006,0
9.99653,9,9994033461,2496006,0
9.99905,5,9996556467,2496006,0
10.0016,7,9999079473,2496006,0
10.0041,5,10001602479,2496006,0
10.0066,1,10004152485,2496006,0
10.0095,4,10007006491,2496006,0
10.0121,1,10009556497,2496006,0
10.0146,9,10012079503,2496006,0
10.0171,5,10014602509,2469000,1
10.0171,6,10014602509,2469000,1
10.0196,7,10017069509,2496006,0
10.0197,10,10019592515,121000,1
10.0221,1,10019592515,2469000,1
10.0246,7,10022086515,2496006,0
10.0271,4,10024609521,2496006,0
10.0296,7,10027141527,2496006,0
10.0322,9,10029664533,2496006,0
10.0347,5,10032214539,2496006,0
10.0372,8,10034737545,2496006,0
10.0398,8,10037260551,2496006,0
10.0423,8,10039783557,2496006,0
10.0448,7,10042315563,2496006,0
10.0473,1,10044838569,2496006,0
10.0499,1,10047361575,2496006,0
10.0524,4,10049884581,2496006,0
10.0549,8,10052416587,2469000,1
10.0549,5,10052416587,2469000,1
10.0549,9,10052416587,2469000,1
10.0574,7,10054883587,2496006,0
10.0599,1,10057406593,2496006,0
10.0626,10,10062479605,121000,1
10.0649,2,10062479605,2469000,1
10.0675,1,10064964605,2496006,0
10.07,7,10067487611,2469000,1
10.07,9,10067487611,2469000,1
10.0724,8,10069963611,2469000,1
10.0724,5,10069963611,2469000,1
10.0749,4,10072430611,2469000,1
10.0749,7,10072430611,2469000,1
10.0774,1,10074942611,2496006,0
10.0801,9,10077573617,2496006,0
10.0854,1,10082932629,2496006,0
10.088,1,10085464635,2496006,0
10.0905,7,10088005641,2496006,0
10.093,9,10090537647,2469000,1
10.093,7,10090537647,2469000,1
10.0955,4,10093013647,2496006,0
10.098,5,10095545653,2496006,0
10.1006,5,10098068659,2496006,0
10.1031,1,10100618665,2496006,0
10.1056,4,10103141671,2496006,0
10.1081,4,10105664677,2469000,1
10.1106,9,10108149677,2496006,0
10.1135,5,10111003683,2469000,1
10.1135,9,10111003683,2469000,1
10.1136,10,10113470683,152006,0
10.1163,1,10113828689,2496006,0
10.1189,1,10116360695,2496006,0
10.1214,7,10118901701,2496006,0
10.1239,4,10121424707,2496006,0
10.1264,10,10123947713,2496006,0
10.129,7,10126470719,2496006,0
10.1315,8,10128993725,2496006,0
10.134,4,10131516731,2496006,0
10.1365,3,10134039737,2496006,0
10.139,10,10136562743,2469000,1
10.139,7,10136562743,2469000,1
10.139,8,10136562743,2469000,1
10.1441,1,10141561749,2496006,0
10.1466,7,10144084755,2496006,0
10.1491,4,10146625761,2496006,0
10.1516,7,10149157767,2469000,1
10.1516,9,10149157767,2469000,1
10.1516,3,10149157767,2469000,1
10.1541,5,10151624767,2496006,0
10.1566,5,10154147773,2496006,0
10.1592,7,10156670779,2496006,0
10.1617,10,10159229785,2469000,1
10.1617,1,10159229785,2469000,1
10.1642,7,10161696785,2496006,0
10.1667,8,10164228791,2496006,0
10.1692,4,10166751797,2496006,0
10.1718,5,10169283803,2496006,0
10.1743,8,10171815809,2469000,1
10.1743,1,10171815809,2469000,1
10.1768,5,10174282809,2496006,0
10.1793,7,10176814815,2469000,1
10.1793,6,10176814815,2469000,1
10.1818,3,10179299815,2469000,1
10.1843,4,10181775815,2496006,0
10.1871,5,10184611821,2496006,0
10.1896,4,10187143827,2496006,0
10.1922,5,10189684833,2496006,0
10.1947,7,10192207839,2496006,0
10.1972,4,10194730845,2469000,1
10.1972,10,10194730845,2469000,1
10.1997,8,10197206845,2469000,1
10.1997,5,10197206845,2469000,1
10.2022,7,10199691845,2496006,0
10.2047,9,10202250851,2496006,0
10.2073,7,10204791857,2496006,0
10.2098,4,10207332863,2496006,0
10.2124,5,10209873869,2496006,0
10.2177,9,10215250881,2496006,0
10.2203,4,10217782887,2496006,0
10.2228,7,10220323893,2496006,0
10.2253,5,10222846899,2496006,0
10.2279,9,10225369905,2496006,0
10.2304,5,10227892911,2469000,1
10.2304,9,10227892911,2469000,1
10.2329,7,10230359911,2496006,0
10.2354,4,10232909917,2496006,0
10.2379,1,10235432923,2496006,0
10.2405,4,10238018929,2469000,1
10.2405,7,10238018929,2469000,1
10.243,1,10240503929,2469000,1
10.2454,8,10242979929,2469000,1
10.2454,9,10242979929,2469000,1
10.2479,3,10245455929,2469000,1
10.2479,7,10245455929,2469000,1
10.2504,6,10247922929,2469000,1
10.2504,5,10247922929,2469000,1
10.2529,1,10250416929,2496006,0
10.2556,2,10253056935,2496006,0
10.258,4,10255579941,2469000,1
10.2605,1,10258046941,2496006,0
10.2631,3,10260569947,2496006,0
10.2656,2,10263119953,2496006,0
10.2682,3,10265669959,2496006,0
10.2707,1,10268192965,2496006,0
10.2732,2,10270742971,2496006,0
10.2783,3,10275842983,2496006,0
10.2809,1,10278365989,2496006,0
10.2834,2,10280888995,2469000,1
10.2834,10,10280888995,2469000,1
10.2858,7,10283355995,2469000,1
10.2858,3,10283355995,2469000,1
10.2886,5,10286145001,2469000,1
10.2886,2,10286145001,2469000,1
10.2886,3,10286145001,2469000,1
10.2911,9,10288648001,2469000,1
10.2911,2,10288648001,2469000,1
10.2961,1,10293638007,2469000,1
10.2961,5,10293638007,2469000,1
10.2961,9,10293638007,2469000,1
10.2987,4,10296186007,2496006,0
10.3012,4,10298745013,2496006,0
10.3063,6,10303836025,2496006,0
10.3089,1,10306368031,2496006,0
10.3114,4,10308900037,2469000,1
10.3114,7,10308900037,2469000,1
10.3114,6,10308900037,2469000,1
10.3167,1,10314248043,2496006,0
10.3193,6,10316834049,2496006,0
10.3244,1,10321916061,2469000,1
10.3244,4,10321916061,2469000,1
10.3269,8,10324383061,2496006,0
10.3294,6,10326933067,2496006,0
10.332,4,10329456073,2496006,0
10.337,3,10334511085,2496006,0
10.3395,6,10337034091,2469000,1
10.3395,2,10337034091,2469000,1
10.342,8,10339510091,2469000,1
10.342,1,10339510091,2469000,1
10.3445,3,10341995091,2496006,0
10.347,4,10344518097,2496006,0
10.3521,3,10349627109,2496006,0
10.3546,3,10352150115,2496006,0
10.3572,4,10354700121,2469000,1
10.3572,6,10354700121,2469000,1
10.3597,10,10357203121,2496006,0
10.3622,3,10359744127,2496006,0
10.3673,8,10364799139,2496006,0
10.3698,4,10367322145,2496006,0
10.3723,10,10369845151,2496006,0
10.3749,4,10372377157,2496006,0
10.3774,8,10374945163,2496006,0
10.38,3,10377468169,2496006,0
10.3825,10,10380009175,2469000,1
10.385,4,10382494175,2496006,0
10.3875,4,10385035181,2496006,0
10.3903,8,10387880187,2469000,1
10.3903,1,10387880187,2469000,1
10.3929,3,10390365187,2496006,0
10.3954,10,10392897193,2496006,0
10.4005,4,10397988205,2496006,0
10.403,8,10400511211,2469000,1
10.403,4,10400511211,2469000,1
10.4055,10,10402987211,2469000,1
10.4055,6,10402987211,2469000,1
10.408,10,10405463211,2496006,0
10.4105,3,10407995217,2496006,0
10.413,3,10410572223,2469000,1
10.4155,10,10413048223,2496006,0
10.4181,10,10415571229,2496006,0
10.4209,4,10418434235,2496006,0
10.4234,10,10420975241,2469000,1
10.4234,4,10420975241,2469000,1
10.426,4,10423469241,2496006,0
10.4285,10,10425992247,2496006,0
10.431,4,10428515253,2469000,1
10.4335,10,10431018253,2496006,0
10.4361,2,10433577259,2496006,0
10.4386,4,10436100265,2496006,0
10.4411,2,10438632271,2496006,0
10.4437,8,10441155277,2496006,0
10.4462,3,10443678283,2496006,0
10.4487,4,10446201289,2496006,0
10.4512,3,10448733295,2469000,1
10.4537,2,10451200295,2469000,1
10.4537,10,10451200295,2469000,1
10.4587,8,10456208301,2496006,0
10.4612,5,10458740307,2496006,0
10.4638,2,10461263313,2496006,0
10.4663,4,10463786319,2496006,0
10.4688,8,10466309325,2469000,1
10.4688,2,10466309325,2469000,1
10.4713,4,10468803325,2469000,1
10.4713,5,10468803325,2469000,1
10.4713,2,10468803325,2469000,1
10.4738,7,10471306325,2496006,0
10.4789,3,10476379337,2496006,0
10.4814,7,10478920343,2496006,0
10.4839,4,10481452349,2496006,0
10.4865,2,10483984355,2469000,1
10.4865,7,10483984355,2469000,1
10.4889,10,10486451355,2469000,1
10.4889,4,10486451355,2469000,1
10.4914,3,10488936355,2496006,0
10.4943,8,10491790361,2496006,0
10.4968,5,10494322367,2496006,0
10.4993,7,10496845373,2496006,0
10.5044,10,10501891385,2496006,0
10.5069,3,10504414391,2469000,1
10.5069,5,10504414391,2469000,1
10.5094,7,10506881391,2496006,0
10.5119,10,10509404397,2496006,0
10.5144,6,10511927403,2496006,0
10.517,4,10514459409,2496006,0
10.5195,10,10517000415,2469000,1
10.5195,8,10517000415,2469000,1
10.5223,7,10519789421,2469000,1
10.5223,3,10519789421,2469000,1
10.5248,5,10522283421,2496006,0
10.5273,2,10524824427,2496006,0
10.5298,6,10527347433,2469000,1
10.5298,4,10527347433,2469000,1
10.5323,2,10529814433,2496006,0
10.5373,1,10534860445,2469000,1
10.5373,2,10534860445,2469000,1
10.5398,9,10537345445,2496006,0
10.5424,8,10539868451,2496006,0
10.5449,10,10542391457,2469000,1
10.5449,6,10542391457,2469000,1
10.5474,5,10544867457,2496006,0
10.5499,8,10547399463,2496006,0
10.5524,8,10549931469,2496006,0
10.5549,5,10552454475,2469000,1
10.5549,10,10552454475,2469000,1
10.5574,2,10554939475,2496006,0
10.56,7,10557462481,2496006,0
10.5625,9,10559985487,2496006,0
10.565,6,10562526493,2496006,0
10.5676,2,10565085499,2496006,0
10.5726,8,10570131511,2496006,0
10.5751,7,10572654517,2469000,1
10.5751,4,10572654517,2469000,1
10.5776,5,10575121517,2496006,0
10.5802,9,10577671523,2496006,0
10.5827,6,10580212529,2496006,0
10.5852,5,10582735535,2469000,1
10.5852,2,10582735535,2469000,1
10.5852,9,10582735535,2469000,1
10.5877,8,10585220535,2496006,0
10.5902,5,10587743541,2496006,0
10.5928,8,10590284547,2496006,0
10.5956,8,10593120553,2496006,0
10.5982,6,10595661559,2496006,0
10.6007,5,10598184565,2469000,1
10.6007,7,10598184565,2469000,1
10.6031,6,10600651565,2496006,0
10.6057,3,10603174571,2496006,0
10.6082,8,10605715577,2469000,1
10.6082,6,10605715577,2469000,1
10.6082,3,10605715577,2469000,1
10.6107,4,10608191577,2496006,0
10.6132,2,10610714583,2496006,0
10.6158,6,10613255589,2496006,0
10.6183,2,10615778595,2496006,0
10.6208,4,10618310601,2496006,0
10.6237,2,10621174003,2496006,0
10.6262,5,10623697009,2496006,0
10.6287,9,10626220015,2496006,0
10.6312,6,10628752021,2469000,1
10.6312,3,10628752021,2469000,1
10.6337,2,10631228021,2496006,0
10.6362,6,10633751027,2496006,0
10.6388,6,10636310033,2469000,1
10.6388,4,10636310033,2469000,1
10.6413,9,10638777033,2496006,0
10.6438,8,10641300039,2469000,1
10.6438,6,10641300039,2469000,1
10.6463,2,10643767039,2496006,0
10.6488,5,10646290045,2496006,0
10.6539,4,10651354057,2496006,0
10.6564,5,10653886063,2469000,1
10.6564,9,10653886063,2469000,1
10.6588,7,10656353063,2496006,0
10.6614,7,10658903069,2496006,0
10.6639,4,10661426075,2496006,0
10.6665,2,10663967081,2496006,0
10.669,7,10666544087,2496006,0
10.6716,8,10669085093,2496006,0
10.6741,2,10671608099,2496006,0
10.6766,5,10674131105,2496006,0
10.6791,4,10676654111,2469000,1
10.6791,5,10676654111,2469000,1
10.6816,9,10679121111,2496006,0
10.6842,7,10681671117,2496006,0
10.6867,2,10684194123,2496006,0
10.6918,8,10689285135,2496006,0
10.6943,4,10691817141,2469000,1
10.6943,8,10691817141,2469000,1
10.6971,9,10694606147,2496006,0
10.6996,2,10697129153,2469000,1
10.6996,7,10697129153,2469000,1
10.6996,4,10697129153,2469000,1
10.7021,3,10699596153,2496006,0
10.7046,9,10702137159,2469000,1
10.7046,10,10702137159,2469000,1
10.7046,2,10702137159,2469000,1
10.7071,6,10704640159,2496006,0
10.7096,3,10707163165,2469000,1
10.7096,9,10707163165,2469000,1
10.7121,6,10709639165,2496006,0
10.7147,5,10712171171,2496006,0
10.7172,8,10714694177,2496006,0
10.7197,6,10717235183,2496006,0
10.7222,7,10719758189,2469000,1
10.7247,6,10722225189,2496006,0
10.7275,5,10725079195,2469000,1
10.7275,6,10725079195,2469000,1
10.7301,6,10727564195,2496006,0
10.7326,8,10730105201,2469000,1
10.7326,3,10730105201,2469000,1
10.7351,6,10732572201,2496006,0
10.7376,5,10735104207,2496006,0
10.7402,6,10737654213,2496006,0
10.7427,8,10740177219,2496006,0
10.7452,8,10742718225,2496006,0
10.7478,5,10745259231,2496006,0
10.7503,6,10747782237,2496006,0
10.7553,8,10752837249,2496006,0
10.7579,8,10755378255,2496006,0
10.7604,2,10757919261,2496006,0
10.7629,5,10760451267,2496006,0
10.7655,7,10762983273,2496006,0
10.768,6,10765506279,2496006,0
10.7705,5,10768047285,2496006,0
10.7731,8,10770588291,2496006,0
10.7756,8,10773111297,2496006,0
10.7781,6,10775661303,2469000,1
10.7781,7,10775661303,2469000,1
10.7781,9,10775661303,2469000,1
10.7781,2,10775661303,2469000,1
10.7831,8,10780660309,2469000,1
10.7831,5,10780660309,2469000,1
10.7856,5,10783145309,2496006,0
10.7882,5,10785686315,2496006,0
10.7907,7,10788236321,2496006,0
10.7932,5,10790768327,2469000,1
10.7932,3,10790768327,2469000,1
10.7932,2,10790768327,2469000,1
10.7957,8,10793235327,2496006,0
10.7983,7,10795803333,2496006,0
10.8011,1,10798639339,2496006,0
10.8037,6,10801162345,2496006,0
10.8062,8,10803685351,2469000,1
10.8062,7,10803685351,2469000,1
10.8086,1,10806152351,2469000,1
10.8111,2,10808619351,2496006,0
10.8137,5,10811160357,2496006,0
10.8162,6,10813692363,2496006,0
10.8187,2,10816215369,2496006,0
10.8212,6,10818738375,2496006,0
10.8238,8,10821279381,2496006,0
10.8263,7,10823820387,2496006,0
10.8292,8,10826656393,2496006,0
10.8317,2,10829197399,2469000,1
10.8317,5,10829197399,2469000,1
10.8342,5,10831682399,2496006,0
10.8367,8,10834205405,2469000,1
10.8367,5,10834205405,2469000,1
10.8392,1,10836672405,2496006,0
10.8417,6,10839195411,2469000,1
10.8442,1,10841662411,2496006,0
10.8467,7,10844194417,2496006,0
10.8492,4,10846735423,2496006,0
10.8518,6,10849258429,2496006,0
10.8543,7,10851781435,2496006,0
10.8568,7,10854313441,2496006,0
10.8594,6,10856854447,2496006,0
10.8619,1,10859377453,2496006,0
10.8644,7,10861900459,2496006,0
10.8669,4,10864432465,2496006,0
10.8695,2,10866973471,2496006,0
10.872,9,10869505477,2496006,0
10.8745,1,10872028483,2496006,0
10.877,7,10874569489,2469000,1
10.877,5,10874569489,2469000,1
10.8795,6,10877036489,2469000,1
10.882,2,10879512489,2496006,0
10.8845,9,10882035495,2469000,1
10.8845,8,10882035495,2469000,1
10.887,4,10884511495,2496006,0
10.8895,2,10887034501,2496006,0
10.892,9,10889557507,2469000,1
10.8945,2,10892024507,2496006,0
10.8971,1,10894556513,2496006,0
10.8996,6,10897088519,2469000,1
10.8996,2,10897088519,2469000,1
10.9023,4,10899868525,2469000,1
10.9074,5,10904903531,2469000,1
10.9074,4,10904903531,2469000,1
10.9099,2,10907388531,2496006,0
10.9124,7,10909911537,2469000,1
10.9124,1,10909911537,2469000,1
10.9149,1,10912405537,2496006,0
10.9174,1,10914928543,2496006,0
10.92,2,10917478549,2496006,0
10.9225,5,10920001555,2496006,0
10.925,1,10922524561,2496006,0
10.9275,5,10925056567,2469000,1
10.9275,1,10925056567,2469000,1
10.9301,2,10927559567,2496006,0
10.9354,3,10932972579,2469000,1
10.9354,7,10932972579,2469000,1
10.9354,2,10932972579,2469000,1
10.938,5,10935466579,2496006,0
10.9405,8,10938016585,2496006,0
10.943,5,10940539591,2496006,0
10.9456,9,10943062597,2496006,0
10.9481,9,10945585603,2496006,0
10.9506,1,10948126609,2496006,0
10.9531,5,10950667615,2469000,1
10.9531,1,10950667615,2469000,1
10.9582,8,10955666621,2496006,0
10.9607,2,10958198627,2496006,0
10.9632,4,10960730633,2496006,0
10.9657,5,10963253639,2469000,1
10.9657,1,10963253639,2469000,1
10.9682,6,10965720639,2496006,0
10.9707,2,10968243645,2469000,1
10.9707,9,10968243645,2469000,1
10.9732,10,10970710645,2496006,0
10.9758,6,10973287651,2496006,0
10.9783,10,10975810657,2469000,1
10.9783,8,10975810657,2469000,1
10.9783,9,10975810657,2469000,1
10.9808,4,10978277657,2496006,0
10.9833,6,10980809663,2496006,0
10.9884,2,10985855675,2496006,0
10.9909,6,10988405681,2496006,0
10.9934,4,10990946687,2496006,0
10.996,8,10993469693,2496006,0
10.9985,6,10996001699,2496006,0
11.001,8,10998524705,2496006,0
11.0012,11,11001047711,152006,0
11.0037,2,11001226717,2469000,1
11.0062,8,11003702717,2496006,0
11.0087,10,11006225723,2496006,0
11.0112,11,11008766729,2390472,0
11.0114,11,11011193201,184200,1
11.0137,2,11011193201,2469000,1
11.0162,4,11013669201,2496006,0
11.0212,6,11018659207,2496006,0
11.0237,10,11021191213,2496006,0
11.0262,8,11023714219,2496006,0
11.0287,10,11026237225,2496006,0
11.0313,6,11028760231,2496006,0
11.0341,5,11031605237,2496006,0
11.0366,9,11034128243,2496006,0
11.0391,4,11036651249,2496006,0
11.0417,1,11039174255,2496006,0
11.0442,4,11041724261,2469000,1
11.0442,10,11041724261,2469000,1
11.0442,1,11041724261,2469000,1
11.0467,8,11044209261,2496006,0
11.0492,6,11046732267,2496006,0
11.0518,5,11049255273,2496006,0
11.0543,8,11051778279,2496006,0
11.0567,11,11054310285,2390472,0
11.0592,9,11056727757,2496006,0
11.0619,6,11059429763,2496006,0
11.067,9,11064493775,2496006,0
11.0695,2,11067016781,2496006,0
11.072,5,11069539787,2496006,0
11.0745,8,11072071793,2469000,1
11.0745,11,11072071793,2469000,1
11.077,6,11074538793,2469000,1
11.077,4,11074538793,2469000,1
11.0795,9,11077041793,2496006,0
11.082,1,11079573799,2469000,1
11.082,5,11079573799,2469000,1
11.0845,2,11082049799,2496006,0
11.0871,9,11084572805,2496006,0
11.0896,10,11087104811,2496006,0
11.0921,4,11089636817,2496006,0
11.0946,2,11092168823,2469000,1
11.0946,11,11092168823,2469000,1
11.0971,9,11094644823,2496006,0
11.0996,4,11097167829,2469000,1
11.0996,7,11097167829,2469000,1
11.1021,2,11099652829,2496006,0
11.1047,2,11102175835,2496006,0
11.1075,3,11105011841,2469000,1
11.1075,4,11105011841,2469000,1
11.1099,10,11107478841,2469000,1
11.1099,11,11107478841,2469000,1
11.1125,2,11109954841,2496006,0
11.115,8,11112486847,2469000,1
11.1174,6,11114971847,2469000,1
11.1174,10,11114971847,2469000,1
11.1199,9,11117447847,2496006,0
11.1225,5,11119988853,2469000,1
11.1225,2,11119988853,2469000,1
11.125,9,11122509853,2496006,0
11.1275,8,11125032859,2496006,0
11.1301,9,11127573865,2496006,0
11.1326,2,11130123871,2496006,0
11.1351,9,11132646877,2496006,0
11.138,2,11135491883,2496006,0
11.1405,2,11138014889,2496006,0
11.143,8,11140573895,2469000,1
11.143,9,11140573895,2469000,1
11.1455,2,11143076895,2469000,1
11.1455,4,11143076895,2469000,1
11.1481,8,11145570895,2496006,0
11.1506,1,11148093901,2469000,1
11.1506,5,11148093901,2469000,1
11.1531,2,11150560901,2496006,0
11.1556,2,11153119907,2496006,0
11.1581,10,11155642913,2496006,0
11.1607,9,11158183919,2496006,0
11.1632,10,11160733925,2469000,1
11.1632,8,11160733925,2469000,1
11.1682,2,11165777931,2469000,1
11.1682,10,11165777931,2469000,1
11.1708,6,11168262931,2496006,0
11.1733,9,11170785937,2496006,0
11.1759,6,11173371943,2496006,0
11.1784,9,11175894949,2496006,0
11.1835,9,11180994961,2496006,0
11.186,8,11183526967,2496006,0
11.1886,2,11186058973,2496006,0
11.1911,8,11188581979,2496006,0
11.1936,6,11191104985,2469000,1
11.1936,8,11191104985,2469000,1
11.1961,9,11193607985,2496006,0
11.2011,11,11198680997,2469000,1
11.2011,10,11198680997,2469000,1
11.2037,2,11201165997,2496006,0
11.2062,9,11203689003,2496006,0
11.209,6,11206543009,2496006,0
11.2116,9,11209093015,2469000,1
11.2116,2,11209093015,2469000,1
11.2141,7,11211569015,2496006,0
11.2191,6,11216642027,2496006,0
11.2217,8,11219192033,2496006,0
11.2242,7,11221724039,2496006,0
11.2268,1,11224283045,2496006,0
11.2293,1,11226824051,2469000,1
11.2318,8,11229291051,2496006,0
11.2343,6,11231814057,2496006,0
11.2368,7,11234337063,2496006,0
11.2397,8,11237200069,2469000,1
11.2397,9,11237200069,2469000,1
11.2397,2,11237200069,2469000,1
11.2421,7,11239667069,2469000,1
11.2421,6,11239667069,2469000,1
11.2447,7,11242161069,2496006,0
11.2472,7,11244684075,2496006,0
11.2523,8,11249766087,2496006,0
11.2548,5,11252289093,2469000,1
11.2548,11,11252289093,2469000,1
11.2573,2,11254756093,2496006,0
11.2598,1,11257306099,2496006,0
11.2623,8,11259829105,2469000,1
11.2623,7,11259829105,2469000,1
11.2648,6,11262305105,2469000,1
11.2648,1,11262305105,2469000,1
11.2673,2,11264772105,2496006,0
11.2698,4,11267313111,2496006,0
11.2749,2,11272368123,2496006,0
11.2774,1,11274900129,2496006,0
11.2799,1,11277423135,2496006,0
11.2824,2,11279946141,2496006,0
11.285,1,11282514147,2469000,1
11.285,4,11282514147,2469000,1
11.2875,8,11284990147,2496006,0
11.29,2,11287513153,2496006,0
11.2925,8,11290045159,2496006,0
11.2951,2,11292604165,2469000,1
11.2976,7,11295071165,2496006,0
11.3001,2,11297603171,2496006,0
11.3026,1,11300126177,2496006,0
11.3052,11,11302676183,2496006,0
11.3077,1,11305217189,2469000,1
11.3077,8,11305217189,2469000,1
11.3102,7,11307702189,2496006,0
11.313,9,11310538195,2496006,0
11.3156,2,11313061201,2496006,0
11.3181,2,11315620207,2469000,1
11.3181,7,11315620207,2469000,1
11.3181,4,11315620207,2469000,1
11.3206,11,11318087207,2496006,0
11.3231,10,11320610213,2469000,1
11.3231,7,11320610213,2469000,1
11.3256,11,11323077213,2496006,0
11.3281,9,11325609219,2469000,1
11.3281,1,11325609219,2469000,1
11.3306,6,11328094219,2496006,0
11.3332,6,11330662225,2496006,0
11.3357,11,11333185231,2496006,0
11.3382,8,11335726237,2496006,0
11.3411,6,11338562243,2496006,0
11.3461,11,11343626255,2496006,0
11.3486,8,11346167261,2469000,1
11.3486,11,11346167261,2469000,1
11.3511,4,11348643261,2496006,0
11.3536,9,11351166267,2469000,1
11.3536,1,11351166267,2469000,1
11.3561,6,11353651267,2469000,1
11.3561,3,11353651267,2469000,1
11.3561,2,11353651267,2469000,1
11.3586,11,11356127267,2469000,1
11.3586,2,11356127267,2469000,1
11.3611,4,11358603267,2469000,1
11.3611,6,11358603267,2469000,1
11.3636,8,11361088267,2496006,0
11.3661,8,11363629273,2496006,0
11.3712,11,11368684285,2469000,1
11.3712,8,11368684285,2469000,1
11.3737,7,11371178285,2496006,0
11.3762,6,11373719291,2496006,0
11.3787,7,11376242297,2496006,0
11.3813,7,11378774303,2496006,0
11.3838,2,11381297309,2469000,1
11.3838,8,11381297309,2469000,1
11.3863,8,11383773309,2496006,0
11.3888,7,11386305315,2469000,1
11.3888,8,11386305315,2469000,1
11.3913,4,11388808315,2469000,1
11.3913,6,11388808315,2469000,1
11.3938,6,11391293315,2496006,0
11.3963,5,11393825321,2469000,1
11.3963,9,11393825321,2469000,1
11.3988,6,11396310321,2496006,0
11.4014,5,11398860327,2496006,0
11.4039,7,11401383333,2496006,0
11.4064,7,11403906339,2496006,0
11.4089,8,11406438345,2496006,0
11.4115,6,11408970351,2496006,0
11.4169,7,11414356363,2496006,0
11.4194,11,11416879369,2496006,0
11.4219,6,11419402375,2496006,0
11.4244,8,11421925381,2469000,1
11.4244,11,11421925381,2469000,1
11.4269,5,11424401381,2496006,0
11.4294,4,11426951387,2496006,0
11.432,6,11429474393,2496006,0
11.4345,7,11432024399,2496006,0
11.4371,11,11434565405,2496006,0
11.4396,7,11437097411,2469000,1
11.442,6,11439564411,2469000,1
11.442,5,11439564411,2469000,1
11.442,8,11439564411,2469000,1
11.4448,4,11442362417,2469000,1
11.4448,5,11442362417,2469000,1
11.4473,7,11444847417,2496006,0
11.4498,11,11447370423,2469000,1
11.4498,8,11447370423,2469000,1
11.4523,6,11449846423,2496006,0
11.4549,10,11452396429,2496006,0
11.4574,7,11454946435,2496006,0
11.46,6,11457487441,2496006,0
11.465,11,11462533453,2496006,0
11.4676,11,11465083459,2496006,0
11.4701,10,11467606465,2496006,0
11.4726,6,11470129471,2496006,0
11.4752,7,11472661477,2496006,0
11.4777,11,11475202483,2496006,0
11.4802,6,11477734489,2469000,1
11.4802,4,11477734489,2469000,1
11.4827,5,11480219489,2496006,0
11.4852,10,11482742495,2496006,0
11.4903,7,11487815507,2496006,0
11.4929,1,11490356513,2496006,0
11.4954,11,11492888519,2496006,0
11.4979,10,11495420525,2496006,0
11.5004,5,11497943531,2496006,0
11.503,9,11500466537,2496006,0
11.5055,6,11503016543,2496006,0
11.508,10,11505539549,2496006,0
11.5106,1,11508062555,2496006,0
11.5131,7,11510585561,2496006,0
11.5156,9,11513108567,2496006,0
11.5184,1,11515944573,2496006,0
11.521,11,11518467579,2496006,0
11.526,4,11523522591,2496006,0
11.5285,6,11526045597,2496006,0
11.5311,5,11528568603,2496006,0
11.5336,1,11531091609,2496006,0
11.5361,7,11533614615,2496006,0
11.5386,10,11536137621,2496006,0
11.5411,6,11538678627,2469000,1
11.5411,7,11538678627,2469000,1
11.5436,9,11541145627,2496006,0
11.5465,11,11543981633,2496006,0
11.549,4,11546504639,2496006,0
11.5515,5,11549027645,2496006,0
11.554,1,11551550651,2469000,1
11.554,5,11551550651,2469000,1
11.5565,7,11554026651,2469000,1
11.5565,4,11554026651,2469000,1
11.559,9,11556493651,2496006,0
11.5615,11,11559034657,2496006,0
11.5641,10,11561557663,2496006,0
11.5666,5,11564125669,2469000,1
11.5691,11,11566592669,2496006,0
11.5716,9,11569133675,2496006,0
11.5741,11,11571665681,2469000,1
11.5741,10,11571665681,2469000,1
11.5766,8,11574132681,2496006,0
11.5792,6,11576682687,2496006,0
11.5817,4,11579205693,2496006,0
11.5843,8,11581755699,2496006,0
11.5868,1,11584287705,2496006,0
11.5893,6,11586810711,2496006,0
11.5918,4,11589333717,2469000,1
11.5918,9,11589333717,2469000,1
11.5918,10,11589333717,2469000,1
11.5943,4,11591809717,2496006,0
11.5968,8,11594350723,2496006,0
11.5994,4,11596882729,2469000,1
11.5994,11,11596882729,2469000,1
11.6019,3,11599394729,2469000,1
11.6019,1,11599394729,2469000,1
11.6043,8,11601861729,2469000,1
11.6043,4,11601861729,2469000,1
11.6068,7,11604328729,2469000,1
11.6068,6,11604328729,2469000,1
11.6093,8,11606804729,2496006,0
11.6118,9,11609345735,2496006,0
11.6144,4,11611868741,2496006,0
11.6169,1,11614400747,2469000,1
11.6169,9,11614400747,2469000,1
11.6197,9,11617180753,2496006,0
11.6222,9,11619703759,2496006,0
11.6247,1,11622226765,2496006,0
11.6272,9,11624767771,2469000,1
11.6272,1,11624767771,2469000,1
11.6297,6,11627243771,2496006,0
11.6322,5,11629766777,2469000,1
11.6322,8,11629766777,2469000,1
11.6322,1,11629766777,2469000,1
11.6348,4,11632260777,2496006,0
11.6373,8,11634783783,2496006,0
11.6424,6,11639865795,2496006,0
11.6449,5,11642424801,2496006,0
11.6478,4,11645269807,2496006,0
11.6503,8,11647792813,2496006,0
11.6528,8,11650324819,2496006,0
11.6554,6,11652856825,2496006,0
11.6579,4,11655379831,2496006,0
11.6604,10,11657911837,2469000,1
11.6604,9,11657911837,2469000,1
11.6629,5,11660378837,2496006,0
11.6654,6,11662901843,2496006,0
11.6679,4,11665451849,2496006,0
11.6705,8,11668010855,2496006,0
11.673,11,11670542861,2469000,1
11.6755,6,11673009861,2496006,0
11.678,5,11675532867,2496006,0
11.6806,6,11678055873,2496006,0
11.6831,4,11680605879,2469000,1
11.6831,8,11680605879,2469000,1
11.6856,1,11683108879,2496006,0
11.6881,6,11685631885,2496006,0
11.6907,5,11688154891,2496006,0
11.6931,7,11690677897,2469000,1
11.6931,4,11690677897,2469000,1
11.6957,2,11693162897,2496006,0
11.6982,5,11695694903,2496006,0
11.7007,5,11698217909,2496006,0
11.7032,1,11700740915,2496006,0
11.7058,2,11703281921,2496006,0
11.7108,6,11708336933,2496006,0
11.7134,10,11710868939,2496006,0
11.7159,6,11713418945,2469000,1
11.7159,1,11713418945,2469000,1
11.7159,8,11713418945,2469000,1
11.7159,10,11713418945,2469000,1
11.7184,5,11715903945,2496006,0
11.7212,9,11718757951,2469000,1
11.7212,2,11718757951,2469000,1
11.7237,8,11721251951,2496006,0
11.7263,10,11723783957,2496006,0
11.7288,5,11726333963,2496006,0
11.7339,1,11731415975,2496006,0
11.7364,10,11733947981,2469000,1
11.7364,9,11733947981,2469000,1
11.7389,2,11736414981,2469000,1
11.7389,8,11736414981,2469000,1
11.7389,10,11736416981,2469000,1
11.7414,8,11738892981,2496006,0
11.7439,1,11741442987,2496006,0
11.7464,5,11743965993,2469000,1
11.7464,6,11743965993,2469000,1
11.749,1,11746459993,2496006,0
11.7518,4,11749322999,2496006,0
11.7543,2,11751846005,2496006,0
11.7568,8,11754369011,2469000,1
11.7568,4,11754369011,2469000,1
11.7593,1,11756836011,2496006,0
11.7619,5,11759413017,2496006,0
11.7644,1,11761936023,2469000,1
11.7644,5,11761936023,2469000,1
11.7669,2,11764403023,2496006,0
11.7694,5,11766953029,2496006,0
11.772,10,11769503035,2469000,1
11.772,8,11769503035,2469000,1
11.7745,2,11771988035,2496006,0
11.7796,5,11777061047,2496006,0
11.7821,6,11779602053,2496006,0
11.7846,5,11782134059,2496006,0
11.7871,4,11784657065,2469000,1
11.7871,1,11784657065,2469000,1
11.7896,8,11787124065,2496006,0
11.7922,2,11789656071,2496006,0
11.7947,6,11792179077,2496006,0
11.7972,5,11794720083,2469000,1
11.7972,6,11794720083,2469000,1
11.8022,8,11799719089,2496006,0
11.8047,4,11802260095,2469000,1
11.8047,8,11802260095,2469000,1
11.8072,2,11804736095,2496006,0
11.8097,1,11807268101,2469000,1
11.8097,6,11807268101,2469000,1
11.8122,11,11809753101,2469000,1
11.8122,8,11809753101,2469000,1
11.8147,5,11812247101,2496006,0
11.8173,4,11814779107,2496006,0
11.8198,2,11817302113,2496006,0
11.8252,4,11822697125,2496006,0
11.8277,5,11825229131,2496006,0
11.8303,5,11827815137,2469000,1
11.8303,2,11827815137,2469000,1
11.8328,4,11830327137,2469000,1
11.8328,2,11830327137,2469000,1
11.8353,9,11832803137,2469000,1
11.8378,6,11835297137,2496006,0
11.8404,1,11837883143,2469000,1
11.8404,4,11837883143,2469000,1
11.8428,5,11840350143,2496006,0
11.8454,8,11842873149,2496006,0
11.8504,6,11847928161,2469000,1
11.8504,10,11847928161,2469000,1
11.8532,5,11850726167,2496006,0
11.8558,8,11853267173,2496006,0
11.8583,8,11855844179,2469000,1
11.8608,5,11858338179,2469000,1
11.8608,2,11858338179,2469000,1
11.8608,4,11858338179,2469000,1
11.8633,7,11860805179,2496006,0
11.8659,7,11863355185,2496006,0
11.8684,8,11865878191,2496006,0
11.8709,1,11868410197,2469000,1
11.8709,6,11868410197,2469000,1
11.8759,5,11873445203,2496006,0
11.8785,5,11875995209,2496006,0
11.881,8,11878518215,2496006,0
11.8835,7,11881041221,2496006,0
11.8887,8,11886168233,2496006,0
11.8912,5,11888700239,2496006,0
11.8937,7,11891241245,2496006,0
11.8963,8,11893782251,2469000,1
11.8988,5,11896258251,2496006,0
11.9013,7,11898781257,2496006,0
11.9038,7,11901304263,2496006,0
11.9063,6,11903845269,2496006,0
11.9089,6,11906368275,2496006,0
11.9114,6,11908900281,2496006,0
11.9139,5,11911441287,2469000,1
11.9164,6,11913926287,2496006,0
11.919,7,11916458293,2496006,0
11.9215,6,11918990299,2496006,0
11.924,8,11921513305,2496006,0
11.9269,6,11924394311,2469000,1
11.9269,7,11924394311,2469000,1
11.9294,7,11926870311,2496006,0
11.9344,8,11931925323,2496006,0
11.937,4,11934475329,2496006,0
11.9395,6,11937007335,2496006,0
11.942,8,11939530341,2469000,1
11.942,4,11939530341,2469000,1
11.942,6,11939530341,2469000,1
11.9445,7,11941997341,2496006,0
11.947,5,11944538347,2496006,0
11.9496,6,11947079353,2496006,0
11.9521,6,11949611359,2496006,0
11.9575,7,11954997371,2496006,0
11.96,5,11957547377,2496006,0
11.9626,6,11960070383,2496006,0
11.9651,2,11962602389,2496006,0
11.9676,4,11965143395,2496006,0
11.9702,2,11967711401,2469000,1
11.9702,5,11967711401,2469000,1
11.9702,8,11967711401,2469000,1
11.9702,7,11967711401,2469000,1
11.9752,6,11972701407,2496006,0
11.9777,6,11975224413,2496006,0
11.9803,4,11977756419,2496006,0
11.9828,4,11980279425,2496006,0
11.9853,6,11982820431,2496006,0
11.9879,6,11985361437,2496006,0
11.9904,2,11987920443,2469000,1
11.9904,8,11987920443,2469000,1
11.9929,6,11990396443,2469000,1
11.9954,4,11992872443,2496006,0
11.9979,4,11995458449,2469000,1
11.9979,5,11995458449,2469000,1
12.0004,7,11997934449,2496006,0
12.003,6,12000466455,2496006,0
12.0055,7,12003025461,2469000,1
12.008,6,12005492461,2496006,0
12.0082,12,12008015467,152006,0
12.0109,5,12008391473,2496006,0
12.0134,12,12010923479,2496006,0
12.016,4,12013473485,2496006,0
12.0185,5,12016005491,2496006,0
12.0236,6,12021060503,2496006,0
12.0261,6,12023610509,2496006,0
12.0289,12,12026455515,2469000,1
12.0289,11,12026455515,2469000,1
12.0314,4,12028940515,2496006,0
12.034,5,12031472521,2496006,0
12.0365,5,12033995527,2496006,0
12.039,4,12036527533,2469000,1
12.039,7,12036527533,2469000,1
12.039,12,12036527533,2469000,1
12.0415,6,12039003533,2496006,0
12.0466,5,12044076545,2496006,0
12.0491,5,12046599551,2496006,0
12.0516,12,12049140557,2496006,0
12.0541,6,12051663563,2469000,1
12.0541,2,12051663563,2469000,1
12.0566,5,12054130563,2496006,0
12.0595,7,12056966569,2496006,0
12.062,5,12059507575,2496006,0
12.0646,7,12062066581,2496006,0
12.0696,5,12067130593,2469000,1
12.0696,12,12067130593,2469000,1
12.0721,1,12069606593,2496006,0
12.0746,4,12072138599,2496006,0
12.0771,1,12074679605,2469000,1
12.0771,7,12074679605,2469000,1
12.0771,12,12074679605,2469000,1
12.0796,4,12077155605,2469000,1
12.0796,12,12077155605,2469000,1
12.0821,5,12079640605,2496006,0
12.0847,6,12082163611,2496006,0
12.0872,10,12084695617,2469000,1
12.0872,5,12084695617,2469000,1
12.0897,4,12087162617,2496006,0
12.0922,6,12089694623,2496006,0
12.0972,9,12094740635,2496006,0
12.0998,4,12097299641,2496006,0
12.1023,6,12099849647,2496006,0
12.1049,1,12102372653,2496006,0
12.1074,9,12104913659,2496006,0
12.11,9,12107463665,2496006,0
12.1125,4,12109986671,2469000,1
12.1125,7,12109986671,2469000,1
12.115,8,12112471671,2496006,0
12.1175,6,12114994677,2496006,0
12.12,1,12117517683,2469000,1
12.1225,8,12119993683,2496006,0
12.125,2,12122516689,2469000,1
12.125,5,12122516689,2469000,1
12.1275,6,12125001689,2496006,0
12.13,1,12127524695,2469000,1
12.13,6,12127524695,2469000,1
12.1328,8,12130304701,2496006,0
12.1353,7,12132827707,2496006,0
12.1378,9,12135350713,2496006,0
12.1404,7,12137891719,2469000,1
12.1404,9,12137891719,2469000,1
12.1429,8,12140421719,2496006,0
12.1454,4,12142944725,2469000,1
12.1454,6,12142944725,2469000,1
12.1454,7,12142944725,2469000,1
12.148,9,12145483725,2496006,0
12.1505,8,12148051731,2496006,0
12.1531,5,12150583737,2496006,0
12.1556,9,12153115743,2496006,0
12.161,5,12158492755,2496006,0
12.1635,8,12161042761,2469000,1
12.1635,6,12161042761,2469000,1
12.1661,9,12163563761,2496006,0
12.1686,5,12166086767,2496006,0
12.1711,1,12168609773,2469000,1
12.1711,5,12168609773,2469000,1
12.1761,12,12173644779,2496006,0
12.1787,12,12176167785,2496006,0
12.1812,9,12178708791,2496006,0
12.1837,7,12181240797,2496006,0
12.1863,7,12183763803,2496006,0
12.1888,4,12186286809,2496006,0
12.1913,9,12188818815,2469000,1
12.1938,1,12191285815,2496006,0
12.1963,8,12193808821,2496006,0
12.1989,12,12196358827,2496006,0
12.2014,7,12198890833,2496006,0
12.2039,1,12201413839,2496006,0
12.2064,5,12203954845,2469000,1
12.2064,4,12203954845,2469000,1
12.2089,4,12206430845,2496006,0
12.2114,8,12208953851,2496006,0
12.2165,4,12214026863,2496006,0
12.219,6,12216549869,2469000,1
12.219,5,12216549869,2469000,1
12.2215,8,12219016869,2469000,1
12.2215,12,12219016869,2469000,1
12.2215,7,12219016869,2469000,1
12.224,9,12221492869,2469000,1
12.224,1,12221492869,2469000,1
12.2265,4,12224013869,2496006,0
12.2291,12,12226581875,2496006,0
12.2344,4,12231949887,2469000,1
12.2344,7,12231949887,2469000,1
12.2344,1,12231949887,2469000,1
12.2369,5,12234434887,2496006,0
12.2395,12,12237029893,2496006,0
12.242,8,12239552899,2496006,0
12.2446,5,12242093905,2496006,0
12.2496,5,12247139917,2496006,0
12.2522,8,12249671923,2496006,0
12.2547,12,12252203929,2469000,1
12.2547,4,12252203929,2469000,1
12.2572,5,12254688929,2496006,0
12.2597,8,12257247935,2496006,0
12.2626,8,12260083941,2496006,0
12.2676,5,12265147953,2496006,0
12.2701,8,12267679959,2469000,1
12.2701,9,12267679959,2469000,1
12.2727,7,12270164959,2496006,0
12.2752,4,12272723965,2469000,1
12.2752,5,12272723965,2469000,1
12.2777,7,12275199965,2496006,0
12.2802,12,12277722971,2496006,0
12.2853,12,12282822983,2469000,1
12.2853,8,12282822983,2469000,1
12.2878,5,12285307983,2496006,0
12.2903,1,12287848989,2469000,1
12.2903,7,12287848989,2469000,1
12.2928,7,12290324989,2496006,0
12.2954,7,12292874995,2496006,0
12.3005,5,12297957007,2496006,0
12.303,6,12300507013,2496006,0
12.3056,12,12303057019,2496006,0
12.3081,8,12305580025,2496006,0
12.3106,7,12308103031,2496006,0
12.3131,6,12310626037,2469000,1
12.3156,8,12313093037,2496006,0
12.3181,5,12315643043,2469000,1
12.3181,8,12315643043,2469000,1
12.3207,12,12318164043,2496006,0
12.3232,4,12320687049,2496006,0
12.3257,7,12323210055,2496006,0
12.3308,8,12328265067,2496006,0
12.3333,12,12330788073,2496006,0
12.3361,6,12333624079,2496006,0
12.3387,6,12336156085,2496006,0
12.3412,4,12338688091,2496006,0
12.3437,6,12341211097,2496006,0
12.3462,4,12343734103,2496006,0
12.3487,5,12346266109,2469000,1
12.3487,12,12346266109,2469000,1
12.3512,7,12348742109,2469000,1
12.3512,12,12348742109,2469000,1
12.3562,8,12353750115,2496006,0
12.3588,5,12356273121,2496006,0
12.3613,6,12358805127,2469000,1
12.3613,4,12358805127,2469000,1
12.3638,3,12361272127,2496006,0
12.3666,9,12364126133,2496006,0
12.3691,8,12366649139,2496006,0
12.3717,5,12369172145,2496006,0
12.3742,12,12371704151,2496006,0
12.3767,4,12374245157,2496006,0
12.3792,5,12376768163,2469000,1
12.3792,9,12376768163,2469000,1
12.3817,8,12379244163,2469000,1
12.3817,2,12379244163,2469000,1
12.3842,3,12381711163,2496006,0
12.3867,3,12384234169,2496006,0
12.3892,4,12386766175,2469000,1
12.3917,7,12389251175,2496006,0
12.3943,12,12391774181,2496006,0
12.3968,7,12394324187,2469000,1
12.3968,8,12394324187,2469000,1
12.3968,4,12394324187,2469000,1
12.3993,6,12396791187,2469000,1
12.3993,5,12396791187,2469000,1
12.4018,3,12399258187,2496006,0
12.4043,6,12401781193,2469000,1
12.4043,3,12401781193,2469000,1
12.4067,12,12404248193,2496006,0
12.4093,12,12406789199,2496006,0
12.4118,9,12409330205,2496006,0
12.4143,12,12411853211,2496006,0
12.4169,12,12414376217,2496006,0
12.4194,12,12416944223,2496006,0
12.4245,3,12421999235,2496006,0
12.427,1,12424522241,2496006,0
12.4295,9,12427054247,2469000,1
12.4295,1,12427054247,2469000,1
12.432,1,12429539247,2496006,0
12.4345,12,12432071253,2469000,1
12.4345,7,12432071253,2469000,1
12.437,3,12434538253,2469000,1
12.437,9,12434538253,2469000,1
12.4398,10,12437336259,2496006,0
12.4424,9,12439859265,2496006,0
12.4449,1,12442400271,2496006,0
12.4474,5,12444923277,2469000,1
12.4474,7,12444923277,2469000,1
12.4525,9,12449985283,2469000,1
12.4525,10,12449985283,2469000,1
12.4549,4,12452461283,2469000,1
12.4549,9,12452461283,2469000,1
12.4574,1,12454928283,2469000,1
12.4574,9,12454930283,2469000,1
12.4599,1,12457415283,2496006,0
12.4624,12,12459947289,2496006,0
12.465,3,12462479295,2496006,0
12.4678,8,12465324301,2469000,1
12.4678,7,12465324301,2469000,1
12.4678,3,12465324301,2469000,1
12.4703,12,12467800301,2496006,0
12.4728,11,12470377307,2469000,1
12.4728,10,12470377307,2469000,1
12.4753,1,12472844307,2496006,0
12.4804,10,12477917319,2496006,0
12.4829,12,12480449325,2496006,0
12.4855,4,12482981331,2496006,0
12.488,1,12485513337,2496006,0
12.4906,1,12488054343,2496006,0
12.4931,10,12490577349,2496006,0
12.4956,3,12493109355,2469000,1
12.4956,10,12493109355,2469000,1
12.4981,12,12495603355,2496006,0
12.5006,4,12498126361,2469000,1
12.5006,12,12498126361,2469000,1
12.5031,6,12500611361,2469000,1
12.5031,3,12500611361,2469000,1
12.5056,1,12503087361,2496006,0
12.5081,1,12505628367,2496006,0
12.5107,12,12508160373,2496006,0
12.5132,12,12510692379,2496006,0
12.5157,12,12513215385,2496006,0
12.5182,1,12515747391,2496006,0
12.5208,9,12518288397,2496006,0
12.5233,10,12520838403,2496006,0
12.5258,1,12523361409,2469000,1
12.5258,4,12523361409,2469000,1
12.5309,12,12528360415,2496006,0
12.5334,10,12530910421,2469000,1
12.5334,1,12530910421,2469000,1
12.5334,12,12530910421,2469000,1
12.5359,9,12533377421,2496006,0
12.5384,9,12535927427,2496006,0
12.5412,3,12538763433,2469000,1
12.5412,10,12538763433,2469000,1
12.5437,9,12541248433,2496006,0
12.5489,9,12546357445,2496006,0
12.5514,5,12548907451,2496006,0
12.554,9,12551502457,2469000,1
12.554,12,12551502457,2469000,1
12.5565,1,12553996457,2469000,1
12.559,5,12556463457,2496006,0
12.5615,9,12558986463,2496006,0
12.564,9,12561572469,2469000,1
12.564,4,12561572469,2469000,1
12.5665,4,12564057469,2469000,1
12.5693,9,12566846475,2496006,0
12.5718,10,12569378481,2469000,1
12.5718,5,12569378481,2469000,1
12.5718,9,12569378481,2469000,1
12.5744,9,12571872481,2496006,0
12.5795,8,12576963493,2496006,0
12.582,9,12579522499,2496006,0
12.5846,9,12582063505,2496006,0
12.5871,8,12584604511,2469000,1
12.5896,12,12587098511,2496006,0
12.5921,9,12589621517,2469000,1
12.5921,12,12589621517,2469000,1
12.5946,5,12592106517,2496006,0
12.5971,8,12594638523,2496006,0
12.6022,8,12599720535,2496006,0
12.6048,5,12602261541,2496006,0
12.6073,8,12604811547,2496006,0
12.6098,5,12607352553,2496006,0
12.6124,5,12609875559,2496006,0
12.6174,9,12614921571,2496006,0
12.62,12,12617489577,2496006,0
12.6225,8,12620021583,2496006,0
12.6251,9,12622571589,2496006,0
12.6276,5,12625094595,2496006,0
12.6327,12,12630167607,2496006,0
12.6352,9,12632699613,2496006,0
12.6377,5,12635240619,2469000,1
12.6377,8,12635240619,2469000,1
12.6402,12,12637707619,2469000,1
12.6402,8,12637709619,2469000,1
12.643,6,12640507625,2496006,0
12.6481,12,12645598637,2496006,0
12.6506,9,12648121643,2496006,0
12.6531,12,12650644649,2496006,0
12.6557,1,12653185655,2496006,0
12.6582,9,12655717661,2496006,0
12.6607,6,12658240667,2496006,0
12.6633,9,12660763673,2496006,0
12.6658,1,12663286679,2469000,1
12.6658,10,12663286679,2469000,1
12.6658,5,12663286679,2469000,1
12.6708,6,12668294685,2469000,1
12.6708,12,12668294685,2469000,1
12.6736,7,12671092691,2496006,0
12.6761,3,12673651697,2469000,1
12.6761,9,12673651697,2469000,1
12.6786,10,12676127697,2496006,0
12.6812,7,12678677703,2496006,0
12.6837,10,12681218709,2496006,0
12.6888,10,12686291721,2496006,0
12.6913,9,12688814727,2496006,0
12.6938,7,12691337733,2469000,1
12.6938,10,12691337733,2469000,1
12.6963,1,12693804733,2496006,0
12.6988,8,12696354739,2469000,1
12.6988,5,12696354739,2469000,1
12.6988,6,12696354739,2469000,1
12.6988,12,12696354739,2469000,1
12.7013,9,12698848739,2469000,1
12.7013,10,12698848739,2469000,1
12.7038,1,12701315739,2469000,1
12.7038,9,12701317739,2469000,1
12.7089,1,12706406745,2496006,0
12.7114,1,12708929751,2496006,0
12.7139,6,12711461757,2469000,1
12.7139,1,12711461757,2469000,1
12.7164,1,12713937757,2496006,0
12.719,7,12716460763,2496006,0
12.724,7,12721533775,2496006,0
12.7266,1,12724074781,2496006,0
12.7292,7,12726687787,2469000,1
12.7292,2,12726687787,2469000,1
12.7342,1,12731695793,2496006,0
12.7367,7,12734236799,2496006,0
12.7393,10,12736795805,2496006,0
12.7418,12,12739318811,2496006,0
12.7443,12,12741841817,2469000,1
12.7471,7,12744621823,2469000,1
12.7471,6,12744621823,2469000,1
12.7496,1,12747088823,2469000,1
12.7496,9,12747088823,2469000,1
12.7521,12,12749609823,2496006,0
12.7546,12,12752132829,2496006,0
12.7572,10,12754682835,2496006,0
12.7622,10,12759737847,2496006,0
12.7648,12,12762269853,2496006,0
12.7673,1,12764828859,2496006,0
12.7699,7,12767360865,2496006,0
12.7724,7,12769883871,2496006,0
12.7752,12,12772737877,2469000,1
12.7752,7,12772737877,2469000,1
12.7802,10,12777727883,2496006,0
12.7828,10,12780259889,2496006,0
12.7853,1,12782809895,2496006,0
12.7878,10,12785341901,2496006,0
12.7904,10,12787900907,2496006,0
12.7929,7,12790423913,2496006,0
12.7954,1,12792946919,2469000,1
12.7954,7,12792946919,2469000,1
12.8005,7,12797990925,2496006,0
12.803,8,12800540931,2469000,1
12.803,10,12800540931,2469000,1
12.8055,12,12803007931,2496006,0
12.8081,4,12805557937,2496006,0
12.8106,12,12808080943,2496006,0
12.8131,5,12810621949,2469000,1
12.8156,4,12813106949,2469000,1
12.8156,7,12813106949,2469000,1
12.8181,12,12815600949,2496006,0
12.8206,10,12818123955,2496006,0
12.8232,1,12820655961,2496006,0
12.8257,9,12823187967,2469000,1
12.8257,10,12823187967,2469000,1
12.8282,12,12825654967,2496006,0
12.8307,12,12828195973,2469000,1
12.8332,12,12830671973,2496006,0
12.8357,12,12833203979,2496006,0
12.8382,1,12835726985,2496006,0
12.8408,12,12838303991,2496006,0
12.8433,4,12840826997,2496006,0
12.8458,1,12843350003,2496006,0
12.8487,7,12846204009,2496006,0
12.8512,10,12848727015,2469000,1
12.8537,4,12851194015,2469000,1
12.8537,6,12851194015,2469000,1
12.8562,1,12853688015,2496006,0
12.8612,12,12858752027,2496006,0
12.8638,1,12861284033,2496006,0
12.8663,4,12863825039,2496006,0
12.8688,7,12866348045,2496006,0
12.8714,4,12868898051,2469000,1
12.8714,12,12868898051,2469000,1
12.8739,1,12871374051,2496006,0
12.8767,5,12874210057,2496006,0
12.8792,7,12876733063,2496006,0
12.8818,7,12879256069,2496006,0
12.8843,10,12881779075,2496006,0
12.8893,5,12886834087,2469000,1
12.8893,12,12886834087,2469000,1
12.8918,7,12889301087,2496006,0
12.8943,4,12891842093,2496006,0
12.8969,1,12894365099,2496006,0
12.8994,10,12896897105,2496006,0
12.9019,4,12899420111,2496006,0
12.9045,1,12901961117,2496006,0
12.907,1,12904493123,2496006,0
12.9095,10,12907016129,2469000,1
12.9095,9,12907016129,2469000,1
12.912,10,12909485129,2496006,0
12.9145,4,12912017135,2469000,1
12.9145,7,12912017135,2469000,1
12.9195,2,12917052141,2469000,1
12.9195,12,12917052141,2469000,1
12.922,10,12919537141,2496006,0
12.9245,5,12922060147,2469000,1
12.9245,1,12922060147,2469000,1
12.9271,10,12924608147,2469000,1
12.9271,5,12924608147,2469000,1
12.9296,4,12927120147,2469000,1
12.9296,10,12927120147,2469000,1
12.9321,7,12929596147,2496006,0
12.9372,3,12934669159,2496006,0
12.9397,1,12937201165,2496006,0
12.9422,3,12939724171,2496006,0
12.9448,7,12942274177,2496006,0
12.9473,7,12944797183,2496006,0
12.9501,10,12947642189,2469000,1
12.9501,7,12947642189,2469000,1
12.9526,3,12950127189,2469000,1
12.9526,4,12950127189,2469000,1
12.9576,1,12955135195,2496006,0
12.9602,12,12957658201,2496006,0
12.9627,10,12960199207,2496006,0
12.9652,7,12962722213,2496006,0
12.9678,1,12965254219,2496006,0
12.9703,7,12967804225,2496006,0
12.9728,10,12970327231,2496006,0
12.9753,12,12972850237,2469000,1
12.9753,3,12972850237,2469000,1
12.9778,7,12975317237,2496006,0
12.9806,12,12978153243,2496006,0
12.9857,5,12983208255,2496006,0
12.9882,7,12985740261,2469000,1
12.9882,1,12985740261,2469000,1
12.9907,10,12988225261,2496006,0
12.9932,12,12990748267,2496006,0
12.9958,5,12993289273,2496006,0
12.9983,12,12995830279,2496006,0
13.0009,12,12998389285,2496006,0
13.0034,7,13000921291,2469000,1
13.0034,10,13000921291,2469000,1
13.0059,10,13003397291,2496006,0
13.0109,10,13008443303,2496006,0
13.0135,5,13010975309,2496006,0
13.016,5,13013498315,2496006,0
13.0185,12,13016039321,2496006,0
13.0187,13,13018562327,121000,1
13.021,10,13018562327,2469000,1
13.0235,1,13021029327,2496006,0
13.0238,13,13023606333,152006,0
13.0263,1,13023785339,2469000,1
13.0287,10,13026252339,2496006,0
13.0312,4,13028775345,2469000,1
13.0312,5,13028775345,2469000,1
13.0337,3,13031242345,2496006,0
13.0388,12,13036297357,2469000,1
13.0388,3,13036297357,2469000,1
13.0413,12,13038773357,2496006,0
13.0437,13,13041296363,2390472,0
13.0464,1,13043892835,2496006,0
13.0489,5,13046415841,2469000,1
13.0489,3,13046415841,2469000,1
13.0514,1,13048909841,2469000,1
13.0514,10,13048909841,2469000,1
13.0514,13,13048909841,2469000,1
13.0542,1,13051707847,2496006,0
13.0567,12,13054239853,2496006,0
13.0619,1,13059366865,2496006,0
13.0644,12,13061889871,2496006,0
13.0669,7,13064421877,2496006,0
13.0694,7,13066953883,2496006,0
13.072,10,13069485889,2496006,0
13.0745,12,13072008895,2496006,0
13.0771,7,13074558901,2496006,0
13.0796,13,13077081907,2496006,0
13.0824,1,13079917913,2496006,0
13.0849,7,13082440919,2496006,0
13.0874,10,13084963925,2469000,1
13.0874,13,13084963925,2469000,1
13.0899,3,13087439925,2496006,0
13.0924,12,13089962931,2469000,1
13.0924,10,13089962931,2469000,1
13.0975,7,13094961937,2496006,0
13.1,3,13097493943,2496006,0
13.1025,8,13100016949,2496006,0
13.105,1,13102539955,2496006,0
13.1076,1,13105071961,2496006,0
13.1101,13,13107612967,2496006,0
13.1126,1,13110144973,2496006,0
13.1152,5,13112667979,2496006,0
13.1177,1,13115190985,2496006,0
13.1202,5,13117713991,2496006,0
13.1227,7,13120236997,2496006,0
13.1253,3,13122760003,2496006,0
13.1278,12,13125283009,2496006,0
13.1303,8,13127815015,2496006,0
13.1328,5,13130338021,2496006,0
13.1354,13,13132861027,2496006,0
13.1379,1,13135393033,2496006,0
13.1404,12,13137916039,2496006,0
13.1429,1,13140439045,2496006,0
13.148,8,13145494057,2496006,0
13.1505,10,13148017063,2469000,1
13.1505,1,13148017063,2469000,1
13.153,7,13150484063,2469000,1
13.153,3,13150484063,2469000,1
13.1558,7,13153282069,2496006,0
13.1583,5,13155805075,2496006,0
13.1608,13,13158337081,2496006,0
13.1633,8,13160860087,2469000,1
13.1633,5,13160860087,2469000,1
13.1658,12,13163336087,2496006,0
13.1684,7,13165859093,2496006,0
13.1709,13,13168409099,2496006,0
13.1734,12,13170950105,2496006,0
13.176,7,13173509111,2496006,0
13.1785,7,13176050117,2496006,0
13.181,13,13178573123,2469000,1
13.181,3,13178573123,2469000,1
13.1838,12,13181353129,2496006,0
13.1864,1,13183903135,2469000,1
13.1864,5,13183903135,2469000,1
13.1889,8,13186370135,2496006,0
13.1939,7,13191416147,2469000,1
13.1939,5,13191416147,2469000,1
13.1964,3,13193928147,2496006,0
13.1989,12,13196460153,2469000,1
13.1989,7,13196460153,2469000,1
13.2015,8,13198963153,2496006,0
13.204,8,13201495159,2496006,0
13.2065,13,13204018165,2496006,0
13.2091,3,13206568171,2496006,0
13.2116,13,13209109177,2496006,0
13.2141,12,13211632183,2496006,0
13.2167,3,13214173189,2496006,0
13.2192,8,13216696195,2496006,0
13.2243,12,13221787207,2496006,0
13.2268,13,13224319213,2496006,0
13.2293,3,13226842219,2496006,0
13.2319,3,13229392225,2496006,0
13.2344,8,13231915231,2496006,0
13.2369,1,13234447237,2496006,0
13.2395,7,13236970243,2496006,0
13.242,12,13239493249,2496006,0
13.2445,8,13242016255,2496006,0
13.2471,13,13244566261,2496006,0
13.2496,8,13247089267,2496006,0
13.2521,12,13249612273,2496006,0
13.2546,3,13252144279,2496006,0
13.2575,12,13254980285,2496006,0
13.26,1,13257503291,2469000,1
13.2624,13,13259979291,2469000,1
13.2624,7,13259979291,2469000,1
13.2649,4,13262446291,2469000,1
13.2649,7,13262448291,2469000,1
13.2674,1,13264915291,2496006,0
13.2699,8,13267447297,2496006,0
13.2725,13,13270006303,2496006,0
13.275,3,13272529309,2496006,0
13.2775,8,13275052315,2496006,0
13.2801,12,13277575321,2496006,0
13.2826,1,13280098327,2469000,1
13.2826,8,13280098327,2469000,1
13.2851,8,13282592327,2496006,0
13.288,12,13285464333,2496006,0
13.2905,13,13287987339,2469000,1
13.2905,3,13287987339,2469000,1
13.293,10,13290463339,2496006,0
13.2955,10,13292986345,2496006,0
13.298,8,13295509351,2496006,0
13.3005,3,13298032357,2469000,1
13.303,12,13300517357,2496006,0
13.3055,9,13303040363,2496006,0
13.308,10,13305563369,2469000,1
13.308,3,13305563369,2469000,1
13.308,12,13305563369,2469000,1
13.3105,9,13308030369,2496006,0
13.3131,1,13310571375,2496006,0
13.3156,9,13313094381,2496006,0
13.3181,1,13315617387,2496006,0
13.3206,8,13318149393,2496006,0
13.3232,1,13320672399,2496006,0
13.3257,8,13323195405,2496006,0
13.3282,9,13325727411,2496006,0
13.3308,9,13328268417,2496006,0
13.3333,7,13330809423,2469000,1
13.3333,13,13330809423,2469000,1
13.3357,8,13333276423,2469000,1
13.3357,5,13333276423,2469000,1
13.3383,1,13335770423,2496006,0
13.3408,9,13338293429,2469000,1
13.3408,1,13338293429,2469000,1
13.3432,10,13340769429,2469000,1
13.3432,3,13340769429,2469000,1
13.3458,12,13343254429,2496006,0
13.3508,9,13348318441,2496006,0
13.3533,12,13350850447,2496006,0
13.3559,9,13353373453,2496006,0
13.3584,9,13355941459,2496006,0
13.3613,8,13358795465,2496006,0
13.3638,12,13361318471,2496006,0
13.3664,8,13363895477,2469000,1
13.3664,13,13363895477,2469000,1
13.3689,1,13366362477,2496006,0
13.3714,12,13368885483,2469000,1
13.3714,1,13368885483,2469000,1
13.3739,9,13371370483,2496006,0
13.3764,9,13373920489,2496006,0
13.3815,1,13379011501,2496006,0
13.384,12,13381534507,2496006,0
13.3866,7,13384066513,2496006,0
13.3894,1,13386938519,2496006,0
13.3919,10,13389461525,2469000,1
13.3919,8,13389461525,2469000,1
13.3919,9,13389461525,2469000,1
13.3944,12,13391937525,2496006,0
13.3969,1,13394469531,2469000,1
13.3969,9,13394469531,2469000,1
13.3995,7,13396954531,2496006,0
13.402,1,13399477537,2496006,0
13.4045,13,13402009543,2469000,1
13.4045,7,13402009543,2469000,1
13.407,10,13404476543,2496006,0
13.412,10,13409531555,2496006,0
13.4146,12,13412054561,2496006,0
13.4171,1,13414613567,2496006,0
13.4197,10,13417163573,2496006,0
13.4222,1,13419686579,2469000,1
13.4222,10,13419686579,2469000,1
13.4246,12,13422153579,2496006,0
13.4272,11,13424676585,2496006,0
13.4297,4,13427208591,2496006,0
13.4322,7,13429749597,2496006,0
13.4348,12,13432281603,2496006,0
13.4373,11,13434822609,2469000,1
13.4398,10,13437307609,2496006,0
13.4423,4,13439848615,2469000,1
13.4423,1,13439848615,2469000,1
13.4423,10,13439848615,2469000,1
13.4448,7,13442315615,2496006,0
13.4473,7,13444847621,2496006,0
13.4499,12,13447370627,2496006,0
13.4524,10,13449902633,2469000,1
13.4524,7,13449902633,2469000,1
13.4549,4,13452432633,2496006,0
13.4574,12,13454955639,2469000,1
13.4574,7,13454955639,2469000,1
13.4599,8,13457431639,2496006,0
13.4653,9,13462790651,2496006,0
13.4678,11,13465313657,2469000,1
13.4678,8,13465313657,2469000,1
13.4703,6,13467807657,2496006,0
13.4728,4,13470330663,2469000,1
13.4728,6,13470330663,2469000,1
13.4753,9,13472806663,2496006,0
13.4778,5,13475356669,2469000,1
13.4778,11,13475356669,2469000,1
13.4803,9,13477841669,2469000,1
13.4803,12,13477841669,2469000,1
13.4828,7,13480308669,2496006,0
13.4853,8,13482849675,2496006,0
13.4879,4,13485372681,2496006,0
13.4932,8,13490740693,2496006,0
13.4958,7,13493263699,2496006,0
13.4983,4,13495804705,2496006,0
13.5008,7,13498336711,2469000,1
13.5008,9,13498336711,2469000,1
13.5033,8,13500830711,2469000,1
13.5033,1,13500830711,2469000,1
13.5058,6,13503297711,2469000,1
13.5058,12,13503297711,2469000,1
13.5083,10,13505782711,2496006,0
13.5108,10,13508323717,2496006,0
13.5134,4,13510855723,2496006,0
13.5184,7,13515919735,2496006,0
13.521,10,13518478741,2496006,0
13.5235,7,13521019747,2469000,1
13.5235,8,13521019747,2469000,1
13.526,9,13523495747,2496006,0
13.5285,4,13526027753,2496006,0
13.531,7,13528559759,2469000,1
13.531,9,13528559759,2469000,1
13.5336,10,13531062759,2496006,0
13.5386,4,13536144771,2496006,0
13.5412,1,13538667777,2496006,0
13.5437,10,13541208783,2496006,0
13.5462,4,13543731789,2496006,0
13.5488,9,13546281795,2496006,0
13.5513,11,13548804801,2469000,1
13.5513,6,13548804801,2469000,1
13.5538,7,13551289801,2496006,0
13.5563,1,13553812807,2496006,0
13.5614,10,13558858819,2496006,0
13.5642,9,13561694825,2496006,0
13.5667,9,13564226831,2496006,0
13.5693,4,13566758837,2496006,0
13.5718,1,13569281843,2496006,0
13.5743,3,13571822849,2469000,1
13.5743,10,13571822849,2469000,1
13.5768,9,13574307849,2469000,1
13.5768,7,13574307849,2469000,1
13.5793,1,13576819849,2496006,0
13.5818,10,13579342855,2496006,0
13.5843,9,13581865861,2469000,1
13.5868,4,13584332861,2496006,0
13.5893,10,13586873867,2469000,1
13.5893,6,13586873867,2469000,1
13.5918,1,13589349867,2496006,0
13.5947,4,13592194873,2496006,0
13.5972,8,13594726879,2496006,0
13.5997,4,13597276885,2469000,1
13.5997,1,13597276885,2469000,1
13.6023,10,13599761885,2496006,0
13.6048,8,13602302891,2469000,1
13.6048,10,13602302891,2469000,1
13.6072,7,13604778891,2469000,1
13.6098,7,13607263891,2496006,0
13.6123,12,13609786897,2496006,0
13.6148,1,13612309903,2469000,1
13.6148,7,13612309903,2469000,1
13.6172,10,13614776903,2469000,1
13.6172,12,13614776903,2469000,1
13.6197,9,13617243903,2469000,1
13.6197,7,13617243903,2469000,1
13.6222,8,13619737903,2496006,0
13.6248,12,13622269909,2496006,0
13.6273,4,13624792915,2469000,1
13.6273,8,13624792915,2469000,1
13.6298,12,13627295915,2496006,0
13.6323,4,13629827921,2469000,1
13.6373,12,13634828927,2496006,0
13.6398,12,13637351933,2496006,0
13.6424,8,13639901939,2496006,0
13.645,8,13642478945,2496006,0
13.6475,12,13645037951,2496006,0
13.6501,13,13647569957,2496006,0
13.6526,8,13650092963,2469000,1
13.6551,8,13652586963,2496006,0
13.6576,13,13655109969,2496006,0
13.6601,1,13657641975,2496006,0
13.6627,10,13660173981,2496006,0
13.6652,12,13662696987,2496006,0
13.668,8,13665550993,2496006,0
13.6706,12,13668073999,2496006,0
13.6731,10,13670606005,2496006,0
13.6756,1,13673129011,2496006,0
13.6807,10,13678193023,2469000,1
13.6807,7,13678193023,2469000,1
13.6807,13,13678193023,2469000,1
13.6831,12,13680678023,2469000,1
13.6831,8,13680678023,2469000,1
13.6856,1,13683145023,2496006,0
13.6882,12,13685686029,2496006,0
13.6907,1,13688236035,2496006,0
13.6933,1,13690777041,2496006,0
13.6961,12,13693622047,2496006,0
13.7012,9,13698686059,2496006,0
13.7037,1,13701218065,2496006,0
13.7062,11,13703741071,2496006,0
13.7088,10,13706264077,2496006,0
13.7113,13,13708787083,2469000,1
13.7113,1,13708787083,2469000,1
13.7137,12,13711272083,2469000,1
13.7137,8,13711272083,2469000,1
13.7163,9,13713766083,2496006,0
13.7188,8,13716298089,2496006,0
13.7213,11,13718821095,2469000,1
13.7213,12,13718821095,2469000,1
13.7238,8,13721297095,2469000,1
13.7238,11,13721297095,2469000,1
13.7262,10,13723764095,2469000,1
13.7288,9,13726267095,2496006,0
13.7314,1,13728889101,2496006,0
13.7339,10,13731421107,2496006,0
13.7364,9,13733953113,2496006,0
13.739,6,13736476119,2496006,0
13.7415,1,13739008125,2469000,1
13.744,9,13741484125,2469000,1
13.744,6,13741484125,2469000,1
13.7465,8,13743978125,2496006,0
13.749,13,13746501131,2496006,0
13.7515,10,13749033137,2469000,1
13.7515,6,13749033137,2469000,1
13.7515,13,13749033137,2469000,1
13.754,5,13751509137,2496006,0
13.7565,8,13754032143,2469000,1
13.7565,4,13754032143,2469000,1
13.759,9,13756499143,2496006,0
13.7641,1,13761608155,2496006,0
13.7667,9,13764158161,2496006,0
13.7695,1,13766994167,2469000,1
13.7695,5,13766994167,2469000,1
13.772,1,13769470167,2496006,0
13.7745,7,13771993173,2496006,0
13.777,12,13774525179,2496006,0
13.7795,13,13777048185,2469000,1
13.7795,1,13777048185,2469000,1
13.7845,9,13782047191,2496006,0
13.7871,11,13784588197,2469000,1
13.7871,10,13784588197,2469000,1
13.7871,8,13784588197,2469000,1
13.7896,12,13787064197,2496006,0
13.7921,12,13789605203,2496006,0
13.7946,7,13792137209,2496006,0
13.7971,12,13794678215,2469000,1
13.7971,7,13794678215,2469000,1
13.7999,5,13797458221,2469000,1
13.7999,1,13797458221,2469000,1
13.7999,12,13797458221,2469000,1
13.8024,9,13799934221,2496006,0
13.8075,6,13805007233,2496006,0
13.81,6,13807539239,2496006,0
13.8126,10,13810098245,2496006,0
13.8151,9,13812621251,2496006,0
13.8177,10,13815180257,2496006,0
13.8202,9,13817721263,2469000,1
13.8202,1,13817721263,2469000,1
13.8227,6,13820188263,2496006,0
13.8277,10,13825234275,2469000,1
13.8277,7,13825234275,2469000,1
13.8302,12,13827710275,2496006,0
13.8327,6,13830242281,2496006,0
13.8353,13,13832801287,2469000,1
13.8353,10,13832801287,2469000,1
13.8378,6,13835313287,2469000,1
13.8378,12,13835313287,2469000,1
13.8403,1,13837780287,2496006,0
13.8453,8,13842844299,2496006,0
13.8479,5,13845376305,2496006,0
13.8504,9,13847899311,2496006,0
13.8529,1,13850449317,2469000,1
13.8529,12,13850449317,2469000,1
13.8555,5,13852961317,2496006,0
13.858,8,13855493323,2469000,1
13.858,9,13855493323,2469000,1
13.858,1,13855493323,2469000,1
13.863,8,13860510329,2496006,0
13.8655,6,13863051335,2496006,0
13.8681,5,13865574341,2496006,0
13.8706,6,13868097347,2496006,0
13.8734,8,13870933353,2496006,0
13.876,6,13873483359,2496006,0
13.8785,5,13876015365,2496006,0
13.881,10,13878547371,2469000,1
13.8835,5,13881014371,2496006,0
13.8861,9,13883564377,2496006,0
13.8886,6,13886087383,2496006,0
13.8911,5,13888610389,2469000,1
13.8911,8,13888610389,2469000,1
13.8936,6,13891086389,2496006,0
13.8961,7,13893609395,2496006,0
13.8986,6,13896132401,2496006,0
13.9015,7,13898986407,2496006,0
13.904,11,13901509413,2469000,1
13.904,8,13901509413,2469000,1
13.904,6,13901509413,2469000,1
13.9065,12,13903994413,2496006,0
13.909,10,13906517419,2469000,1
13.9115,8,13908984419,2496006,0
13.914,9,13911507425,2496006,0
13.9166,12,13914057431,2496006,0
13.9191,12,13916580437,2496006,0
13.9216,8,13919112443,2469000,1
13.9216,7,13919112443,2469000,1
13.9241,7,13921581443,2496006,0
13.9266,1,13924122449,2496006,0
13.9291,12,13926645455,2469000,1
13.9291,9,13926645455,2469000,1
13.9316,9,13929114455,2496006,0
13.9341,5,13931637461,2496006,0
13.9366,7,13934160467,2469000,1
13.9366,1,13934160467,2469000,1
13.9391,6,13936636467,2496006,0
13.9417,9,13939168473,2496006,0
13.9442,5,13941691479,2469000,1
13.9442,1,13941691479,2469000,1
13.9442,9,13941691479,2469000,1
13.9466,9,13944167479,2469000,1
13.9491,8,13946643479,2469000,1
13.9542,6,13951671485,2496006,0
13.9567,6,13954230491,2496006,0
13.9593,12,13956771497,2496006,0
13.9618,12,13959294503,2496006,0
13.9643,9,13961826509,2496006,0
13.9668,7,13964349515,2496006,0
13.9694,6,13966881521,2496006,0
13.9719,5,13969413527,2496006,0
13.9747,9,13972258533,2469000,1
13.9747,6,13972258533,2469000,1
13.9772,12,13974725533,2496006,0
13.9798,13,13977257539,2496006,0
13.9823,13,13979780545,2496006,0
13.9848,7,13982312551,2496006,0
13.9898,12,13987367563,2469000,1
13.9898,7,13987367563,2469000,1
13.9923,11,13989861563,2469000,1
13.9923,1,13989861563,2469000,1
13.9948,5,13992328563,2496006,0
13.9973,7,13994851569,2496006,0
13.9999,10,13997383575,2496006,0
14.0024,13,13999906581,2496006,0
14.0052,4,14002742587,2469000,1
14.0052,9,14002742587,2469000,1
14.0077,12,14005209587,2496006,0
14.0102,10,14007732593,2469000,1
14.0102,13,14007732593,2469000,1
14.0127,5,14010199593,2496006,0
14.0152,6,14012749599,2496006,0
14.0178,8,14015272605,2496006,0
14.0203,9,14017795611,2496006,0
14.0228,7,14020336617,2469000,1
14.0228,12,14020336617,2469000,1
14.0229,14,14022803617,121000,1
14.0253,9,14022803617,2469000,1
14.0278,7,14025270617,2496006,0
14.0303,6,14027793623,2496006,0
14.0354,5,14032857635,2496006,0
14.0379,6,14035398641,2469000,1
14.0379,8,14035398641,2469000,1
14.0379,9,14035398641,2469000,1
14.0404,10,14037865641,2496006,0
14.0429,7,14040388647,2496006,0
14.0454,2,14042920653,2496006,0
14.048,2,14045470659,2496006,0
14.0505,13,14048002665,2469000,1
14.0505,2,14048002665,2469000,1
14.053,5,14050469665,2496006,0
14.0555,7,14052992671,2469000,1
14.0555,5,14052992671,2469000,1
14.058,12,14055468671,2496006,0
14.0605,10,14058000677,2496006,0
14.063,12,14060532683,2496006,0
14.0656,8,14063064689,2496006,0
14.0657,14,14065587695,152006,0
14.0682,6,14065766701,2469000,1
14.0682,8,14065766701,2469000,1
14.0707,7,14068242701,2496006,0
14.0733,7,14070765707,2496006,0
14.0761,8,14073601713,2496006,0
14.0786,13,14076124719,2469000,1
14.0786,7,14076124719,2469000,1
14.0836,10,14081123725,2496006,0
14.0861,1,14083646731,2496006,0
14.0887,12,14086169737,2496006,0
14.0912,8,14088710743,2496006,0
14.0936,14,14091242749,2390472,0
14.0962,8,14093660221,2496006,0
14.0987,6,14096183227,2496006,0
14.1012,12,14098715233,2469000,1
14.1012,2,14098715233,2469000,1
14.1012,5,14098715233,2469000,1
14.1037,10,14101191233,2496006,0
14.1065,7,14104027239,2469000,1
14.1065,10,14104027239,2469000,1
14.109,8,14106494239,2469000,1
14.109,1,14106494239,2469000,1
14.1115,10,14108979239,2496006,0
14.1142,13,14111690245,2496006,0
14.1167,6,14114213251,2469000,1
14.1167,2,14114213251,2469000,1
14.1167,13,14114213251,2469000,1
14.1192,14,14116680251,2496006,0
14.1217,12,14119203257,2496006,0
14.1242,9,14121753263,2496006,0
14.1268,1,14124276269,2496006,0
14.1293,10,14126808275,2496006,0
14.1318,13,14129349281,2496006,0
14.1369,12,14134395293,2496006,0
14.1394,13,14136918299,2496006,0
14.1419,14,14139441305,2469000,1
14.1419,12,14139441305,2469000,1
14.1444,8,14141908305,2496006,0
14.1469,9,14144431311,2496006,0
14.1495,1,14146954317,2496006,0
14.152,12,14149477323,2496006,0
14.1545,8,14152000329,2496006,0
14.157,9,14154523335,2496006,0
14.1595,8,14157046341,2496006,0
14.1621,9,14159569347,2496006,0
14.1646,10,14162092353,2469000,1
14.1646,13,14162092353,2469000,1
14.1671,6,14164559353,2496006,0
14.1696,12,14167109359,2469000,1
14.1696,13,14167109359,2469000,1
14.1721,9,14169585359,2496006,0
14.1746,8,14172117365,2469000,1
14.1746,2,14172117365,2469000,1
14.1771,1,14174584365,2496006,0
14.1799,12,14177438371,2496006,0
14.1825,6,14179979377,2496006,0
14.185,14,14182502383,2469000,1
14.185,9,14182502383,2469000,1
14.185,8,14182502383,2469000,1
14.1875,13,14184978383,2496006,0
14.19,5,14187501389,2469000,1
14.19,1,14187501389,2469000,1
14.1925,3,14190004389,2469000,1
14.1925,6,14190004389,2469000,1
14.1925,14,14190004389,2469000,1
14.195,12,14192489389,2469000,1
14.195,8,14192489389,2469000,1
14.195,13,14192489389,2469000,1
14.1975,7,14194956389,2496006,0
14.2,10,14197497395,2469000,1
14.2,8,14197497395,2469000,1
14.2025,2,14199973395,2496006,0
14.205,7,14202514401,2469000,1
14.205,13,14202514401,2469000,1
14.2078,2,14205303407,2496006,0
14.2103,9,14207844413,2496006,0
14.2129,12,14210367419,2496006,0
14.2154,2,14212917425,2469000,1
14.2154,6,14212917425,2469000,1
14.2179,12,14215384425,2469000,1
14.2179,1,14215384425,2469000,1
14.2204,10,14217860425,2496006,0
14.2229,6,14220401431,2496006,0
14.2254,9,14222951437,2496006,0
14.228,7,14225474443,2496006,0
14.2305,6,14228024449,2469000,1
14.2305,2,14228024449,2469000,1
14.233,9,14230509449,2469000,1
14.233,10,14230509449,2469000,1
14.2355,7,14232985449,2496006,0
14.238,7,14235517455,2496006,0
14.2431,7,14240572467,2496006,0
14.2456,6,14243095473,2469000,1
14.2456,9,14243095473,2469000,1
14.248,14,14245562473,2469000,1
14.248,7,14245562473,2469000,1
14.2505,8,14248047473,2496006,0
14.2531,8,14250570479,2496006,0
14.2556,12,14253102485,2496006,0
14.2581,4,14255661491,2469000,1
14.2581,2,14255661491,2469000,1
14.2581,7,14255661491,2469000,1
14.2606,5,14258146491,2496006,0
14.2631,8,14260669497,2469000,1
14.2631,5,14260669497,2469000,1
14.2656,12,14263136497,2496006,0
14.2682,10,14265668503,2496006,0
14.2707,10,14268200509,2496006,0
14.2732,8,14270723515,2496006,0
14.2757,12,14273246521,2469000,1
14.2757,8,14273246521,2469000,1
14.2782,9,14275731521,2496006,0
14.2811,13,14278567527,2496006,0
14.2836,7,14281099533,2496006,0
14.2861,5,14283622539,2496006,0
14.2912,10,14288677551,2496006,0
14.2937,13,14291200557,2496006,0
14.2962,1,14293750563,2469000,1
14.2962,8,14293750563,2469000,1
14.2962,9,14293750563,2469000,1
14.2987,13,14296217563,2469000,1
14.2987,7,14296217563,2469000,1
14.3012,9,14298693563,2496006,0
14.3037,5,14301216569,2496006,0
14.3062,14,14303739575,2496006,0
14.3088,10,14306280581,2496006,0
14.3116,5,14309143587,2469000,1
14.3116,10,14309143587,2469000,1
14.3141,14,14311610587,2496006,0
14.3166,9,14314133593,2496006,0
14.3191,12,14316656599,2469000,1
14.3191,14,14316656599,2469000,1
14.3216,6,14319141599,2496006,0
14.3242,9,14321673605,2496006,0
14.3267,1,14324196611,2496006,0
14.3292,7,14326719617,2496006,0
14.3318,9,14329278623,2496006,0
14.3343,7,14331810629,2496006,0
14.3368,6,14334333635,2469000,1
14.3393,13,14336800635,2496006,0
14.3418,1,14339323641,2496006,0
14.3443,14,14341846647,2496006,0
14.3468,7,14344369653,2469000,1
14.3468,10,14344369653,2469000,1
14.3468,13,14344369653,2469000,1
14.3493,5,14346836653,2469000,1
14.3493,14,14346836653,2469000,1
14.3518,9,14349303653,2496006,0
14.3543,6,14351826659,2496006,0
14.3568,13,14354358665,2469000,1
14.3568,9,14354358665,2469000,1
14.3593,10,14356825665,2469000,1
14.3593,6,14356825665,2469000,1
14.3618,6,14359294665,2496006,0
14.3643,6,14361835671,2496006,0
14.3668,1,14364358677,2469000,1
14.3668,6,14364358677,2469000,1
14.3694,7,14366879677,2496006,0
14.3719,12,14369429683,2496006,0
14.3745,9,14371961689,2496006,0
14.377,7,14374511695,2469000,1
14.377,8,14374511695,2469000,1
14.3795,9,14376978695,2496006,0
14.382,14,14379501701,2496006,0
14.3873,12,14384869713,2469000,1
14.3873,13,14384869713,2469000,1
14.3899,5,14387381713,2469000,1
14.3899,1,14387381713,2469000,1
14.3899,6,14387381713,2469000,1
14.3924,14,14389875713,2496006,0
14.3949,9,14392398719,2469000,1
14.3949,14,14392398719,2469000,1
14.3974,12,14394874719,2496006,0
14.3999,7,14397397725,2496006,0
14.4024,1,14399947731,2496006,0
14.405,1,14402506737,2496006,0
14.4075,2,14405047743,2496006,0
14.4101,1,14407570749,2496006,0
14.4129,7,14410406755,2496006,0
14.4154,14,14412929761,2469000,1
14.4154,12,14412929761,2469000,1
14.4179,9,14415414761,2496006,0
14.423,1,14420487773,2496006,0
14.4255,2,14423028779,2469000,1
14.4255,1,14423028779,2469000,1
14.428,7,14425495779,2469000,1
14.428,2,14425497779,2469000,1
14.4305,9,14427973779,2496006,0
14.4331,12,14430568785,2496006,0
14.4356,9,14433109791,2496006,0
14.4382,6,14435659797,2496006,0
14.4407,12,14438200803,2496006,0
14.4458,7,14443264815,2496006,0
14.4483,6,14445787821,2496006,0
14.4508,7,14448310827,2496006,0
14.4533,1,14450833833,2496006,0
14.4559,9,14453356839,2496006,0
14.4584,2,14455879845,2496006,0
14.4609,9,14458402851,2496006,0
14.4634,7,14460934857,2469000,1
14.4634,2,14460934857,2469000,1
14.4659,1,14463428857,2469000,1
14.4659,12,14463428857,2469000,1
14.4684,6,14465895857,2496006,0
14.4709,13,14468418863,2496006,0
14.4734,9,14470959869,2469000,1
14.4734,6,14470959869,2469000,1
14.4785,13,14475958875,2496006,0
14.481,12,14478517881,2496006,0
14.4835,14,14481049887,2496006,0
14.4864,12,14483903893,2496006,0
14.4889,13,14486426899,2496006,0
14.4914,10,14488949905,2496006,0
14.494,14,14491481911,2469000,1
14.494,7,14491481911,2469000,1
14.494,6,14491481911,2469000,1
14.494,13,14491481911,2469000,1
14.4965,12,14493957911,2496006,0
14.499,2,14496480917,2496006,0
14.5015,10,14499021923,2496006,0
14.504,1,14501553929,2496006,0
14.5065,12,14504076935,2469000,1
14.5065,9,14504076935,2469000,1
14.5065,10,14504076935,2469000,1
14.509,1,14506543935,2496006,0
14.5141,9,14511589947,2496006,0
14.517,2,14514461953,2496006,0
14.5195,14,14516993959,2496006,0
14.522,1,14519516965,2469000,1
14.522,8,14519516965,2469000,1
14.522,7,14519516965,2469000,1
14.5245,7,14522001965,2496006,0
14.527,5,14524524971,2469000,1
14.527,1,14524524971,2469000,1
14.5295,9,14527000971,2496006,0
14.532,7,14529523977,2496006,0
14.5345,12,14532046983,2496006,0
14.537,14,14534569989,2469000,1
14.537,7,14534569989,2469000,1
14.5395,13,14537036989,2469000,1
14.5395,14,14537038989,2469000,1
14.542,10,14539505989,2469000,1
14.542,12,14539505989,2469000,1
14.5445,2,14541972989,2496006,0
14.547,9,14544513995,2496006,0
14.5495,6,14547037001,2496006,0
14.5521,3,14549560007,2496006,0
14.5571,9,14554615019,2469000,1
14.5571,3,14554615019,2469000,1
14.5596,2,14557082019,2469000,1
14.5596,12,14557082019,2469000,1
14.562,6,14559549019,2496006,0
14.5646,6,14562144025,2496006,0
14.5672,6,14564712031,2469000,1
14.5672,7,14564712031,2469000,1
14.5672,9,14564712031,2469000,1
14.5697,14,14567215031,2496006,0
14.5723,2,14569756037,2496006,0
14.5748,14,14572288043,2469000,1
14.5748,7,14572288043,2469000,1
14.5748,9,14572288043,2469000,1
14.5773,2,14574755043,2496006,0
14.5798,12,14577278049,2496006,0
14.5823,12,14579801055,2496006,0
14.5848,3,14582324061,2496006,0
14.5873,3,14584847067,2469000,1
14.5901,12,14587627073,2496006,0
14.5927,2,14590159079,2496006,0
14.5952,6,14592682085,2496006,0
14.5977,7,14595205091,2496006,0
14.6002,13,14597728097,2496006,0
14.6027,13,14600251103,2496006,0
14.6053,11,14602783109,2496006,0
14.6078,10,14605333115,2496006,0
14.6103,1,14607856121,2469000,1
14.6103,10,14607856121,2469000,1
14.6128,11,14610323121,2469000,1
14.6128,13,14610323121,2469000,1
14.6128,6,14610323121,2469000,1
14.6128,2,14610323121,2469000,1
14.6153,9,14612790121,2496006,0
14.6181,7,14615626127,2469000,1
14.6181,12,14615626127,2469000,1
14.6206,14,14618093127,2496006,0
14.6231,6,14620616133,2496006,0
14.6257,10,14623166139,2496006,0
14.6282,9,14625698145,2496006,0
14.6307,7,14628221151,2496006,0
14.6332,10,14630744157,2469000,1
14.6357,6,14633211157,2496006,0
14.6382,3,14635734163,2496006,0
14.6408,7,14638257169,2496006,0
14.6433,14,14640780175,2496006,0
14.6458,2,14643330181,2496006,0
14.6484,9,14645862187,2496006,0
14.6509,10,14648385193,2469000,1
14.6509,2,14648385193,2469000,1
14.6533,7,14650852193,2469000,1
14.6533,2,14650854193,2469000,1
14.6558,3,14653330193,2496006,0
14.6583,14,14655871199,2469000,1
14.6583,6,14655871199,2469000,1
14.6608,7,14658338199,2496006,0
14.6633,11,14660861205,2469000,1
14.6633,13,14660861205,2469000,1
14.6633,12,14660861205,2469000,1
14.6658,7,14663337205,2496006,0
14.6684,7,14665860211,2496006,0
14.6709,3,14668383217,2496006,0
14.6734,9,14670906223,2496006,0
14.676,14,14673474229,2496006,0
14.6785,3,14675997235,2496006,0
14.681,14,14678520241,2496006,0
14.6835,7,14681043247,2496006,0
14.686,3,14683566253,2469000,1
14.6885,6,14686033253,2469000,1
14.6938,9,14691347265,2496006,0
14.6964,14,14693870271,2496006,0
14.6989,7,14696393277,2496006,0
14.7014,3,14698916283,2496006,0
14.7039,7,14701439289,2496006,0
14.7064,9,14703962295,2469000,1
14.7064,13,14703962295,2469000,1
14.7089,2,14706438295,2496006,0
14.7115,7,14708961301,2496006,0
14.714,10,14711484307,2496006,0
14.7165,11,14714016313,2496006,0
14.7191,3,14716575319,2496006,0
14.7219,11,14719411325,2469000,1
14.7219,8,14719411325,2469000,1
14.7219,14,14719411325,2469000,1
14.7244,7,14721878325,2496006,0
14.7269,6,14724401331,2469000,1
14.7269,9,14724401331,2469000,1
14.7294,10,14726886331,2469000,1
14.7294,2,14726886331,2469000,1
14.7318,7,14729353331,2496006,0
14.7344,3,14731894337,2496006,0
14.7369,7,14734444343,2496006,0
14.7395,3,14736976349,2496006,0
14.7445,3,14742067361,2469000,1
14.7445,11,14742067361,2469000,1
14.747,11,14744552361,2496006,0
14.7496,12,14747084367,2469000,1
14.7496,14,14747084367,2469000,1
14.7496,7,14747084367,2469000,1
14.7521,9,14749578367,2496006,0
14.7546,2,14752101373,2496006,0
14.7571,10,14754624379,2496006,0
14.7597,2,14757174385,2496006,0
14.7622,11,14759706391,2496006,0
14.7647,1,14762229397,2496006,0
14.7672,9,14764752403,2496006,0
14.7698,10,14767284409,2496006,0
14.7723,2,14769816415,2469000,1
14.7723,10,14769816415,2469000,1
14.7748,9,14772292415,2469000,1
14.7748,1,14772292415,2469000,1
14.7773,3,14774777415,2496006,0
14.7798,7,14777300421,2469000,1
14.7798,1,14777300421,2469000,1
14.7823,11,14779767421,2496006,0
14.7848,3,14782308427,2496006,0
14.7899,2,14787390439,2496006,0
14.7924,6,14789913445,2469000,1
14.7924,2,14789913445,2469000,1
14.7952,3,14792693451,2469000,1
14.7952,2,14792693451,2469000,1
14.7977,9,14795160451,2496006,0
14.8002,11,14797692457,2469000,1
14.8002,10,14797692457,2469000,1
14.8027,7,14800159457,2496006,0
14.8052,11,14802718463,2496006,0
14.8077,7,14805250469,2496006,0
14.8103,5,14807773475,2496006,0
14.8128,9,14810296481,2469000,1
14.8128,11,14810296481,2469000,1
14.8153,1,14812763481,2496006,0
14.8178,7,14815304487,2496006,0
14.8203,14,14817836493,2496006,0
14.8232,9,14820681499,2496006,0
14.8257,7,14823204505,2469000,1
14.8257,3,14823204505,2469000,1
14.8257,5,14823204505,2469000,1
14.8282,2,14825680505,2496006,0
14.8307,2,14828221511,2496006,0
14.8358,11,14833267523,2496006,0
14.8383,1,14835790529,2496006,0
14.8408,2,14838322535,2469000,1
14.8408,13,14838322535,2469000,1
14.8433,10,14840789535,2469000,1
14.8433,11,14840789535,2469000,1
14.8433,1,14840789535,2469000,1
14.8458,9,14843256535,2496006,0
14.8483,14,14845779541,2496006,0
14.8508,1,14848311547,2496006,0
14.8534,7,14850897553,2496006,0
14.8559,14,14853420559,2496006,0
14.8584,9,14855943565,2496006,0
14.8609,5,14858466571,2469000,1
14.8609,7,14858466571,2469000,1
14.8634,1,14860942571,2469000,1
14.8634,10,14860942571,2469000,1
14.8659,3,14863445571,2469000,1
14.8659,2,14863445571,2469000,1
14.8684,14,14865948571,2496006,0
14.8709,11,14868471577,2469000,1
14.8709,9,14868471577,2469000,1
14.876,12,14873488583,2469000,1
14.876,2,14873488583,2469000,1
14.8785,1,14876000583,2496006,0
14.881,14,14878541589,2496006,0
14.8836,14,14881073595,2496006,0
14.8861,12,14883596601,2496006,0
14.8886,7,14886128607,2496006,0
14.8911,14,14888651613,2496006,0
14.8937,11,14891183619,2496006,0
14.8965,7,14894028625,2469000,1
14.8965,1,14894028625,2469000,1
14.899,7,14896497625,2469000,1
14.899,1,14896497625,2469000,1
14.9015,12,14898991625,2496006,0
14.904,9,14901514631,2496006,0
14.9065,12,14904037637,2496006,0
14.909,14,14906560643,2469000,1
14.9115,11,14909027643,2496006,0
14.9141,11,14911559649,2496006,0
14.9166,9,14914100655,2496006,0
14.9191,5,14916650661,2496006,0
14.9217,12,14919182667,2496006,0
14.9245,5,14922036673,2496006,0
14.927,11,14924559679,2469000,1
14.927,14,14924559679,2469000,1
14.9295,5,14927035679,2496006,0
14.9321,9,14929567685,2496006,0
14.9346,12,14932135691,2496006,0
14.9372,5,14934658697,2496006,0
14.9397,5,14937181703,2469000,1
14.9422,12,14939693703,2469000,1
14.9422,9,14939693703,2469000,1
14.9422,13,14939693703,2469000,1
14.9447,6,14942160703,2496006,0
14.9472,9,14944701709,2496006,0
14.9498,1,14947260715,2496006,0
14.9523,6,14949783721,2496006,0
14.9548,4,14952306727,2469000,1
14.9548,6,14952306727,2469000,1
14.9573,9,14954773727,2496006,0
14.9598,11,14957305733,2496006,0
14.9623,6,14959828739,2496006,0
14.9648,12,14962351745,2496006,0
14.9673,1,14964874751,2469000,1
14.9673,7,14964874751,2469000,1
14.9698,5,14967341751,2496006,0
14.9749,6,14972396763,2496006,0
14.9775,12,14974955769,2496006,0
14.98,9,14977478775,2496006,0
14.9825,5,14980001781,2496006,0
14.985,11,14982524787,2496006,0
14.9875,7,14985047793,2469000,1
14.9875,11,14985047793,2469000,1
14.99,6,14987514793,2496006,0
14.9925,1,14990046799,2496006,0
14.9951,14,14992569805,2496006,0
14.9979,5,14995405811,2496006,0
15.0004,12,14997937817,2496006,0
15.0029,3,15000460823,2469000,1
15.0029,2,15000460823,2469000,1
15.0054,9,15002954823,2469000,1
15.0054,14,15002954823,2469000,1
15.0079,5,15005421823,2469000,1
15.0079,6,15005421823,2469000,1
15.0104,11,15007897823,2469000,1
15.0104,12,15007897823,2469000,1
15.0128,13,15010364823,2469000,1
15.0153,1,15012840823,2496006,0
15.0179,5,15015372829,2496006,0
15.018,15,15017913835,121000,1
15.0204,6,15017913835,2469000,1
15.0229,5,15020407835,2496006,0
15.0255,1,15022966841,2496006,0
15.0283,12,15025811847,2496006,0
15.0308,5,15028334853,2496006,0
15.031,15,15030857859,152006,0
15.0335,5,15031036865,2469000,1
15.036,9,15033503865,2496006,0
15.0385,5,15036035871,2496006,0
15.041,12,15038576877,2469000,1
15.041,14,15038576877,2469000,1
15.0435,5,15041070877,2469000,1
15.0435,1,15041070877,2469000,1
15.0459,15,15043537877,2390472,0
15.0485,1,15045955349,2496006,0
15.051,11,15048478355,2496006,0
15.0534,15,15051001361,2390472,0
15.0559,9,15053436833,2469000,1
15.0559,5,15053436833,2469000,1
15.0584,11,15055903833,2496006,0
15.0609,1,15058426839,2496006,0
15.0634,11,15060958845,2469000,1
15.0634,1,15060958845,2469000,1
15.066,14,15063461845,2496006,0
15.0662,15,15065984851,184200,1
15.0685,12,15065984851,2469000,1
15.071,8,15068460851,2496006,0
15.0735,14,15070992857,2496006,0
15.0737,15,15073524863,184200,1
15.076,8,15073524863,2469000,1
15.0785,1,15076018863,2469000,1
15.081,8,15078485863,2469000,1
15.0834,9,15080954863,2469000,1
15.0859,14,15083423863,2496006,0
15.0884,5,15085946869,2496006,0
15.0909,15,15088469875,2390472,0
15.0934,6,15090896347,2469000,1
15.0958,14,15093363347,2469000,1
15.0983,11,15095841347,2496006,0
15.1012,5,15098686353,2496006,0
15.1037,1,15101227359,2496006,0
15.1063,11,15103759365,2496006,0
15.1088,5,15106291371,2496006,0
15.1112,15,15108814377,2390472,0
15.1137,14,15111240849,2496006,0
15.1164,11,15113951855,2469000,1
15.1164,1,15113951855,2469000,1
15.1189,5,15116427855,2469000,1
15.1189,15,15116427855,2469000,1
15.1214,14,15118894855,2496006,0
15.1239,5,15121426861,2496006,0
15.1265,14,15123958867,2496006,0
15.1293,6,15126803873,2496006,0
15.1318,5,15129326879,2469000,1
15.1318,15,15129326879,2469000,1
15.1368,12,15134343885,2496006,0
15.1394,6,15136884891,2496006,0
15.1419,14,15139407897,2496006,0
15.1444,14,15141930903,2496006,0
15.1469,1,15144453909,2496006,0
15.1495,6,15146985915,2496006,0
15.152,8,15149535921,2496006,0
15.1546,11,15152058927,2496006,0
15.1571,6,15154581933,2469000,1
15.1571,1,15154581933,2469000,1
15.1571,12,15154581933,2469000,1
15.1596,9,15157066933,2496006,0
15.1621,14,15159598939,2496006,0
15.1646,5,15162139945,2496006,0
15.1671,15,15164662951,2469000,1
15.1671,11,15164662951,2469000,1
15.1671,14,15164662951,2469000,1
15.1696,9,15167138951,2469000,1
15.1696,8,15167138951,2469000,1
15.1696,14,15167138951,2469000,1
15.1721,10,15169605951,2496006,0
15.1772,9,15174669963,2496006,0
15.1797,10,15177228969,2496006,0
15.1822,5,15179751975,2469000,1
15.1822,8,15179751975,2469000,1
15.1847,1,15182218975,2496006,0
15.1872,6,15184741981,2496006,0
15.1898,9,15187264987,2496006,0
15.1923,1,15189796993,2496006,0
15.1948,12,15192328999,2496006,0
15.1973,12,15194852005,2496006,0
15.1998,9,15197375011,2469000,1
15.1998,6,15197375011,2469000,1
15.2027,1,15200155017,2496006,0
15.2052,10,15202687023,2496006,0
15.2077,1,15205219029,2496006,0
15.2103,5,15207760035,2496006,0
15.2128,10,15210283041,2496006,0
15.2153,11,15212806047,2496006,0
15.2178,11,15215329053,2496006,0
15.2229,12,15220393065,2496006,0
15.2254,1,15222916071,2496006,0
15.2279,11,15225448077,2469000,1
15.2279,5,15225448077,2469000,1
15.2279,1,15225448077,2469000,1
15.2304,14,15227915077,2496006,0
15.2333,10,15230769083,2496006,0
15.2358,12,15233292089,2496006,0
15.2383,9,15235815095,2496006,0
15.2408,14,15238338101,2469000,1
15.2408,3,15238338101,2469000,1
15.2433,10,15240823101,2496006,0
15.2458,10,15243346107,2496006,0
15.2483,6,15245869113,2469000,1
15.2483,11,15245869113,2469000,1
15.2509,1,15248354113,2496006,0
15.2534,6,15250877119,2496006,0
15.2559,9,15253400125,2469000,1
15.2559,14,15253400125,2469000,1
15.2584,12,15255867125,2496006,0
15.2609,7,15258390131,2469000,1
15.2609,1,15258390131,2469000,1
15.2609,9,15258390131,2469000,1
15.2634,10,15260857131,2496006,0
15.2658,8,15263380137,2469000,1
15.2658,5,15263380137,2469000,1
15.2683,8,15265849137,2496006,0
15.2709,8,15268390143,2496006,0
15.2734,6,15270922149,2469000,1
15.2734,12,15270922149,2469000,1
15.2785,10,15275975155,2496006,0
15.281,15,15278507161,2469000,1
15.281,8,15278507161,2469000,1
15.2835,14,15280974161,2496006,0
15.286,10,15283497167,2496006,0
15.2885,10,15286047173,2496006,0
15.291,14,15288570179,2469000,1
15.291,10,15288570179,2469000,1
15.2936,1,15291055179,2496006,0
15.2961,12,15293596185,2496006,0
15.2986,6,15296119191,2496006,0
15.3011,2,15298642197,2469000,1
15.3011,6,15298642197,2469000,1
15.3036,12,15301109197,2496006,0
15.3065,12,15303954203,2496006,0
15.309,10,15306477209,2496006,0
15.3115,14,15309000215,2496006,0
15.314,1,15311550221,2496006,0
15.3166,8,15314073227,2496006,0
15.3191,11,15316614233,2496006,0
15.3216,6,15319137239,2496006,0
15.3242,1,15321660245,2496006,0
15.3267,10,15324183251,2469000,1
15.3291,12,15326668251,2469000,1
15.3291,1,15326668251,2469000,1
15.3316,14,15329135251,2496006,0
15.3345,8,15331980257,2496006,0
15.337,6,15334512263,2496006,0
15.3395,14,15337044269,2469000,1
15.3395,8,15337044269,2469000,1
15.342,11,15339511269,2496006,0
15.3445,10,15342034275,2496006,0
15.3471,5,15344557281,2496006,0
15.3495,6,15347080287,2469000,1
15.3495,9,15347080287,2469000,1
15.352,5,15349574287,2469000,1
15.352,10,15349574287,2469000,1
15.352,11,15349574287,2469000,1
15.3545,12,15352050287,2496006,0
15.3571,1,15354582293,2496006,0
15.3596,12,15357141299,2496006,0
15.3622,14,15359664305,2496006,0
15.3647,5,15362187311,2496006,0
15.3672,12,15364719317,2496006,0
15.3697,14,15367242323,2496006,0
15.3722,8,15369774329,2469000,1
15.3722,12,15369774329,2469000,1
15.3747,5,15372250329,2496006,0
15.3772,5,15374773335,2469000,1
15.3797,1,15377240335,2496006,0
15.3822,14,15379772341,2469000,1
15.3822,6,15379772341,2469000,1
15.3822,11,15379772341,2469000,1
15.3847,1,15382239341,2496006,0
15.3873,10,15384771347,2496006,0
15.3898,9,15387339353,2496006,0
15.3924,10,15389862359,2496006,0
15.3949,10,15392385365,2496006,0
15.3974,9,15394908371,2496006,0
15.3999,1,15397431377,2469000,1
15.3999,5,15397431377,2469000,1
15.3999,11,15397431377,2469000,1
15.3999,10,15397431377,2469000,1
15.4024,14,15399898377,2496006,0
15.4049,2,15402421383,2496006,0
15.4078,14,15405293389,2469000,1
15.4078,9,15405293389,2469000,1
15.4103,2,15407760389,2496006,0
15.4128,2,15410283395,2496006,0
15.4153,8,15412815401,2496006,0
15.4178,12,15415338407,2469000,1
15.4178,2,15415338407,2469000,1
15.4203,5,15417805407,2496006,0
15.4229,5,15420355413,2496006,0
15.4254,10,15422878419,2496006,0
15.4279,6,15425401425,2469000,1
15.4279,1,15425401425,2469000,1
15.4279,8,15425401425,2469000,1
15.4329,14,15430400431,2496006,0
15.4354,2,15432923437,2496006,0
15.4382,5,15435768443,2469000,1
15.4382,2,15435768443,2469000,1
15.4407,10,15438235443,2496006,0
15.4433,14,15440794449,2496006,0
15.4458,14,15443317455,2496006,0
15.4483,10,15445849461,2469000,1
15.4483,2,15445849461,2469000,1
15.4508,10,15448318461,2496006,0
15.4533,9,15450841467,2496006,0
15.4559,14,15453373473,2496006,0
15.4584,14,15455914479,2496006,0
15.4609,14,15458437485,2496006,0
15.4635,1,15460960491,2496006,0
15.466,8,15463492497,2496006,0
15.4685,10,15466015503,2496006,0
15.471,2,15468565509,2469000,1
15.471,9,15468565509,2469000,1
15.4735,7,15471032509,2496006,0
15.476,10,15473555515,2469000,1
15.476,5,15473555515,2469000,1
15.4785,1,15476031515,2496006,0
15.4811,12,15478554521,2496006,0
15.4835,8,15481077527,2469000,1
15.4835,1,15481077527,2469000,1
15.486,14,15483553527,2496006,0
15.4886,7,15486076533,2496006,0
15.4911,1,15488599539,2469000,1
15.4936,5,15491066539,2496006,0
15.4961,12,15493625545,2496006,0
15.4987,14,15496175551,2496006,0
15.5012,14,15498698557,2496006,0
15.5037,5,15501230563,2469000,1
15.5037,8,15501230563,2469000,1
15.5062,7,15503697563,2496006,0
15.5087,12,15506229569,2496006,0
15.5116,9,15509074575,2496006,0
15.5141,9,15511597581,2496006,0
15.5166,12,15514129587,2469000,1
15.5166,14,15514129587,2469000,1
15.5191,9,15516596587,2496006,0
15.5216,4,15519119593,2496006,0
15.5241,10,15521642599,2496006,0
15.5266,7,15524174605,2469000,1
15.5266,10,15524174605,2469000,1
15.5291,7,15526643605,2496006,0
15.5317,9,15529184611,2496006,0
15.5342,9,15531725617,2496006,0
15.5368,5,15534257623,2496006,0
15.5396,7,15537093629,2496006,0
15.5421,11,15539625635,2496006,0
15.5446,4,15542148641,2496006,0
15.5472,11,15544671647,2496006,0
15.5497,8,15547194653,2469000,1
15.5497,10,15547194653,2469000,1
15.5521,9,15549670653,2469000,1
15.5546,14,15552137653,2496006,0
15.5572,12,15554678659,2496006,0
15.5597,11,15557201665,2496006,0
15.5622,9,15559724671,2496006,0
15.5647,6,15562247677,2496006,0
15.5673,5,15564770683,2496006,0
15.5698,12,15567293689,2469000,1
15.5698,7,15567293689,2469000,1
15.5698,4,15567293689,2469000,1
15.5723,14,15569760689,2496006,0
15.5748,5,15572292695,2496006,0
15.5773,6,15574815701,2496006,0
15.5798,1,15577338707,2469000,1
15.5798,5,15577338707,2469000,1
15.5823,14,15579814707,2469000,1
15.5823,11,15579814707,2469000,1
15.5848,15,15582281707,2469000,1
15.5848,4,15582281707,2469000,1
15.5872,11,15584748707,2496006,0
15.5898,9,15587289713,2496006,0
15.5923,13,15589812719,2469000,1
15.5923,5,15589812719,2469000,1
15.5948,6,15592297719,2496006,0
15.5973,6,15594820725,2496006,0
15.5998,7,15597343731,2496006,0
15.6024,11,15599902737,2469000,1
15.6024,12,15599902737,2469000,1
15.6049,9,15602387737,2496006,0
15.6074,7,15604910743,2496006,0
15.6099,14,15607442749,2496006,0
15.6128,4,15610287755,2496006,0
15.6153,6,15612810761,2496006,0
15.6178,9,15615333767,2496006,0
15.6229,6,15620388779,2496006,0
15.6254,6,15622911785,2496006,0
15.6279,14,15625434791,2496006,0
15.6304,5,15627957797,2469000,1
15.6304,14,15627957797,2469000,1
15.6329,9,15630424797,2496006,0
15.6354,7,15632947803,2469000,1
15.6354,9,15632947803,2469000,1
15.6379,4,15635414803,2469000,1
15.6379,10,15635414803,2469000,1
15.6404,8,15637890803,2496006,0
15.6432,2,15640726809,2496006,0
15.6458,4,15643258815,2496006,0
15.6483,12,15645781821,2496006,0
15.6508,8,15648304827,2469000,1
15.6508,6,15648304827,2469000,1
15.6508,11,15648304827,2469000,1
15.6533,2,15650807827,2496006,0
15.6558,7,15653330833,2469000,1
15.6558,9,15653330833,2469000,1
15.6558,8,15653330833,2469000,1
15.6583,6,15655806833,2496006,0
15.6608,4,15658338839,2469000,1
15.6608,5,15658338839,2469000,1
15.6633,2,15660805839,2469000,1
15.6633,6,15660805839,2469000,1
15.6658,2,15663274839,2496006,0
15.6683,12,15665806845,2496006,0
15.6708,2,15668329851,2496006,0
15.6733,14,15670852857,2496006,0
15.6759,12,15673384863,2496006,0
15.6784,14,15675925869,2496006,0
15.6809,12,15678448875,2496006,0
15.6835,11,15680980881,2496006,0
15.686,2,15683512887,2496006,0
15.6885,12,15686035893,2469000,1
15.6885,14,15686035893,2469000,1
15.691,11,15688511893,2469000,1
15.691,3,15688511893,2469000,1
15.6935,14,15690996893,2496006,0
15.696,6,15693519899,2469000,1
15.6985,7,15695995899,2469000,1
15.6985,2,15695995899,2469000,1
15.7009,14,15698480899,2469000,1
15.7009,4,15698480899,2469000,1
15.7035,12,15700983899,2496006,0
15.706,12,15703506905,2496006,0
15.7085,4,15706029911,2496006,0
15.7111,2,15708624917,2496006,0
15.7136,1,15711147923,2496006,0
15.7165,4,15713983929,2496006,0
15.719,2,15716506935,2496006,0
15.7215,9,15719029941,2469000,1
15.7215,8,15719029941,2469000,1
15.7215,11,15719029941,2469000,1
15.724,12,15721496941,2496006,0
15.7265,1,15724037947,2496006,0
15.7291,14,15726560953,2496006,0
15.7316,12,15729083959,2469000,1
15.7316,1,15729083959,2469000,1
15.7341,2,15731577959,2496006,0
15.7366,14,15734100965,2496006,0
15.7391,8,15736623971,2496006,0
15.7417,4,15739155977,2496006,0
15.7445,2,15742009983,2496006,0
15.747,14,15744532989,2496006,0
15.7496,4,15747055995,2496006,0
15.7521,14,15749579001,2496006,0
15.7546,8,15752111007,2496006,0
15.7571,4,15754643013,2469000,1
15.7571,2,15754643013,2469000,1
15.7596,8,15757110013,2496006,0
15.7621,12,15759642019,2469000,1
15.7621,8,15759642019,2469000,1
15.7646,2,15762136019,2496006,0
15.7671,14,15764659025,2469000,1
15.7671,8,15764659025,2469000,1
15.7697,6,15767162025,2496006,0
15.7722,1,15769685031,2496006,0
15.7747,14,15772226037,2496006,0
15.7772,2,15774749043,2469000,1
15.7772,1,15774749043,2469000,1
15.7797,10,15777225043,2496006,0
15.7823,14,15779757049,2496006,0
15.7848,4,15782298055,2469000,1
15.7848,1,15782298055,2469000,1
15.7873,2,15784774055,2496006,0
15.7898,6,15787306061,2496006,0
15.7923,10,15789829067,2469000,1
15.7923,2,15789829067,2469000,1
15.7948,11,15792296067,2496006,0
15.7973,8,15794828073,2496006,0
15.7998,11,15797351079,2496006,0
15.8024,14,15799874085,2496006,0
15.8049,1,15802397091,2496006,0
15.8074,2,15804920097,2496006,0
15.8099,9,15807470103,2469000,1
15.8099,6,15807470103,2469000,1
15.8124,1,15809946103,2496006,0
15.815,14,15812487109,2496006,0
15.8178,11,15815323115,2496006,0
15.8203,6,15817846121,2469000,1
15.8203,14,15817846121,2469000,1
15.8203,11,15817846121,2469000,1
15.8228,8,15820313121,2469000,1
15.8253,10,15822789121,2469000,1
15.8253,2,15822789121,2469000,1
15.8278,12,15825265121,2496006,0
15.8303,12,15827797127,2496006,0
15.8353,1,15832843139,2496006,0
15.8379,12,15835375145,2496006,0
15.8404,11,15837898151,2496006,0
15.8429,12,15840439157,2496006,0
15.8454,11,15842980163,2469000,1
15.8454,1,15842980163,2469000,1
15.8483,12,15845769169,2496006,0
15.8508,6,15848301175,2496006,0
15.8533,2,15850842181,2496006,0
15.8559,11,15853374187,2496006,0
15.8584,2,15855897193,2496006,0
15.8609,7,15858420199,2469000,1
15.8609,14,15858420199,2469000,1
15.8634,12,15860896199,2469000,1
15.8634,11,15860896199,2469000,1
15.8659,8,15863363199,2496006,0
15.8684,6,15865895205,2496006,0
15.8709,2,15868427211,2496006,0
15.8734,8,15870950217,2469000,1
15.8734,6,15870950217,2469000,1
15.8759,3,15873417217,2469000,1
15.8759,12,15873417217,2469000,1
15.8784,4,15875884217,2496006,0
15.8809,2,15878425223,2496006,0
15.8834,1,15880948229,2496006,0
15.8859,4,15883480235,2469000,1
15.8859,10,15883480235,2469000,1
15.8884,1,15885947235,2469000,1
15.8884,10,15885949235,2469000,1
15.8909,5,15888416235,2496006,0
15.8934,1,15890948241,2496006,0
15.896,11,15893471247,2496006,0
15.901,1,15898535259,2496006,0
15.9036,14,15901085265,2469000,1
15.9036,2,15901085265,2469000,1
15.9061,2,15903561265,2496006,0
15.9086,4,15906102271,2469000,1
15.9086,5,15906102271,2469000,1
15.911,6,15908578271,2469000,1
15.911,11,15908578271,2469000,1
15.9135,8,15911045271,2496006,0
15.916,1,15913577277,2469000,1
15.916,11,15913577277,2469000,1
15.9186,2,15916062277,2496006,0
15.9214,8,15918934283,2496006,0
15.924,8,15921493289,2469000,1
15.924,2,15921493289,2469000,1
15.9265,2,15923969289,2496006,0
15.929,5,15926501295,2496006,0
15.9315,2,15929033301,2496006,0
15.9341,12,15931565307,2496006,0
15.9366,5,15934106313,2496006,0
15.9392,1,15936656319,2496006,0
15.9442,2,15941738331,2496006,0
15.9467,1,15944261337,2469000,1
15.9467,12,15944261337,2469000,1
15.9495,2,15947041343,2496006,0
15.9521,5,15949573349,2496006,0
15.9546,2,15952132355,2469000,1
15.9546,6,15952132355,2469000,1
15.9546,8,15952132355,2469000,1
15.9571,4,15954617355,2496006,0
15.9597,11,15957167361,2496006,0
15.9622,4,15959699367,2469000,1
15.9622,5,15959699367,2469000,1
15.9647,12,15962175367,2496006,0
15.9672,12,15964716373,2496006,0
15.9697,11,15967239379,2469000,1
15.9697,1,15967239379,2469000,1
15.9748,12,15972256385,2496006,0
15.9773,12,15974833391,2496006,0
15.9799,2,15977392397,2496006,0
15.9824,1,15979915403,2496006,0
15.9849,14,15982438409,2496006,0
15.9875,5,15984970415,2496006,0
15.99,10,15987493421,2496006,0
15.9925,11,15990016427,2496006,0
15.995,14,15992539433,2469000,1
15.995,12,15992539433,2469000,1
15.9975,8,15995006433,2469000,1
15.9975,10,15995006433,2469000,1
15.9999,5,15997473433,2469000,1
15.9999,1,15997473433,2469000,1
15.9999,2,15997473433,2469000,1
15.9999,4,15997473433,2469000,1
16.0024,5,15999942433,2496006,0
16.0049,4,16002474439,2469000,1
16.0074,11,16004941439,2496006,0
16.01,7,16007491445,2469000,1
16.01,2,16007491445,2469000,1
16.0124,5,16009958445,2469000,1
16.0124,2,16009960445,2469000,1
16.0149,14,16012427445,2496006,0
16.0175,1,16014959451,2496006,0
16.0176,16,16017482457,121000,1
16.02,10,16017482457,2469000,1
16.0228,14,16020271463,2496006,0
16.0253,12,16022812469,2469000,1
16.0253,14,16022812469,2469000,1
16.0278,11,16025288469,2469000,1
16.0278,12,16025288469,2469000,1
16.0303,14,16027764469,2496006,0
16.0328,10,16030287475,2496006,0
16.0353,1,16032810481,2496006,0
16.0378,14,16035333487,2496006,0
16.0404,1,16037883493,2469000,1
16.0404,5,16037883493,2469000,1
16.0405,16,16040350493,121000,1
16.0428,5,16040352493,2469000,1
16.0453,14,16042819493,2496006,0
16.0479,14,16045369499,2496006,0
16.0481,16,16047910505,152006,0
16.0509,10,16048402511,2469000,1
16.0534,11,16050896511,2496006,0
16.0558,16,16053428517,2390472,0
16.0583,14,16055845989,2496006,0
16.0609,10,16058431995,2496006,0
16.0634,14,16060964001,2469000,1
16.0634,11,16060964001,2469000,1
16.0659,1,16063440001,2496006,0
16.0685,8,16065963007,2496006,0
16.0687,16,16068486013,184200,1
16.071,2,16068486013,2469000,1
16.0734,9,16070962013,2469000,1
16.0734,8,16070962013,2469000,1
16.0759,8,16073431013,2496006,0
16.0787,16,16078495025,184200,1
16.081,6,16078495025,2469000,1
16.0835,10,16080962025,2496006,0
16.0862,12,16083673031,2496006,0
16.0887,4,16086214037,2469000,1
16.0887,1,16086214037,2469000,1
16.0912,12,16088717037,2469000,1
16.0912,9,16088717037,2469000,1
16.0912,8,16088717037,2469000,1
16.0937,1,16091184037,2496006,0
16.0962,15,16093716043,2469000,1
16.0962,16,16093716043,2469000,1
16.0962,1,16093716043,2469000,1
16.0987,10,16096192043,2469000,1
16.0987,1,16096192043,2469000,1
16.1012,14,16098659043,2496006,0
16.1037,11,16101182049,2496006,0
16.1062,14,16103723055,2469000,1
16.1087,10,16106199055,2496006,0
16.1113,10,16108767061,2496006,0
16.1138,11,16111308067,2496006,0
16.1164,8,16113858073,2496006,0
16.1189,12,16116390079,2496006,0
16.1214,10,16118913085,2469000,1
16.1214,12,16118913085,2469000,1
16.1242,11,16121729091,2496006,0
16.1293,14,16126802103,2496006,0
16.1318,8,16129325109,2496006,0
16.1344,5,16131857115,2496006,0
16.1369,14,16134407121,2469000,1
16.1369,11,16134407121,2469000,1
16.1394,5,16136874121,2496006,0
16.1419,5,16139424127,2496006,0
16.1444,12,16141947133,2469000,1
16.1444,5,16141947133,2469000,1
16.1469,10,16144414133,2496006,0
16.1494,10,16146946139,2469000,1
16.1519,8,16149413139,2496006,0
16.1548,1,16152258145,2496006,0
16.1573,14,16154790151,2496006,0
16.1598,14,16157322157,2496006,0
16.1623,11,16159854163,2469000,1
16.1623,8,16159854163,2469000,1
16.1648,14,16162339163,2469000,1
16.1648,11,16162339163,2469000,1
16.1673,1,16164806163,2496006,0
16.1699,12,16167374169,2496006,0
16.1724,1,16169897175,2496006,0
16.1774,1,16174952187,2496006,0
16.18,5,16177484193,2469000,1
16.18,10,16177484193,2469000,1
16.1825,2,16179969193,2496006,0
16.185,2,16182492199,2496006,0
16.1875,12,16185024205,2469000,1
16.1875,13,16185024205,2469000,1
16.1875,14,16185024205,2469000,1
16.1875,2,16185024205,2469000,1
16.19,1,16187491205,2496006,0
16.1925,8,16190050211,2496006,0
16.1951,10,16192573217,2496006,0
16.1976,4,16195105223,2469000,1
16.1976,11,16195105223,2469000,1
16.2001,13,16197572223,2496006,0
16.2026,8,16200095229,2496006,0
16.2076,1,16205150241,2496006,0
16.2102,1,16207673247,2496006,0
16.2127,16,16210205253,2469000,1
16.2127,2,16210205253,2469000,1
16.2152,10,16212690253,2496006,0
16.2177,8,16215222259,2496006,0
16.2202,13,16217745265,2496006,0
16.2228,12,16220268271,2496006,0
16.2253,1,16222800277,2496006,0
16.2281,13,16225645283,2496006,0
16.2307,8,16228186289,2469000,1
16.2307,10,16228186289,2469000,1
16.2332,13,16230662289,2496006,0
16.2357,12,16233185295,2496006,0
16.2382,10,16235717301,2496006,0
16.2433,12,16240781313,2469000,1
16.2433,10,16240781313,2469000,1
16.2457,1,16243248313,2496006,0
16.2483,13,16245825319,2496006,0
16.2509,13,16248357325,2496006,0
16.2534,13,16250898331,2496006,0
16.2562,14,16253752337,2496006,0
16.2588,1,16256275343,2496006,0
16.2613,5,16258798349,2496006,0
16.2638,8,16261330355,2496006,0
16.2664,10,16263889361,2469000,1
16.2664,13,16263889361,2469000,1
16.2689,13,16266365361,2496006,0
16.2714,13,16268888367,2496006,0
16.2739,1,16271411373,2496006,0
16.2764,8,16273934379,2469000,1
16.2764,14,16273934379,2469000,1
16.2789,12,16276401379,2496006,0
16.2814,14,16278933385,2496006,0
16.2839,2,16281456391,2469000,1
16.2839,5,16281456391,2469000,1
16.2839,14,16281456391,2469000,1
16.2864,14,16283925391,2496006,0
16.289,8,16286457397,2496006,0
16.2915,13,16288989403,2496006,0
16.294,1,16291539409,2496006,0
16.2966,12,16294089415,2469000,1
16.2991,14,16296556415,2496006,0
16.3016,13,16299097421,2496006,0
16.3041,1,16301629427,2469000,1
16.3041,8,16301629427,2469000,1
16.3066,13,16304114427,2496006,0
16.3091,12,16306637433,2496006,0
16.3117,14,16309169439,2496006,0
16.3142,5,16311719445,2469000,1
16.3142,8,16311719445,2469000,1
16.3167,12,16314204445,2496006,0
16.3192,13,16316727451,2496006,0
16.3217,14,16319250457,2496006,0
16.3243,11,16321782463,2469000,1
16.3243,14,16321782463,2469000,1
16.3267,13,16324249463,2496006,0
16.3296,4,16327085469,2469000,1
16.3346,13,16332113475,2469000,1
16.3346,12,16332113475,2469000,1
16.3371,1,16334598475,2496006,0
16.3396,10,16337148481,2469000,1
16.3396,1,16337148481,2469000,1
16.3421,8,16339633481,2496006,0
16.3447,6,16342192487,2496006,0
16.3472,15,16344724493,2496006,0
16.3497,13,16347247499,2496006,0
16.3523,12,16349770505,2496006,0
16.3548,1,16352293511,2469000,1
16.3548,12,16352293511,2469000,1
16.3572,8,16354769511,2469000,1
16.36,6,16357549517,2496006,0
16.3626,14,16360072523,2496006,0
16.3651,2,16362595529,2469000,1
16.3651,8,16362595529,2469000,1
16.3676,12,16365062529,2496006,0
16.3701,16,16367594535,2496006,0
16.3726,14,16370126541,2496006,0
16.3752,13,16372658547,2496006,0
16.3777,15,16375181553,2469000,1
16.3777,14,16375181553,2469000,1
16.3801,12,16377657553,2469000,1
16.3801,6,16377657553,2469000,1
16.3826,6,16380142553,2496006,0
16.3852,5,16382665559,2496006,0
16.3877,16,16385197565,2496006,0
16.3902,5,16387738571,2469000,1
16.3902,13,16387738571,2469000,1
16.3902,12,16387738571,2469000,1
16.3927,5,16390250571,2496006,0
16.3952,8,16392773577,2469000,1
16.3952,14,16392773577,2469000,1
16.3977,15,16395249577,2469000,1
16.3977,6,16395249577,2469000,1
16.4002,8,16397716577,2496006,0
16.4027,16,16400248583,2469000,1
16.4027,8,16400248583,2469000,1
16.4052,1,16402742583,2496006,0
16.4078,13,16405274589,2496006,0
16.4103,5,16407806595,2496006,0
16.4128,1,16410329601,2496006,0
16.4154,8,16412870607,2496006,0
16.4204,13,16417934619,2496006,0
16.423,1,16420466625,2496006,0
16.4255,1,16422989631,2496006,0
16.428,8,16425512637,2469000,1
16.428,5,16425512637,2469000,1
16.428,16,16425512637,2469000,1
16.428,13,16425512637,2469000,1
16.4304,2,16427979637,2469000,1
16.4304,6,16427979637,2469000,1
16.4333,6,16430795643,2496006,0
16.4358,15,16433318649,2469000,1
16.4358,13,16433318649,2469000,1
16.4383,6,16435830649,2496006,0
16.4408,8,16438353655,2496006,0
16.4434,1,16440876661,2496006,0
16.4459,6,16443417667,2496006,0
16.4484,8,16445940673,2469000,1
16.4484,12,16445940673,2469000,1
16.4509,11,16448416673,2496006,0
16.4534,1,16450948679,2496006,0
16.456,11,16453480685,2496006,0
16.4585,5,16456003691,2496006,0
16.4614,1,16458866697,2496006,0
16.4639,11,16461398703,2496006,0
16.4664,5,16463921709,2469000,1
16.4664,14,16463921709,2469000,1
16.4689,6,16466388709,2496006,0
16.4714,14,16468920715,2496006,0
16.4739,1,16471443721,2496006,0
16.4765,12,16473975727,2496006,0
16.479,5,16476498733,2496006,0
16.4815,12,16479021739,2496006,0
16.484,6,16481544745,2496006,0
16.4865,16,16484076751,2469000,1
16.4865,6,16484076751,2469000,1
16.489,5,16486543751,2469000,1
16.489,11,16486543751,2469000,1
16.4915,1,16489019751,2496006,0
16.4941,5,16491560757,2496006,0
16.4966,8,16494083763,2469000,1
16.4966,14,16494083763,2469000,1
16.499,12,16496568763,2469000,1
16.499,6,16496568763,2469000,1
16.5015,5,16499035763,2496006,0
16.5041,5,16501558769,2496006,0
16.5066,10,16504081775,2496006,0
16.5091,16,16506613781,2496006,0
16.5116,1,16509136787,2496006,0
16.5141,5,16511659793,2469000,1
16.5141,16,16511659793,2469000,1
16.5166,13,16514126793,2496006,0
16.5191,11,16516649799,2496006,0
16.5217,11,16519172805,2496006,0
16.5242,10,16521704811,2469000,1
16.5242,7,16521704811,2469000,1
16.5242,14,16521704811,2469000,1
16.5267,1,16524180811,2496006,0
16.5292,5,16526721817,2496006,0
16.5317,13,16529262823,2469000,1
16.5317,11,16529262823,2469000,1
16.5345,1,16532051829,2469000,1
16.5345,6,16532051829,2469000,1
16.537,5,16534527829,2469000,1
16.537,12,16534527829,2469000,1
16.537,13,16534527829,2469000,1
16.542,16,16539553835,2496006,0
16.5446,8,16542085841,2496006,0
16.5471,16,16544608847,2496006,0
16.5497,10,16547221853,2469000,1
16.5497,11,16547221853,2469000,1
16.5497,13,16547221853,2469000,1
16.5522,8,16549697853,2496006,0
16.5547,16,16552229859,2496006,0
16.5572,14,16554752865,2496006,0
16.5598,15,16557284871,2496006,0
16.5623,1,16559807877,2496006,0
16.5651,5,16562652883,2496006,0
16.5677,16,16565175889,2496006,0
16.5702,8,16567698895,2496006,0
16.5727,1,16570230901,2469000,1
16.5727,15,16570230901,2469000,1
16.5752,15,16572706901,2496006,0
16.5777,8,16575229907,2469000,1
16.5777,14,16575229907,2469000,1
16.5777,15,16575229907,2469000,1
16.5827,16,16580237913,2469000,1
16.5827,5,16580237913,2469000,1
16.5852,11,16582704913,2496006,0
16.5877,16,16585245919,2496006,0
16.5903,12,16587786925,2469000,1
16.5903,16,16587786925,2469000,1
16.5927,11,16590253925,2496006,0
16.5953,8,16592785931,2496006,0
16.5978,11,16595308937,2496006,0
16.6003,13,16597849943,2496006,0
16.6029,11,16600417949,2469000,1
16.6029,14,16600417949,2469000,1
16.6029,15,16600417949,2469000,1
16.6054,1,16602911949,2496006,0
16.6079,5,16605434955,2469000,1
16.6079,8,16605434955,2469000,1
16.6104,14,16607901955,2496006,0
16.6129,13,16610433961,2496006,0
16.6154,10,16612956967,2469000,1
16.6179,16,16615450967,2496006,0
16.6205,14,16617982973,2469000,1
16.6205,1,16617982973,2469000,1
16.6205,8,16617982973,2469000,1
16.623,13,16620476973,2496006,0
16.6255,15,16623008979,2496006,0
16.628,5,16625540985,2496006,0
16.6306,15,16628063991,2496006,0
16.6331,13,16630586997,2496006,0
16.6356,14,16633119003,2496006,0
16.6385,16,16635955009,2496006,0
16.641,14,16638478015,2496006,0
16.6435,11,16641010021,2496006,0
16.646,16,16643542027,2496006,0
16.6486,5,16646074033,2496006,0
16.6511,11,16648597039,2469000,1
16.6511,5,16648597039,2469000,1
16.6535,15,16651064039,2469000,1
16.656,1,16653540039,2496006,0
16.6586,9,16656063045,2496006,0
16.6611,13,16658586051,2469000,1
16.6611,1,16658586051,2469000,1
16.6636,14,16661062051,2496006,0
16.6664,9,16663907057,2469000,1
16.6664,1,16663907057,2469000,1
16.6689,9,16666376057,2496006,0
16.6714,6,16668899063,2469000,1
16.6714,14,16668899063,2469000,1
16.6739,16,16671366063,2496006,0
16.6764,15,16673889069,2496006,0
16.6789,9,16676421075,2496006,0
16.6814,9,16678944081,2496006,0
16.684,13,16681512087,2496006,0
16.6865,16,16684035093,2496006,0
16.6891,11,16686558099,2496006,0
16.6916,15,16689081105,2469000,1
16.6916,10,16689081105,2469000,1
16.6916,8,16689081105,2469000,1
16.6916,13,16689081105,2469000,1
16.6941,9,16691557105,2496006,0
16.6966,5,16694098111,2496006,0
16.6991,9,16696621117,2469000,1
16.7016,5,16699106117,2496006,0
16.7041,5,16701629123,2496006,0
16.7066,14,16704152129,2496006,0
16.7092,14,16706675135,2496006,0
16.7117,16,16709198141,2469000,1
16.7142,11,16711674141,2496006,0
16.7167,14,16714197147,2496006,0
16.7217,5,16719261159,2469000,1
16.7217,14,16719261159,2469000,1
16.7242,9,16721728159,2496006,0
16.7267,1,16724251165,2469000,1
16.7267,14,16724251165,2469000,1
16.7292,12,16726718165,2496006,0
16.7317,13,16729241171,2496006,0
16.7343,11,16731764177,2496006,0
16.7368,15,16734287183,2496006,0
16.7396,9,16737123189,2496006,0
16.7421,11,16739646195,2496006,0
16.7447,12,16742178201,2496006,0
16.7472,15,16744710207,2496006,0
16.7497,9,16747242213,2496006,0
16.7523,13,16749765219,2496006,0
16.7548,15,16752297225,2496006,0
16.7573,11,16754829231,2496006,0
16.7598,13,16757352237,2496006,0
16.7624,12,16759884243,2469000,1
16.7624,11,16759884243,2469000,1
16.7648,16,16762351243,2496006,0
16.7677,13,16765205249,2469000,1
16.7677,9,16765205249,2469000,1
16.7702,5,16767690249,2496006,0
16.7727,9,16770213255,2496006,0
16.7778,15,16775268267,2496006,0
16.7803,5,16777818273,2469000,1
16.7803,16,16777818273,2469000,1
16.7828,14,16780294273,2496006,0
16.7853,16,16782826279,2496006,0
16.7878,11,16785367285,2469000,1
16.7878,9,16785367285,2469000,1
16.7878,15,16785367285,2469000,1
16.7904,12,16787870285,2496006,0
16.7929,14,16790402291,2469000,1
16.7929,13,16790402291,2469000,1
16.7929,5,16790402291,2469000,1
16.7954,16,16792905291,2496006,0
16.7979,8,16795437297,2496006,0
16.8005,8,16797960303,2496006,0
16.803,11,16800483309,2496006,0
16.8055,11,16803006315,2496006,0
16.8081,12,16805556321,2496006,0
16.8106,5,16808079327,2496006,0
16.8131,8,16810638333,2496006,0
16.8156,12,16813161339,2469000,1
16.8156,16,16813161339,2469000,1
16.8181,5,16815637339,2469000,1
16.8181,15,16815637339,2469000,1
16.8206,11,16818104339,2469000,1
16.8206,9,16818104339,2469000,1
16.823,8,16820580339,2469000,1
16.823,10,16820580339,2469000,1
16.8255,14,16823047339,2496006,0
16.8281,11,16825597345,2469000,1
16.8281,8,16825597345,2469000,1
16.8306,14,16828064345,2496006,0
16.8331,12,16830614351,2496006,0
16.8356,11,16833146357,2496006,0
16.8382,14,16835687363,2469000,1
16.8382,5,16835687363,2469000,1
16.8409,12,16838467369,2469000,1
16.8409,16,16838467369,2469000,1
16.8434,13,16840934369,2496006,0
16.846,16,16843457375,2496006,0
16.8485,3,16845989381,2496006,0
16.851,1,16848521387,2469000,1
16.851,11,16848521387,2469000,1
16.8535,13,16850988387,2496006,0
16.856,14,16853520393,2496006,0
16.8611,16,16858566405,2496006,0
16.8636,5,16861098411,2469000,1
16.8636,3,16861098411,2469000,1
16.8661,9,16863565411,2496006,0
16.8686,16,16866088417,2496006,0
16.8714,16,16868933423,2496006,0
16.874,9,16871456429,2496006,0
16.8765,14,16873988435,2496006,0
16.879,13,16876511441,2496006,0
16.8815,15,16879052447,2496006,0
16.8841,9,16881593453,2469000,1
16.8841,12,16881593453,2469000,1
16.8865,15,16884069453,2469000,1
16.8865,9,16884069453,2469000,1
16.889,13,16886536453,2469000,1
16.889,14,16886536453,2469000,1
16.8915,11,16889003453,2496006,0
16.894,16,16891535459,2496006,0
16.8966,1,16894085465,2469000,1
16.8966,16,16894085465,2469000,1
16.8991,13,16896597465,2469000,1
16.9016,11,16899064465,2496006,0
16.9041,8,16901587471,2469000,1
16.9041,3,16901587471,2469000,1
16.9041,11,16901587471,2469000,1
16.9066,14,16904063471,2496006,0
16.9091,4,16906613477,2496006,0
16.9116,16,16909145483,2496006,0
16.9142,3,16911686489,2496006,0
16.9167,15,16914209495,2496006,0
16.9192,12,16916732501,2496006,0
16.9218,12,16919255507,2496006,0
16.9242,14,16921778513,2469000,1
16.9242,15,16921778513,2469000,1
16.9267,12,16924245513,2496006,0
16.9293,4,16926768519,2496006,0
16.9318,16,16929291525,2496006,0
16.9343,4,16931832531,2496006,0
16.9369,3,16934391537,2496006,0
16.9394,14,16936914543,2496006,0
16.9419,12,16939437549,2469000,1
16.9419,11,16939437549,2469000,1
16.9419,15,16939437549,2469000,1
16.9472,10,16944740561,2496006,0
16.9498,4,16947263567,2496006,0
16.9523,14,16949786573,2496006,0
16.9548,9,16952318579,2469000,1
16.9548,16,16952318579,2469000,1
16.9573,10,16954812579,2496006,0
16.9598,4,16957344585,2469000,1
16.9598,8,16957344585,2469000,1
16.9623,3,16959811585,2496006,0
16.9648,14,16962334591,2496006,0
16.9674,10,16964857597,2496006,0
16.9698,12,16967380603,2469000,1
16.9698,16,16967380603,2469000,1
16.9698,3,16967380603,2469000,1
16.9698,14,16967380603,2469000,1
16.9726,11,16970160609,2469000,1
16.9726,10,16970160609,2469000,1
16.9751,4,16972636609,2496006,0
16.9777,3,16975186615,2496006,0
16.9802,13,16977718621,2496006,0
16.9828,3,16980277627,2496006,0
16.9853,3,16982809633,2496006,0
16.9878,4,16985332639,2469000,1
16.9878,14,16985332639,2469000,1
16.9903,5,16987799639,2496006,0
16.9928,10,16990322645,2469000,1
16.9953,13,16992816645,2496006,0
16.9979,4,16995357651,2496006,0
17.0004,5,16997880657,2496006,0
17.0029,6,17000412663,2496006,0
17.0054,3,17002935669,2496006,0
17.008,16,17005458675,2496006,0
17.0105,13,17007981681,2496006,0
17.013,5,17010513687,2496006,0
17.0155,6,17013036693,2469000,1
17.0155,4,17013036693,2469000,1
17.0157,17,17015521693,152006,0
17.0182,16,17015700699,2469000,1
17.0207,3,17018176699,2496006,0
17.0232,3,17020699705,2496006,0
17.0258,3,17023258711,2496006,0
17.0283,15,17025781717,2469000,1
17.0283,13,17025781717,2469000,1
17.0307,5,17028248717,2469000,1
17.0307,3,17028248717,2469000,1
17.0331,17,17030742717,2390472,0
17.0382,6,17035701195,2469000,1
17.0382,4,17035701195,2469000,1
17.0407,12,17038168195,2496006,0
17.0432,5,17040691201,2496006,0
17.046,12,17043527207,2496006,0
17.0487,17,17046238213,2496006,0
17.0513,13,17048761219,2496006,0
17.0538,16,17051293225,2496006,0
17.0563,5,17053834231,2496006,0
17.0588,17,17056366237,2469000,1
17.0588,5,17056366237,2469000,1
17.0613,12,17058833237,2469000,1
17.0613,4,17058833237,2469000,1
17.0638,2,17061309237,2496006,0
17.0663,16,17063832243,2496006,0
17.0689,13,17066355249,2496006,0
17.0713,10,17068878255,2469000,1
17.0713,3,17068878255,2469000,1
17.0738,14,17071345255,2496006,0
17.0767,2,17074181261,2496006,0
17.0792,16,17076704267,2496006,0
17.0817,17,17079227273,2496006,0
17.0842,13,17081750279,2469000,1
17.0842,14,17081750279,2469000,1
17.0867,17,17084217279,2496006,0
17.0893,12,17086758285,2496006,0
17.0918,12,17089290291,2496006,0
17.0968,2,17094345303,2496006,0
17.0994,6,17096886309,2496006,0
17.1019,17,17099418315,2469000,1
17.1019,16,17099418315,2469000,1
17.1044,2,17101885315,2496006,0
17.1069,3,17104435321,2496006,0
17.1095,12,17106958327,2496006,0
17.112,5,17109481333,2469000,1
17.112,14,17109481333,2469000,1
17.1144,9,17111948333,2496006,0
17.1169,2,17114471339,2469000,1
17.1169,12,17114471339,2469000,1
17.1194,16,17116938339,2496006,0
17.122,16,17119461345,2496006,0
17.1245,11,17121984351,2469000,1
17.1245,6,17121984351,2469000,1
17.127,13,17124460351,2496006,0
17.1295,3,17126992357,2496006,0
17.132,9,17129515363,2496006,0
17.1345,16,17132047369,2496006,0
17.137,8,17134570375,2469000,1
17.137,3,17134570375,2469000,1
17.1395,9,17137046375,2496006,0
17.1421,13,17139569381,2496006,0
17.1446,13,17142101387,2496006,0
17.1471,9,17144624393,2496006,0
17.15,2,17147469399,2496006,0
17.1525,17,17149992405,2469000,1
17.1525,3,17149992405,2469000,1
17.155,2,17152459405,2496006,0
17.1575,16,17154982411,2496006,0
17.16,16,17157505417,2496006,0
17.1625,9,17160028423,2469000,1
17.1625,2,17160028423,2469000,1
17.165,16,17162495423,2496006,0
17.1675,12,17165027429,2469000,1
17.17,16,17167494429,2496006,0
17.1725,13,17170017435,2496006,0
17.1751,6,17172558441,2496006,0
17.1779,16,17175403447,2496006,0
17.1804,10,17177935453,2469000,1
17.1804,6,17177935453,2469000,1
17.1829,13,17180456453,2469000,1
17.1829,9,17180456453,2469000,1
17.1854,14,17182923453,2469000,1
17.1854,16,17182923453,2469000,1
17.1879,12,17185435453,2469000,1
17.1879,13,17185435453,2469000,1
17.1904,2,17187920453,2496006,0
17.1929,5,17190443459,2496006,0
17.1955,2,17192984465,2496006,0
17.198,5,17195543471,2496006,0
17.2006,2,17198066477,2496006,0
17.2031,5,17200589483,2496006,0
17.2056,6,17203139489,2496006,0
17.2081,15,17205662495,2469000,1
17.2081,3,17205662495,2469000,1
17.2081,6,17205662495,2469000,1
17.2106,5,17208129495,2469000,1
17.2106,17,17208129495,2469000,1
17.2131,16,17210632495,2496006,0
17.2156,4,17213155501,2469000,1
17.2156,12,17213155501,2469000,1
17.2181,5,17215631501,2469000,1
17.2206,2,17218098501,2496006,0
17.2231,10,17220639507,2496006,0
17.2257,16,17223162513,2496006,0
17.2282,3,17225685519,2496006,0
17.2307,13,17228208525,2496006,0
17.2332,2,17230731531,2496006,0
17.2358,3,17233254537,2496006,0
17.2383,16,17235795543,2469000,1
17.2383,12,17235795543,2469000,1
17.2383,2,17235795543,2469000,1
17.2408,6,17238280543,2496006,0
17.2433,10,17240803549,2496006,0
17.2458,3,17243326555,2496006,0
17.2483,9,17245867561,2469000,1
17.2483,13,17245867561,2469000,1
17.2512,6,17248665567,2496006,0
17.2537,13,17251197573,2496006,0
17.2562,10,17253729579,2496006,0
17.2587,16,17256252585,2496006,0
17.2613,16,17258775591,2496006,0
17.2638,13,17261298597,2496006,0
17.2663,3,17263830603,2469000,1
17.2663,13,17263830603,2469000,1
17.2688,2,17266297603,2496006,0
17.2738,16,17271370615,2469000,1
17.2738,6,17271370615,2469000,1
17.2763,16,17273839615,2496006,0
17.2788,10,17276371621,2469000,1
17.2788,6,17276371621,2469000,1
17.2817,2,17279160627,2496006,0
17.2842,14,17281683633,2496006,0
17.2867,14,17284215639,2496006,0
17.2892,13,17286738645,2496006,0
17.2917,14,17289261651,2469000,1
17.2917,13,17289261651,2469000,1
17.2942,5,17291746651,2496006,0
17.2968,16,17294278657,2496006,0
17.2993,5,17296810663,2496006,0
17.3018,2,17299342669,2496006,0
17.3044,13,17301892675,2496006,0
17.3069,2,17304415681,2469000,1
17.3069,3,17304415681,2469000,1
17.3094,13,17306882681,2496006,0
17.3119,16,17309432687,2469000,1
17.3119,13,17309432687,2469000,1
17.3144,10,17311917687,2469000,1
17.3144,5,17311917687,2469000,1
17.3169,14,17314384687,2469000,1
17.3169,13,17314384687,2469000,1
17.3194,16,17316860687,2496006,0
17.3244,2,17321924699,2496006,0
17.327,2,17324474705,2496006,0
17.3295,17,17326997711,2496006,0
17.332,16,17329520717,2496006,0
17.3345,2,17332052723,2496006,0
17.3371,17,17334575729,2496006,0
17.3396,5,17337107735,2496006,0
17.3421,2,17339630741,2496006,0
17.3446,6,17342153747,2496006,0
17.3472,16,17344730753,2496006,0
17.3497,16,17347253759,2496006,0
17.3522,5,17349776765,2469000,1
17.3522,17,17349776765,2469000,1
17.3551,6,17352565771,2496006,0
17.3576,2,17355088777,2496006,0
17.3601,3,17357620783,2496006,0
17.3627,16,17360170789,2496006,0
17.3652,3,17362693795,2496006,0
17.3677,5,17365234801,2496006,0
17.3702,8,17367757807,2469000,1
17.3727,13,17370233807,2496006,0
17.3753,6,17372756813,2496006,0
17.3777,1,17375279819,2469000,1
17.3777,2,17375279819,2469000,1
17.3803,5,17377764819,2496006,0
17.3831,5,17380600825,2496006,0
17.3856,3,17383123831,2496006,0
17.3882,16,17385655837,2496006,0
17.3907,17,17388178843,2496006,0
17.3932,5,17390701849,2469000,1
17.3932,6,17390701849,2469000,1
17.3957,13,17393168849,2496006,0
17.3982,14,17395691855,2496006,0
17.4007,5,17398214861,2496006,0
17.4032,16,17400737867,2496006,0
17.4058,13,17403287873,2469000,1
17.4058,10,17403287873,2469000,1
17.4082,2,17405763873,2469000,1
17.4082,3,17405763873,2469000,1
17.4082,17,17405763873,2469000,1
17.4107,14,17408230873,2496006,0
17.4132,16,17410753879,2469000,1
17.4132,5,17410753879,2469000,1
17.4157,9,17413220879,2496006,0
17.4183,9,17415788885,2496006,0
17.4208,6,17418311891,2496006,0
17.4233,13,17420843897,2469000,1
17.4233,6,17420843897,2469000,1
17.4283,6,17425842903,2496006,0
17.4309,4,17428365909,2496006,0
17.4334,14,17430888915,2469000,1
17.4334,13,17430888915,2469000,1
17.4358,2,17433373915,2469000,1
17.4358,16,17433373915,2469000,1
17.4383,9,17435849915,2496006,0
17.4408,6,17438372921,2469000,1
17.4408,3,17438372921,2469000,1
17.4433,11,17440848921,2469000,1
17.4433,17,17440848921,2469000,1
17.4433,9,17440848921,2469000,1
17.4458,5,17443315921,2469000,1
17.4458,4,17443315921,2469000,1
17.4483,10,17445782921,2496006,0
17.4508,14,17448350927,2496006,0
17.4534,14,17450882933,2496006,0
17.4562,4,17453718939,2469000,1
17.4562,14,17453718939,2469000,1
17.4587,10,17456185939,2496006,0
17.4612,11,17458708945,2496006,0
17.4637,2,17461249951,2496006,0
17.4663,5,17463772957,2496006,0
17.4688,11,17466304963,2469000,1
17.4688,9,17466304963,2469000,1
17.4688,14,17466304963,2469000,1
17.4713,6,17468789963,2496006,0
17.4738,17,17471312969,2496006,0
17.4763,5,17473835975,2469000,1
17.4763,10,17473835975,2469000,1
17.4763,16,17473835975,2469000,1
17.4788,2,17476311975,2496006,0
17.4839,4,17481366987,2496006,0
17.4867,9,17484202993,2496006,0
17.4892,4,17486725999,2496006,0
17.4917,17,17489249005,2496006,0
17.4943,3,17491772011,2496006,0
17.4968,6,17494295017,2496006,0
17.4993,17,17496836023,2496006,0
17.5019,2,17499359029,2496006,0
17.5044,6,17501882035,2496006,0
17.5069,3,17504405041,2469000,1
17.5069,10,17504405041,2469000,1
17.5094,4,17506872041,2496006,0
17.5119,3,17509395047,2469000,1
17.5119,4,17509395047,2469000,1
17.5143,2,17511871047,2469000,1
17.5143,5,17511871047,2469000,1
17.5143,9,17511871047,2469000,1
17.5143,4,17511871047,2469000,1
17.5168,17,17514338047,2469000,1
17.5168,11,17514338047,2469000,1
17.5193,6,17516832047,2496006,0
17.5219,14,17519382053,2469000,1
17.5219,17,17519382053,2469000,1
17.5244,6,17521867053,2496006,0
17.5269,6,17524390059,2496006,0
17.5294,9,17526913065,2469000,1
17.5294,11,17526913065,2469000,1
17.5294,6,17526913065,2469000,1
17.5319,3,17529407065,2469000,1
17.5319,17,17529407065,2469000,1
17.5344,10,17531901065,2496006,0
17.5394,2,17536974077,2469000,1
17.5394,5,17536974077,2469000,1
17.542,4,17539468077,2496006,0
17.5445,10,17542009083,2469000,1
17.5445,15,17542009083,2469000,1
17.547,4,17544476083,2496006,0
17.5495,5,17547017089,2496006,0
17.5521,6,17549576095,2496006,0
17.5546,5,17552117101,2469000,1
17.5546,10,17552117101,2469000,1
17.5571,4,17554611101,2496006,0
17.5599,6,17557465107,2469000,1
17.5599,5,17557465107,2469000,1
17.5624,3,17559932107,2469000,1
17.5624,2,17559932107,2469000,1
17.5649,9,17562471107,2469000,1
17.5649,4,17562471107,2469000,1
17.57,13,17567479113,2496006,0
17.5725,16,17570011119,2496006,0
17.575,6,17572543125,2496006,0
17.5776,5,17575075131,2496006,0
17.5801,13,17577607137,2496006,0
17.5826,5,17580166143,2469000,1
17.5826,16,17580166143,2469000,1
17.5851,6,17582651143,2469000,1
17.5851,4,17582651143,2469000,1
17.5851,16,17582651143,2469000,1
17.5879,13,17585431149,2496006,0
17.5905,6,17587954155,2496006,0
17.593,13,17590477161,2496006,0
17.5955,5,17593009167,2496006,0
17.6006,5,17598073179,2496006,0
17.6031,10,17600605185,2496006,0
17.6056,6,17603137191,2496006,0
17.6082,13,17605660197,2496006,0
17.6107,5,17608192203,2496006,0
17.6132,14,17610715209,2496006,0
17.6157,5,17613247215,2496006,0
17.6183,10,17615770221,2496006,0
17.6208,13,17618302227,2496006,0
17.6233,14,17620834233,2496006,0
17.6258,10,17623357239,2469000,1
17.6258,6,17623357239,2469000,1
17.6258,2,17623357239,2469000,1
17.6258,16,17623357239,2469000,1
17.6283,10,17625833239,2469000,1
17.6283,6,17625833239,2469000,1
17.6308,14,17628300239,2496006,0
17.6333,13,17630823245,2469000,1
17.6333,5,17630823245,2469000,1
17.6358,6,17633299245,2469000,1
17.6383,13,17635775245,2496006,0
17.6408,14,17638307251,2496006,0
17.6433,17,17640848257,2496006,0
17.6459,10,17643389263,2496006,0
17.6484,14,17645912269,2496006,0
17.6509,11,17648444275,2496006,0
17.6535,9,17650994281,2469000,1
17.6535,13,17650994281,2469000,1
17.6559,11,17653461281,2469000,1
17.6559,17,17653461281,2469000,1
17.6559,13,17653463281,2469000,1
17.6584,10,17655939281,2496006,0
17.6613,16,17658802287,2469000,1
17.6613,5,17658802287,2469000,1
17.6638,10,17661269287,2496006,0
17.6663,14,17663792293,2496006,0
17.6688,4,17666324299,2496006,0
17.6713,10,17668856305,2469000,1
17.6713,6,17668856305,2469000,1
17.6738,17,17671332305,2496006,0
17.6764,4,17673891311,2496006,0
17.6789,17,17676414317,2496006,0
17.6814,11,17678937323,2496006,0
17.684,14,17681469329,2496006,0
17.6865,11,17684001335,2496006,0
17.6894,17,17686864341,2496006,0
17.6919,11,17689396347,2496006,0
17.6944,10,17691919353,2496006,0
17.6969,13,17694442359,2469000,1
17.6969,4,17694442359,2469000,1
17.6994,14,17696909359,2496006,0
17.702,6,17699459365,2496006,0
17.7045,11,17701991371,2469000,1
17.7095,14,17706999377,2469000,1
17.7095,17,17706999377,2469000,1
17.7095,10,17706999377,2469000,1
17.7119,6,17709475377,2469000,1
17.7119,4,17709475377,2469000,1
17.7145,6,17711987377,2496006,0
17.717,6,17714510383,2496006,0
17.7195,11,17717042389,2496006,0
17.7221,10,17719565395,2496006,0
17.7246,5,17722133401,2496006,0
17.7272,11,17724656407,2496006,0
17.7297,10,17727179413,2496006,0
17.7322,6,17729711419,2496006,0
17.7373,11,17734784431,2496006,0
17.7398,14,17737307437,2496006,0
17.7423,10,17739830443,2496006,0
17.7449,17,17742362449,2496006,0
17.7474,6,17744885455,2469000,1
17.7474,12,17744885455,2469000,1
17.7474,5,17744885455,2469000,1
17.7474,10,17744885455,2469000,1
17.7499,5,17747370455,2496006,0
17.7524,11,17749929461,2469000,1
17.7524,10,17749929461,2469000,1
17.7549,17,17752405461,2496006,0
17.7574,5,17754928467,2496006,0
17.7599,14,17757451473,2496006,0
17.7628,4,17760287479,2496006,0
17.7653,4,17762810485,2496006,0
17.7678,4,17765360491,2469000,1
17.7703,17,17767827491,2496006,0
17.7728,17,17770350497,2496006,0
17.7754,11,17772873503,2496006,0
17.7779,5,17775396509,2496006,0
17.7804,6,17777919515,2496006,0
17.7829,14,17780442521,2496006,0
17.7855,2,17782965527,2496006,0
17.788,17,17785488533,2469000,1
17.788,3,17785488533,2469000,1
17.788,6,17785488533,2469000,1
17.7904,4,17787955533,2469000,1
17.7904,14,17787955533,2469000,1
17.7932,7,17790735539,2496006,0
17.7958,14,17793258545,2496006,0
17.7983,11,17795799551,2496006,0
17.8008,7,17798340557,2469000,1
17.8008,11,17798340557,2469000,1
17.8033,5,17800807557,2469000,1
17.8033,2,17800807557,2469000,1
17.8058,11,17803283557,2496006,0
17.8083,14,17805842563,2496006,0
17.8109,11,17808365569,2496006,0
17.8159,6,17813411581,2496006,0
17.8184,14,17815943587,2496006,0
17.8209,10,17818466593,2469000,1
17.8209,14,17818466593,2469000,1
17.8234,6,17820951593,2496006,0
17.826,5,17823483599,2496006,0
17.8285,9,17826006605,2496006,0
17.831,17,17828547611,2496006,0
17.8336,11,17831079617,2496006,0
17.8361,17,17833602623,2496006,0
17.8386,6,17836125629,2469000,1
17.8386,7,17836125629,2469000,1
17.8386,14,17836125629,2469000,1
17.8411,5,17838601629,2469000,1
17.8411,13,17838601629,2469000,1
17.8411,2,17838601629,2469000,1
17.8436,2,17841086629,2496006,0
17.8461,9,17843618635,2496006,0
17.8487,11,17846159641,2496006,0
17.8512,2,17848691647,2469000,1
17.8512,17,17848691647,2469000,1
17.8537,2,17851160647,2496006,0
17.8562,11,17853701653,2496006,0
17.8613,9,17858774665,2496006,0
17.8638,4,17861297671,2496006,0
17.8666,2,17864133677,2496006,0
17.8692,11,17866656683,2496006,0
17.8716,6,17869179689,2469000,1
17.8716,17,17869179689,2469000,1
17.8742,9,17871682689,2496006,0
17.8767,9,17874205695,2496006,0
17.8792,2,17876728701,2469000,1
17.8792,7,17876728701,2469000,1
17.8792,5,17876728701,2469000,1
17.8792,11,17876728701,2469000,1
17.8817,16,17879195701,2496006,0
17.8843,4,17881754707,2496006,0
17.8868,10,17884286713,2496006,0
17.8893,9,17886836719,2496006,0
17.8918,16,17889359725,2469000,1
17.8918,2,17889359725,2469000,1
17.8947,4,17892157731,2496006,0
17.8972,11,17894680737,2496006,0
17.8997,10,17897203743,2496006,0
17.9022,14,17899726749,2469000,1
17.9047,17,17902211749,2469000,1
17.9047,9,17902211749,2469000,1
17.9047,10,17902211749,2469000,1
17.9072,4,17904678749,2496006,0
17.9097,7,17907201755,2496006,0
17.9122,11,17909733761,2496006,0
17.9148,16,17912256767,2496006,0
17.9173,6,17914797773,2496006,0
17.9198,2,17917320779,2496006,0
17.9223,9,17919852785,2496006,0
17.9249,11,17922384791,2469000,1
17.9249,4,17922384791,2469000,1
17.9273,6,17924851791,2469000,1
17.9273,14,17924851791,2469000,1
17.9298,16,17927336791,2469000,1
17.9298,7,17927336791,2469000,1
17.9323,9,17929803791,2496006,0
17.9348,5,17932344797,2496006,0
17.9373,6,17934867803,2469000,1
17.9373,9,17934867803,2469000,1
17.9398,16,17937334803,2469000,1
17.9398,9,17937336803,2469000,1
17.9423,2,17939812803,2496006,0
17.9449,11,17942362809,2496006,0
17.9474,10,17944885815,2469000,1
17.9498,2,17947361815,2469000,1
17.9498,16,17947361815,2469000,1
17.9523,4,17949837815,2469000,1
17.9523,5,17949837815,2469000,1
17.9548,9,17952313815,2496006,0
17.9574,9,17954863821,2496006,0
17.9599,15,17957404827,2469000,1
17.9599,11,17957404827,2469000,1
17.9624,16,17959871827,2496006,0
17.9649,5,17962412833,2496006,0
17.9677,9,17965257839,2469000,1
17.9677,7,17965257839,2469000,1
17.9703,5,17967760839,2496006,0
17.9728,2,17970283845,2469000,1
17.9728,4,17970283845,2469000,1
17.9753,16,17972777845,2496006,0
17.9778,5,17975300851,2496006,0
17.9803,5,17977823857,2496006,0
17.9828,17,17980346863,2496006,0
17.9853,11,17982878869,2469000,1
17.9878,16,17985363869,2469000,1
17.9878,6,17985363869,2469000,1
17.9903,9,17987848869,2469000,1
17.9928,5,17990315869,2496006,0
17.9982,16,17995674881,2496006,0
18.0007,17,17998197887,2496006,0
18.0033,7,18000765893,2496006,0
18.0035,18,18003306899,152006,0
18.0061,10,18003673905,2469000,1
18.0061,5,18003673905,2469000,1
18.0061,16,18003673905,2469000,1
18.0086,17,18006140905,2469000,1
18.0086,18,18006140905,2469000,1
18.0111,7,18008607905,2469000,1
18.0111,16,18008607905,2469000,1
18.0136,11,18011101905,2496006,0
18.0161,7,18013624911,2496006,0
18.0187,16,18016156917,2496006,0
18.0212,9,18018688923,2496006,0
18.0237,16,18021211929,2496006,0
18.0262,2,18023752935,2469000,1
18.0262,18,18023752935,2469000,1
18.0287,5,18026219935,2469000,1
18.0287,16,18026219935,2469000,1
18.0312,16,18028695935,2496006,0
18.0337,7,18031218941,2496006,0
18.0362,11,18033750947,2469000,1
18.0362,16,18033750947,2469000,1
18.0387,9,18036244947,2496006,0
18.0413,17,18038767953,2496006,0
18.0438,7,18041326959,2496006,0
18.0464,9,18043858965,2496006,0
18.0489,10,18046390971,2496006,0
18.0514,7,18048913977,2496006,0
18.0539,17,18051436983,2496006,0
18.0565,7,18053986989,2496006,0
18.059,11,18056536995,2496006,0
18.0641,7,18061592007,2469000,1
18.0641,6,18061592007,2469000,1
18.0641,9,18061592007,2469000,1
18.0666,10,18064068007,2496006,0
18.0691,17,18066591013,2496006,0
18.0719,16,18069427019,2469000,1
18.0719,7,18069427019,2469000,1
18.0744,11,18071912019,2496006,0
18.0769,5,18074435025,2469000,1
18.0769,11,18074435025,2469000,1
18.0794,11,18076920025,2496006,0
18.082,10,18079461031,2496006,0
18.0845,18,18081984037,2469000,1
18.0845,17,18081984037,2469000,1
18.0869,10,18084451037,2496006,0
18.0895,11,18086992043,2496006,0
18.092,10,18089524049,2496006,0
18.0945,9,18092056055,2469000,1
18.0945,11,18092056055,2469000,1
18.097,10,18094523055,2496006,0
18.1024,13,18099891067,2496006,0
18.1049,2,18102432073,2496006,0
18.1075,11,18104955079,2496006,0
18.11,10,18107478085,2496006,0
18.1125,13,18110001091,2496006,0
18.115,11,18112524097,2496006,0
18.1175,2,18115047103,2496006,0
18.12,16,18117570109,2469000,1
18.12,13,18117570109,2469000,1
18.1225,4,18120037109,2496006,0
18.1251,10,18122578115,2496006,0
18.1276,4,18125110121,2496006,0
18.1301,5,18127651127,2496006,0
18.1326,11,18130174133,2469000,1
18.1326,2,18130174133,2469000,1
18.1326,13,18130174133,2469000,1
18.1351,17,18132641133,2496006,0
18.1377,5,18135173139,2496006,0
18.1402,9,18137705145,2496006,0
18.1427,17,18140228151,2469000,1
18.1427,10,18140228151,2469000,1
18.1452,7,18142704151,2469000,1
18.1452,11,18142704151,2469000,1
18.1452,17,18142704151,2469000,1
18.1452,10,18142704151,2469000,1
18.1502,4,18147694157,2496006,0
18.1527,18,18150217163,2469000,1
18.1527,4,18150217163,2469000,1
18.1552,9,18152702163,2496006,0
18.1577,14,18155243169,2469000,1
18.1577,2,18155243169,2469000,1
18.1602,13,18157710169,2469000,1
18.1602,5,18157710169,2469000,1
18.1627,4,18160177169,2496006,0
18.1652,9,18162709175,2496006,0
18.1678,4,18165295181,2469000,1
18.1678,12,18165295181,2469000,1
18.1678,17,18165295181,2469000,1
18.1703,13,18167771181,2496006,0
18.1731,9,18170643187,2496006,0
18.1757,13,18173175193,2496006,0
18.1782,13,18175725199,2496006,0
18.1808,16,18178257205,2496006,0
18.1858,16,18183303217,2496006,0
18.1883,9,18185826223,2469000,1
18.1883,5,18185826223,2469000,1
18.1908,4,18188293223,2496006,0
18.1933,2,18190852229,2496006,0
18.1959,17,18193402235,2469000,1
18.1959,13,18193402235,2469000,1
18.1984,16,18195896235,2496006,0
18.2009,4,18198428241,2469000,1
18.2034,2,18200913241,2496006,0
18.2059,11,18203454247,2469000,1
18.2059,9,18203454247,2469000,1
18.2084,2,18205939247,2469000,1
18.2084,10,18205939247,2469000,1
18.2084,16,18205939247,2469000,1
18.2134,9,18210938253,2496006,0
18.216,9,18213488259,2496006,0
18.2185,13,18216020265,2469000,1
18.2185,9,18216020265,2469000,1
18.221,4,18218505265,2496006,0
18.2235,17,18221028271,2496006,0
18.2261,5,18223569277,2496006,0
18.2286,5,18226128283,2496006,0
18.2312,17,18228660289,2496006,0
18.2337,17,18231183295,2496006,0
18.2362,16,18233706301,2469000,1
18.2386,9,18236173301,2469000,1
18.2386,4,18236173301,2469000,1
18.2412,2,18238685301,2496006,0
18.2437,5,18241217307,2496006,0
18.2462,11,18243740313,2496006,0
18.2488,17,18246263319,2496006,0
18.2513,5,18248795325,2496006,0
18.2538,2,18251336331,2496006,0
18.2563,9,18253859337,2469000,1
18.2563,2,18253859337,2469000,1
18.2588,4,18256344337,2496006,0
18.2613,11,18258876343,2469000,1
18.2638,5,18261343343,2469000,1
18.2638,17,18261343343,2469000,1
18.2664,11,18263882343,2496006,0
18.2689,4,18266414349,2469000,1
18.2689,11,18266414349,2469000,1
18.2714,13,18268899349,2496006,0
18.2739,7,18271422355,2496006,0
18.2768,2,18274258361,2496006,0
18.2793,5,18276781367,2496006,0
18.2818,13,18279313373,2469000,1
18.2818,17,18279313373,2469000,1
18.2868,5,18284330379,2496006,0
18.2894,7,18286862385,2496006,0
18.2919,2,18289385391,2496006,0
18.2944,11,18291935397,2469000,1
18.2944,2,18291935397,2469000,1
18.2969,5,18294402397,2469000,1
18.2969,16,18294402397,2469000,1
18.2994,4,18296878397,2496006,0
18.3019,2,18299401403,2496006,0
18.3048,7,18302273409,2496006,0
18.3073,13,18304796415,2496006,0
18.3098,7,18307319421,2469000,1
18.3123,4,18309795421,2496006,0
18.3148,2,18312336427,2496006,0
18.3174,4,18314877433,2496006,0
18.3199,2,18317409439,2469000,1
18.3199,6,18317409439,2469000,1
18.3199,4,18317409439,2469000,1
18.3224,7,18319894439,2496006,0
18.3249,7,18322417445,2496006,0
18.3274,13,18324940451,2496006,0
18.33,5,18327499457,2496006,0
18.3351,4,18332563469,2496006,0
18.3376,10,18335095475,2496006,0
18.3401,7,18337618481,2496006,0
18.3426,4,18340141487,2496006,0
18.3452,9,18342664493,2496006,0
18.3477,4,18345187499,2496006,0
18.3502,13,18347710505,2496006,0
18.3527,4,18350233511,2496006,0
18.3553,2,18352756517,2496006,0
18.3578,5,18355279523,2496006,0
18.3603,10,18357829529,2496006,0
18.3628,9,18360352535,2469000,1
18.3628,17,18360352535,2469000,1
18.3653,10,18362819535,2496006,0
18.3678,13,18365342541,2496006,0
18.3703,2,18367865547,2469000,1
18.3703,4,18367865547,2469000,1
18.3703,7,18367865547,2469000,1
18.3753,14,18372855553,2469000,1
18.3753,10,18372855553,2469000,1
18.3753,13,18372855553,2469000,1
18.3781,11,18375644559,2496006,0
18.3807,5,18378194565,2496006,0
18.3833,3,18380780571,2496006,0
18.3858,11,18383303577,2469000,1
18.3858,9,18383303577,2469000,1
18.3858,7,18383303577,2469000,1
18.3882,4,18385770577,2469000,1
18.3882,3,18385770577,2469000,1
18.3908,13,18388255577,2496006,0
18.3933,5,18390778583,2496006,0
18.3958,18,18393328589,2496006,0
18.3983,2,18395860595,2469000,1
18.3983,18,18395860595,2469000,1
18.4008,18,18398329595,2496006,0
18.4033,5,18400861601,2469000,1
18.4033,2,18400861601,2469000,1
18.4061,13,18403641607,2469000,1
18.4086,10,18406117607,2496006,0
18.4112,9,18408685613,2496006,0
18.4137,18,18411208619,2496006,0
18.4162,16,18413731625,2496006,0
18.4187,11,18416263631,2469000,1
18.4187,5,18416263631,2469000,1
18.4212,18,18418748631,2496006,0
18.4237,10,18421280637,2469000,1
18.4237,3,18421280637,2469000,1
18.4263,3,18423774637,2496006,0
18.4288,16,18426297643,2469000,1
18.4288,5,18426297643,2469000,1
18.4312,13,18428764643,2469000,1
18.4312,9,18428764643,2469000,1
18.4337,7,18431231643,2496006,0
18.4362,12,18433754649,2469000,1
18.4362,6,18433754649,2469000,1
18.4387,9,18436221649,2469000,1
18.4387,12,18436223649,2469000,1
18.4412,18,18438690649,2469000,1
18.4412,10,18438690649,2469000,1
18.4437,3,18441211649,2469000,1
18.4437,9,18441211649,2469000,1
18.4437,12,18441211649,2469000,1
18.4462,1,18443705649,2496006,0
18.4487,7,18446228655,2496006,0
18.4512,4,18448760661,2469000,1
18.4512,12,18448760661,2469000,1
18.4537,1,18451245661,2469000,1
18.4537,12,18451245661,2469000,1
18.4562,4,18453721661,2496006,0
18.4588,11,18456262667,2496006,0
18.4613,4,18458785673,2496006,0
18.4638,16,18461317679,2469000,1
18.4638,10,18461317679,2469000,1
18.4663,13,18463784679,2496006,0
18.4688,11,18466316685,2469000,1
18.4688,7,18466316685,2469000,1
18.4738,18,18471317691,2496006,0
18.4764,4,18473858697,2496006,0
18.4789,3,18476399703,2469000,1
18.4789,13,18476399703,2469000,1
18.4817,18,18479206709,2496006,0
18.4842,1,18481738715,2496006,0
18.4867,7,18484261721,2469000,1
18.4867,1,18484261721,2469000,1
18.4892,18,18486746721,2496006,0
18.4918,4,18489269727,2496006,0
18.4943,18,18491801733,2496006,0
18.4994,11,18496874745,2496006,0
18.5019,13,18499397751,2496006,0
18.5044,18,18501920757,2496006,0
18.507,17,18504497763,2469000,1
18.507,4,18504497763,2469000,1
18.5098,1,18507286769,2469000,1
18.5098,4,18507286769,2469000,1
18.5122,11,18509753769,2496006,0
18.5148,18,18512276775,2496006,0
18.5173,13,18514799781,2496006,0
18.5198,1,18517340787,2496006,0
18.5224,18,18519863793,2496006,0
18.5274,2,18524927805,2496006,0
18.53,4,18527477811,2496006,0
18.5325,11,18530009817,2496006,0
18.535,1,18532532823,2469000,1
18.535,13,18532532823,2469000,1
18.5375,18,18535008823,2469000,1
18.5375,5,18535008823,2469000,1
18.5399,2,18537475823,2469000,1
18.5399,7,18537475823,2469000,1
18.5424,16,18539951823,2469000,1
18.5424,18,18539951823,2469000,1
18.5424,2,18539951823,2469000,1
18.545,7,18542454823,2496006,0
18.5475,4,18544986829,2469000,1
18.5475,7,18544986829,2469000,1
18.5499,3,18547453829,2469000,1
18.5499,11,18547453829,2469000,1
18.5499,16,18547453829,2469000,1
18.555,2,18552488835,2496006,0
18.5575,12,18555011841,2469000,1
18.5575,4,18555011841,2469000,1
18.56,9,18557523841,2469000,1
18.56,13,18557523841,2469000,1
18.5625,1,18559990841,2469000,1
18.5625,2,18559990841,2469000,1
18.565,1,18562511841,2496006,0
18.5675,11,18565043847,2496006,0
18.5701,2,18567566853,2496006,0
18.5751,1,18572630865,2496006,0
18.5776,7,18575153871,2496006,0
18.5802,7,18577694877,2496006,0
18.583,11,18580548883,2496006,0
18.5856,6,18583089889,2469000,1
18.5856,2,18583089889,2469000,1
18.5881,1,18585556889,2496006,0
18.5906,1,18588106895,2496006,0
18.5956,7,18593161907,2469000,1
18.5956,1,18593161907,2469000,1
18.5981,18,18595637907,2469000,1
18.5981,4,18595637907,2469000,1
18.6006,10,18598104907,2496006,0
18.6031,11,18600627913,2496006,0
18.6057,10,18603159919,2496006,0
18.6082,10,18605727925,2469000,1
18.6082,2,18605727925,2469000,1
18.611,7,18608525931,2496006,0
18.6161,8,18613589943,2496006,0
18.6186,11,18616112949,2496006,0
18.6211,11,18618680955,2469000,1
18.6211,13,18618680955,2469000,1
18.6237,11,18621156955,2496006,0
18.6262,1,18623688961,2496006,0
18.6287,7,18626211967,2496006,0
18.6312,2,18628734973,2496006,0
18.6338,8,18631275979,2496006,0
18.6388,4,18636321991,2496006,0
18.6413,1,18638844997,2496006,0
18.6439,10,18641377003,2496006,0
18.6464,11,18643900009,2496006,0
18.6489,10,18646423015,2496006,0
18.6515,7,18648964021,2496006,0
18.654,8,18651487027,2496006,0
18.6565,2,18654019033,2496006,0
18.659,4,18656542039,2469000,1
18.659,2,18656542039,2469000,1
18.6615,3,18659009039,2496006,0
18.664,7,18661541045,2469000,1
18.664,1,18661541045,2469000,1
18.6665,11,18664017045,2496006,0
18.669,3,18666540051,2469000,1
18.669,10,18666540051,2469000,1
18.674,15,18671539057,2496006,0
18.6766,7,18674062063,2496006,0
18.6791,8,18676603069,2496006,0
18.6816,11,18679135075,2496006,0
18.6844,7,18681980081,2469000,1
18.6844,1,18681980081,2469000,1
18.6869,8,18684447081,2496006,0
18.6895,11,18686979087,2496006,0
18.692,17,18689502093,2496006,0
18.6945,8,18692025099,2496006,0
18.697,3,18694557105,2469000,1
18.697,15,18694557105,2469000,1
18.6995,4,18697042105,2496006,0
18.7021,7,18699574111,2496006,0
18.7046,8,18702097117,2469000,1
18.7046,11,18702097117,2469000,1
18.7071,17,18704564117,2496006,0
18.7096,2,18707087123,2469000,1
18.7096,10,18707087123,2469000,1
18.7096,11,18707087123,2469000,1
18.7121,4,18709563123,2496006,0
18.7149,10,18712399129,2469000,1
18.7149,4,18712399129,2469000,1
18.7173,7,18714866129,2469000,1
18.7198,15,18717342129,2496006,0
18.7224,18,18719883135,2469000,1
18.7224,17,18719883135,2469000,1
18.7248,7,18722350135,2469000,1
18.7248,15,18722350135,2469000,1
18.7273,17,18724817135,2496006,0
18.7299,8,18727367141,2496006,0
18.7324,8,18729917147,2496006,0
18.7349,17,18732440153,2496006,0
18.7375,8,18734963159,2496006,0
18.74,17,18737486165,2496006,0
18.7425,8,18740009171,2496006,0
18.745,4,18742541177,2496006,0
18.7476,4,18745064183,2496006,0
18.7501,17,18747605189,2496006,0
18.7526,8,18750128195,2496006,0
18.7551,4,18752651201,2496006,0
18.7577,4,18755201207,2496006,0
18.7602,15,18757733213,2496006,0
18.7653,8,18762788225,2469000,1
18.7653,15,18762788225,2469000,1
18.7678,2,18765264225,2496006,0
18.7703,17,18767787231,2496006,0
18.7728,1,18770310237,2496006,0
18.7753,11,18772833243,2496006,0
18.7779,9,18775356249,2496006,0
18.7804,4,18777888255,2469000,1
18.7804,12,18777888255,2469000,1
18.7828,9,18780364255,2469000,1
18.7828,4,18780364255,2469000,1
18.7853,11,18782831255,2496006,0
18.7882,10,18785667261,2496006,0
18.7907,3,18788199267,2496006,0
18.7932,17,18790722273,2496006,0
18.7957,11,18793245279,2469000,1
18.7957,1,18793245279,2469000,1
18.7957,3,18793245279,2469000,1
18.7982,10,18795712279,2469000,1
18.7982,2,18795712279,2469000,1
18.8007,9,18798188279,2496006,0
18.8032,17,18800711285,2496006,0
18.8058,17,18803279291,2496006,0
18.8083,8,18805802297,2496006,0
18.8108,11,18808325303,2469000,1
18.8108,8,18808325303,2469000,1
18.8133,7,18810792303,2496006,0
18.8161,15,18813637309,2496006,0
18.8186,9,18816160315,2469000,1
18.8211,17,18818627315,2469000,1
18.8211,13,18818627315,2469000,1
18.8211,2,18818627315,2469000,1
18.8236,4,18821094315,2496006,0
18.8261,15,18823626321,2496006,0
18.8286,10,18826149327,2469000,1
18.8286,4,18826149327,2469000,1
18.8311,7,18828625327,2496006,0
18.8336,9,18831148333,2496006,0
18.8362,3,18833680339,2496006,0
18.8387,3,18836203345,2496006,0
18.8412,1,18838726351,2496006,0
18.8438,3,18841294357,2469000,1
18.8438,9,18841294357,2469000,1
18.8462,7,18843761357,2469000,1
18.8462,15,18843761357,2469000,1
18.8462,9,18843763357,2469000,1
18.8487,1,18846239357,2469000,1
18.8487,2,18846239357,2469000,1
18.8487,10,18846239357,2469000,1
18.8512,8,18848742357,2496006,0
18.8538,5,18851283363,2496006,0
18.8563,17,18853815369,2469000,1
18.8563,5,18853815369,2469000,1
18.8588,4,18856291369,2496006,0
18.8613,5,18858823375,2496006,0
18.8638,8,18861364381,2469000,1
18.8638,16,18861364381,2469000,1
18.8663,1,18863840381,2469000,1
18.8688,7,18866307381,2496006,0
18.8713,11,18868830387,2469000,1
18.8713,2,18868830387,2469000,1
18.8738,4,18871306387,2469000,1
18.8738,8,18871306387,2469000,1
18.8763,3,18873800387,2496006,0
18.8788,5,18876323393,2496006,0
18.8813,15,18878846399,2496006,0
18.8838,11,18881378405,2469000,1
18.8838,8,18881378405,2469000,1
18.8863,5,18883854405,2469000,1
18.8863,15,18883854405,2469000,1
18.8891,3,18886652411,2469000,1
18.8891,7,18886652411,2469000,1
18.8916,17,18889119411,2496006,0
18.8941,7,18891642417,2496006,0
18.8967,16,18894165423,2496006,0
18.8992,7,18896697429,2496006,0
18.9017,8,18899229435,2469000,1
18.9017,7,18899229435,2469000,1
18.9042,4,18901705435,2496006,0
18.9067,16,18904228441,2496006,0
18.9092,17,18906751447,2496006,0
18.9118,17,18909292453,2496006,0
18.9143,12,18911815459,2496006,0
18.9168,4,18914338465,2469000,1
18.9168,2,18914338465,2469000,1
18.9168,7,18914338465,2469000,1
18.9196,5,18917136471,2469000,1
18.9196,8,18917136471,2469000,1
18.9196,7,18917136471,2469000,1
18.9221,9,18919621471,2469000,1
18.9221,15,18919621471,2469000,1
18.9246,16,18922088471,2496006,0
18.9271,17,18924611477,2469000,1
18.9271,3,18924611477,2469000,1
18.9321,18,18929637483,2469000,1
18.9321,12,18929637483,2469000,1
18.9321,5,18929637483,2469000,1
18.9346,10,18932149483,2496006,0
18.9371,1,18934672489,2469000,1
18.9371,15,18934672489,2469000,1
18.9371,16,18934672489,2469000,1
18.9396,10,18937139489,2496006,0
18.9422,9,18939680495,2496006,0
18.9447,17,18942212501,2496006,0
18.9472,16,18944735507,2496006,0
18.9497,4,18947267513,2469000,1
18.9497,17,18947267513,2469000,1
18.9522,9,18949743513,2496006,0
18.9548,3,18952284519,2496006,0
18.9573,10,18954807525,2496006,0
18.9598,15,18957339531,2469000,1
18.9598,17,18957339531,2469000,1
18.9623,5,18959806531,2496006,0
18.9649,3,18962356537,2496006,0
18.9673,10,18964879543,2469000,1
18.9673,9,18964879543,2469000,1
18.9673,16,18964879543,2469000,1
18.9699,12,18967355543,2496006,0
18.9724,16,18969887549,2469000,1
18.9724,12,18969887549,2469000,1
18.9774,5,18974886555,2469000,1
18.9774,1,18974886555,2469000,1
18.9799,4,18977362555,2496006,0
18.9824,3,18979885561,2496006,0
18.9849,4,18982426567,2496006,0
18.9875,12,18984967573,2496006,0
18.99,1,18987490579,2496006,0
18.9928,5,18990326585,2496006,0
18.9954,3,18992858591,2496006,0
18.9979,12,18995390597,2496006,0
19.0004,5,18997922603,2469000,1
19.0004,4,18997922603,2469000,1
19.0029,9,19000389603,2496006,0
19.003,19,19002912609,121000,1
19.0054,1,19002912609,2469000,1
19.0079,1,19005381609,2496006,0
19.0104,16,19007913615,2496006,0
19.0129,10,19010454621,2469000,1
19.0129,5,19010454621,2469000,1
19.0129,4,19010454621,2469000,1
19.0154,3,19012930621,2496006,0
19.0179,1,19015453627,2469000,1
19.0179,12,19015453627,2469000,1
19.0207,4,19018251633,2496006,0
19.0232,9,19020774639,2469000,1
19.0257,3,19023241639,2469000,1
19.0257,10,19023241639,2469000,1
19.0282,16,19025717639,2469000,1
19.0282,5,19025717639,2469000,1
19.0307,4,19028202639,2496006,0
19.0332,17,19030743645,2496006,0
19.0334,19,19033266651,121000,1
19.0357,17,19033266651,2469000,1
19.0382,11,19035769651,2469000,1
19.0382,17,19035769651,2469000,1
19.0407,9,19038245651,2496006,0
19.0433,9,19040768657,2496006,0
19.0458,1,19043291663,2496006,0
19.0483,4,19045814669,2469000,1
19.0483,12,19045814669,2469000,1
19.0508,1,19048299669,2496006,0
19.0533,9,19050849675,2496006,0
19.0558,3,19053372681,2469000,1
19.0558,9,19053372681,2469000,1
19.056,19,19055839681,152006,0
19.0585,13,19056018687,2469000,1
19.0585,9,19056018687,2469000,1
19.061,7,19058485687,2496006,0
19.0612,19,19061008693,184200,1
19.0635,16,19061008693,2469000,1
19.0685,1,19066034699,2496006,0
19.0688,19,19068575705,184200,1
19.071,7,19068575705,2469000,1
19.0736,4,19071060705,2496006,0
19.076,19,19073592711,2390472,0
19.0785,12,19076019183,2496006,0
19.081,1,19078542189,2496006,0
19.0835,17,19081065195,2469000,1
19.0835,12,19081065195,2469000,1
19.086,3,19083550195,2496006,0
19.0863,19,19086073201,184200,1
19.0885,1,19086073201,2469000,1
19.0911,4,19088558201,2496006,0
19.0941,16,19091582207,2496006,0
19.0966,12,19094123213,2496006,0
19.0992,3,19096655219,2496006,0
19.1017,4,19099178225,2496006,0
19.1042,16,19101719231,2469000,1
19.1042,3,19101719231,2469000,1
19.1067,12,19104186231,2469000,1
19.1091,7,19106653231,2496006,0
19.1117,7,19109212237,2469000,1
19.1117,19,19109212237,2469000,1
19.1141,17,19111679237,2469000,1
19.1141,4,19111679237,2469000,1
19.1167,16,19114191237,2496006,0
19.1192,3,19116714243,2469000,1
19.1192,4,19116714243,2469000,1
19.1217,1,19119181243,2496006,0
19.1245,16,19122044249,2496006,0
19.1271,9,19124576255,2496006,0
19.1296,10,19127117261,2469000,1
19.1296,12,19127117261,2469000,1
19.1321,16,19129584261,2469000,1
19.1321,7,19129584261,2469000,1
19.1345,1,19132051261,2496006,0
19.1371,5,19134619267,2469000,1
19.1371,12,19134619267,2469000,1
19.1421,4,19139618273,2496006,0
19.1446,9,19142141279,2496006,0
19.1472,16,19144673285,2496006,0
19.1497,1,19147196291,2496006,0
19.1522,1,19149719297,2496006,0
19.1547,18,19152242303,2496006,0
19.1573,9,19154765309,2496006,0
19.1598,16,19157288315,2469000,1
19.1598,1,19157288315,2469000,1
19.1598,18,19157288315,2469000,1
19.1622,15,19159773315,2469000,1
19.1622,7,19159773315,2469000,1
19.1622,18,19159773315,2469000,1
19.1647,9,19162249315,2496006,0
19.1672,3,19164772321,2469000,1
19.1672,7,19164772321,2469000,1
19.1697,4,19167248321,2496006,0
19.1723,19,19169780327,2496006,0
19.1748,19,19172321333,2496006,0
19.1773,9,19174853339,2496006,0
19.1799,19,19177376345,2496006,0
19.1849,16,19182422357,2496006,0
19.1874,16,19184945363,2496006,0
19.1899,9,19187477369,2469000,1
19.1899,16,19187477369,2469000,1
19.1924,18,19189953369,2469000,1
19.1924,4,19189953369,2469000,1
19.1949,1,19192447369,2496006,0
19.1978,19,19195283375,2496006,0
19.2003,6,19197806381,2496006,0
19.2028,9,19200365387,2469000,1
19.2028,18,19200365387,2469000,1
19.2053,3,19202841387,2496006,0
19.2079,16,19205364393,2496006,0
19.2104,1,19207887399,2496006,0
19.2129,19,19210410405,2496006,0
19.2154,4,19212942411,2496006,0
19.218,6,19215483417,2496006,0
19.2205,4,19218015423,2469000,1
19.2205,16,19218015423,2469000,1
19.223,1,19220491423,2469000,1
19.223,3,19220491423,2469000,1
19.2257,6,19223280429,2469000,1
19.2283,19,19225774429,2496006,0
19.2308,19,19228297435,2496006,0
19.2333,9,19230838441,2496006,0
19.2359,6,19233361447,2496006,0
19.2384,12,19235929453,2496006,0
19.2409,19,19238452459,2469000,1
19.2409,13,19238452459,2469000,1
19.2409,4,19238452459,2469000,1
19.2434,6,19240919459,2469000,1
19.2434,1,19240919459,2469000,1
19.2459,1,19243395459,2496006,0
19.2484,9,19245918465,2496006,0
19.251,16,19248468471,2496006,0
19.2535,1,19250991477,2469000,1
19.2535,12,19250991477,2469000,1
19.256,16,19253467477,2496006,0
19.2585,3,19255990483,2496006,0
19.261,9,19258531489,2469000,1
19.261,6,19258531489,2469000,1
19.266,16,19263530495,2496006,0
19.2685,12,19266053501,2496006,0
19.2711,8,19268594507,2496006,0
19.2736,19,19271117513,2496006,0
19.2761,8,19273640519,2496006,0
19.2786,12,19276172525,2469000,1
19.2786,17,19276172525,2469000,1
19.2811,3,19278639525,2496006,0
19.2836,8,19281171531,2469000,1
19.2836,3,19281171531,2469000,1
19.2861,4,19283647531,2496006,0
19.2886,19,19286170537,2469000,1
19.2886,1,19286170537,2469000,1
19.2886,16,19286170537,2469000,1
19.2912,12,19288655537,2496006,0
19.2937,19,19291223543,2496006,0
19.2962,8,19293746549,2469000,1
19.2962,4,19293746549,2469000,1
19.299,12,19296553555,2469000,1
19.299,9,19296553555,2469000,1
19.299,3,19296553555,2469000,1
19.3041,19,19301570561,2496006,0
19.3066,5,19304120567,2496006,0
19.3091,16,19306643573,2496006,0
19.3117,10,19309166579,2496006,0
19.3142,19,19311689585,2496006,0
19.3167,16,19314221591,2496006,0
19.3192,3,19316744597,2496006,0
19.3218,3,19319312603,2469000,1
19.3218,8,19319312603,2469000,1
19.3243,5,19321779603,2496006,0
19.3268,16,19324302609,2496006,0
19.3296,12,19327138615,2469000,1
19.3296,10,19327138615,2469000,1
19.3321,5,19329605615,2496006,0
19.3346,4,19332128621,2496006,0
19.3371,19,19334651627,2496006,0
19.3397,1,19337183633,2496006,0
19.3447,6,19342247645,2469000,1
19.3447,1,19342247645,2469000,1
19.3472,4,19344714645,2469000,1
19.3472,16,19344714645,2469000,1
19.3472,6,19344716645,2469000,1
19.3497,5,19347183645,2469000,1
19.3497,7,19347183645,2469000,1
19.3497,10,19347183645,2469000,1
19.3521,1,19349659645,2469000,1
19.3521,4,19349659645,2469000,1
19.3547,19,19352171645,2496006,0
19.3572,12,19354694651,2496006,0
19.3597,16,19357217657,2496006,0
19.3623,12,19359758663,2496006,0
19.3648,1,19362281669,2496006,0
19.3673,3,19364822675,2496006,0
19.3698,16,19367345681,2469000,1
19.3698,4,19367345681,2469000,1
19.3723,12,19369821681,2496006,0
19.3748,19,19372353687,2496006,0
19.3774,9,19374903693,2496006,0
19.3799,1,19377426699,2469000,1
19.3799,3,19377426699,2469000,1
19.3824,19,19379893699,2469000,1
19.3824,12,19379893699,2469000,1
19.3849,17,19382360699,2496006,0
19.3874,5,19384901705,2496006,0
19.3899,17,19387433711,2469000,1
19.3899,9,19387433711,2469000,1
19.3924,5,19389900711,2496006,0
19.3949,19,19392423717,2496006,0
19.3974,5,19394946723,2496006,0
19.4,16,19397505729,2496006,0
19.4028,10,19400341735,2496006,0
19.4054,17,19402864741,2496006,0
19.4079,10,19405387747,2496006,0
19.4104,17,19407937753,2469000,1
19.4104,16,19407937753,2469000,1
19.4104,5,19407937753,2469000,1
19.4129,19,19410413753,2496006,0
19.4154,1,19412936759,2469000,1
19.4154,12,19412936759,2469000,1
19.4179,10,19415403759,2496006,0
19.4204,3,19417935765,2496006,0
19.4229,17,19420458771,2469000,1
19.4229,3,19420458771,2469000,1
19.4254,10,19422925771,2469000,1
19.4279,9,19425428771,2496006,0
19.4307,5,19428273777,2469000,1
19.4307,19,19428273777,2469000,1
19.4333,10,19430758777,2496006,0
19.4358,8,19433308783,2496006,0
19.4383,16,19435849789,2496006,0
19.4409,10,19438381795,2496006,0
19.4434,9,19440904801,2496006,0
19.4459,16,19443436807,2469000,1
19.4459,5,19443436807,2469000,1
19.4484,19,19445912807,2496006,0
19.4509,8,19448435813,2496006,0
19.4535,18,19450958819,2496006,0
19.456,8,19453481825,2496006,0
19.4585,18,19456004831,2496006,0
19.461,3,19458527837,2469000,1
19.461,8,19458527837,2469000,1
19.4635,10,19461003837,2496006,0
19.466,19,19463526843,2469000,1
19.466,10,19463526843,2469000,1
19.4685,18,19466002843,2469000,1
19.471,9,19468469843,2496006,0
19.4735,16,19471010849,2496006,0
19.476,8,19473533855,2469000,1
19.476,18,19473533855,2469000,1
19.481,9,19478534861,2496006,0
19.4836,2,19481075867,2496006,0
19.4861,4,19483616873,2469000,1
19.4861,1,19483616873,2469000,1
19.4861,16,19483616873,2469000,1
19.4886,17,19486083873,2496006,0
19.4911,9,19488606879,2496006,0
19.4936,9,19491138885,2496006,0
19.4962,19,19493670891,2496006,0
19.4987,2,19496202897,2496006,0
19.5012,17,19498725903,2469000,1
19.5012,1,19498725903,2469000,1
19.504,12,19501505909,2469000,1
19.504,19,19501505909,2469000,1
19.5064,10,19503972909,2469000,1
19.5064,16,19503972909,2469000,1
19.5089,2,19506439909,2496006,0
19.5114,9,19508962915,2469000,1
19.5114,5,19508962915,2469000,1
19.514,17,19511501915,2496006,0
19.5165,18,19514042921,2469000,1
19.519,12,19516527921,2469000,1
19.519,19,19516527921,2469000,1
19.519,2,19516527921,2469000,1
19.5215,10,19518994921,2496006,0
19.524,9,19521544927,2496006,0
19.5265,10,19524067933,2469000,1
19.5265,2,19524067933,2469000,1
19.529,3,19526552933,2469000,1
19.529,17,19526552933,2469000,1
19.5315,8,19529019933,2496006,0
19.5344,8,19531909939,2469000,1
19.5344,17,19531909939,2469000,1
19.5368,19,19534376939,2469000,1
19.5368,9,19534376939,2469000,1
19.5368,17,19534378939,2469000,1
19.5394,10,19536872939,2496006,0
19.5419,10,19539395945,2496006,0
19.5444,8,19541945951,2469000,1
19.5469,10,19544412951,2469000,1
19.5469,16,19544412951,2469000,1
19.5469,2,19544412951,2469000,1
19.5494,9,19546897951,2496006,0
19.5519,17,19549447957,2496006,0
19.5545,11,19552024963,2496006,0
19.557,9,19554556969,2469000,1
19.557,12,19554556969,2469000,1
19.5595,17,19557023969,2469000,1
19.5595,16,19557023969,2469000,1
19.562,2,19559490969,2469000,1
19.562,12,19559490969,2469000,1
19.5645,10,19561957969,2496006,0
19.567,11,19564498975,2496006,0
19.5695,6,19567021981,2469000,1
19.572,11,19569488981,2496006,0
19.577,17,19574552993,2496006,0
19.5796,11,19577084999,2496006,0
19.5821,10,19579626005,2496006,0
19.5847,14,19582167011,2496006,0
19.5872,14,19584690017,2496006,0
19.5897,10,19587258023,2469000,1
19.5897,17,19587258023,2469000,1
19.5922,15,19589734023,2469000,1
19.5922,11,19589734023,2469000,1
19.5972,8,19594733029,2469000,1
19.5972,9,19594733029,2469000,1
19.5997,14,19597200029,2496006,0
19.6022,14,19599750035,2496006,0
19.6048,10,19602282041,2496006,0
19.6076,3,19605118047,2496006,0
19.6101,14,19607641053,2469000,1
19.6101,10,19607641053,2469000,1
19.6126,19,19610117053,2496006,0
19.6151,18,19612649059,2469000,1
19.6151,11,19612649059,2469000,1
19.6176,3,19615125059,2496006,0
19.6227,3,19620198071,2469000,1
19.6227,10,19620198071,2469000,1
19.6227,19,19620198071,2469000,1
19.6252,17,19622665071,2496006,0
19.6277,17,19625233077,2496006,0
19.6303,17,19627756083,2496006,0
19.6328,19,19630315089,2496006,0
19.6357,17,19633169095,2496006,0
19.6407,14,19638242107,2469000,1
19.6407,3,19638242107,2469000,1
19.6432,19,19640745107,2496006,0
19.6458,11,19643268113,2496006,0
19.6483,17,19645800119,2496006,0
19.6509,11,19648359125,2496006,0
19.6534,9,19650882131,2496006,0
19.6585,19,19655955143,2496006,0
19.661,9,19658478149,2496006,0
19.6635,3,19661010155,2496006,0
19.666,11,19663533161,2469000,1
19.666,17,19663533161,2469000,1
19.666,19,19663533161,2469000,1
19.666,9,19663533161,2469000,1
19.6685,3,19666000161,2496006,0
19.671,3,19668559167,2469000,1
19.671,10,19668559167,2469000,1
19.6735,14,19671071167,2469000,1
19.6761,11,19673583167,2469000,1
19.6761,17,19673583167,2469000,1
19.6785,9,19676050167,2496006,0
19.6811,3,19678582173,2496006,0
19.6836,19,19681141179,2496006,0
19.6862,3,19683664185,2496006,0
19.6887,8,19686196191,2496006,0
19.6937,8,19691251203,2496006,0
19.6962,17,19693774209,2469000,1
19.6962,9,19693774209,2469000,1
19.6988,19,19696259209,2496006,0
19.7013,19,19698791215,2496006,0
19.7038,11,19701323221,2496006,0
19.7064,2,19703855227,2496006,0
19.7092,3,19706691233,2496006,0
19.7117,8,19709214239,2469000,1
19.7117,9,19709214239,2469000,1
19.7142,19,19711699239,2496006,0
19.7192,9,19716745251,2496006,0
19.7218,11,19719268257,2496006,0
19.7243,1,19721791263,2496006,0
19.7268,9,19724323269,2496006,0
19.7293,11,19726855275,2469000,1
19.7293,2,19726855275,2469000,1
19.7318,19,19729322275,2469000,1
19.7318,3,19729322275,2469000,1
19.7343,5,19731807275,2496006,0
19.7368,9,19734330281,2496006,0
19.7397,1,19737175287,2496006,0
19.7422,1,19739698293,2496006,0
19.7447,5,19742221299,2469000,1
19.7447,8,19742221299,2469000,1
19.7472,11,19744688299,2496006,0
19.7497,9,19747238305,2469000,1
19.7497,11,19747238305,2469000,1
19.7548,11,19752282311,2496006,0
19.7573,9,19754805317,2496006,0
19.7598,1,19757328323,2496006,0
19.7623,7,19759851329,2469000,1
19.7623,3,19759851329,2469000,1
19.7648,4,19762345329,2496006,0
19.7673,2,19764877335,2469000,1
19.7673,19,19764877335,2469000,1
19.7698,11,19767353335,2496006,0
19.7724,9,19769876341,2496006,0
19.7749,16,19772417347,2469000,1
19.7749,5,19772417347,2469000,1
19.7774,17,19774884347,2496006,0
19.7799,11,19777407353,2469000,1
19.7799,1,19777407353,2469000,1
19.7824,4,19779874353,2496006,0
19.7874,9,19784938365,2496006,0
19.79,17,19787506371,2496006,0
19.7925,2,19790038377,2496006,0
19.7951,1,19792561383,2496006,0
19.7976,4,19795084389,2496006,0
19.8001,1,19797607395,2496006,0
19.8026,14,19800139401,2469000,1
19.8026,3,19800139401,2469000,1
19.8051,17,19802606401,2469000,1
19.8051,8,19802606401,2469000,1
19.8076,9,19805073401,2496006,0
19.8101,17,19807596407,2469000,1
19.8101,9,19807596407,2469000,1
19.8129,11,19810376413,2496006,0
19.8154,1,19812899419,2496006,0
19.8179,10,19815422425,2496006,0
19.8205,1,19817963431,2496006,0
19.823,2,19820486437,2496006,0
19.8255,10,19823009443,2496006,0
19.828,4,19825541449,2469000,1
19.8305,11,19828008449,2496006,0
19.833,16,19830531455,2496006,0
19.8355,5,19833054461,2469000,1
19.8355,3,19833054461,2469000,1
19.8355,17,19833054461,2469000,1
19.838,1,19835521461,2496006,0
19.8409,10,19838366467,2496006,0
19.8434,9,19840889473,2496006,0
19.8459,1,19843439479,2496006,0
19.8484,2,19845971485,2469000,1
19.8484,16,19845971485,2469000,1
19.8509,9,19848438485,2469000,1
19.8509,1,19848438485,2469000,1
19.8534,11,19850923485,2496006,0
19.8559,19,19853464491,2469000,1
19.8559,10,19853464491,2469000,1
19.8585,10,19855994491,2496006,0
19.861,4,19858535497,2469000,1
19.861,10,19858535497,2469000,1
19.8635,11,19861002497,2496006,0
19.8686,9,19866057509,2496006,0
19.8711,4,19868580515,2496006,0
19.8736,2,19871103521,2496006,0
19.8761,9,19873644527,2469000,1
19.8761,11,19873644527,2469000,1
19.8786,4,19876138527,2469000,1
19.8786,16,19876138527,2469000,1
19.8811,1,19878605527,2496006,0
19.8836,8,19881128533,2496006,0
19.8861,2,19883651539,2496006,0
19.8887,2,19886219545,2496006,0
19.8912,2,19888742551,2496006,0
19.8938,10,19891265557,2496006,0
19.8963,8,19893788563,2496006,0
19.8988,1,19896311569,2496006,0
19.9014,1,19898861575,2496006,0
19.9039,4,19901384581,2496006,0
19.9064,8,19903907587,2469000,1
19.9088,2,19906374587,2469000,1
19.9088,18,19906374587,2469000,1
19.9114,9,19908859587,2496006,0
19.9142,3,19911695593,2469000,1
19.9142,10,19911695593,2469000,1
19.9167,4,19914162593,2496006,0
19.9192,11,19916694599,2496006,0
19.9217,1,19919217605,2469000,1
19.9217,19,19919217605,2469000,1
19.9242,17,19921702605,2496006,0
19.9267,4,19924225611,2496006,0
19.9292,9,19926748617,2469000,1
19.9292,1,19926748617,2469000,1
19.9317,2,19929224617,2496006,0
19.9342,16,19931747623,2496006,0
19.9368,4,19934288629,2469000,1
19.9368,11,19934288629,2469000,1
19.9392,2,19936755629,2469000,1
19.9392,16,19936755629,2469000,1
19.942,17,19939565003,2469000,1
19.942,10,19939565003,2469000,1
19.9446,4,19942059003,2496006,0
19.9471,8,19944582009,2496006,0
19.9521,4,19949637021,2496006,0
19.9547,10,19952160027,2496006,0
19.9572,11,19954683033,2496006,0
19.9597,9,19957215039,2469000,1
19.9597,11,19957215039,2469000,1
19.9622,8,19959691039,2496006,0
19.9647,1,19962241045,2496006,0
19.9672,18,19964764051,2469000,1
19.9672,1,19964764051,2469000,1
19.9697,4,19967240051,2469000,1
19.9697,1,19967240051,2469000,1
19.9722,16,19969707051,2469000,1
19.9722,17,19969707051,2469000,1
19.9747,10,19972174051,2496006,0
19.9772,5,19974715057,2496006,0
19.9797,8,19977238063,2469000,1
19.9797,4,19977238063,2469000,1
19.9822,2,19979705063,2496006,0
19.9847,5,19982237069,2496006,0
19.9872,11,19984760075,2469000,1
19.9872,2,19984760075,2469000,1
19.9897,1,19987227075,2496006,0
19.9922,8,19989750081,2496006,0
19.9948,6,19992309087,2469000,1
19.9948,10,19992309087,2469000,1
19.9973,8,19994776087,2496006,0
19.9998,10,19997308093,2469000,1
20.0023,1,19999784093,2496006,0
20.0048,5,20002316099,2496006,0
20.0073,5,20004839105,2496006,0
20.0099,5,20007389111,2496006,0
20.0124,2,20009921117,2496006,0
20.0152,9,20012757123,2469000,1
20.0152,8,20012757123,2469000,1
20.0177,1,20015242123,2496006,0
20.0202,2,20017774129,2469000,1
20.0202,13,20017774129,2469000,1
20.0204,20,20020241129,152006,0
20.0229,5,20020420135,2469000,1
20.0229,20,20022896135,0,0
20.0254,8,20022905135,2496006,0
20.0279,11,20025437141,2496006,0
20.0304,16,20027960147,2469000,1
20.0304,1,20027960147,2469000,1
20.0329,4,20030445147,2496006,0
20.0355,11,20032968153,2496006,0
20.0357,20,20035509159,184200,1
20.038,2,20035509159,2469000,1
20.0405,10,20037994159,2496006,0
20.043,8,20040517165,2496006,0
20.0458,10,20043353171,2469000,1
20.0483,11,20045820171,2469000,1
20.0483,14,20045820171,2469000,1
20.0483,8,20045820171,2469000,1
20.0508,8,20048289171,2496006,0
20.0533,18,20050812177,2496006,0
20.0535,20,20053335183,184200,1
20.0558,4,20053335183,2469000,1
20.0583,5,20055802183,2496006,0
20.0608,17,20058334189,2496006,0
20.0634,4,20060857195,2496006,0
20.0658,1,20063380201,2469000,1
20.0683,8,20065865201,2469000,1
20.0683,16,20065865201,2469000,1
20.0708,17,20068332201,2496006,0
20.0734,18,20070855207,2496006,0
20.0758,5,20073378213,2469000,1
20.0758,17,20073378213,2469000,1
20.0783,10,20075845213,2496006,0
20.0808,4,20078377219,2469000,1
20.0808,18,20078377219,2469000,1
20.0834,8,20080871219,2496006,0
20.0859,8,20083430225,2496006,0
20.0884,11,20085953231,2496006,0
20.091,8,20088476237,2496006,0
20.0935,10,20090999243,2496006,0
20.096,17,20093549249,2496006,0
20.0986,5,20096072255,2496006,0
20.1036,4,20101118267,2496006,0
20.1061,1,20103650273,2496006,0
20.1087,5,20106182279,2469000,1
20.1087,11,20106182279,2469000,1
20.1111,8,20108649279,2496006,0
20.1136,10,20111172285,2469000,1
20.1136,18,20111172285,2469000,1
20.1161,1,20113639285,2496006,0
20.119,17,20116484291,2496006,0
20.1215,4,20119007297,2496006,0
20.124,11,20121548303,2469000,1
20.124,8,20121548303,2469000,1
20.1267,2,20124194309,2496006,0
20.1292,17,20126726315,2469000,1
20.1292,10,20126726315,2469000,1
20.1292,1,20126726315,2469000,1
20.1317,20,20129193315,2469000,1
20.1317,9,20129193315,2469000,1
20.1341,2,20131669315,2469000,1
20.1341,19,20131669315,2469000,1
20.1366,4,20134136315,2496006,0
20.1391,8,20136677321,2469000,1
20.1391,17,20136677321,2469000,1
20.1391,1,20136677321,2469000,1
20.1417,1,20139171321,2496006,0
20.1442,17,20141703327,2496006,0
20.1471,5,20144566333,2496006,0
20.1496,17,20147098339,2496006,0
20.1521,4,20149621345,2496006,0
20.1571,5,20154676357,2469000,1
20.1571,16,20154676357,2469000,1
20.1596,2,20157143357,2496006,0
20.1621,10,20159666363,2469000,1
20.1621,1,20159666363,2469000,1
20.1647,2,20162169363,2496006,0
20.1672,2,20164692369,2496006,0
20.1697,17,20167233375,2469000,1
20.1697,2,20167233375,2469000,1
20.1722,4,20169700375,2469000,1
20.1722,5,20169700375,2469000,1
20.1747,18,20172167375,2496006,0
20.1772,1,20174690381,2496006,0
20.1797,8,20177213387,2496006,0
20.1823,1,20179772393,2496006,0
20.1848,18,20182295399,2496006,0
20.1873,11,20184827405,2496006,0
20.1898,8,20187368411,2469000,1
20.1898,11,20187368411,2469000,1
20.1923,2,20189835411,2496006,0
20.1949,17,20192358417,2496006,0
20.1974,18,20194881423,2496006,0
20.1999,8,20197404429,2469000,1
20.1999,17,20197404429,2469000,1
20.2024,1,20199880429,2496006,0
20.2049,10,20202403435,2496006,0
20.2074,10,20204935441,2496006,0
20.2099,8,20207458447,2469000,1
20.2099,1,20207458447,2469000,1
20.2124,4,20209934447,2496006,0
20.2149,2,20212457453,2469000,1
20.2174,2,20214926453,2496006,0
20.2203,10,20217762459,2496006,0
20.2228,18,20220285465,2496006,0
20.2253,10,20222844471,2469000,1
20.2253,11,20222844471,2469000,1
20.2278,2,20225338471,2496006,0
20.2303,18,20227870477,2469000,1
20.2303,4,20227870477,2469000,1
20.2303,2,20227870477,2469000,1
20.2328,1,20230337477,2496006,0
20.2354,17,20232878483,2496006,0
20.2379,17,20235401489,2496006,0
20.2404,1,20237942495,2496006,0
20.243,1,20240465501,2496006,0
20.2455,1,20242997507,2496006,0
20.248,10,20245538513,2496006,0
20.2509,17,20248401519,2496006,0
20.2534,5,20250924525,2496006,0
20.256,10,20253483531,2496006,0
20.2585,1,20256006537,2496006,0
20.261,2,20258529543,2496006,0
20.2635,4,20261070549,2469000,1
20.266,18,20263537549,2496006,0
20.2685,2,20266069555,2469000,1
20.2685,17,20266069555,2469000,1
20.271,5,20268536555,2496006,0
20.2736,20,20271059561,2496006,0
20.2761,18,20273582567,2496006,0
20.2786,10,20276105573,2496006,0
20.2811,1,20278637579,2496006,0
20.2836,20,20281178585,2469000,1
20.2836,8,20281178585,2469000,1
20.2861,2,20283645585,2496006,0
20.2886,10,20286168591,2469000,1
20.2886,5,20286168591,2469000,1
20.2912,17,20288662591,2496006,0
20.2937,18,20291212597,2496006,0
20.2962,8,20293735603,2496006,0
20.2987,1,20296258609,2469000,1
20.2987,2,20296258609,2469000,1
20.3012,9,20298725609,2469000,1
20.3012,11,20298725609,2469000,1
20.3012,5,20298725609,2469000,1
20.3037,20,20301210609,2496006,0
20.3062,10,20303742615,2469000,1
20.3062,20,20303742615,2469000,1
20.3087,17,20306218615,2496006,0
20.3112,8,20308741621,2469000,1
20.3112,10,20308741621,2469000,1
20.3137,4,20311217621,2469000,1
20.3137,18,20311217621,2469000,1
20.3187,17,20316207627,2496006,0
20.3212,2,20318730633,2496006,0
20.3241,8,20321566639,2496006,0
20.3266,2,20324107645,2496006,0
20.3291,17,20326639651,2496006,0
20.3317,8,20329198657,2496006,0
20.3342,1,20331721663,2496006,0
20.3367,18,20334253669,2496006,0
20.3393,2,20336776675,2496006,0
20.3418,1,20339308681,2469000,1
20.3418,2,20339308681,2469000,1
20.3443,20,20341775681,2496006,0
20.3468,17,20344298687,2496006,0
20.3493,17,20346821693,2496006,0
20.3522,8,20349684699,2496006,0
20.3547,18,20352225705,2469000,1
20.3547,2,20352225705,2469000,1
20.3572,4,20354692705,2496006,0
20.3597,18,20357215711,2496006,0
20.3622,7,20359747717,2469000,1
20.3622,17,20359747717,2469000,1
20.3622,18,20359747717,2469000,1
20.3647,20,20362214717,2496006,0
20.3672,4,20364746723,2469000,1
20.3672,20,20364746723,2469000,1
20.3697,1,20367222723,2496006,0
20.3747,5,20372268735,2469000,1
20.3747,2,20372268735,2469000,1
20.3772,8,20374735735,2496006,0
20.3798,8,20377303741,2496006,0
20.3824,20,20379871747,2496006,0
20.3849,1,20382394753,2496006,0
20.3874,4,20384917759,2496006,0
20.3899,8,20387440765,2496006,0
20.3925,11,20389972771,2496006,0
20.395,9,20392495777,2469000,1
20.395,18,20392495777,2469000,1
20.395,4,20392495777,2469000,1
20.3975,10,20394962777,2496006,0
20.4,8,20397494783,2496006,0
20.4025,1,20400026789,2469000,1
20.4025,17,20400026789,2469000,1
20.405,20,20402502789,2496006,0
20.4075,8,20405034795,2496006,0
20.4101,11,20407566801,2496006,0
20.4126,10,20410089807,2496006,0
20.4151,18,20412621813,2496006,0
20.4176,8,20415144819,2469000,1
20.4176,20,20415144819,2469000,1
20.4201,12,20417638819,2469000,1
20.4201,4,20417638819,2469000,1
20.4226,4,20420107819,2469000,1
20.4254,10,20422887825,2496006,0
20.4279,10,20425410831,2496006,0
20.4304,1,20427942837,2496006,0
20.433,11,20430474843,2496006,0
20.4355,17,20432997849,2496006,0
20.438,18,20435529855,2496006,0
20.4405,20,20438052861,2496006,0
20.4431,17,20440584867,2469000,1
20.4431,14,20440584867,2469000,1
20.4431,18,20440584867,2469000,1
20.4456,1,20443060867,2496006,0
20.4481,10,20445583873,2496006,0
20.4506,11,20448106879,2496006,0
20.4532,1,20450656885,2496006,0
20.456,20,20453492891,2496006,0
20.4585,8,20456015897,2496006,0
20.461,17,20458538903,2496006,0
20.4636,18,20461070909,2496006,0
20.4661,10,20463602915,2496006,0
20.4686,18,20466125921,2469000,1
20.4686,10,20466125921,2469000,1
20.4711,11,20468601921,2469000,1
20.4711,1,20468601921,2469000,1
20.4736,20,20471068921,2496006,0
20.4761,8,20473591927,2496006,0
20.4786,17,20476114933,2469000,1
20.4786,11,20476114933,2469000,1
20.4811,1,20478608933,2469000,1
20.4836,2,20481075933,2496006,0
20.4861,20,20483607939,2469000,1
20.4861,10,20483607939,2469000,1
20.4861,8,20483607939,2469000,1
20.4886,1,20486074939,2496006,0
20.4911,5,20488615945,2496006,0
20.4936,1,20491147951,2496006,0
20.4962,18,20493670957,2496006,0
20.4987,1,20496220963,2469000,1
20.4987,5,20496220963,2469000,1
20.4987,17,20496220963,2469000,1
20.4987,11,20496220963,2469000,1
20.4987,2,20496220963,2469000,1
20.5012,18,20498732963,2496006,0
20.5038,8,20501291969,2496006,0
20.5063,20,20503832975,2469000,1
20.5063,10,20503832975,2469000,1
20.5063,5,20503832975,2469000,1
20.5063,8,20503832975,2469000,1
20.5088,7,20506299975,2496006,0
20.5113,1,20508831981,2496006,0
20.5139,2,20511354987,2496006,0
20.5164,8,20513877993,2496006,0
20.5189,7,20516400999,2469000,1
20.5189,18,20516400999,2469000,1
20.5214,17,20518885999,2469000,1
20.5214,7,20518885999,2469000,1
20.5239,18,20521370999,2496006,0
20.5264,3,20523903005,2469000,1
20.5292,2,20526701011,2496006,0
20.5317,1,20529224017,2496006,0
20.5367,8,20534270029,2469000,1
20.5367,2,20534270029,2469000,1
20.5392,18,20536737029,2496006,0
20.5418,18,20539260035,2496006,0
20.5443,16,20541783041,2496006,0
20.5468,1,20544324047,2496006,0
20.5494,16,20546856053,2496006,0
20.5519,8,20549415059,2496006,0
20.5545,18,20551965065,2496006,0
20.5573,15,20554801071,2469000,1
20.5573,5,20554801071,2469000,1
20.5598,1,20557268071,2496006,0
20.5623,20,20559791077,2496006,0
20.5648,16,20562314083,2496006,0
20.5674,18,20564855089,2496006,0
20.5699,8,20567396095,2469000,1
20.5699,10,20567396095,2469000,1
20.5699,2,20567396095,2469000,1
20.5723,20,20569872095,2469000,1
20.5723,1,20569872095,2469000,1
20.5748,16,20572339095,2496006,0
20.5773,18,20574862101,2469000,1
20.5773,4,20574862101,2469000,1
20.5798,11,20577329101,2469000,1
20.5798,1,20577329101,2469000,1
20.5848,8,20582319107,2496006,0
20.5874,16,20584869113,2496006,0
20.5899,7,20587410119,2469000,1
20.5899,16,20587410119,2469000,1
20.5924,20,20589904119,2496006,0
20.5949,8,20592427125,2496006,0
20.5975,18,20594959131,2496006,0
20.6,5,20597482137,2496006,0
20.6025,18,20600005143,2496006,0
20.605,18,20602528149,2496006,0
20.6075,20,20605051155,2496006,0
20.6101,8,20607592161,2469000,1
20.6101,20,20607592161,2469000,1
20.6126,1,20610086161,2496006,0
20.6151,20,20612609167,2496006,0
20.6176,5,20615168173,2469000,1
20.6176,18,20615168173,2469000,1
20.6201,18,20617637173,2496006,0
20.6227,1,20620160179,2496006,0
20.6252,20,20622683185,2496006,0
20.6305,16,20628051197,2496006,0
20.6331,1,20630583203,2469000,1
20.6331,8,20630583203,2469000,1
20.6356,18,20633077203,2496006,0
20.6381,20,20635600209,2496006,0
20.6406,8,20638132215,2496006,0
20.6431,18,20640664221,2469000,1
20.6431,16,20640664221,2469000,1
20.6456,20,20643158221,2469000,1
20.6456,1,20643158221,2469000,1
20.6481,2,20645643221,2469000,1
20.6481,8,20645643221,2469000,1
20.6506,20,20648110221,2496006,0
20.6531,8,20650633227,2496006,0
20.6557,7,20653156233,2496006,0
20.6582,5,20655697239,2469000,1
20.6582,8,20655697239,2469000,1
20.661,6,20658504245,2496006,0
20.6635,8,20661045251,2496006,0
20.6686,6,20666091263,2469000,1
20.6686,20,20666091263,2469000,1
20.6686,7,20666091263,2469000,1
20.6711,16,20668585263,2496006,0
20.6736,17,20671135269,2496006,0
20.6762,8,20673658275,2496006,0
20.6787,18,20676181281,2496006,0
20.6812,18,20678704287,2496006,0
20.6838,16,20681299293,2496006,0
20.6863,5,20683831299,2469000,1
20.6863,8,20683831299,2469000,1
20.6888,17,20686298299,2496006,0
20.6913,13,20688821305,2496006,0
20.6938,18,20691344311,2496006,0
20.6964,13,20693867317,2496006,0
20.6989,20,20696390323,2496006,0
20.7014,13,20698913329,2496006,0
20.7039,20,20701436335,2469000,1
20.7064,18,20703903335,2469000,1
20.7064,6,20703903335,2469000,1
20.7089,16,20706370335,2496006,0
20.7114,7,20708893341,2496006,0
20.7139,17,20711416347,2496006,0
20.7164,16,20713948353,2496006,0
20.719,11,20716498359,2496006,0
20.7215,1,20719030365,2469000,1
20.7215,13,20719030365,2469000,1
20.7215,11,20719030365,2469000,1
20.724,2,20721497365,2496006,0
20.7265,16,20724020371,2469000,1
20.7265,19,20724020371,2469000,1
20.729,8,20726496371,2469000,1
20.729,7,20726496371,2469000,1
20.729,13,20726496371,2469000,1
20.7315,2,20728981371,2496006,0
20.7343,17,20731817377,2496006,0
20.7368,17,20734340383,2496006,0
20.7394,2,20736863389,2496006,0
20.7419,20,20739386395,2469000,1
20.7419,2,20739386395,2469000,1
20.7444,5,20741880395,2496006,0
20.7469,17,20744412401,2496006,0
20.7519,18,20749467413,2469000,1
20.7519,6,20749467413,2469000,1
20.7545,7,20751970413,2496006,0
20.757,18,20754493419,2496006,0
20.7595,5,20757016425,2496006,0
20.7623,17,20759861431,2469000,1
20.7623,20,20759861431,2469000,1
20.7623,5,20759861431,2469000,1
20.7648,18,20762337431,2496006,0
20.7673,11,20764860437,2469000,1
20.7673,16,20764860437,2469000,1
20.7699,20,20767363437,2496006,0
20.7724,2,20769886443,2496006,0
20.7749,7,20772427449,2496006,0
20.7774,17,20774968455,2469000,1
20.7774,18,20774968455,2469000,1
20.7799,2,20777444455,2469000,1
20.7799,13,20777444455,2469000,1
20.7824,7,20779920455,2496006,0
20.7849,8,20782461461,2469000,1
20.7849,20,20782461461,2469000,1
20.7899,7,20787451467,2469000,1
20.7899,18,20787451467,2469000,1
20.7924,16,20789927467,2496006,0
20.795,18,20792459473,2496006,0
20.7975,5,20794991479,2496006,0
20.8,2,20797514485,2496006,0
20.8025,20,20800046491,2496006,0
20.8051,16,20802569497,2496006,0
20.8076,18,20805101503,2469000,1
20.8076,20,20805101503,2469000,1
20.8101,13,20807577503,2496006,0
20.8126,7,20810118509,2496006,0
20.8151,13,20812650515,2469000,1
20.8151,7,20812650515,2469000,1
20.8176,5,20815117515,2469000,1
20.8176,16,20815117515,2469000,1
20.8201,2,20817584515,2496006,0
20.8226,4,20820107521,2496006,0
20.8251,13,20822630527,2496006,0
20.8277,13,20825162533,2496006,0
20.8302,20,20827685539,2469000,1
20.8302,13,20827685539,2469000,1
20.8327,18,20830161539,2496006,0
20.838,18,20835529551,2496006,0
20.8405,1,20838061557,2469000,1
20.8405,17,20838061557,2469000,1
20.843,7,20840537557,2496006,0
20.8456,4,20843060563,2496006,0
20.8481,11,20845583569,2469000,1
20.8481,2,20845583569,2469000,1
20.8505,16,20848068569,2469000,1
20.8505,18,20848068569,2469000,1
20.853,4,20850553569,2496006,0
20.8555,7,20853076575,2469000,1
20.8555,6,20853076575,2469000,1
20.8581,5,20855579575,2496006,0
20.8606,4,20858120581,2496006,0
20.8631,20,20860643587,2469000,1
20.8631,13,20860643587,2469000,1
20.8659,10,20863450593,2496006,0
20.8685,2,20865973599,2496006,0
20.871,18,20868523605,2496006,0
20.8735,5,20871064611,2469000,1
20.8735,4,20871064611,2469000,1
20.876,2,20873531611,2469000,1
20.876,7,20873531611,2469000,1
20.8785,10,20876016611,2469000,1
20.8785,4,20876016611,2469000,1
20.881,18,20878510611,2496006,0
20.8835,16,20881042617,2496006,0
20.8861,20,20883583623,2496006,0
20.8886,18,20886106629,2496006,0
20.8912,20,20888674635,2496006,0
20.8937,18,20891215641,2469000,1
20.8937,16,20891215641,2469000,1
20.8962,6,20893682641,2496006,0
20.8987,20,20896205647,2469000,1
20.8987,19,20896205647,2469000,1
20.8987,13,20896205647,2469000,1
20.9012,11,20898699647,2469000,1
20.9012,10,20898699647,2469000,1
20.9036,5,20901166647,2469000,1
20.9036,2,20901166647,2469000,1
20.9061,6,20903642647,2496006,0
20.9087,8,20906165653,2496006,0
20.9112,16,20908715659,2496006,0
20.9137,8,20911238665,2469000,1
20.9137,20,20911238665,2469000,1
20.9162,6,20913705665,2496006,0
20.9187,5,20916237671,2496006,0
20.9213,6,20918760677,2496006,0
20.9238,17,20921301683,2496006,0
20.9263,5,20923869689,2469000,1
20.9263,7,20923869689,2469000,1
20.9288,16,20926345689,2496006,0
20.9313,18,20928868695,2469000,1
20.9313,16,20928868695,2469000,1
20.9338,6,20931335695,2469000,1
20.9391,17,20936649701,2496006,0
20.9417,7,20939181707,2496006,0
20.9442,4,20941740713,2496006,0
20.9468,10,20944281719,2496006,0
20.9493,18,20946804725,2496006,0
20.9518,4,20949327731,2469000,1
20.9518,17,20949327731,2469000,1
20.9518,8,20949327731,2469000,1
20.9543,7,20951794731,2496006,0
20.9569,7,20954380737,2496006,0
20.9594,16,20956903743,2469000,1
20.9594,7,20956903743,2469000,1
20.9618,10,20959370743,2469000,1
20.9643,5,20961846743,2469000,1
20.9643,6,20961846743,2469000,1
20.9671,15,20964626749,2496006,0
20.9696,18,20967149755,2496006,0
20.9722,2,20969690761,2469000,1
20.9722,7,20969690761,2469000,1
20.9747,7,20972159761,2496006,0
20.9772,15,20974682767,2469000,1
20.9772,20,20974682767,2469000,1
20.9772,17,20974682767,2469000,1
20.9797,10,20977158767,2496006,0
20.9822,18,20979681773,2469000,1
20.9822,4,20979681773,2469000,1
20.9846,20,20982148773,2496006,0
20.9872,2,20984698779,2496006,0
20.9897,2,20987221785,2496006,0
20.9922,10,20989753791,2469000,1
20.9922,2,20989753791,2469000,1
20.9972,7,20994752797,2496006,0
20.9997,20,20997275803,2469000,1
20.9997,2,20997275803,2469000,1
21.0022,15,20999742803,2496006,0
21.0048,15,21002274809,2496006,0
21.0073,20,21004806815,2496006,0
21.0098,7,21007329821,2496006,0
21.0123,20,21009852827,2496006,0
21.0149,10,21012384833,2496006,0
21.0174,7,21014934839,2469000,1
21.0174,8,21014934839,2469000,1
21.0199,10,21017410839,2496006,0
21.0201,21,21019942845,121000,1
21.0224,18,21019942845,2469000,1
21.0224,10,21019942845,2469000,1
21.0249,4,21022409845,2469000,1
21.0249,15,21022409845,2469000,1
21.0274,20,21024876845,2496006,0
21.0299,20,21027399851,2496006,0
21.0324,18,21029931857,2496006,0
21.035,18,21032454863,2496006,0
21.0351,21,21034977869,152006,0
21.0352,21,21035156875,0,0
21.0405,20,21037963881,2496006,0
21.043,16,21040495887,2496006,0
21.0455,8,21043027893,2469000,1
21.0455,18,21043027893,2469000,1
21.048,5,21045494893,2496006,0
21.0482,21,21048035899,184200,1
21.0505,20,21048035899,2469000,1
21.053,16,21050502899,2496006,0
21.0555,5,21053025905,2469000,1
21.058,17,21055492905,2496006,0
21.0605,1,21058015911,2469000,1
21.0605,6,21058015911,2469000,1
21.063,2,21060482911,2469000,1
21.063,15,21060482911,2469000,1
21.0655,7,21062958911,2496006,0
21.068,20,21065481917,2496006,0
21.0708,17,21068317923,2469000,1
21.0708,13,21068317923,2469000,1
21.0733,10,21070784923,2469000,1
21.0733,16,21070784923,2469000,1
21.0757,7,21073278923,2469000,1
21.0757,5,21073278923,2469000,1
21.0782,18,21075745923,2496006,0
21.0808,20,21078286929,2496006,0
21.0833,11,21080818935,2496006,0
21.0884,11,21085873947,2496006,0
21.0908,21,21088405953,2390472,0
21.0933,11,21090841425,2469000,1
21.0933,18,21090841425,2469000,1
21.0958,17,21093308425,2496006,0
21.0983,20,21095858431,2469000,1
21.0985,21,21098352431,184200,1
21.1008,17,21098352431,2469000,1
21.1033,6,21100837431,2469000,1
21.1033,7,21100837431,2469000,1
21.1058,16,21103313431,2496006,0
21.1083,7,21105836437,2496006,0
21.1109,7,21108359443,2496006,0
21.1134,11,21110882449,2496006,0
21.1159,17,21113405455,2496006,0
21.1184,20,21115928461,2496006,0
21.1209,18,21118451467,2496006,0
21.1235,20,21120974473,2496006,0
21.126,16,21123497479,2496006,0
21.1285,7,21126056485,2469000,1
21.1285,10,21126056485,2469000,1
21.131,17,21128523485,2496006,0
21.1335,11,21131046491,2496006,0
21.136,11,21133569497,2469000,1
21.1385,17,21136054497,2469000,1
21.1385,18,21136054497,2469000,1
21.141,20,21138521497,2496006,0
21.1438,15,21141357503,2469000,1
21.1438,16,21141357503,2469000,1
21.1462,21,21143851503,2390472,0
21.1487,20,21146277975,2469000,1
21.1487,5,21146277975,2469000,1
21.1487,16,21146277975,2469000,1
21.1512,17,21148753975,2496006,0
21.1538,7,21151285981,2496006,0
21.154,21,21153844987,184200,1
21.1563,4,21153844987,2469000,1
21.1588,8,21156338987,2469000,1
21.1588,11,21156338987,2469000,1
21.1613,7,21158805987,2469000,1
21.1613,13,21158805987,2469000,1
21.1637,17,21161272987,2469000,1
21.1637,9,21161272987,2469000,1
21.1662,18,21163739987,2496006,0
21.1688,7,21166289993,2496006,0
21.1716,20,21169152999,2496006,0
21.1741,21,21171676005,2390472,0
21.1766,17,21174093477,2469000,1
21.179,18,21176560477,2469000,1
21.179,5,21176560477,2469000,1
21.1815,20,21179027477,2496006,0
21.1841,11,21181559483,2496006,0
21.1866,2,21184082489,2496006,0
21.1891,7,21186605495,2496006,0
21.1917,16,21189164501,2496006,0
21.1941,21,21191705507,2390472,0
21.1943,21,21194122979,184200,1
21.1966,11,21194122979,2469000,1
21.1991,7,21196589979,2469000,1
21.1991,20,21196589979,2469000,1
21.2015,16,21199056979,2469000,1
21.2015,10,21199056979,2469000,1
21.204,2,21201523979,2496006,0
21.2066,18,21204064985,2496006,0
21.2091,17,21206596991,2496006,0
21.2116,17,21209119997,2496006,0
21.2142,7,21211661003,2496006,0
21.2167,18,21214184009,2496006,0
21.2169,21,21216716015,184200,1
21.2192,17,21216716015,2469000,1
21.2192,7,21216716015,2469000,1
21.2192,18,21216716015,2469000,1
21.2242,2,21221724021,2469000,1
21.2242,7,21221724021,2469000,1
21.2267,20,21224191021,2496006,0
21.2292,14,21226750027,2496006,0
21.2318,14,21229273033,2496006,0
21.2343,16,21231796039,2496006,0
21.237,11,21234507045,2469000,1
21.237,2,21234507045,2469000,1
21.2395,18,21236974045,2496006,0
21.242,20,21239524051,2496006,0
21.2449,14,21242360057,2496006,0
21.2474,18,21244892063,2496006,0
21.2499,16,21247424069,2496006,0
21.2525,15,21249965075,2496006,0
21.255,21,21252488081,2496006,0
21.2575,20,21255011087,2496006,0
21.26,16,21257534093,2469000,1
21.26,18,21257534093,2469000,1
21.26,17,21257534093,2469000,1
21.2625,15,21260001093,2496006,0
21.265,7,21262524099,2469000,1
21.265,15,21262524099,2469000,1
21.2675,21,21264991099,2469000,1
21.2675,14,21264991099,2469000,1
21.2725,20,21269990105,2496006,0
21.2753,20,21272835111,2496006,0
21.2779,2,21275367117,2496006,0
21.2804,16,21277890123,2496006,0
21.2829,20,21280413129,2496006,0
21.2854,2,21282936135,2469000,1
21.2854,20,21282936135,2469000,1
21.2879,1,21285412135,2469000,1
21.2879,16,21285412135,2469000,1
21.2904,16,21287888135,2496006,0
21.2929,14,21290420141,2496006,0
21.2955,18,21292961147,2496006,0
21.298,20,21295484153,2496006,0
21.3005,16,21298016159,2469000,1
21.3005,2,21298016159,2469000,1
21.303,21,21300501159,2496006,0
21.3055,20,21303033165,2496006,0
21.308,6,21305556171,2469000,1
21.308,15,21305556171,2469000,1
21.3105,2,21308023171,2496006,0
21.3131,14,21310555177,2496006,0
21.3156,2,21313078183,2496006,0
21.3181,21,21315601189,2469000,1
21.3181,11,21315601189,2469000,1
21.3205,18,21318068189,2469000,1
21.3205,16,21318068189,2469000,1
21.323,2,21320544189,2496006,0
21.3281,21,21325626201,2496006,0
21.3306,20,21328149207,2496006,0
21.3332,14,21330690213,2496006,0
21.3357,18,21333231219,2496006,0
21.3383,2,21335772225,2496006,0
21.3408,18,21338322231,2469000,1
21.3408,17,21338322231,2469000,1
21.3433,2,21340798231,2469000,1
21.3433,14,21340798231,2469000,1
21.3433,21,21340798231,2469000,1
21.3458,20,21343265231,2496006,0
21.3486,20,21346128237,2496006,0
21.3511,14,21348651243,2496006,0
21.3537,13,21351183249,2469000,1
21.3537,15,21351183249,2469000,1
21.3537,14,21351183249,2469000,1
21.3562,20,21353668249,2496006,0
21.3587,20,21356191255,2496006,0
21.3612,16,21358723261,2469000,1
21.3612,18,21358723261,2469000,1
21.3637,11,21361190261,2496006,0
21.3662,11,21363713267,2496006,0
21.3687,14,21366236273,2496006,0
21.3713,21,21368768279,2496006,0
21.3738,2,21371291285,2469000,1
21.3766,11,21374071291,2496006,0
21.3791,20,21376630297,2496006,0
21.3817,14,21379162303,2496006,0
21.3842,18,21381703309,2496006,0
21.3867,20,21384226315,2496006,0
21.3892,18,21386758321,2469000,1
21.3892,20,21386758321,2469000,1
21.3917,8,21389225321,2469000,1
21.3917,21,21389225321,2469000,1
21.3942,11,21391692321,2496006,0
21.3967,14,21394233327,2496006,0
21.3993,14,21396765333,2496006,0
21.4018,11,21399288339,2496006,0
21.4043,14,21401820345,2496006,0
21.4068,14,21404352351,2496006,0
21.4094,18,21406902357,2496006,0
21.4119,4,21409425363,2496006,0
21.4145,11,21411966369,2496006,0
21.417,20,21414489375,2469000,1
21.417,11,21414489375,2469000,1
21.4194,16,21416956375,2469000,1
21.4219,14,21419423375,2496006,0
21.4245,18,21421982381,2496006,0
21.427,14,21424505387,2469000,1
21.427,7,21424505387,2469000,1
21.4295,14,21426981387,2496006,0
21.432,4,21429504393,2496006,0
21.4345,21,21432027399,2496006,0
21.4371,21,21434559405,2496006,0
21.4396,18,21437091411,2496006,0
21.4421,2,21439614417,2496006,0
21.4446,2,21442146423,2496006,0
21.4472,14,21444687429,2496006,0
21.45,16,21447532435,2469000,1
21.45,14,21447532435,2469000,1
21.4525,2,21450008435,2469000,1
21.4525,21,21450008435,2469000,1
21.4525,5,21450008435,2469000,1
21.4549,11,21452475435,2469000,1
21.4549,4,21452475435,2469000,1
21.4574,18,21454951435,2469000,1
21.4574,11,21454951435,2469000,1
21.4625,4,21459986441,2496006,0
21.465,21,21462509447,2496006,0
21.4676,14,21465077453,2496006,0
21.4701,4,21467600459,2496006,0
21.4726,20,21470141465,2469000,1
21.4726,4,21470141465,2469000,1
21.4751,14,21472635465,2496006,0
21.4776,21,21475167471,2469000,1
21.4776,2,21475167471,2469000,1
21.4776,5,21475167471,2469000,1
21.4805,21,21477956477,2496006,0
21.483,11,21480479483,2496006,0
21.4855,4,21483011489,2496006,0
21.488,14,21485534495,2469000,1
21.488,10,21485534495,2469000,1
21.488,18,21485534495,2469000,1
21.4905,14,21488010495,2496006,0
21.493,6,21490533501,2496006,0
21.4955,21,21493056507,2469000,1
21.4955,14,21493056507,2469000,1
21.498,11,21495532507,2469000,1
21.498,17,21495532507,2469000,1
21.498,15,21495532507,2469000,1
21.503,6,21500522513,2496006,0
21.5056,6,21503063519,2496006,0
21.5081,4,21505613525,2496006,0
21.5106,14,21508163531,2469000,1
21.5106,11,21508163531,2469000,1
21.5132,4,21510675531,2496006,0
21.5157,6,21513207537,2496006,0
21.5182,21,21515739543,2469000,1
21.5182,4,21515739543,2469000,1
21.5207,18,21518233543,2496006,0
21.5233,4,21520765549,2496006,0
21.5258,2,21523306555,2469000,1
21.5283,18,21525782555,2469000,1
21.5283,14,21525782555,2469000,1
21.5307,4,21528249555,2496006,0
21.5333,6,21530781561,2496006,0
21.5358,6,21533313567,2496006,0
21.5383,11,21535845573,2496006,0
21.5409,6,21538377579,2496006,0
21.5434,4,21540945585,2496006,0
21.546,11,21543468591,2496006,0
21.5485,15,21545991597,2496006,0
21.5513,18,21548845603,2469000,1
21.5538,21,21551312603,2496006,0
21.5563,6,21553835609,2496006,0
21.5589,4,21556358615,2496006,0
21.5614,4,21558908621,2496006,0
21.5639,4,21561431627,2496006,0
21.5665,15,21563954633,2496006,0
21.569,11,21566477639,2496006,0
21.5715,6,21569009645,2496006,0
21.574,7,21571532651,2496006,0
21.5766,21,21574073657,2496006,0
21.5791,4,21576605663,2469000,1
21.5791,21,21576605663,2469000,1
21.5819,11,21579385669,2496006,0
21.5869,6,21584449681,2469000,1
21.5869,15,21584449681,2469000,1
21.5869,21,21584449681,2469000,1
21.5894,11,21586916681,2496006,0
21.5919,4,21589439687,2496006,0
21.5945,4,21591971693,2496006,0
21.597,7,21594494699,2469000,1
21.597,21,21594494699,2469000,1
21.5994,11,21596979699,2469000,1
21.5994,4,21596979699,2469000,1
21.6019,16,21599464699,2469000,1
21.6019,20,21599464699,2469000,1
21.6044,15,21601931699,2496006,0
21.607,6,21604454705,2496006,0
21.6095,15,21606995711,2496006,0
21.6121,4,21609563717,2496006,0
21.6146,21,21612086723,2469000,1
21.6146,11,21612086723,2469000,1
21.617,6,21614553723,2496006,0
21.6196,15,21617085729,2469000,1
21.622,4,21619552729,2496006,0
21.6246,7,21622075735,2496006,0
21.6271,6,21624598741,2496006,0
21.6296,18,21627130747,2496006,0
21.6321,7,21629662753,2469000,1
21.6321,6,21629662753,2469000,1
21.6346,4,21632138753,2496006,0
21.6371,12,21634679759,2469000,1
21.6371,3,21634679759,2469000,1
21.6396,6,21637155759,2469000,1
21.6396,12,21637155759,2469000,1
21.6421,11,21639622759,2469000,1
21.6421,12,21639624759,2469000,1
21.6446,18,21642109759,2496006,0
21.6471,15,21644632765,2469000,1
21.6471,18,21644632765,2469000,1
21.6496,4,21647135765,2496006,0
21.655,4,21652539777,2496006,0
21.6576,14,21655098783,2496006,0
21.6601,7,21657621789,2496006,0
21.6627,14,21660162795,2496006,0
21.6652,14,21662694801,2496006,0
21.6677,18,21665217807,2496006,0
21.6702,4,21667740813,2469000,1
21.6702,17,21667740813,2469000,1
21.6702,2,21667740813,2469000,1
21.6702,14,21667740813,2469000,1
21.6727,7,21670207813,2469000,1
21.6727,18,21670207813,2469000,1
21.6752,4,21672674813,2496006,0
21.6777,4,21675197819,2496006,0
21.6802,7,21677729825,2496006,0
21.6831,18,21680583831,2496006,0
21.6881,12,21685647843,2496006,0
21.6907,18,21688188849,2496006,0
21.6932,14,21690711855,2496006,0
21.6957,4,21693234861,2496006,0
21.6983,14,21695757867,2496006,0
21.7008,12,21698289873,2496006,0
21.7033,7,21700812879,2496006,0
21.7058,6,21703335885,2469000,1
21.7058,15,21703335885,2469000,1
21.7083,14,21705802885,2469000,1
21.7083,4,21705802885,2469000,1
21.7108,7,21708269885,2496006,0
21.7133,12,21710801891,2469000,1
21.7133,14,21710801891,2469000,1
21.7158,18,21713277891,2496006,0
21.7183,7,21715836897,2496006,0
21.7209,7,21718377903,2496006,0
21.7259,18,21723450915,2496006,0
21.7285,12,21725973921,2496006,0
21.731,12,21728505927,2496006,0
21.7335,4,21731046933,2496006,0
21.7361,7,21733596939,2469000,1
21.7361,4,21733596939,2469000,1
21.7385,18,21736072939,2469000,1
21.7385,7,21736072939,2469000,1
21.741,12,21738539939,2496006,0
21.7435,14,21741071945,2469000,1
21.7435,18,21741071945,2469000,1
21.7461,4,21743565945,2496006,0
21.7486,18,21746106951,2496006,0
21.7511,12,21748629957,2469000,1
21.7511,4,21748629957,2469000,1
21.7536,3,21751096957,2469000,1
21.7536,11,21751096957,2469000,1
21.7563,14,21753876963,2469000,1
21.7563,4,21753876963,2469000,1
21.7614,3,21758875969,2496006,0
21.7639,4,21761416975,2496006,0
21.7665,3,21763966981,2496006,0
21.769,18,21766498987,2496006,0
21.7715,4,21769039993,2496006,0
21.7741,12,21771598999,2496006,0
21.7766,6,21774122005,2469000,1
21.7766,15,21774122005,2469000,1
21.7791,3,21776598005,2496006,0
21.7816,4,21779121011,2469000,1
21.7816,3,21779121011,2469000,1
21.7841,13,21781588011,2496006,0
21.7869,18,21784424017,2496006,0
21.7895,4,21786956023,2496006,0
21.7945,4,21792029035,2469000,1
21.7945,12,21792029035,2469000,1
21.7945,13,21792029035,2469000,1
21.797,18,21794541035,2496006,0
21.7996,18,21797073041,2496006,0
21.8021,7,21799596047,2496006,0
21.8046,3,21802137053,2496006,0
21.8072,12,21804660059,2496006,0
21.8097,7,21807192065,2469000,1
21.8097,12,21807192065,2469000,1
21.8122,13,21809677065,2496006,0
21.8147,3,21812200071,2469000,1
21.8147,7,21812200071,2469000,1
21.8172,8,21814685071,2496006,0
21.8197,18,21817208077,2496006,0
21.8248,4,21822254089,2496006,0
21.8273,13,21824795095,2496006,0
21.8298,3,21827318101,2496006,0
21.8324,8,21829859107,2496006,0
21.8349,12,21832382113,2496006,0
21.8374,4,21834923119,2496006,0
21.8399,8,21837446125,2469000,1
21.8399,3,21837446125,2469000,1
21.8424,18,21839922125,2496006,0
21.845,13,21842454131,2496006,0
21.8475,4,21844977137,2496006,0
21.85,17,21847500143,2496006,0
21.8525,12,21850023149,2469000,1
21.8525,4,21850023149,2469000,1
21.855,17,21852490149,2496006,0
21.8575,18,21855013155,2496006,0
21.8629,12,21860399167,2496006,0
21.8654,6,21862922173,2496006,0
21.8679,17,21865454179,2469000,1
21.8679,13,21865454179,2469000,1
21.8704,18,21867921179,2469000,1
21.8704,12,21867921179,2469000,1
21.8729,6,21870388179,2496006,0
21.8754,13,21872929185,2496006,0
21.8779,8,21875470191,2469000,1
21.8779,17,21875470191,2469000,1
21.8804,2,21877937191,2496006,0
21.883,13,21880460197,2496006,0
21.8855,6,21883001203,2469000,1
21.8855,3,21883001203,2469000,1
21.8883,21,21885781209,2469000,1
21.8883,13,21885781209,2469000,1
21.8908,20,21888257209,2496006,0
21.8932,2,21890780215,2469000,1
21.8932,7,21890780215,2469000,1
21.8957,4,21893247215,2496006,0
21.8983,12,21895779221,2496006,0
21.9008,4,21898302227,2496006,0
21.9033,20,21900843233,2469000,1
21.9033,4,21900843233,2469000,1
21.9058,4,21903312233,2469000,1
21.9083,13,21905788233,2496006,0
21.9108,12,21908311239,2496006,0
21.9133,18,21910834245,2496006,0
21.9159,6,21913402251,2496006,0
21.9184,13,21915952257,2496006,0
21.921,3,21918475263,2496006,0
21.9235,6,21920998269,2469000,1
21.9235,20,21920998269,2469000,1
21.9235,12,21920998269,2469000,1
21.926,18,21923465269,2496006,0
21.9285,2,21925997275,2496006,0
21.931,20,21928538281,2496006,0
21.9336,18,21931070287,2496006,0
21.9361,13,21933611293,2496006,0
21.9386,20,21936134299,2469000,1
21.9386,2,21936134299,2469000,1
21.9386,3,21936134299,2469000,1
21.9411,3,21938603299,2496006,0
21.9436,18,21941144305,2469000,1
21.9436,20,21941144305,2469000,1
21.9486,12,21946143311,2496006,0
21.9512,6,21948675317,2496006,0
21.9537,13,21951198323,2496006,0
21.9562,3,21953730329,2496006,0
21.9587,2,21956253335,2496006,0
21.9616,8,21959098341,2469000,1
21.9616,17,21959098341,2469000,1
21.964,18,21961565341,2469000,1
21.964,3,21961565341,2469000,1
21.9666,6,21964077341,2496006,0
21.9691,12,21966600347,2496006,0
21.9716,13,21969132353,2496006,0
21.9742,15,21971655359,2496006,0
21.9767,3,21974187365,2496006,0
21.9792,4,21976710371,2469000,1
21.9792,2,21976710371,2469000,1
21.9817,6,21979186371,2496006,0
21.9842,3,21981709377,2469000,1
21.9842,6,21981709377,2469000,1
21.9867,12,21984203377,2496006,0
21.9892,13,21986726383,2469000,1
21.992,12,21989506389,2496006,0
21.9945,15,21992029395,2496006,0
21.9971,13,21994570401,2496006,0
21.9996,12,21997102407,2469000,1
21.9996,3,21997102407,2469000,1
22.0021,15,21999578407,2496006,0
22.0046,13,22002128413,2469000,1
22.0046,6,22002128413,2469000,1
22.0046,15,22002128413,2469000,1
22.0071,2,22004604413,2496006,0
22.0073,22,22007145419,121000,1
22.0096,11,22007145419,2469000,1
22.0096,13,22007145419,2469000,1
22.0121,12,22009612419,2469000,1
22.0121,2,22009612419,2469000,1
22.0146,20,22012097419,2496006,0
22.0171,20,22014629425,2496006,0
22.0196,19,22017152431,2469000,1
22.0196,17,22017152431,2469000,1
22.0221,20,22019619431,2496006,0
22.0246,19,22022142437,2496006,0
22.0272,7,22024665443,2496006,0
22.0274,22,22027206449,152006,0
22.0299,7,22027385455,2469000,1
22.0349,20,22032384461,2469000,1
22.0349,18,22032384461,2469000,1
22.0373,14,22034860461,2469000,1
22.0373,15,22034860461,2469000,1
22.0375,22,22037345461,184200,1
22.0398,19,22037345461,2469000,1
22.0423,18,22039830461,2496006,0
22.0448,11,22042353467,2469000,1
22.0448,20,22042353467,2469000,1
22.0473,18,22044865467,2469000,1
22.0473,7,22044865467,2469000,1
22.0475,22,22047332467,184200,1
22.0498,2,22047332467,2469000,1
22.0523,3,22049826467,2496006,0
22.0549,12,22052358473,2496006,0
22.0575,3,22055078479,2469000,1
22.0575,6,22055078479,2469000,1
22.0601,12,22057563479,2496006,0
22.0626,2,22060086485,2496006,0
22.0654,10,22062922491,2496006,0
22.0679,19,22065445497,2469000,1
22.0679,2,22065445497,2469000,1
22.0704,14,22067912497,2469000,1
22.0704,11,22067912497,2469000,1
22.0729,18,22070379497,2496006,0
22.0754,10,22072911503,2469000,1
22.0754,18,22072911503,2469000,1
22.0778,4,22075378503,2469000,1
22.0778,6,22075378503,2469000,1
22.0804,13,22077854503,2496006,0
22.0829,2,22080404509,2496006,0
22.0854,12,22082936515,2496006,0
22.088,15,22085486521,2469000,1
22.088,20,22085486521,2469000,1
22.088,18,22085486521,2469000,1
22.0904,12,22087953521,2496006,0
22.0933,13,22090789527,2469000,1
22.0933,10,22090789527,2469000,1
22.0957,2,22093274527,2469000,1
22.0957,8,22093274527,2469000,1
22.0957,3,22093274527,2469000,1
22.0983,2,22095795527,2496006,0
22.1008,12,22098318533,2469000,1
22.1033,2,22100821533,2469000,1
22.1033,22,22100821533,2469000,1
22.1058,7,22103342533,2496006,0
22.1084,13,22105892539,2496006,0
22.1109,2,22108424545,2496006,0
22.1134,3,22110947551,2496006,0
22.116,7,22113524557,2469000,1
22.116,8,22113524557,2469000,1
22.1185,12,22115991557,2469000,1
22.1235,2,22120983563,2469000,1
22.1235,13,22120983563,2469000,1
22.126,19,22123486563,2496006,0
22.1285,3,22126009569,2496006,0
22.1311,9,22128577575,2496006,0
22.1336,18,22131100581,2469000,1
22.1336,7,22131100581,2469000,1
22.1336,2,22131100581,2469000,1
22.136,10,22133567581,2469000,1
22.136,13,22133567581,2469000,1
22.1385,3,22136034581,2496006,0
22.1436,3,22141089593,2496006,0
22.1461,3,22143621599,2496006,0
22.1486,19,22146144605,2496006,0
22.1511,15,22148667611,2469000,1
22.1511,13,22148667611,2469000,1
22.1536,9,22151134611,2496006,0
22.1562,7,22153675617,2496006,0
22.1587,9,22156207623,2469000,1
22.1587,3,22156207623,2469000,1
22.1612,3,22158676623,2496006,0
22.1637,19,22161199629,2496006,0
22.1665,20,22164053635,2496006,0
22.1691,12,22166585641,2496006,0
22.1741,3,22171631653,2469000,1
22.1741,20,22171631653,2469000,1
22.1766,19,22174107653,2469000,1
22.1766,20,22174107653,2469000,1
22.1791,7,22176574653,2496006,0
22.1816,2,22179097659,2496006,0
22.1841,10,22181620665,2496006,0
22.1866,10,22184143671,2496006,0
22.1892,3,22186666677,2496006,0
22.1917,19,22189189683,2496006,0
22.1942,22,22191712689,2469000,1
22.1942,19,22191712689,2469000,1
22.197,12,22194492695,2469000,1
22.197,13,22194492695,2469000,1
22.1994,3,22196977695,2469000,1
22.1994,7,22196977695,2469000,1
22.2019,9,22199471695,2469000,1
22.2019,2,22199471695,2469000,1
22.2045,4,22201956695,2496006,0
22.207,2,22204479701,2496006,0
22.2095,10,22207002707,2496006,0
22.212,2,22209525713,2496006,0
22.2171,20,22214571725,2496006,0
22.2196,22,22217094731,2496006,0
22.2221,19,22219617737,2496006,0
22.2246,18,22222140743,2469000,1
22.2246,19,22222140743,2469000,1
22.2271,10,22224607743,2469000,1
22.2271,4,22224607743,2469000,1
22.2295,14,22227074743,2469000,1
22.2295,10,22227076743,2469000,1
22.232,2,22229543743,2496006,0
22.2346,3,22232066749,2496006,0
22.2371,20,22234589755,2496006,0
22.2396,22,22237130761,2496006,0
22.2421,7,22239653767,2469000,1
22.2421,19,22239653767,2469000,1
22.2446,20,22242120767,2496006,0
22.2471,3,22244643773,2469000,1
22.2471,12,22244643773,2469000,1
22.2496,20,22247110773,2496006,0
22.2522,2,22249660779,2496006,0
22.2547,17,22252183785,2496006,0
22.2572,3,22254706791,2496006,0
22.2597,22,22257238797,2496006,0
22.2623,3,22259779803,2496006,0
22.2648,2,22262311809,2469000,1
22.2648,20,22262311809,2469000,1
22.2673,17,22264796809,2469000,1
22.2673,2,22264796809,2469000,1
22.27,22,22267576815,2469000,1
22.27,17,22267576815,2469000,1
22.2725,4,22270052815,2496006,0
22.2751,3,22272584821,2496006,0
22.2776,10,22275107827,2496006,0
22.2801,10,22277648833,2496006,0
22.2827,4,22280198839,2496006,0
22.2852,10,22282730845,2496006,0
22.2878,10,22285271851,2496006,0
22.2903,8,22287794857,2469000,1
22.2903,9,22287794857,2469000,1
22.2928,3,22290270857,2496006,0
22.2953,7,22292793863,2496006,0
22.2981,20,22295629869,2496006,0
22.3006,7,22298152875,2496006,0
22.3032,12,22300675881,2496006,0
22.3057,2,22303198887,2469000,1
22.3057,22,22303198887,2469000,1
22.3081,3,22305665887,2469000,1
22.3081,22,22305667887,2469000,1
22.3106,20,22308134887,2469000,1
22.3106,10,22308134887,2469000,1
22.3131,4,22310601887,2496006,0
22.3156,12,22313142893,2496006,0
22.3182,19,22315674899,2496006,0
22.3207,7,22318206905,2496006,0
22.3232,4,22320738911,2469000,1
22.3232,3,22320738911,2469000,1
22.3257,7,22323223911,2469000,1
22.3282,12,22325744911,2469000,1
22.3282,19,22325744911,2469000,1
22.3307,10,22328229911,2496006,0
22.3332,17,22330752917,2496006,0
22.3358,13,22333293923,2496006,0
22.3383,20,22335816929,2496006,0
22.3409,3,22338366935,2496006,0
22.3434,17,22340898941,2469000,1
22.3434,7,22340898941,2469000,1
22.3459,10,22343365941,2496006,0
22.3484,20,22345888947,2469000,1
22.3484,22,22345888947,2469000,1
22.3509,10,22348355947,2496006,0
22.3534,13,22350878953,2496006,0
22.3559,17,22353401959,2496006,0
22.3584,4,22355924965,2469000,1
22.3584,17,22355924965,2469000,1
22.3609,10,22358400965,2469000,1
22.3609,4,22358400965,2469000,1
22.3634,3,22360867965,2496006,0
22.3659,21,22363390971,2496006,0
22.3684,13,22365940977,2469000,1
22.3684,21,22365940977,2469000,1
22.3712,12,22368720983,2496006,0
22.3737,9,22371252989,2469000,1
22.3737,19,22371252989,2469000,1
22.3787,2,22376251995,2496006,0
22.3813,3,22378784001,2496006,0
22.3838,12,22381307007,2469000,1
22.3838,10,22381307007,2469000,1
22.3863,1,22383774007,2496006,0
22.3888,3,22386315013,2496006,0
22.3913,15,22388838019,2496006,0
22.3938,3,22391361025,2469000,1
22.3938,15,22391361025,2469000,1
22.3963,20,22393828025,2469000,1
22.3963,10,22393828025,2469000,1
22.3988,1,22396313025,2496006,0
22.4016,17,22399149031,2496006,0
22.4042,2,22401672037,2496006,0
22.4067,2,22404240043,2469000,1
22.4067,6,22404240043,2469000,1
22.4092,17,22406707043,2496006,0
22.4117,15,22409230049,2496006,0
22.4142,13,22411762055,2469000,1
22.4142,21,22411762055,2469000,1
22.4142,17,22411762055,2469000,1
22.4142,15,22411762055,2469000,1
22.4167,1,22414238055,2496006,0
22.4192,18,22416779061,2469000,1
22.4192,12,22416779061,2469000,1
22.4192,1,22416779061,2469000,1
22.4243,3,22421814067,2496006,0
22.4268,7,22424364073,2469000,1
22.4268,15,22424364073,2469000,1
22.4293,2,22426831073,2469000,1
22.4293,13,22426831073,2469000,1
22.4318,3,22429334073,2496006,0
22.4344,19,22431857079,2496006,0
22.4369,2,22434380085,2496006,0
22.4394,17,22436912091,2496006,0
22.4419,22,22439435097,2469000,1
22.4419,1,22439435097,2469000,1
22.4444,19,22441911097,2469000,1
22.4444,17,22441911097,2469000,1
22.4469,20,22444405097,2496006,0
22.4494,2,22446946103,2469000,1
22.4494,12,22446946103,2469000,1
22.4519,20,22449422103,2469000,1
22.4519,3,22449422103,2469000,1
22.4544,20,22451898103,2496006,0
22.4569,13,22454430109,2496006,0
22.4595,20,22456962115,2496006,0
22.4645,13,22462008127,2496006,0
22.467,20,22464549133,2496006,0
22.4696,17,22467072139,2496006,0
22.4721,21,22469595145,2496006,0
22.4749,3,22472440151,2496006,0
22.4775,20,22474990157,2469000,1
22.4775,13,22474990157,2469000,1
22.4775,4,22474990157,2469000,1
22.4775,15,22474990157,2469000,1
22.4775,19,22474990157,2469000,1
22.48,3,22477466157,2496006,0
22.4825,21,22480007163,2496006,0
22.485,17,22482557169,2469000,1
22.485,21,22482557169,2469000,1
22.4875,2,22485024169,2496006,0
22.49,3,22487547175,2496006,0
22.4926,20,22490070181,2496006,0
22.4951,20,22492611187,2496006,0
22.4976,3,22495152193,2496006,0
22.5001,2,22497675199,2469000,1
22.503,7,22500473205,2496006,0
22.5055,19,22503005211,2496006,0
22.508,13,22505537217,2469000,1
22.508,3,22505537217,2469000,1
22.5105,7,22508004217,2496006,0
22.513,1,22510527223,2469000,1
22.513,2,22510527223,2469000,1
22.5155,2,22512996223,2496006,0
22.518,20,22515519229,2496006,0
22.5206,2,22518069235,2496006,0
22.5231,17,22520592241,2496006,0
22.5256,10,22523115247,2496006,0
22.5281,3,22525638253,2469000,1
22.5281,1,22525638253,2469000,1
22.5281,17,22525638253,2469000,1
22.5306,19,22528105253,2496006,0
22.5331,15,22530628259,2469000,1
22.5331,21,22530628259,2469000,1
22.5356,10,22533104259,2496006,0
22.5381,20,22535627265,2469000,1
22.5381,13,22535627265,2469000,1
22.5381,7,22535627265,2469000,1
22.5406,10,22538112265,2496006,0
22.5431,10,22540635271,2496006,0
22.5456,2,22543158277,2469000,1
22.5456,21,22543158277,2469000,1
22.5481,10,22545634277,2469000,1
22.5506,19,22548119277,2496006,0
22.5531,17,22550642283,2496006,0
22.5557,19,22553174289,2496006,0
22.5582,17,22555706295,2496006,0
22.5607,20,22558229301,2496006,0
22.5633,3,22560761307,2496006,0
22.5658,20,22563302313,2496006,0
22.5683,20,22565843319,2496006,0
22.5708,3,22568366325,2469000,1
22.5708,17,22568366325,2469000,1
22.5708,19,22568366325,2469000,1
22.5708,2,22568366325,2469000,1
22.5733,7,22570833325,2496006,0
22.5762,4,22573669331,2496006,0
22.5787,18,22576201337,2469000,1
22.5787,3,22576201337,2469000,1
22.5787,7,22576201337,2469000,1
22.5811,10,22578677337,2469000,1
22.5811,4,22578677337,2469000,1
22.5837,10,22581180337,2496006,0
22.5862,17,22583712343,2496006,0
22.5887,20,22586244349,2496006,0
22.5913,17,22588785355,2469000,1
22.5913,9,22588785355,2469000,1
22.5938,20,22591261355,2496006,0
22.5963,19,22593793361,2469000,1
22.5987,3,22596269361,2469000,1
22.5987,4,22596269361,2469000,1
22.6037,20,22601268367,2469000,1
22.6037,10,22601268367,2469000,1
22.6066,7,22604057373,2496006,0
22.6091,20,22606616379,2496006,0
22.6116,17,22609139385,2496006,0
22.6142,10,22611662391,2496006,0
22.6167,20,22614194397,2496006,0
22.6192,12,22616717403,2496006,0
22.6218,20,22619267409,2496006,0
22.6243,7,22621799415,2496006,0
22.6268,19,22624322421,2496006,0
22.6293,12,22626845427,2469000,1
22.6293,15,22626845427,2469000,1
22.6318,20,22629312427,2469000,1
22.6318,10,22629312427,2469000,1
22.6343,17,22631779427,2496006,0
22.6368,20,22634311433,2496006,0
22.6393,19,22636843439,2496006,0
22.6419,20,22639375445,2496006,0
22.6444,10,22641898451,2496006,0
22.6495,2,22646962463,2496006,0
22.652,7,22649485469,2469000,1
22.652,12,22649485469,2469000,1
22.6544,10,22651952469,2496006,0
22.6569,17,22654475475,2469000,1
22.6569,7,22654475475,2469000,1
22.6594,20,22656951475,2469000,1
22.6594,4,22656951475,2469000,1
22.6619,2,22659418475,2496006,0
22.6644,10,22661950481,2496006,0
22.667,19,22664473487,2496006,0
22.6695,5,22666996493,2496006,0
22.672,10,22669537499,2496006,0
22.6746,17,22672060505,2496006,0
22.6771,7,22674592511,2496006,0
22.6799,5,22677437517,2496006,0
22.6825,2,22679960523,2496006,0
22.685,19,22682483529,2496006,0
22.6875,17,22685006535,2496006,0
22.69,4,22687538541,2496006,0
22.6925,10,22690061547,2469000,1
22.6925,7,22690061547,2469000,1
22.695,7,22692530547,2496006,0
22.6975,5,22695053553,2496006,0
22.7001,7,22697576559,2496006,0
22.7026,20,22700099565,2496006,0
22.7051,4,22702622571,2496006,0
22.708,2,22705458577,2496006,0
22.7105,1,22707981583,2496006,0
22.713,7,22710504589,2469000,1
22.713,17,22710504589,2469000,1
22.713,13,22710504589,2469000,1
22.713,21,22710504589,2469000,1
22.718,19,22715512595,2496006,0
22.7205,5,22718080601,2469000,1
22.7205,20,22718080601,2469000,1
22.7205,4,22718080601,2469000,1
22.723,2,22720565601,2469000,1
22.723,1,22720565601,2469000,1
22.7256,2,22723059601,2496006,0
22.7281,19,22725582607,2469000,1
22.7281,20,22725582607,2469000,1
22.7305,1,22728049607,2496006,0
22.7331,3,22730581613,2496006,0
22.7356,10,22733104619,2496006,0
22.7381,12,22735636625,2469000,1
22.7381,10,22735636625,2469000,1
22.7406,17,22738112625,2496006,0
22.7431,7,22740644631,2496006,0
22.7456,2,22743176637,2469000,1
22.7456,17,22743176637,2469000,1
22.7456,7,22743176637,2469000,1
22.7481,19,22745670637,2469000,1
22.7481,1,22745670637,2469000,1
22.7481,10,22745670637,2469000,1
22.7506,4,22748146637,2469000,1
22.7506,3,22748146637,2469000,1
22.7531,13,22750631637,2469000,1
22.7531,5,22750631637,2469000,1
22.7556,17,22753161637,2469000,1
22.7556,7,22753161637,2469000,1
22.7607,10,22758169643,2496006,0
22.7632,1,22760728649,2469000,1
22.7632,3,22760728649,2469000,1
22.7657,20,22763204649,2496006,0
22.7682,2,22765745655,2496006,0
22.7707,4,22768277661,2469000,1
22.7707,17,22768277661,2469000,1
22.7732,22,22770744661,2469000,1
22.7732,10,22770744661,2469000,1
22.7757,20,22773229661,2496006,0
22.7783,10,22775770667,2496006,0
22.7811,19,22778615673,2496006,0
22.7836,7,22781147679,2496006,0
22.7862,2,22783679685,2496006,0
22.7887,19,22786202691,2496006,0
22.7912,20,22788734697,2496006,0
22.7938,10,22791257703,2496006,0
22.7963,5,22793789709,2469000,1
22.7963,20,22793789709,2469000,1
22.7988,7,22796292709,2496006,0
22.8013,2,22798824715,2469000,1
22.8013,10,22798824715,2469000,1
22.8038,19,22801291715,2496006,0
22.8063,7,22803823721,2496006,0
22.8089,19,22806355727,2496006,0
22.8117,1,22809209733,2496006,0
22.8142,20,22811732739,2496006,0
22.8168,7,22814264745,2496006,0
22.8193,12,22816796751,2496006,0
22.8218,13,22819319757,2469000,1
22.8218,2,22819319757,2469000,1
22.8243,1,22821786757,2469000,1
22.8243,2,22821788757,2469000,1
22.8268,3,22824255757,2496006,0
22.8293,3,22826778763,2496006,0
22.8318,17,22829310769,2496006,0
22.8343,20,22831833775,2496006,0
22.8369,19,22834356781,2496006,0
22.8394,7,22836888787,2469000,1
22.8419,10,22839364787,2496006,0
22.8444,19,22841905793,2469000,1
22.8444,12,22841905793,2469000,1
22.8468,17,22844372793,2469000,1
22.8468,3,22844372793,2469000,1
22.8494,17,22846866793,2496006,0
22.8519,20,22849389799,2496006,0
22.8544,19,22851930805,2496006,0
22.857,17,22854462811,2496006,0
22.8595,10,22856985817,2496006,0
22.862,1,22859508823,2496006,0
22.8645,20,22862040829,2469000,1
22.8645,12,22862040829,2469000,1
22.867,5,22864516829,2496006,0
22.8695,4,22867039835,2496006,0
22.872,19,22869562841,2469000,1
22.872,7,22869562841,2469000,1
22.8745,1,22872038841,2469000,1
22.8745,10,22872038841,2469000,1
22.877,17,22874514841,2469000,1
22.877,15,22874514841,2469000,1
22.8795,5,22876999841,2496006,0
22.882,4,22879522847,2496006,0
22.8874,12,22884908859,2469000,1
22.8874,7,22884908859,2469000,1
22.8874,17,22884908859,2469000,1
22.8898,3,22887375859,2469000,1
22.8898,1,22887375859,2469000,1
22.8923,4,22889842859,2496006,0
22.8948,19,22892374865,2469000,1
22.8948,1,22892374865,2469000,1
22.8973,5,22894841865,2496006,0
22.8999,20,22897364871,2496006,0
22.9024,10,22899914877,2496006,0
22.9049,7,22902437883,2496006,0
22.9075,4,22904960889,2496006,0
22.91,5,22907483895,2496006,0
22.9128,12,22910328901,2496006,0
22.9154,20,22912878907,2496006,0
22.9179,12,22915419913,2469000,1
22.9179,10,22915419913,2469000,1
22.9204,17,22917904913,2469000,1
22.9204,5,22917904913,2469000,1
22.9228,16,22920371913,2469000,1
22.9228,5,22920373913,2469000,1
22.9253,7,22922840913,2496006,0
22.9278,4,22925363919,2469000,1
22.9278,12,22925363919,2469000,1
22.9303,19,22927830919,2496006,0
22.9354,19,22932885931,2496006,0
22.9379,3,22935426937,2469000,1
22.9379,20,22935426937,2469000,1
22.9379,4,22935426937,2469000,1
22.9404,19,22937902937,2496006,0
22.9429,20,22940443943,2469000,1
22.9429,19,22940443943,2469000,1
22.9454,9,22942910943,2469000,1
22.9454,7,22942910943,2469000,1
22.9479,6,22945422943,2469000,1
22.9479,1,22945422943,2469000,1
22.9504,19,22947889943,2496006,0
22.9529,10,22950412949,2469000,1
22.9529,19,22950412949,2469000,1
22.9554,2,22952888949,2496006,0
22.9579,10,22955420955,2496006,0
22.9605,10,22957961961,2496006,0
22.963,7,22960520967,2496006,0
22.9655,19,22963052973,2496006,0
22.968,2,22965575979,2469000,1
22.968,19,22965575979,2469000,1
22.9705,10,22968042979,2496006,0
22.9756,5,22973088991,2496006,0
22.9781,12,22975620997,2496006,0
22.9806,7,22978144003,2496006,0
22.9832,7,22980685009,2496006,0
22.986,4,22983530015,2496006,0
22.9886,7,22986062021,2496006,0
22.9911,5,22988585027,2469000,1
22.9911,10,22988585027,2469000,1
22.9935,21,22991052027,2496006,0
22.9961,12,22993584033,2469000,1
22.9961,10,22993584033,2469000,1
22.9985,20,22996051033,2496006,0
23.0011,20,22998574039,2496006,0
23.0013,23,23001106045,152006,0
23.0038,7,23001285051,2469000,1
23.0063,5,23003761051,2496006,0
23.0088,2,23006284057,2469000,1
23.0088,4,23006284057,2469000,1
23.0113,20,23008760057,2496006,0
23.0141,21,23011614063,2469000,1
23.0141,4,23011614063,2469000,1
23.0166,19,23014090063,2496006,0
23.0191,20,23016613069,2469000,1
23.0216,5,23019089069,2469000,1
23.0216,19,23019089069,2469000,1
23.024,23,23021565069,2390472,0
23.0265,11,23023982541,2469000,1
23.0265,17,23023982541,2469000,1
23.0266,23,23026449541,184200,1
23.0289,3,23026449541,2469000,1
23.0314,20,23028925541,2496006,0
23.0317,23,23031475547,184200,1
23.0339,19,23031475547,2469000,1
23.0365,7,23033960547,2496006,0
23.039,12,23036483553,2469000,1
23.0414,11,23038959553,2469000,1
23.0414,7,23038959553,2469000,1
23.0439,17,23041462553,2469000,1
23.0439,11,23041462553,2469000,1
23.0464,21,23043929553,2469000,1
23.0464,20,23043929553,2469000,1
23.0489,12,23046405553,2496006,0
23.0514,20,23048928559,2496006,0
23.0539,7,23051451565,2469000,1
23.0539,20,23051451565,2469000,1
23.0564,12,23053936565,2469000,1
23.0564,10,23053936565,2469000,1
23.0589,5,23056412565,2469000,1
23.0614,5,23058881565,2496006,0
23.0664,16,23063936577,2496006,0
23.069,21,23066477583,2496006,0
23.0715,2,23069027589,2496006,0
23.074,5,23071559595,2469000,1
23.074,20,23071559595,2469000,1
23.0766,16,23074062595,2496006,0
23.0791,2,23076585601,2469000,1
23.0791,12,23076585601,2469000,1
23.0816,21,23079061601,2496006,0
23.0841,2,23081584607,2469000,1
23.0841,21,23081584607,2469000,1
23.0865,14,23084051607,2469000,1
23.0865,4,23084051607,2469000,1
23.0865,21,23084053607,2469000,1
23.0893,11,23086842613,2496006,0
23.0918,23,23089383619,2390472,0
23.0943,5,23091801091,2469000,1
23.0943,16,23091801091,2469000,1
23.0968,2,23094286091,2496006,0
23.0993,2,23096818097,2496006,0
23.1018,14,23099341103,2496006,0
23.1043,14,23101873109,2469000,1
23.1068,19,23104367109,2469000,1
23.1068,11,23104367109,2469000,1
23.1092,23,23106834109,2390472,0
23.1118,11,23109260581,2496006,0
23.1143,2,23111783587,2469000,1
23.1143,14,23111783587,2469000,1
23.1171,11,23114599593,2496006,0
23.1174,23,23117176599,184200,1
23.1196,21,23117176599,2469000,1
23.1221,7,23119652599,2496006,0
23.1247,5,23122184605,2469000,1
23.1247,16,23122184605,2469000,1
23.1272,11,23124660605,2496006,0
23.1297,16,23127192611,2496006,0
23.1322,12,23129733617,2469000,1
23.1347,20,23132200617,2496006,0
23.1372,11,23134723623,2469000,1
23.1372,7,23134723623,2469000,1
23.1397,2,23137199623,2496006,0
23.1422,20,23139722629,2496006,0
23.1447,2,23142245635,2496006,0
23.1472,23,23144768641,2390472,0
23.1496,23,23147186113,2390472,0
23.1521,3,23149612585,2469000,1
23.1521,10,23149612585,2469000,1
23.1521,16,23149612585,2469000,1
23.1546,11,23152088585,2496006,0
23.1571,11,23154611591,2496006,0
23.1596,16,23157134597,2496006,0
23.1622,16,23159666603,2496006,0
23.1647,20,23162189609,2496006,0
23.1672,16,23164721615,2496006,0
23.1697,11,23167253621,2469000,1
23.1697,2,23167253621,2469000,1
23.1699,23,23169720621,184200,1
23.1722,21,23169720621,2469000,1
23.1747,2,23172187621,2496006,0
23.1797,2,23177242633,2496006,0
23.1823,1,23179783639,2496006,0
23.1848,20,23182306645,2469000,1
23.1848,7,23182306645,2469000,1
23.185,23,23184782645,184200,1
23.1873,16,23184782645,2469000,1
23.1873,1,23184782645,2469000,1
23.1901,14,23187571651,2496006,0
23.1926,8,23190094657,2469000,1
23.1926,7,23190094657,2469000,1
23.1951,2,23192570657,2496006,0
23.1976,19,23195093663,2496006,0
23.2001,1,23197625669,2469000,1
23.2026,16,23200092669,2496006,0
23.2051,11,23202615675,2469000,1
23.2051,20,23202615675,2469000,1
23.2076,19,23205091675,2469000,1
23.2076,14,23205091675,2469000,1
23.2101,12,23207594675,2496006,0
23.2126,2,23210126681,2469000,1
23.2126,14,23210126681,2469000,1
23.2151,4,23212629681,2469000,1
23.2151,16,23212629681,2469000,1
23.2176,12,23215096681,2496006,0
23.223,19,23220464693,2496006,0
23.2255,19,23222996699,2496006,0
23.228,5,23225537705,2496006,0
23.2306,5,23228069711,2496006,0
23.2331,19,23230592717,2496006,0
23.2356,12,23233115723,2496006,0
23.2382,5,23235683729,2496006,0
23.2407,12,23238224735,2469000,1
23.2407,6,23238224735,2469000,1
23.2407,16,23238224735,2469000,1
23.2432,19,23240700735,2496006,0
23.2457,2,23243232741,2496006,0
23.2483,1,23245755747,2496006,0
23.2508,19,23248287753,2496006,0
23.2533,2,23250810759,2496006,0
23.2558,19,23253333765,2496006,0
23.2583,1,23255856771,2469000,1
23.2583,2,23255856771,2469000,1
23.2608,7,23258332771,2496006,0
23.2633,5,23260855777,2469000,1
23.2633,12,23260855777,2469000,1
23.2658,14,23263331777,2496006,0
23.266,23,23265863783,121000,1
23.2683,16,23265863783,2469000,1
23.2683,2,23265863783,2469000,1
23.2708,11,23268330783,2469000,1
23.2708,5,23268330783,2469000,1
23.2733,19,23270851783,2469000,1
23.2733,14,23270851783,2469000,1
23.2758,7,23273318783,2496006,0
23.2783,20,23275850789,2496006,0
23.2809,11,23278382795,2496006,0
23.2834,2,23280905801,2496006,0
23.286,20,23283455807,2496006,0
23.2885,20,23285978813,2496006,0
23.291,11,23288519819,2496006,0
23.2939,1,23291355825,2496006,0
23.2964,7,23293887831,2469000,1
23.2964,1,23293887831,2469000,1
23.2989,2,23296354831,2496006,0
23.3014,14,23298877837,2496006,0
23.3039,11,23301400843,2469000,1
23.3039,19,23301400843,2469000,1
23.3039,1,23301400843,2469000,1
23.3089,5,23306408849,2496006,0
23.3114,14,23308931855,2469000,1
23.3114,20,23308931855,2469000,1
23.3139,5,23311425855,2496006,0
23.3164,14,23313948861,2496006,0
23.319,2,23316480867,2496006,0
23.3218,5,23319334873,2469000,1
23.3243,11,23321819873,2496006,0
23.3268,5,23324351879,2496006,0
23.3294,11,23326874885,2496006,0
23.3319,2,23329397891,2496006,0
23.3344,7,23331920897,2496006,0
23.3369,12,23334443903,2469000,1
23.3369,14,23334443903,2469000,1
23.3394,18,23336937903,2496006,0
23.342,18,23339460909,2496006,0
23.3445,5,23342001915,2469000,1
23.3445,18,23342001915,2469000,1
23.3469,2,23344477915,2469000,1
23.3469,1,23344477915,2469000,1
23.3469,11,23344477915,2469000,1
23.3469,18,23344477915,2469000,1
23.3494,20,23346953915,2496006,0
23.3519,10,23349476921,2469000,1
23.3519,7,23349476921,2469000,1
23.3545,20,23351979921,2496006,0
23.357,12,23354520927,2496006,0
23.3598,20,23357258933,2496006,0
23.3623,14,23359799939,2496006,0
23.3648,12,23362322945,2496006,0
23.3673,16,23364863951,2469000,1
23.3673,5,23364863951,2469000,1
23.3698,19,23367330951,2496006,0
23.3724,12,23369862957,2496006,0
23.3749,11,23372403963,2496006,0
23.3774,20,23374926969,2469000,1
23.3774,2,23374926969,2469000,1
23.3799,7,23377402969,2496006,0
23.3824,19,23379925975,2469000,1
23.3824,14,23379925975,2469000,1
23.3849,12,23382392975,2496006,0
23.3874,7,23384942981,2469000,1
23.3874,14,23384942981,2469000,1
23.3899,20,23387409981,2496006,0
23.3924,11,23389950987,2469000,1
23.3924,19,23389950987,2469000,1
23.3952,7,23392730993,2496006,0
23.3978,12,23395271999,2496006,0
23.4003,20,23397795005,2496006,0
23.4028,12,23400318011,2496006,0
23.4053,7,23402841017,2496006,0
23.4079,20,23405364023,2496006,0
23.4104,23,23407887029,2484812,0
23.413,18,23410577841,2469000,1
23.413,5,23410577841,2469000,1
23.4155,12,23413071841,2469000,1
23.418,23,23415538841,2469000,1
23.418,7,23415538841,2469000,1
23.4205,20,23418014841,2496006,0
23.423,20,23420555847,2469000,1
23.4258,20,23423335853,2496006,0
23.4284,7,23425858859,2496006,0
23.4334,11,23430931871,2469000,1
23.4334,23,23430931871,2469000,1
23.4359,14,23433398871,2496006,0
23.4384,20,23435921877,2496006,0
23.441,7,23438462883,2496006,0
23.4435,7,23441048889,2469000,1
23.4435,20,23441048889,2469000,1
23.4435,14,23441048889,2469000,1
23.446,5,23443542889,2496006,0
23.4486,12,23446074895,2496006,0
23.4511,2,23448597901,2496006,0
23.4536,2,23451120907,2496006,0
23.4561,1,23453643913,2469000,1
23.4561,20,23453643913,2469000,1
23.4586,5,23456110913,2496006,0
23.4611,2,23458651919,2496006,0
23.4636,19,23461174925,2469000,1
23.4661,7,23463641925,2496006,0
23.4686,21,23466164931,2469000,1
23.4686,2,23466164931,2469000,1
23.4711,12,23468640931,2496006,0
23.4737,12,23471163937,2496006,0
23.4762,5,23473686943,2496006,0
23.4787,23,23476227949,2469000,1
23.4787,7,23476227949,2469000,1
23.4787,12,23476227949,2469000,1
23.4812,17,23478748949,2469000,1
23.4812,9,23478748949,2469000,1
23.4837,5,23481215949,2496006,0
23.4862,14,23483738955,2496006,0
23.4888,18,23486261961,2496006,0
23.4913,4,23488784967,2496006,0
23.4938,2,23491316973,2496006,0
23.4963,11,23493875979,2469000,1
23.4992,2,23496682985,2469000,1
23.4992,4,23496682985,2469000,1
23.4992,5,23496682985,2469000,1
23.4992,14,23496682985,2469000,1
23.5016,18,23499167985,2469000,1
23.5016,5,23499167985,2469000,1
23.5041,20,23501634985,2496006,0
23.5067,12,23504157991,2496006,0
23.5092,2,23506680997,2496006,0
23.5117,7,23509213003,2496006,0
23.5142,4,23511736009,2496006,0
23.5168,23,23514277015,2496006,0
23.5193,7,23516800021,2496006,0
23.5218,2,23519323027,2496006,0
23.5244,4,23521855033,2496006,0
23.5272,12,23524691039,2469000,1
23.5272,18,23524691039,2469000,1
23.5297,23,23527167039,2496006,0
23.5322,3,23529690045,2469000,1
23.5322,20,23529690045,2469000,1
23.5347,18,23532157045,2496006,0
23.5372,2,23534689051,2469000,1
23.5397,4,23537156051,2496006,0
23.5422,7,23539697057,2469000,1
23.5422,20,23539697057,2469000,1
23.5446,20,23542166057,2469000,1
23.5471,18,23544633057,2496006,0
23.5497,4,23547156063,2496006,0
23.5521,14,23549679069,2469000,1
23.5521,23,23549679069,2469000,1
23.5572,18,23554678075,2496006,0
23.5597,5,23557201081,2496006,0
23.5622,23,23559733087,2496006,0
23.5648,7,23562274093,2496006,0
23.5673,18,23564797099,2496006,0
23.5698,12,23567320105,2469000,1
23.5698,4,23567320105,2469000,1
23.5723,23,23569796105,2496006,0
23.5748,18,23572346111,2469000,1
23.5748,2,23572346111,2469000,1
23.5773,5,23574831111,2496006,0
23.5799,7,23577381117,2496006,0
23.5824,4,23579913123,2496006,0
23.5849,20,23582454129,2469000,1
23.5849,23,23582454129,2469000,1
23.5874,7,23584921129,2469000,1
23.5874,14,23584921129,2469000,1
23.5899,5,23587406129,2469000,1
23.5924,5,23589875129,2496006,0
23.5949,4,23592398135,2496006,0
23.5974,7,23594921141,2496006,0
23.6003,7,23597757147,2496006,0
23.6028,4,23600289153,2496006,0
23.6053,22,23602812159,2496006,0
23.6078,19,23605335165,2496006,0
23.6104,5,23607876171,2496006,0
23.6129,4,23610408177,2496006,0
23.6154,2,23612931183,2496006,0
23.618,18,23615463189,2496006,0
23.6205,12,23617995195,2469000,1
23.6205,2,23617995195,2469000,1
23.623,22,23620462195,2496006,0
23.6255,7,23622985201,2496006,0
23.628,7,23625508207,2496006,0
23.6308,19,23628344213,2496006,0
23.6334,4,23630867219,2496006,0
23.6359,23,23633399225,2469000,1
23.6359,18,23633399225,2469000,1
23.6384,5,23635866225,2496006,0
23.6434,2,23640921237,2469000,1
23.6434,5,23640921237,2469000,1
23.6459,22,23643388237,2496006,0
23.6484,1,23645920243,2469000,1
23.6484,4,23645920243,2469000,1
23.6509,19,23648387243,2496006,0
23.6534,7,23650910249,2496006,0
23.656,5,23653469255,2496006,0
23.6585,7,23656001261,2469000,1
23.6585,22,23656001261,2469000,1
23.661,5,23658486261,2496006,0
23.6635,11,23661009267,2496006,0
23.666,22,23663532273,2469000,1
23.666,5,23663532273,2469000,1
23.6685,19,23666008273,2496006,0
23.671,2,23668531279,2496006,0
23.6736,4,23671081285,2496006,0
23.6761,18,23673604291,2469000,1
23.6761,4,23673604291,2469000,1
23.6786,2,23676071291,2496006,0
23.6811,11,23678594297,2496006,0
23.6836,11,23681171303,2469000,1
23.6836,19,23681171303,2469000,1
23.6861,4,23683638303,2496006,0
23.6912,7,23688684315,2496006,0
23.6937,16,23691234321,2496006,0
23.6962,5,23693757327,2469000,1
23.6962,2,23693757327,2469000,1
23.6987,2,23696226327,2496006,0
23.7012,7,23698776333,2469000,1
23.7012,23,23698776333,2469000,1
23.7041,4,23701556339,2496006,0
23.7066,16,23704097345,2496006,0
23.7092,2,23706665351,2496006,0
23.7117,11,23709188357,2469000,1
23.7117,19,23709188357,2469000,1
23.7142,22,23711664357,2496006,0
23.7167,16,23714187363,2469000,1
23.7167,4,23714187363,2469000,1
23.7192,2,23716654363,2496006,0
23.7217,18,23719195369,2496006,0
23.7242,5,23721718375,2469000,1
23.7242,19,23721718375,2469000,1
23.7267,7,23724194375,2496006,0
23.7292,2,23726735381,2496006,0
23.732,4,23729571387,2469000,1
23.7346,14,23732056387,2496006,0
23.737,22,23734579393,2469000,1
23.737,18,23734579393,2469000,1
23.7396,20,23737055393,2496006,0
23.7421,14,23739587399,2496006,0
23.7446,2,23742119405,2496006,0
23.7471,20,23744642411,2469000,1
23.7471,7,23744642411,2469000,1
23.7496,14,23747145411,2469000,1
23.7496,22,23747145411,2469000,1
23.7521,16,23749621411,2496006,0
23.7547,4,23752162417,2496006,0
23.7572,2,23754685423,2496006,0
23.7597,16,23757208429,2496006,0
23.7622,2,23759731435,2496006,0
23.7648,14,23762272441,2496006,0
23.7673,18,23764840447,2469000,1
23.7698,14,23767307447,2469000,1
23.7698,7,23767307447,2469000,1
23.7723,2,23769783447,2469000,1
23.7723,16,23769783447,2469000,1
23.7747,22,23772250447,2469000,1
23.7747,4,23772250447,2469000,1
23.7772,12,23774726447,2469000,1
23.7772,23,23774726447,2469000,1
23.7797,20,23777220447,2496006,0
23.7822,22,23779743453,2496006,0
23.7847,11,23782275459,2469000,1
23.7847,4,23782275459,2469000,1
23.7847,20,23782275459,2469000,1
23.7872,7,23784742459,2496006,0
23.7898,7,23787274465,2496006,0
23.7923,22,23789797471,2496006,0
23.7948,16,23792320477,2496006,0
23.7973,10,23794843483,2496006,0
23.7999,10,23797366489,2496006,0
23.8024,2,23799898495,2496006,0
23.8052,16,23802734501,2469000,1
23.8052,20,23802734501,2469000,1
23.8052,2,23802734501,2469000,1
23.8077,10,23805210501,2496006,0
23.8102,22,23807751507,2469000,1
23.8127,7,23810227507,2469000,1
23.8152,22,23812694507,2496006,0
23.8177,14,23815226513,2496006,0
23.8202,22,23817749519,2496006,0
23.8228,22,23820281525,2469000,1
23.8252,16,23822748525,2496006,0
23.8278,10,23825280531,2496006,0
23.8328,14,23830344543,2496006,0
23.8357,10,23833198549,2496006,0
23.8382,1,23835721555,2469000,1
23.8382,22,23835721555,2469000,1
23.8407,7,23838188555,2496006,0
23.8432,16,23840711561,2469000,1
23.8432,18,23840711561,2469000,1
23.8456,2,23843178561,2469000,1
23.8456,7,23843178561,2469000,1
23.8482,16,23845654561,2496006,0
23.8507,14,23848177567,2496006,0
23.8532,21,23850700573,2496006,0
23.8557,10,23853223579,2469000,1
23.8557,2,23853223579,2469000,1
23.8582,14,23855690579,2469000,1
23.8582,21,23855690579,2469000,1
23.8607,2,23858157579,2496006,0
23.8632,11,23860698585,2496006,0
23.8657,14,23863248591,2496006,0
23.8682,4,23865771597,2469000,1
23.8682,21,23865771597,2469000,1
23.8707,19,23868247597,2469000,1
23.8707,16,23868247597,2469000,1
23.8732,2,23870723597,2496006,0
23.8758,7,23873255603,2496006,0
23.8783,14,23875796609,2496006,0
23.8808,11,23878319615,2469000,1
23.8833,14,23880786615,2496006,0
23.8858,7,23883327621,2496006,0
23.8883,20,23885850627,2496006,0
23.8909,22,23888382633,2469000,1
23.8909,10,23888382633,2469000,1
23.8909,16,23888382633,2469000,1
23.8933,2,23890849633,2469000,1
23.8933,20,23890849633,2469000,1
23.8958,5,23893316633,2496006,0
23.8983,7,23895839639,2469000,1
23.8983,2,23895839639,2469000,1
23.9008,14,23898306639,2469000,1
23.9008,5,23898306639,2469000,1
23.9033,7,23900800639,2496006,0
23.9058,16,23903332645,2496006,0
23.9087,7,23906177651,2496006,0
23.9112,14,23908700657,2496006,0
23.9137,11,23911232663,2496006,0
23.9163,7,23913755669,2496006,0
23.9188,11,23916287675,2496006,0
23.9213,20,23918828681,2496006,0
23.9238,7,23921360687,2469000,1
23.9238,21,23921360687,2469000,1
23.9238,16,23921360687,2469000,1
23.9263,11,23923827687,2469000,1
23.9263,14,23923827687,2469000,1
23.9263,2,23923827687,2469000,1
23.9288,21,23926321687,2496006,0
23.9313,22,23928853693,2469000,1
23.9338,20,23931347693,2496006,0
23.9367,19,23934192699,2469000,1
23.9367,5,23934192699,2469000,1
23.9391,20,23936677699,2469000,1
23.9391,2,23936677699,2469000,1
23.9416,21,23939153699,2496006,0
23.9442,16,23941676705,2496006,0
23.9467,17,23944199711,2496006,0
23.9492,10,23946731717,2469000,1
23.9492,7,23946731717,2469000,1
23.9517,16,23949225717,2469000,1
23.9517,11,23949225717,2469000,1
23.9542,21,23951692717,2469000,1
23.9542,22,23951692717,2469000,1
23.9566,14,23954168717,2469000,1
23.9566,16,23954168717,2469000,1
23.9591,17,23956635717,2496006,0
23.9617,17,23959167723,2496006,0
23.9642,20,23961690729,2496006,0
23.9667,20,23964267735,2469000,1
23.9667,18,23964267735,2469000,1
23.9692,11,23966734735,2469000,1
23.9692,21,23966734735,2469000,1
23.9717,17,23969210735,2496006,0
23.9768,17,23974265747,2496006,0
23.9793,17,23976806753,2496006,0
23.9819,11,23979365759,2496006,0
23.9844,12,23981888765,2496006,0
23.9869,17,23984429771,2496006,0
23.9895,11,23986979777,2496006,0
23.992,7,23989502783,2496006,0
23.9945,20,23992052789,2496006,0
23.9971,17,23994584795,2496006,0
23.9996,7,23997116801,2469000,1
23.9996,14,23997116801,2469000,1
23.9996,12,23997116801,2469000,1
23.9996,20,23997116801,2469000,1
24.0021,7,23999592801,2496006,0
24.0046,4,24002124807,2469000,1
24.0046,5,24002124807,2469000,1
24.0099,11,24007436813,2496006,0
24.0125,11,24009959819,2496006,0
24.015,7,24012491825,2469000,1
24.015,20,24012491825,2469000,1
24.0174,16,24014976825,2469000,1
24.0174,17,24014976825,2469000,1
24.02,11,24017497825,2469000,1
24.02,17,24017497825,2469000,1
24.0224,15,24019973825,2469000,1
24.0224,10,24019973825,2469000,1
24.0249,14,24022440825,2469000,1
24.0249,11,24022440825,2469000,1
24.0274,12,24024907825,2496006,0
24.0299,11,24027439831,2496006,0
24.0325,21,24029980837,2496006,0
24.035,11,24032512843,2496006,0
24.0375,23,24035044849,2469000,1
24.0375,7,24035044849,2469000,1
24.0403,12,24037851855,2496006,0
24.0428,21,24040374861,2469000,1
24.0428,16,24040374861,2469000,1
24.0428,12,24040374861,2469000,1
24.0454,17,24042877861,2496006,0
24.0479,13,24045400867,2469000,1
24.0479,11,24045400867,2469000,1
24.0504,14,24047903867,2469000,1
24.0504,11,24047903867,2469000,1
24.0529,17,24050406867,2496006,0
24.0554,6,24052929873,2496006,0
24.0579,20,24055470879,2469000,1
24.0605,12,24057982879,2496006,0
24.063,21,24060523885,2469000,1
24.063,12,24060523885,2469000,1
24.0655,5,24062990885,2469000,1
24.0655,17,24062990885,2469000,1
24.0655,6,24062990885,2469000,1
24.0655,21,24062992885,2469000,1
24.068,2,24065468885,2496006,0
24.0705,4,24068036891,2469000,1
24.0705,12,24068036891,2469000,1
24.073,15,24070503891,2469000,1
24.0755,11,24072988891,2469000,1
24.0779,2,24075464891,2469000,1
24.0779,7,24075464891,2469000,1
24.0804,11,24077931891,2496006,0
24.0855,11,24083013903,2496006,0
24.088,11,24085536909,2496006,0
24.0905,17,24088068915,2469000,1
24.0905,15,24088068915,2469000,1
24.093,12,24090553915,2496006,0
24.0956,6,24093103921,2496006,0
24.0981,15,24095626927,2496006,0
24.1032,15,24100681939,2496006,0
24.1057,12,24103204945,2469000,1
24.1057,2,24103204945,2469000,1
24.1081,11,24105680945,2469000,1
24.1081,15,24105680945,2469000,1
24.1107,6,24108201945,2496006,0
24.1136,12,24111082951,2469000,1
24.1136,11,24111082951,2469000,1
24.1161,6,24113567951,2496006,0
24.1186,15,24116090957,2496006,0
24.1211,20,24118631963,2469000,1
24.1211,11,24118631963,2469000,1
24.1236,17,24121161963,2469000,1
24.1261,21,24123655963,2469000,1
24.1261,6,24123655963,2469000,1
24.1286,15,24126122963,2496006,0
24.1312,17,24128663969,2496006,0
24.1337,17,24131195975,2496006,0
24.1362,7,24133727981,2496006,0
24.1387,7,24136250987,2469000,1
24.1415,15,24139066993,2469000,1
24.144,12,24141533993,2496006,0
24.1491,17,24146598005,2496006,0
24.1516,5,24149121011,2469000,1
24.1516,6,24149121011,2469000,1
24.1516,15,24149121011,2469000,1
24.1542,12,24151660011,2496006,0
24.1567,2,24154183017,2496006,0
24.1592,7,24156706023,2496006,0
24.1617,17,24159229029,2496006,0
24.1642,18,24161752035,2469000,1
24.1642,17,24161752035,2469000,1
24.1667,2,24164219035,2496006,0
24.1693,4,24166760041,2496006,0
24.1718,12,24169328047,2496006,0
24.1743,2,24171851053,2469000,1
24.1743,12,24171851053,2469000,1
24.1768,4,24174318053,2496006,0
24.1793,7,24176850059,2496006,0
24.1819,7,24179400065,2469000,1
24.1844,4,24181885065,2469000,1
24.1844,12,24181885065,2469000,1
24.1869,15,24184370065,2496006,0
24.1894,6,24186902071,2496006,0
24.1919,11,24189443077,2496006,0
24.1945,17,24191966083,2496006,0
24.197,11,24194498089,2496006,0
24.1995,6,24197021095,2469000,1
24.1995,2,24197021095,2469000,1
24.1995,4,24197021095,2469000,1
24.202,11,24199497095,2496006,0
24.207,15,24204543107,2496006,0
24.2096,6,24207075113,2496006,0
24.2121,15,24209598119,2496006,0
24.2149,11,24212452125,2469000,1
24.2149,17,24212452125,2469000,1
24.2174,6,24214919125,2469000,1
24.2174,12,24214919125,2469000,1
24.2199,7,24217395125,2496006,0
24.2224,15,24219918131,2496006,0
24.2249,7,24222441137,2496006,0
24.2274,17,24224964143,2469000,1
24.2274,12,24224964143,2469000,1
24.2299,2,24227440143,2496006,0
24.2325,7,24229990149,2496006,0
24.235,2,24232522155,2469000,1
24.235,11,24232522155,2469000,1
24.2375,14,24234998155,2469000,1
24.2375,6,24234998155,2469000,1
24.24,15,24237465155,2496006,0
24.2425,10,24239988161,2496006,0
24.2453,2,24242842167,2496006,0
24.2479,10,24245365173,2496006,0
24.2504,5,24247906179,2496006,0
24.2529,7,24250447185,2496006,0
24.2555,15,24252970191,2496006,0
24.258,2,24255511197,2496006,0
24.2605,16,24258034203,2496006,0
24.2631,10,24260575209,2496006,0
24.2656,2,24263107215,2496006,0
24.2681,5,24265630221,2469000,1
24.2706,4,24268097221,2469000,1
24.2706,17,24268097221,2469000,1
24.273,16,24270564221,2469000,1
24.273,15,24270564221,2469000,1
24.273,2,24270564221,2469000,1
24.2755,7,24273049221,2496006,0
24.2781,10,24275581227,2469000,1
24.2781,15,24275581227,2469000,1
24.2805,11,24278057227,2469000,1
24.2805,10,24278057227,2469000,1
24.283,7,24280533227,2469000,1
24.283,16,24280533227,2469000,1
24.2855,6,24283036227,2496006,0
24.2881,7,24285559233,2496006,0
24.2906,6,24288100239,2496006,0
24.2931,5,24290632245,2496006,0
24.2957,2,24293173251,2496006,0
24.3007,6,24298228263,2496006,0
24.3032,2,24300769269,2469000,1
24.3032,5,24300769269,2469000,1
24.3057,7,24303236269,2496006,0
24.3083,7,24305795275,2496006,0
24.3108,12,24308318281,2469000,1
24.3108,7,24308318281,2469000,1
24.3133,6,24310785281,2496006,0
24.3161,6,24313630287,2496006,0
24.3187,16,24316180293,2496006,0
24.3212,15,24318712299,2469000,1
24.3212,2,24318712299,2469000,1
24.3212,5,24318712299,2469000,1
24.3237,16,24321215299,2469000,1
24.3262,6,24323682299,2496006,0
24.3287,16,24326241305,2496006,0
24.3313,2,24328800311,2496006,0
24.3338,16,24331359317,2469000,1
24.3338,7,24331359317,2469000,1
24.3363,6,24333826317,2496006,0
24.3388,10,24336349323,2496006,0
24.3414,20,24338881329,2469000,1
24.3414,10,24338881329,2469000,1
24.3438,21,24341357329,2469000,1
24.3466,20,24344137335,2496006,0
24.3492,2,24346660341,2496006,0
24.3517,11,24349192347,2496006,0
24.3542,20,24351742353,2496006,0
24.3568,10,24354265359,2496006,0
24.3593,6,24356797365,2469000,1
24.3593,20,24356797365,2469000,1
24.3618,11,24359300365,2496006,0
24.3643,11,24361823371,2496006,0
24.3668,22,24364346377,2469000,1
24.3668,4,24364346377,2469000,1
24.3668,2,24364346377,2469000,1
24.3668,20,24364346377,2469000,1
24.3718,17,24369336383,2496006,0
24.3743,5,24371859389,2469000,1
24.3743,16,24371859389,2469000,1
24.3768,11,24374326389,2496006,0
24.3793,10,24376849395,2496006,0
24.3819,19,24379381401,2496006,0
24.3844,23,24381940407,2496006,0
24.3869,10,24384463413,2469000,1
24.3869,17,24384463413,2469000,1
24.3894,11,24386930413,2469000,1
24.3894,6,24386930413,2469000,1
24.3894,5,24386930413,2469000,1
24.3919,17,24389424413,2496006,0
24.3944,19,24391947419,2496006,0
24.397,2,24394497425,2469000,1
24.3995,23,24396982425,2469000,1
24.3995,10,24396982425,2469000,1
24.4019,23,24399451425,2496006,0
24.4044,8,24401974431,2469000,1
24.4044,7,24401974431,2469000,1
24.4069,17,24404450431,2496006,0
24.4095,2,24406973437,2496006,0
24.412,19,24409496443,2496006,0
24.4145,8,24412028449,2496006,0
24.4171,17,24414578455,2496006,0
24.4199,19,24417414461,2496006,0
24.4224,23,24419937467,2496006,0
24.425,2,24422460473,2496006,0
24.4275,8,24425010479,2469000,1
24.4275,11,24425010479,2469000,1
24.4275,6,24425010479,2469000,1
24.43,17,24427477479,2496006,0
24.4325,16,24430000485,2469000,1
24.435,19,24432485485,2496006,0
24.4375,19,24435044491,2469000,1
24.4375,23,24435044491,2469000,1
24.44,15,24437511491,2496006,0
24.4425,2,24440034497,2469000,1
24.4425,23,24440034497,2469000,1
24.445,20,24442510497,2469000,1
24.445,17,24442510497,2469000,1
24.4478,10,24445308503,2496006,0
24.4503,19,24447831509,2496006,0
24.4529,2,24450354515,2496006,0
24.4554,15,24452877521,2496006,0
24.4579,19,24455409527,2496006,0
24.4604,10,24457932533,2496006,0
24.463,10,24460455539,2496006,0
24.4655,15,24462987545,2496006,0
24.468,2,24465519551,2469000,1
24.468,17,24465519551,2469000,1
24.4705,7,24467986551,2469000,1
24.4705,8,24467986551,2469000,1
24.4729,4,24470453551,2469000,1
24.4729,11,24470453551,2469000,1
24.4729,23,24470453551,2469000,1
24.4754,9,24472920551,2496006,0
24.478,10,24475461557,2496006,0
24.4805,19,24477984563,2469000,1
24.4829,9,24480460563,2469000,1
24.4829,10,24480460563,2469000,1
24.4854,15,24482936563,2496006,0
24.4879,8,24485468569,2469000,1
24.4879,15,24485468569,2469000,1
24.4904,2,24487935569,2469000,1
24.4904,17,24487935569,2469000,1
24.4954,11,24492943575,2496006,0
24.498,8,24495502581,2496006,0
24.5005,10,24498025587,2496006,0
24.503,18,24500557593,2469000,1
24.503,21,24500557593,2469000,1
24.5055,15,24503033593,2496006,0
24.5081,15,24505556599,2496006,0
24.5105,11,24508079605,2469000,1
24.5105,19,24508079605,2469000,1
24.5131,8,24510582605,2469000,1
24.5131,10,24510582605,2469000,1
24.5155,15,24513049605,2496006,0
24.518,20,24515572611,2469000,1
24.518,9,24515572611,2469000,1
24.5209,11,24518356003,2496006,0
24.5234,8,24520888009,2496006,0
24.5259,11,24523420015,2496006,0
24.5285,10,24525961021,2496006,0
24.531,17,24528484027,2469000,1
24.531,15,24528484027,2469000,1
24.536,8,24533510033,2469000,1
24.536,15,24533510033,2469000,1
24.5385,11,24535986033,2496006,0
24.541,11,24538563039,2469000,1
24.541,2,24538563039,2469000,1
24.541,10,24538563039,2469000,1
24.5435,20,24541039039,2496006,0
24.5461,19,24543589045,2469000,1
24.5461,9,24543589045,2469000,1
24.5486,8,24546056045,2496006,0
24.5514,20,24548892051,2496006,0
24.5539,8,24551424057,2496006,0
24.5564,10,24553947063,2496006,0
24.5589,6,24556479069,2469000,1
24.5589,21,24556479069,2469000,1
24.5589,10,24556479069,2469000,1
24.5615,8,24558955069,2496006,0
24.564,12,24561496075,2469000,1
24.564,8,24561496075,2469000,1
24.5665,20,24563963075,2496006,0
24.5691,11,24566558081,2496006,0
24.5716,15,24569090087,2496006,0
24.5741,20,24571613093,2496006,0
24.5767,10,24574154099,2496006,0
24.5792,11,24576677105,2496006,0
24.5817,15,24579200111,2469000,1
24.5817,16,24579200111,2469000,1
24.5817,8,24579200111,2469000,1
24.5842,11,24581694111,2496006,0
24.5893,20,24586785123,2469000,1
24.5893,10,24586785123,2469000,1
24.5918,2,24589279123,2496006,0
24.5943,11,24591802129,2469000,1
24.5943,23,24591802129,2469000,1
24.5968,10,24594296129,2496006,0
24.5993,20,24596828135,2496006,0
24.6019,2,24599360141,2496006,0
24.6044,10,24601883147,2469000,1
24.6044,17,24601883147,2469000,1
24.6094,15,24606900153,2469000,1
24.6094,11,24606900153,2469000,1
24.6119,8,24609367153,2496006,0
24.6144,2,24611890159,2496006,0
24.6169,20,24614413165,2469000,1
24.6169,10,24614413165,2469000,1
24.6194,8,24616889165,2496006,0
24.6219,8,24619448171,2469000,1
24.6219,19,24619448171,2469000,1
24.6247,7,24622228177,2496006,0
24.6273,6,24624760183,2496006,0
24.6298,2,24627283189,2496006,0
24.6323,8,24629806195,2469000,1
24.6323,6,24629806195,2469000,1
24.6348,2,24632282195,2469000,1
24.6373,20,24634767195,2496006,0
24.6398,7,24637290201,2496006,0
24.6423,7,24639813207,2496006,0
24.6448,7,24642345213,2496006,0
24.6474,2,24644877219,2496006,0
24.6499,2,24647409225,2496006,0
24.6527,7,24650245231,2496006,0
24.6553,20,24652768237,2496006,0
24.6578,6,24655291243,2496006,0
24.6603,20,24657823249,2496006,0
24.6628,2,24660346255,2496006,0
24.6679,7,24665446267,2496006,0
24.6704,6,24667978273,2469000,1
24.6704,9,24667978273,2469000,1
24.6729,11,24670445273,2496006,0
24.6755,19,24672968279,2496006,0
24.678,2,24675509285,2469000,1
24.678,20,24675509285,2469000,1
24.6805,15,24678021285,2496006,0
24.683,17,24680544291,2496006,0
24.6856,11,24683067297,2496006,0
24.6881,7,24685590303,2496006,0
24.6906,15,24688122309,2496006,0
24.6931,17,24690645315,2469000,1
24.6931,19,24690645315,2469000,1
24.6956,5,24693112315,2469000,1
24.6956,20,24693112315,2469000,1
24.6981,11,24695588315,2496006,0
24.7006,7,24698111321,2469000,1
24.7006,8,24698111321,2469000,1
24.703,10,24700578321,2469000,1
24.7055,6,24703054321,2469000,1
24.7055,2,24703054321,2469000,1
24.7055,19,24703054321,2469000,1
24.708,3,24705521321,2469000,1
24.708,17,24705521321,2469000,1
24.7105,15,24708015321,2496006,0
24.7131,19,24710565327,2496006,0
24.7156,11,24713088333,2496006,0
24.7181,19,24715611339,2496006,0
24.7207,15,24718161345,2496006,0
24.7232,11,24720693351,2469000,1
24.7232,20,24720693351,2469000,1
24.726,19,24723482357,2496006,0
24.7285,8,24726041363,2496006,0
24.7311,7,24728573369,2496006,0
24.7336,15,24731096375,2496006,0
24.7361,15,24733619381,2469000,1
24.7386,8,24736086381,2496006,0
24.7411,19,24738609387,2469000,1
24.7411,17,24738609387,2469000,1
24.7436,6,24741112387,2496006,0
24.7461,6,24743635393,2496006,0
24.7487,11,24746185399,2469000,1
24.7487,7,24746185399,2469000,1
24.7511,8,24748661399,2469000,1
24.7511,19,24748661399,2469000,1
24.7536,16,24751146399,2496006,0
24.7565,6,24754009405,2496006,0
24.759,11,24756541411,2496006,0
24.7616,6,24759073417,2496006,0
24.7641,6,24761596423,2496006,0
24.7666,2,24764119429,2469000,1
24.7666,11,24764119429,2469000,1
24.7691,2,24766595429,2496006,0
24.7741,10,24771650441,2469000,1
24.7741,15,24771650441,2469000,1
24.7741,7,24771650441,2469000,1
24.7766,16,24774117441,2496006,0
24.7791,8,24776649447,2469000,1
24.7791,6,24776649447,2469000,1
24.7817,2,24779161447,2496006,0
24.7842,17,24781684453,2469000,1
24.7842,6,24781684453,2469000,1
24.7867,16,24784196453,2496006,0
24.7892,8,24786719459,2496006,0
24.7917,11,24789251465,2496006,0
24.7943,2,24791783471,2496006,0
24.7993,16,24796856483,2469000,1
24.7993,7,24796856483,2469000,1
24.8018,2,24799323483,2469000,1
24.8018,8,24799323483,2469000,1
24.8043,17,24801790483,2496006,0
24.8068,15,24804313489,2496006,0
24.8094,15,24806854495,2496006,0
24.8119,2,24809386501,2496006,0
24.8144,11,24811909507,2496006,0
24.8169,15,24814441513,2496006,0
24.8194,17,24816964519,2469000,1
24.8194,1,24816964519,2469000,1
24.8219,2,24819431519,2469000,1
24.8219,11,24819431519,2469000,1
24.8244,23,24821907519,2496006,0
24.8269,23,24824448525,2496006,0
24.8298,19,24827284531,2469000,1
24.8298,11,24827284531,2469000,1
24.8348,6,24832283537,2496006,0
24.8373,16,24834833543,2469000,1
24.8373,15,24834833543,2469000,1
24.8373,23,24834833543,2469000,1
24.8398,6,24837300543,2469000,1
24.8398,8,24837300543,2469000,1
24.8423,2,24839776543,2496006,0
24.8448,2,24842317549,2496006,0
24.8474,20,24844903555,2496006,0
24.8499,2,24847426561,2469000,1
24.8499,23,24847426561,2469000,1
24.8499,6,24847426561,2469000,1
24.8524,20,24849902561,2496006,0
24.8549,17,24852425567,2496006,0
24.8577,11,24855270573,2469000,1
24.8577,23,24855270573,2469000,1
24.8602,20,24857746573,2469000,1
24.8627,2,24860231573,2496006,0
24.8653,17,24862763579,2496006,0
24.8678,15,24865295585,2496006,0
24.8703,2,24867818591,2496006,0
24.8729,15,24870368597,2496006,0
24.8754,15,24872891603,2496006,0
24.8779,2,24875423609,2469000,1
24.8779,17,24875423609,2469000,1
24.8804,11,24877890609,2496006,0
24.8829,7,24880422615,2496006,0
24.8855,2,24882963621,2496006,0
24.8905,15,24888027633,2496006,0
24.8931,15,24890568639,2496006,0
24.8956,2,24893091645,2469000,1
24.8956,16,24893091645,2469000,1
24.8981,7,24895558645,2496006,0
24.9006,20,24898081651,2469000,1
24.9006,11,24898081651,2469000,1
24.9031,7,24900566651,2496006,0
24.9056,23,24903089657,2469000,1
24.9056,2,24903089657,2469000,1
24.908,19,24905556657,2469000,1
24.908,8,24905556657,2469000,1
24.908,2,24905558657,2469000,1
24.9105,15,24908034657,2496006,0
24.9131,6,24910566663,2496006,0
24.9156,7,24913089669,2496006,0
24.9181,11,24915612675,2496006,0
24.9206,17,24918144681,2496006,0
24.9231,6,24920667687,2469000,1
24.9231,20,24920667687,2469000,1
24.9282,17,24925675693,2496006,0
24.931,15,24928529699,2496006,0
24.9336,7,24931070705,2496006,0
24.9361,11,24933602711,2496006,0
24.9386,7,24936125717,2496006,0
24.9411,17,24938648723,2469000,1
24.9411,11,24938648723,2469000,1
24.9436,6,24941151723,2496006,0
24.9462,15,24943692729,2496006,0
24.9487,6,24946215735,2496006,0
24.9512,15,24948738741,2496006,0
24.9538,7,24951261747,2496006,0
24.9563,15,24953784753,2496006,0
24.9617,7,24959215765,2496006,0
24.9642,6,24961747771,2496006,0
24.9668,11,24964270777,2496006,0
24.9693,15,24966802783,2469000,1
24.9693,17,24966802783,2469000,1
24.9718,20,24969269783,2496006,0
24.9743,7,24971801789,2496006,0
24.9768,7,24974378795,2469000,1
24.9768,9,24974378795,2469000,1
24.9768,6,24974378795,2469000,1
24.9768,11,24974378795,2469000,1
24.9793,8,24976845795,2496006,0
24.9819,15,24979377801,2496006,0
24.9844,20,24981900807,2496006,0
24.9869,7,24984432813,2496006,0
24.9895,20,24986964819,2496006,0
24.9945,6,24992019831,2496006,0
24.997,6,24994542837,2496006,0
24.9996,20,24997074843,2496006,0
25.0021,15,24999597849,2496006,0
25.0046,8,25002120855,2496006,0
25.0071,15,25004652861,2496006,0
25.0097,4,25007175867,2496006,0
25.0122,11,25009698873,2496006,0
25.0147,7,25012230879,2496006,0
25.0172,15,25014753885,2469000,1
25.0172,20,25014753885,2469000,1
25.0197,8,25017220885,2469000,1
25.0197,15,25017222885,2469000,1
25.0222,4,25019707885,2469000,1
25.0222,6,25019707885,2469000,1
25.0247,4,25022176885,2496006,0
25.0272,17,25024699891,2469000,1
25.0272,20,25024699891,2469000,1
25.0297,6,25027166891,2496006,0
25.0322,11,25029689897,2496006,0
25.035,19,25032534903,2496006,0
25.0376,4,25035057909,2496006,0
25.04,7,25037580915,2469000,1
25.04,8,25037580915,2469000,1
25.045,11,25042579921,2469000,1
25.045,21,25042579921,2469000,1
25.045,2,25042579921,2469000,1
25.0475,19,25045046921,2469000,1
25.0475,6,25045046921,2469000,1
25.05,4,25047531921,2469000,1
25.05,7,25047531921,2469000,1
25.0525,5,25050043921,2469000,1
25.0525,15,25050043921,2469000,1
25.055,19,25052510921,2469000,1
25.055,4,25052510921,2469000,1
25.0575,21,25054995921,2496006,0
25.06,16,25057536927,2469000,1
25.06,4,25057536927,2469000,1
25.0628,6,25060316933,2496006,0
25.0653,21,25062839939,2496006,0
25.0679,19,25065362945,2496006,0
25.0704,8,25067894951,2496006,0
25.0729,23,25070426957,2496006,0
25.0755,23,25072958963,2496006,0
25.078,11,25075481969,2496006,0
25.0805,6,25078013975,2496006,0
25.083,21,25080536981,2496006,0
25.0855,23,25083059987,2469000,1
25.0855,19,25083059987,2469000,1
25.0855,7,25083059987,2469000,1
25.088,10,25085535987,2469000,1
25.088,23,25085535987,2469000,1
25.093,8,25090552993,2496006,0
25.0956,11,25093075999,2496006,0
25.0981,20,25095599005,2496006,0
25.1006,6,25098131011,2496006,0
25.1031,16,25100654017,2469000,1
25.1031,11,25100654017,2469000,1
25.1056,18,25103121017,2469000,1
25.1056,20,25103121017,2469000,1
25.1081,21,25105588017,2496006,0
25.1106,6,25108111023,2496006,0
25.1131,8,25110634029,2469000,1
25.1131,21,25110634029,2469000,1
25.1131,6,25110634029,2469000,1
25.1156,15,25113119029,2469000,1
25.1156,11,25113119029,2469000,1
25.1181,21,25115604029,2496006,0
25.1206,14,25118145035,2469000,1
25.1206,19,25118145035,2469000,1
25.1231,9,25120648035,2496006,0
25.1257,15,25123171041,2496006,0
25.1282,21,25125721047,2496006,0
25.1307,15,25128244053,2469000,1
25.1307,9,25128244053,2469000,1
25.1307,19,25128244053,2469000,1
25.1332,20,25130711053,2469000,1
25.1332,15,25130713053,2469000,1
25.1385,4,25136043065,2469000,1
25.1385,7,25136043065,2469000,1
25.1385,19,25136043065,2469000,1
25.141,17,25138528065,2496006,0
25.1435,8,25141051071,2496006,0
25.1461,6,25143574077,2496006,0
25.1486,17,25146097083,2496006,0
25.1511,21,25148638089,2496006,0
25.1537,6,25151161095,2496006,0
25.1562,17,25153684101,2469000,1
25.1562,6,25153684101,2469000,1
25.1586,21,25156169101,2469000,1
25.1586,8,25156169101,2469000,1
25.1612,23,25158654101,2496006,0
25.1637,9,25161195107,2496006,0
25.1665,6,25164049113,2496006,0
25.1691,21,25166572119,2496006,0
25.1716,20,25169095125,2496006,0
25.1741,17,25171618131,2496006,0
25.1766,6,25174150137,2469000,1
25.1766,15,25174150137,2469000,1
25.1791,8,25176617137,2496006,0
25.1816,13,25179140143,2496006,0
25.1841,23,25181672149,2469000,1
25.1841,9,25181672149,2469000,1
25.1866,21,25184148149,2496006,0
25.1892,17,25186698155,2496006,0
25.1917,8,25189221161,2469000,1
25.1917,20,25189221161,2469000,1
25.1942,11,25191697161,2496006,0
25.1967,23,25194238167,2496006,0
25.1992,13,25196770173,2469000,1
25.1992,17,25196770173,2469000,1
25.2017,21,25199237173,2496006,0
25.2043,6,25201769179,2496006,0
25.2068,17,25204292185,2496006,0
25.2093,23,25206815191,2469000,1
25.2093,8,25206815191,2469000,1
25.2093,20,25206815191,2469000,1
25.2118,11,25209291191,2496006,0
25.2143,17,25211814197,2496006,0
25.2168,16,25214337203,2469000,1
25.2168,11,25214337203,2469000,1
25.2193,21,25216813203,2469000,1
25.2193,17,25216813203,2469000,1
25.2218,6,25219280203,2496006,0
25.2243,13,25221803209,2496006,0
25.2268,9,25224326215,2496006,0
25.2294,12,25226858221,2496006,0
25.2319,8,25229381227,2469000,1
25.2319,11,25229381227,2469000,1
25.2344,23,25231857227,2496006,0
25.2368,13,25234380233,2469000,1
25.2368,23,25234380233,2469000,1
25.2396,9,25237169239,2469000,1
25.2421,6,25239636239,2496006,0
25.2447,9,25242168245,2496006,0
25.2472,12,25244718251,2496006,0
25.2497,21,25247250257,2496006,0
25.2523,13,25249782263,2496006,0
25.2548,6,25252314269,2469000,1
25.2548,13,25252314269,2469000,1
25.2573,13,25254799269,2496006,0
25.2598,9,25257322275,2469000,1
25.2598,6,25257322275,2469000,1
25.2623,12,25259789275,2496006,0
25.2648,20,25262312281,2496006,0
25.2676,12,25265148287,2496006,0
25.2701,17,25267671293,2469000,1
25.2701,9,25267671293,2469000,1
25.2727,21,25270156293,2496006,0
25.2752,12,25272706299,2496006,0
25.2777,23,25275229305,2469000,1
25.2777,13,25275229305,2469000,1
25.2802,12,25277696305,2496006,0
25.2827,21,25280219311,2496006,0
25.2852,20,25282751317,2496006,0
25.2878,17,25285274323,2496006,0
25.2903,20,25287833329,2496006,0
25.2928,12,25290356335,2469000,1
25.2953,19,25292823335,2469000,1
25.2953,11,25292823335,2469000,1
25.2978,6,25295292335,2496006,0
25.3028,21,25300347347,2496006,0
25.3054,20,25302879353,2496006,0
25.3079,17,25305402359,2469000,1
25.3079,12,25305402359,2469000,1
25.3104,23,25307878359,2496006,0
25.3129,17,25310428365,2496006,0
25.3154,13,25312960371,2469000,1
25.3154,6,25312960371,2469000,1
25.3154,20,25312960371,2469000,1
25.3179,17,25315427371,2496006,0
25.3204,6,25317950377,2496006,0
25.323,21,25320491383,2496006,0
25.3255,21,25323032389,2496006,0
25.3281,23,25325555395,2496006,0
25.3305,17,25328078401,2469000,1
25.3305,15,25328078401,2469000,1
25.333,6,25330572401,2469000,1
25.333,8,25330572401,2469000,1
25.3356,9,25333066401,2496006,0
25.3381,9,25335625407,2496006,0
25.341,21,25338461413,2496006,0
25.3435,20,25340984419,2469000,1
25.3435,23,25340984419,2469000,1
25.3459,21,25343451419,2469000,1
25.3484,9,25345918419,2496006,0
25.3509,17,25348450425,2496006,0
25.3535,6,25350991431,2496006,0
25.3561,17,25353559437,2496006,0
25.3586,9,25356091443,2496006,0
25.3611,6,25358614449,2496006,0
25.3636,23,25361137455,2496006,0
25.3662,12,25363660461,2496006,0
25.3687,9,25366192467,2496006,0
25.3715,11,25369046473,2496006,0
25.374,12,25371569479,2469000,1
25.374,8,25371569479,2469000,1
25.374,21,25371569479,2469000,1
25.3765,23,25374036479,2469000,1
25.3765,17,25374036479,2469000,1
25.379,9,25376503479,2496006,0
25.3815,2,25379044485,2469000,1
25.3815,12,25379044485,2469000,1
25.384,6,25381511485,2496006,0
25.3865,11,25384034491,2496006,0
25.3891,6,25386575497,2496006,0
25.3916,6,25389098503,2469000,1
25.3941,13,25391583503,2496006,0
25.3966,9,25394124509,2496006,0
25.3991,13,25396647515,2469000,1
25.3991,9,25396647515,2469000,1
25.4016,17,25399123515,2496006,0
25.4041,9,25401646521,2496006,0
25.4067,11,25404169527,2496006,0
25.4092,4,25406692533,2496006,0
25.4117,12,25409215539,2496006,0
25.4142,17,25411738545,2496006,0
25.4167,20,25414261551,2469000,1
25.4167,11,25414261551,2469000,1
25.4192,4,25416737551,2469000,1
25.4192,21,25416737551,2469000,1
25.4217,9,25419204551,2496006,0
25.4242,6,25421727557,2496006,0
25.4267,23,25424250563,2496006,0
25.4293,12,25426782569,2469000,1
25.4293,11,25426782569,2469000,1
25.4293,23,25426782569,2469000,1
25.4318,6,25429267569,2496006,0
25.4343,17,25431790575,2496006,0
25.4368,12,25434340581,2496006,0
25.4394,9,25436872587,2496006,0
25.4419,4,25439395593,2469000,1
25.4419,12,25439395593,2469000,1
25.4472,17,25444698605,2496006,0
25.4497,6,25447230611,2469000,1
25.4497,17,25447230611,2469000,1
25.4522,13,25449697611,2496006,0
25.4547,9,25452238617,2469000,1
25.4547,12,25452238617,2469000,1
25.4572,13,25454714617,2496006,0
25.4598,13,25457255623,2496006,0
25.4623,23,25459778629,2496006,0
25.4648,13,25462310635,2496006,0
25.4673,23,25464833641,2496006,0
25.4699,23,25467374647,2496006,0
25.4727,4,25470219653,2469000,1
25.4727,17,25470219653,2469000,1
25.4752,21,25472704653,2496006,0
25.4777,9,25475227659,2496006,0
25.4802,21,25477777665,2469000,1
25.4802,17,25477777665,2469000,1
25.4827,13,25480253665,2496006,0
25.4852,9,25482776671,2469000,1
25.4852,7,25482776671,2469000,1
25.4852,4,25482776671,2469000,1
25.4877,23,25485243671,2496006,0
25.4903,6,25487775677,2496006,0
25.4928,12,25490298683,2496006,0
25.4953,6,25492821689,2496006,0
25.4978,12,25495344695,2496006,0
25.5003,13,25497867701,2469000,1
25.5028,6,25500334701,2496006,0
25.5054,11,25502866707,2496006,0
25.5079,12,25505398713,2469000,1
25.5079,6,25505398713,2469000,1
25.5104,11,25507892713,2469000,1
25.5104,23,25507892713,2469000,1
25.5129,21,25510359713,2496006,0
25.5154,12,25512900719,2469000,1
25.5154,23,25512900719,2469000,1
25.5179,6,25515367719,2496006,0
25.5204,9,25517890725,2496006,0
25.5229,10,25520440731,2469000,1
25.5229,17,25520440731,2469000,1
25.5229,11,25520440731,2469000,1
25.5254,9,25522907731,2496006,0
25.5279,6,25525430737,2496006,0
25.5304,13,25527962743,2469000,1
25.5304,21,25527962743,2469000,1
25.5329,9,25530429743,2496006,0
25.5355,11,25532961749,2496006,0
25.538,21,25535484755,2469000,1
25.538,9,25535484755,2469000,1
25.5404,13,25537951755,2496006,0
25.543,11,25540483761,2496006,0
25.5459,11,25543364767,2496006,0
25.5484,6,25545887773,2496006,0
25.5509,13,25548428779,2469000,1
25.5509,4,25548428779,2469000,1
25.5534,6,25550949779,2496006,0
25.556,9,25553490785,2469000,1
25.556,11,25553490785,2469000,1
25.5585,20,25555984785,2496006,0
25.561,16,25558534791,2496006,0
25.5635,20,25561057797,2469000,1
25.5635,12,25561057797,2469000,1
25.566,6,25563533797,2496006,0
25.5686,11,25566092803,2496006,0
25.5711,7,25568615809,2469000,1
25.5711,23,25568615809,2469000,1
25.5736,13,25571082809,2496006,0
25.5764,6,25573927815,2469000,1
25.5764,16,25573927815,2469000,1
25.5789,13,25576421815,2496006,0
25.5814,11,25578944821,2496006,0
25.5865,21,25584017833,2469000,1
25.5865,6,25584017833,2469000,1
25.589,20,25586502833,2496006,0
25.5915,9,25589025839,2496006,0
25.5941,20,25591584845,2496006,0
25.5966,13,25594107851,2469000,1
25.5966,11,25594107851,2469000,1
25.5991,17,25596592851,2496006,0
25.6016,9,25599115857,2469000,1
25.6016,11,25599115857,2469000,1
25.6041,20,25601582857,2496006,0
25.6066,23,25604132863,2469000,1
25.6066,20,25604132863,2469000,1
25.6091,16,25606608863,2469000,1
25.6091,17,25606608863,2469000,1
25.6141,9,25611616869,2496006,0
25.6166,13,25614148875,2496006,0
25.6192,15,25616689881,2496006,0
25.6217,20,25619212887,2496006,0
25.6242,9,25621744893,2496006,0
25.6268,16,25624276899,2496006,0
25.6293,15,25626799905,2469000,1
25.6293,9,25626799905,2469000,1
25.6318,15,25629275905,2496006,0
25.6343,13,25631798911,2496006,0
25.6368,13,25634330917,2496006,0
25.6394,12,25636871923,2496006,0
25.6419,16,25639394929,2496006,0
25.6444,14,25641917935,2496006,0
25.6472,6,25644756003,2469000,1
25.6472,17,25644756003,2469000,1
25.6472,20,25644756003,2469000,1
25.6472,12,25644756003,2469000,1
25.6522,13,25649746009,2496006,0
25.6547,15,25652269015,2469000,1
25.6547,14,25652269015,2469000,1
25.6573,13,25654772015,2496006,0
25.6598,21,25657295021,2469000,1
25.6598,20,25657295021,2469000,1
25.6622,16,25659762021,2469000,1
25.6622,23,25659762021,2469000,1
25.6647,13,25662247021,2496006,0
25.6673,13,25664770027,2496006,0
25.6698,13,25667329033,2496006,0
25.6723,9,25669852039,2496006,0
25.6749,15,25672375045,2496006,0
25.6777,22,25675211051,2469000,1
25.6777,15,25675211051,2469000,1
25.6801,11,25677678051,2469000,1
25.6801,17,25677678051,2469000,1
25.6801,9,25677678051,2469000,1
25.6826,14,25680145051,2496006,0
25.6852,13,25682677057,2496006,0
25.6877,12,25685218063,2496006,0
25.6902,15,25687750069,2469000,1
25.6927,13,25690226069,2469000,1
25.6927,12,25690226069,2469000,1
25.6952,14,25692702069,2496006,0
25.6977,16,25695252075,2496006,0
25.7003,16,25697784081,2496006,0
25.7028,18,25700307087,2496006,0
25.7053,14,25702839093,2496006,0
25.7079,12,25705380099,2496006,0
25.7104,18,25707912105,2496006,0
25.7129,16,25710453111,2469000,1
25.7129,9,25710453111,2469000,1
25.7154,20,25712920111,2496006,0
25.7179,15,25715452117,2496006,0
25.7205,18,25717975123,2496006,0
25.723,3,25720498129,2496006,0
25.7255,14,25723021135,2496006,0
25.728,20,25725553141,2496006,0
25.7306,14,25728076147,2496006,0
25.7331,12,25730599153,2469000,1
25.7356,15,25733066153,2496006,0
25.7381,13,25735589159,2496006,0
25.7406,16,25738112165,2496006,0
25.7431,15,25740644171,2496006,0
25.7457,3,25743176177,2496006,0
25.7482,20,25745708183,2469000,1
25.7482,18,25745708183,2469000,1
25.7482,14,25745708183,2469000,1
25.751,16,25748488189,2496006,0
25.7535,13,25751020195,2469000,1
25.7535,1,25751020195,2469000,1
25.7535,20,25751020195,2469000,1
25.756,3,25753523195,2496006,0
25.7585,12,25756046201,2496006,0
25.7611,15,25758569207,2496006,0
25.7636,12,25761101213,2496006,0
25.7661,16,25763633219,2496006,0
25.7687,1,25766183225,2496006,0
25.7712,12,25768706231,2469000,1
25.7712,14,25768706231,2469000,1
25.7737,12,25771175231,2496006,0
25.7762,9,25773698237,2496006,0
25.779,3,25776534243,2469000,1
25.779,12,25776534243,2469000,1
25.7815,1,25779001243,2496006,0
25.784,13,25781524249,2469000,1
25.784,12,25781524249,2469000,1
25.7865,15,25783991249,2496006,0
25.789,16,25786532255,2469000,1
25.789,18,25786532255,2469000,1
25.7915,4,25788999255,2496006,0
25.7965,6,25794063267,2469000,1
25.7965,3,25794063267,2469000,1
25.799,15,25796530267,2469000,1
25.799,20,25796530267,2469000,1
25.8015,1,25798997267,2496006,0
25.804,9,25801520273,2496006,0
25.8065,11,25804043279,2496006,0
25.8091,4,25806575285,2496006,0
25.8116,11,25809107291,2496006,0
25.8141,1,25811648297,2496006,0
25.8167,15,25814171303,2496006,0
25.8192,11,25816694309,2496006,0
25.8217,6,25819217315,2496006,0
25.8242,16,25821749321,2469000,1
25.8242,9,25821749321,2469000,1
25.8242,11,25821749321,2469000,1
25.8242,6,25821749321,2469000,1
25.8267,1,25824225321,2469000,1
25.8267,16,25824225321,2469000,1
25.8292,4,25826692321,2496006,0
25.8317,14,25829224327,2496006,0
25.8343,15,25831783333,2496006,0
25.8368,15,25834306339,2496006,0
25.8393,14,25836856345,2469000,1
25.8393,4,25836856345,2469000,1
25.8393,1,25836856345,2469000,1
25.8418,9,25839332345,2496006,0
25.8443,12,25841855351,2469000,1
25.8468,17,25844349351,2496006,0
25.8494,18,25846881357,2496006,0
25.8522,6,25849726363,2496006,0
25.8547,15,25852249369,2469000,1
25.8547,4,25852249369,2469000,1
25.8572,17,25854716369,2469000,1
25.8572,11,25854716369,2469000,1
25.8572,12,25854716369,2469000,1
25.8597,13,25857183369,2496006,0
25.8622,9,25859706375,2496006,0
25.8647,6,25862247381,2496006,0
25.8672,1,25864770387,2469000,1
25.8672,9,25864770387,2469000,1
25.8697,15,25867237387,2496006,0
25.8723,18,25869787393,2496006,0
25.8748,15,25872310399,2496006,0
25.8773,8,25874833405,2469000,1
25.8773,3,25874833405,2469000,1
25.8773,4,25874833405,2469000,1
25.8798,14,25877300405,2469000,1
25.8798,13,25877300405,2469000,1
25.8826,6,25880080411,2496006,0
25.8851,6,25882612417,2496006,0
25.8876,9,25885135423,2496006,0
25.8902,9,25887658429,2496006,0
25.8927,15,25890199435,2496006,0
25.8952,6,25892722441,2496006,0
25.8978,18,25895254447,2496006,0
25.9003,18,25897786453,2469000,1
25.9028,17,25900262453,2496006,0
25.9053,6,25902785459,2469000,1
25.9053,15,25902785459,2469000,1
25.9077,9,25905261459,2469000,1
25.9077,14,25905261459,2469000,1
25.9102,20,25907728459,2496006,0
25.9128,17,25910278465,2496006,0
25.9153,16,25912801471,2469000,1
25.9153,13,25912801471,2469000,1
25.9178,3,25915268471,2496006,0
25.9203,17,25917791477,2496006,0
25.9228,17,25920314483,2496006,0
25.9253,3,25922837489,2496006,0
25.9279,17,25925396495,2469000,1
25.9279,9,25925396495,2469000,1
25.9304,20,25927872495,2496006,0
25.9329,17,25930413501,2496006,0
25.9354,3,25932936507,2496006,0
25.9379,6,25935468513,2469000,1
25.9379,9,25935468513,2469000,1
25.9404,20,25937935513,2469000,1
25.9404,4,25937935513,2469000,1
25.9404,3,25937935513,2469000,1
25.9429,11,25940402513,2496006,0
25.9454,1,25942925519,2469000,1
25.9454,11,25942925519,2469000,1
25.9479,18,25945392519,2469000,1
25.9479,15,25945392519,2469000,1
25.9479,20,25945392519,2469000,1
25.9503,3,25947877519,2469000,1
25.9503,11,25947877519,2469000,1
25.9528,17,25950344519,2496006,0
25.9557,19,25953198525,2469000,1
25.9557,18,25953198525,2469000,1
25.9607,17,25958197531,2496006,0
25.9632,22,25960720537,2496006,0
25.9658,21,25963306543,2496006,0
25.9683,22,25965847549,2496006,0
25.9709,17,25968388555,2496006,0
25.9734,21,25970938561,2496006,0
25.976,18,25973488567,2496006,0
25.9785,22,25976011573,2496006,0
25.981,13,25978534579,2496006,0
25.9838,21,25981370585,2469000,1
25.9838,15,25981370585,2469000,1
25.9863,18,25983873585,2469000,1
25.9863,17,25983873585,2469000,1
25.9888,3,25986349585,2496006,0
25.9913,13,25988872591,2469000,1
25.9913,21,25988872591,2469000,1
25.9938,22,25991348591,2496006,0
25.9964,2,25993889597,2496006,0
26.0014,20,25998935609,2496006,0
26.0039,17,26001476615,2469000,1
26.0039,3,26001476615,2469000,1
26.0064,6,26003943615,2496006,0
26.0089,21,26006466621,2469000,1
26.0089,3,26006466621,2469000,1
26.0114,20,26008933621,2496006,0
26.014,3,26011456627,2496006,0
26.0165,22,26013988633,2469000,1
26.0165,15,26013988633,2469000,1
26.019,6,26016455633,2496006,0
26.0215,17,26018978639,2496006,0
26.024,16,26021519645,2469000,1
26.024,11,26021519645,2469000,1
26.024,2,26021519645,2469000,1
26.0265,6,26023986645,2496006,0
26.029,20,26026509651,2469000,1
26.029,18,26026509651,2469000,1
26.0315,20,26028985651,2496006,0
26.034,17,26031508657,2469000,1
26.034,2,26031508657,2469000,1
26.0365,13,26033975657,2496006,0
26.039,3,26036516663,2496006,0
26.0415,22,26039039669,2496006,0
26.0441,6,26041562675,2496006,0
26.0466,3,26044094681,2496006,0
26.0491,9,26046626687,2496006,0
26.0516,14,26049149693,2469000,1
26.0541,20,26051616693,2496006,0
26.0569,22,26054470699,2469000,1
26.0569,2,26054470699,2469000,1
26.0594,17,26056937699,2469000,1
26.0594,13,26056937699,2469000,1
26.0619,3,26059413699,2496006,0
26.0644,6,26061936705,2496006,0
26.0669,9,26064468711,2469000,1
26.0669,22,26064468711,2469000,1
26.0669,2,26064468711,2469000,1
26.0694,14,26066944711,2496006,0
26.0719,6,26069467717,2469000,1
26.0719,3,26069467717,2469000,1
26.0744,20,26071943717,2496006,0
26.077,6,26074484723,2496006,0
26.0795,9,26077007729,2496006,0
26.0821,14,26079566735,2496006,0
26.0846,9,26082107741,2469000,1
26.0846,20,26082107741,2469000,1
26.0874,14,26084896747,2496006,0
26.0899,6,26087419753,2469000,1
26.0899,12,26087419753,2469000,1
26.0924,20,26089895753,2496006,0
26.0949,14,26092418759,2496006,0
26.0974,13,26094968765,2469000,1
26.0974,22,26094968765,2469000,1
26.0999,3,26097435765,2496006,0
26.1024,18,26099958771,2469000,1
26.1049,20,26102443771,2496006,0
26.1075,13,26104984777,2496006,0
26.11,3,26107507783,2469000,1
26.11,20,26107507783,2469000,1
26.1125,20,26109976783,2496006,0
26.115,14,26112499789,2496006,0
26.1175,13,26115022795,2496006,0
26.12,22,26117545801,2496006,0
26.1226,20,26120113807,2496006,0
26.1251,9,26122636813,2496006,0
26.1276,6,26125159819,2469000,1
26.1276,20,26125159819,2469000,1
26.1301,21,26127644819,2469000,1
26.1301,14,26127644819,2469000,1
26.1326,22,26130111819,2469000,1
26.1326,11,26130111819,2469000,1
26.1351,6,26132587819,2469000,1
26.1351,14,26132587819,2469000,1
26.1375,17,26135054819,2469000,1
26.1375,13,26135054819,2469000,1
26.14,14,26137521819,2496006,0
26.1425,3,26140062825,2469000,1
26.1425,9,26140062825,2469000,1
26.1425,13,26140062825,2469000,1
26.145,22,26142538825,2496006,0
26.1476,19,26145070831,2496006,0
26.1501,4,26147611837,2469000,1
26.1526,3,26150087837,2496006,0
26.1551,22,26152619843,2469000,1
26.1551,14,26152619843,2469000,1
26.1551,3,26152619843,2469000,1
26.1604,19,26157922849,2496006,0
26.163,17,26160481855,2496006,0
26.1655,20,26163022861,2496006,0
26.168,23,26165545867,2469000,1
26.168,9,26165545867,2469000,1
26.1705,20,26168012867,2496006,0
26.173,3,26170544873,2469000,1
26.173,9,26170544873,2469000,1
26.173,20,26170544873,2469000,1
26.1755,17,26173011873,2496006,0
26.178,17,26175534879,2496006,0
26.1805,19,26178057885,2469000,1
26.1805,2,26178057885,2469000,1
26.183,22,26180551885,2496006,0
26.1856,14,26183092891,2496006,0
26.1881,22,26185624897,2469000,1
26.1906,13,26188091897,2469000,1
26.1906,20,26188091897,2469000,1
26.193,18,26190558897,2469000,1
26.193,17,26190558897,2469000,1
26.1955,17,26193027897,2496006,0
26.198,1,26195550903,2496006,0
26.2006,22,26198073909,2496006,0
26.2031,3,26200614915,2496006,0
26.2056,7,26203146921,2496006,0
26.2081,14,26205669927,2469000,1
26.2106,22,26208145927,2469000,1
26.2106,14,26208145927,2469000,1
26.2131,1,26210612927,2469000,1
26.2131,7,26210612927,2469000,1
26.2156,3,26213088927,2469000,1
26.2156,17,26213088927,2469000,1
26.2181,14,26215555927,2496006,0
26.2206,19,26218078933,2496006,0
26.2231,1,26220601939,2496006,0
26.2256,1,26223133945,2496006,0
26.2282,17,26225665951,2496006,0
26.2307,14,26228197957,2469000,1
26.2307,17,26228197957,2469000,1
26.2332,19,26230664957,2496006,0
26.2357,1,26233196963,2469000,1
26.2357,14,26233196963,2469000,1
26.2382,22,26235672963,2496006,0
26.2407,19,26238222969,2496006,0
26.2433,22,26240763975,2496006,0
26.2458,1,26243295981,2496006,0
26.2483,3,26245818987,2496006,0
26.2508,1,26248341993,2496006,0
26.2534,1,26250873999,2496006,0
26.2559,7,26253406005,2496006,0
26.2584,19,26255929011,2496006,0
26.2609,20,26258452017,2469000,1
26.2609,1,26258452017,2469000,1
26.2609,7,26258452017,2469000,1
26.2637,22,26261232023,2469000,1
26.2662,3,26263753023,2469000,1
26.2662,19,26263753023,2469000,1
26.2687,17,26266229023,2496006,0
26.2712,18,26268752029,2496006,0
26.2738,1,26271275035,2496006,0
26.2763,17,26273843041,2496006,0
26.2789,18,26276366047,2496006,0
26.2814,22,26278889053,2469000,1
26.2814,3,26278889053,2469000,1
26.2839,19,26281356053,2496006,0
26.2864,1,26283897059,2469000,1
26.2864,7,26283897059,2469000,1
26.2889,18,26286373059,2496006,0
26.2917,19,26289209065,2469000,1
26.2917,17,26289209065,2469000,1
26.2942,19,26291685065,2496006,0
26.2967,18,26294217071,2469000,1
26.2967,14,26294217071,2469000,1
26.2992,5,26296684071,2496006,0
26.3017,20,26299216077,2496006,0
26.3042,19,26301748083,2496006,0
26.3068,6,26304271089,2496006,0
26.3093,22,26306794095,2496006,0
26.3118,5,26309317101,2496006,0
26.3143,6,26311840107,2496006,0
26.3194,3,26316886119,2469000,1
26.3194,5,26316886119,2469000,1
26.3218,6,26319353119,2496006,0
26.3244,11,26321885125,2496006,0
26.3269,19,26324408131,2496006,0
26.3294,20,26326931137,2496006,0
26.332,1,26329463143,2496006,0
26.3345,11,26331986149,2496006,0
26.337,15,26334509155,2496006,0
26.3395,22,26337032161,2496006,0
26.342,13,26339555167,2469000,1
26.342,7,26339555167,2469000,1
26.3445,20,26342031167,2496006,0
26.347,21,26344554173,2469000,1
26.347,20,26344554173,2469000,1
26.3495,22,26347021173,2469000,1
26.3495,11,26347021173,2469000,1
26.3495,18,26347021173,2469000,1
26.3495,6,26347021173,2469000,1
26.352,1,26349488173,2469000,1
26.352,17,26349488173,2469000,1
26.3544,19,26351973173,2469000,1
26.3544,18,26351973173,2469000,1
26.3569,9,26354458173,2469000,1
26.3569,20,26354458173,2469000,1
26.3594,5,26356925173,2469000,1
26.3594,1,26356925173,2469000,1
26.3619,15,26359392173,2496006,0
26.3648,6,26362264179,2496006,0
26.3673,15,26364796185,2469000,1
26.3673,10,26364796185,2469000,1
26.3723,11,26369849191,2496006,0
26.3749,5,26372372197,2496006,0
26.3774,6,26374895203,2496006,0
26.3799,11,26377436209,2496006,0
26.3825,22,26379959215,2496006,0
26.385,14,26382482221,2469000,1
26.385,19,26382482221,2469000,1
26.3875,20,26384958221,2496006,0
26.39,6,26387517227,2469000,1
26.39,17,26387517227,2469000,1
26.3925,5,26389993227,2496006,0
26.3953,20,26392829233,2496006,0
26.3978,15,26395352239,2469000,1
26.3978,20,26395352239,2469000,1
26.4003,11,26397819239,2469000,1
26.4003,22,26397819239,2469000,1
26.4028,6,26400304239,2496006,0
26.4053,1,26402845245,2496006,0
26.4079,6,26405395251,2496006,0
26.4104,7,26407918257,2496006,0
26.4129,5,26410450263,2496006,0
26.4155,6,26412982269,2496006,0
26.4205,7,26418046281,2469000,1
26.4205,1,26418046281,2469000,1
26.423,20,26420513281,2496006,0
26.4255,6,26423045287,2469000,1
26.4255,22,26423045287,2469000,1
26.4255,20,26423045287,2469000,1
26.428,5,26425548287,2496006,0
26.4306,22,26428089293,2496006,0
26.4331,7,26430612299,2496006,0
26.4356,11,26433135305,2496006,0
26.4382,6,26435667311,2496006,0
26.4407,22,26438199317,2496006,0
26.4432,1,26440722323,2496006,0
26.4457,15,26443245329,2496006,0
26.4482,7,26445777335,2469000,1
26.4482,5,26445777335,2469000,1
26.4507,18,26448253335,2496006,0
26.4532,11,26450776341,2469000,1
26.4532,19,26450776341,2469000,1
26.4557,20,26453243341,2496006,0
26.4583,6,26455775347,2496006,0
26.4608,22,26458307353,2469000,1
26.4608,15,26458307353,2469000,1
26.4633,22,26460776353,2496006,0
26.4658,20,26463299359,2469000,1
26.4658,18,26463299359,2469000,1
26.4658,6,26463299359,2469000,1
26.4686,1,26466079365,2496006,0
26.4711,16,26468602371,2469000,1
26.4711,1,26468602371,2469000,1
26.4761,5,26473601377,2496006,0
26.4786,22,26476124383,2496006,0
26.4811,11,26478647389,2496006,0
26.4836,17,26481170395,2469000,1
26.4836,15,26481170395,2469000,1
26.4861,1,26483646395,2496006,0
26.4887,22,26486187401,2469000,1
26.4887,3,26486187401,2469000,1
26.4887,7,26486187401,2469000,1
26.4912,11,26488672401,2496006,0
26.4937,19,26491204407,2469000,1
26.4937,5,26491204407,2469000,1
26.4965,20,26493993413,2496006,0
26.499,20,26496525419,2496006,0
26.5016,1,26499057425,2496006,0
26.504,15,26501580431,2469000,1
26.504,1,26501580431,2469000,1
26.5066,6,26504065431,2496006,0
26.5091,20,26506588437,2469000,1
26.5091,18,26506588437,2469000,1
26.5116,11,26509055437,2496006,0
26.5141,20,26511614443,2496006,0
26.5166,12,26514137449,2469000,1
26.5166,1,26514137449,2469000,1
26.5191,22,26516649449,2496006,0
26.5217,6,26519181455,2469000,1
26.5217,22,26519181455,2469000,1
26.5241,11,26521657455,2469000,1
26.5241,22,26521657455,2469000,1
26.5266,5,26524133455,2469000,1
26.5266,20,26524133455,2469000,1
26.5292,20,26526681455,2496006,0
26.5317,6,26529231461,2469000,1
26.5317,11,26529231461,2469000,1
26.5342,9,26531698461,2469000,1
26.5342,18,26531698461,2469000,1
26.5367,20,26534165461,2496006,0
26.5392,16,26536688467,2496006,0
26.5417,20,26539211473,2496006,0
26.5442,7,26541734479,2469000,1
26.5442,22,26541734479,2469000,1
26.5467,20,26544201479,2496006,0
26.5492,15,26546742485,2496006,0
26.5518,15,26549265491,2496006,0
26.5543,20,26551788497,2469000,1
26.5543,5,26551788497,2469000,1
26.5568,20,26554264497,2496006,0
26.5593,16,26556787503,2496006,0
26.5618,20,26559337509,2469000,1
26.5618,15,26559337509,2469000,1
26.5643,16,26561822509,2496006,0
26.5669,1,26564363515,2496006,0
26.5697,16,26567226521,2469000,1
26.5697,20,26567226521,2469000,1
26.5722,11,26569711521,2496006,0
26.5747,1,26572234527,2496006,0
26.5773,16,26574766533,2496006,0
26.5798,1,26577307539,2496006,0
26.5823,16,26579839545,2496006,0
26.5849,16,26582371551,2496006,0
26.5874,11,26584921557,2496006,0
26.5899,1,26587444563,2496006,0
26.5925,13,26589967569,2496006,0
26.595,13,26592499575,2469000,1
26.5974,6,26594966575,2469000,1
26.5974,15,26594966575,2469000,1
26.6002,16,26597746581,2496006,0
26.6028,20,26600269587,2496006,0
26.6078,5,26605351599,2496006,0
26.6103,11,26607874605,2469000,1
26.6103,1,26607874605,2469000,1
26.6103,15,26607874605,2469000,1
26.6103,5,26607874605,2469000,1
26.6128,20,26610341605,2469000,1
26.6128,16,26610341605,2469000,1
26.6128,11,26610343605,2469000,1
26.6153,5,26612837605,2469000,1
26.6153,11,26612837605,2469000,1
26.6178,2,26615304605,2469000,1
26.6178,20,26615304605,2469000,1
26.6203,13,26617807605,2496006,0
26.6228,16,26620339611,2469000,1
26.6228,13,26620339611,2469000,1
26.6253,11,26622824611,2496006,0
26.6304,13,26627942623,2496006,0
26.633,5,26630474629,2496006,0
26.6355,3,26633006635,2469000,1
26.6355,19,26633006635,2469000,1
26.638,11,26635482635,2469000,1
26.638,1,26635482635,2469000,1
26.6405,5,26637976635,2496006,0
26.643,13,26640508641,2469000,1
26.643,18,26640508641,2469000,1
26.643,19,26640508641,2469000,1
26.6455,21,26642984641,2496006,0
26.648,16,26645516647,2469000,1
26.6505,21,26648001647,2496006,0
26.653,20,26650524653,2496006,0
26.6556,5,26653074659,2496006,0
26.6581,11,26655606665,2496006,0
26.6606,7,26658147671,2496006,0
26.6632,7,26660688677,2496006,0
26.6657,22,26663211683,2496006,0
26.6682,20,26665734689,2469000,1
26.6682,21,26665734689,2469000,1
26.6735,13,26671037695,2496006,0
26.6761,5,26673560701,2496006,0
26.6786,7,26676083707,2469000,1
26.6786,11,26676083707,2469000,1
26.6811,5,26678595707,2469000,1
26.6811,22,26678595707,2469000,1
26.6836,14,26681080707,2496006,0
26.6861,15,26683612713,2469000,1
26.6861,13,26683612713,2469000,1
26.6886,4,26686124713,2469000,1
26.6886,11,26686124713,2469000,1
26.6936,13,26691114719,2496006,0
26.6961,22,26693637725,2496006,0
26.6986,5,26696178731,2469000,1
26.6986,11,26696178731,2469000,1
26.7015,9,26698958737,2496006,0
26.704,21,26701481743,2469000,1
26.704,14,26701481743,2469000,1
26.7064,13,26703957743,2469000,1
26.7064,20,26703957743,2469000,1
26.7089,1,26706424743,2469000,1
26.7089,13,26706426743,2469000,1
26.7089,20,26706426743,2469000,1
26.7114,22,26708902743,2496006,0
26.7139,9,26711425749,2496006,0
26.7164,7,26713948755,2469000,1
26.7164,14,26713948755,2469000,1
26.7189,11,26716433755,2496006,0
26.724,11,26721497767,2496006,0
26.7265,6,26724029773,2496006,0
26.729,9,26726552779,2496006,0
26.7316,22,26729084785,2496006,0
26.7341,22,26731607791,2496006,0
26.7366,7,26734148797,2496006,0
26.7391,6,26736680803,2469000,1
26.7391,7,26736680803,2469000,1
26.7416,11,26739147803,2469000,1
26.7416,18,26739147803,2469000,1
26.7441,22,26741641803,2469000,1
26.7441,5,26741641803,2469000,1
26.7466,10,26744108803,2469000,1
26.7466,9,26744108803,2469000,1
26.7491,16,26746575803,2496006,0
26.7516,10,26749125809,2469000,1
26.7516,9,26749125809,2469000,1
26.7566,16,26754142815,2496006,0
26.7592,6,26756665821,2496006,0
26.7617,22,26759188827,2496006,0
26.7642,9,26761711833,2496006,0
26.7667,22,26764261839,2469000,1
26.7667,16,26764261839,2469000,1
26.7667,11,26764261839,2469000,1
26.7667,10,26764261839,2469000,1
26.7692,9,26766728839,2496006,0
26.7718,17,26769278845,2496006,0
26.7746,7,26772114851,2496006,0
26.7771,22,26774637857,2496006,0
26.7797,6,26777160863,2496006,0
26.7822,9,26779683869,2469000,1
26.7822,21,26779683869,2469000,1
26.7822,22,26779683869,2469000,1
26.7847,13,26782195869,2469000,1
26.7847,20,26782195869,2469000,1
26.7847,14,26782195869,2469000,1
26.7897,6,26787185875,2496006,0
26.7922,17,26789708881,2469000,1
26.7922,22,26789708881,2469000,1
26.7947,7,26792202881,2496006,0
26.7972,22,26794734887,2496006,0
26.7998,1,26797257893,2496006,0
26.8022,6,26799780899,2469000,1
26.8022,1,26799780899,2469000,1
26.8051,16,26802578905,2496006,0
26.8076,17,26805101911,2496006,0
26.8101,22,26807660917,2469000,1
26.8101,1,26807660917,2469000,1
26.8126,9,26810145917,2469000,1
26.8126,7,26810145917,2469000,1
26.8151,23,26812630917,2496006,0
26.8202,11,26817685929,2469000,1
26.8202,16,26817685929,2469000,1
26.8226,23,26820161929,2469000,1
26.8226,17,26820161929,2469000,1
26.8251,10,26822628929,2496006,0
26.8276,5,26825151935,2469000,1
26.8276,7,26825151935,2469000,1
26.8301,6,26827618935,2496006,0
26.8326,9,26830141941,2496006,0
26.8352,22,26832691947,2469000,1
26.8352,16,26832691947,2469000,1
26.8376,10,26835167947,2469000,1
26.8376,22,26835167947,2469000,1
26.8401,1,26837634947,2496006,0
26.8427,8,26840157953,2496006,0
26.8451,13,26842680959,2469000,1
26.8451,8,26842680959,2469000,1
26.8476,6,26845147959,2496006,0
26.8502,20,26847679965,2496006,0
26.8527,9,26850211971,2496006,0
26.8552,7,26852734977,2496006,0
26.8577,1,26855275983,2469000,1
26.8602,6,26857751983,2469000,1
26.8602,17,26857751983,2469000,1
26.8602,10,26857751983,2469000,1
26.8627,20,26860245983,2469000,1
26.8627,8,26860245983,2469000,1
26.8652,23,26862712983,2496006,0
26.8677,7,26865253989,2496006,0
26.8703,9,26867785995,2496006,0
26.8728,3,26870327001,2496006,0
26.8754,20,26872859007,2496006,0
26.8782,17,26875695013,2469000,1
26.8782,3,26875695013,2469000,1
26.8806,9,26878171013,2469000,1
26.8806,23,26878171013,2469000,1
26.8831,1,26880638013,2496006,0
26.8857,16,26883161019,2496006,0
26.8882,1,26885684025,2496006,0
26.8907,6,26888216031,2469000,1
26.8907,7,26888216031,2469000,1
26.8907,20,26888216031,2469000,1
26.8932,1,26890692031,2496006,0
26.8957,1,26893215037,2496006,0
26.8982,1,26895756043,2469000,1
26.9007,16,26898241043,2496006,0
26.9033,16,26900782049,2496006,0
26.9061,1,26903618055,2469000,1
26.9061,16,26903618055,2469000,1
26.9086,3,26906112055,2496006,0
26.9111,10,26908635061,2469000,1
26.9111,9,26908635061,2469000,1
26.9136,23,26911102061,2496006,0
26.9162,3,26913670067,2496006,0
26.9187,20,26916193073,2496006,0
26.9212,14,26918716079,2496006,0
26.9237,7,26921239085,2496006,0
26.9262,23,26923771091,2469000,1
26.9262,2,26923771091,2469000,1
26.9287,14,26926247091,2469000,1
26.9287,20,26926247091,2469000,1
26.9287,21,26926247091,2469000,1
26.9287,8,26926247091,2469000,1
26.9312,16,26928714091,2496006,0
26.9337,6,26931237097,2496006,0
26.9363,11,26933760103,2496006,0
26.9388,3,26936283109,2496006,0
26.9413,11,26938806115,2469000,1
26.9437,16,26941273115,2469000,1
26.9437,11,26941275115,2469000,1
26.9462,3,26943760115,2469000,1
26.9462,12,26943760115,2469000,1
26.9487,23,26946227115,2496006,0
26.9512,7,26948750121,2469000,1
26.9512,8,26948750121,2469000,1
26.9537,23,26951262121,2469000,1
26.9537,6,26951262121,2469000,1
26.9537,7,26951262121,2469000,1
26.9587,1,26956252127,2469000,1
26.9587,14,26956252127,2469000,1
26.9612,20,26958719127,2469000,1
26.9612,6,26958719127,2469000,1
26.9637,9,26961213127,2496006,0
26.9662,9,26963736133,2496006,0
26.9688,22,26966268139,2496006,0
26.9713,7,26968791145,2496006,0
26.9739,3,26971359151,2496006,0
26.9764,23,26973882157,2496006,0
26.9792,16,26976727163,2469000,1
26.9792,6,26976727163,2469000,1
26.9817,9,26979194163,2496006,0
26.9842,22,26981717169,2469000,1
26.9842,23,26981717169,2469000,1
26.9842,9,26981717169,2469000,1
26.9867,7,26984184169,2496006,0
26.9892,3,26986716175,2469000,1
26.9892,7,26986716175,2469000,1
26.9917,11,26989201175,2469000,1
26.9917,14,26989201175,2469000,1
26.9917,23,26989201175,2469000,1
26.9942,15,26991677175,2496006,0
26.9967,15,26994218181,2496006,0
26.9992,20,26996741187,2469000,1
27.0017,15,26999208187,2496006,0
27.0042,10,27001731193,2469000,1
27.0042,15,27001731193,2469000,1
27.0067,1,27004216193,2496006,0
27.0095,7,27007052199,2496006,0
27.0121,17,27009575205,2496006,0
27.0146,9,27012107211,2496006,0
27.0171,16,27014657217,2469000,1
27.0171,22,27014657217,2469000,1
27.0171,3,27014657217,2469000,1
27.0171,1,27014657217,2469000,1
27.0196,9,27017142217,2469000,1
27.0196,17,27017142217,2469000,1
27.0221,7,27019609217,2496006,0
27.0247,7,27022168223,2496006,0
27.0272,3,27024709229,2496006,0
27.0297,15,27027232235,2496006,0
27.0322,1,27029764241,2469000,1
27.0322,3,27029764241,2469000,1
27.0347,3,27032240241,2496006,0
27.0372,22,27034763247,2469000,1
27.0372,1,27034763247,2469000,1
27.0372,3,27034763247,2469000,1
27.0422,1,27039771253,2469000,1
27.0422,3,27039771253,2469000,1
27.0447,20,27042238253,2496006,0
27.0472,23,27044761259,2469000,1
27.0472,7,27044761259,2469000,1
27.0497,7,27047230259,2496006,0
27.0523,6,27049771265,2496006,0
27.0548,15,27052294271,2496006,0
27.0573,17,27054817277,2496006,0
27.0598,15,27057340283,2496006,0
27.0624,9,27059872289,2496006,0
27.0649,15,27062395295,2496006,0
27.0674,7,27064945301,2496006,0
27.0699,9,27067468307,2469000,1
27.0699,20,27067468307,2469000,1
27.0724,14,27069935307,2469000,1
27.0724,3,27069935307,2469000,1
27.0724,9,27069937307,2469000,1
27.0749,17,27072413307,2496006,0
27.0774,7,27074936313,2469000,1
27.0774,15,27074936313,2469000,1
27.0774,6,27074936313,2469000,1
27.0828,20,27080302319,2469000,1
27.0828,15,27080302319,2469000,1
27.0828,6,27080302319,2469000,1
27.0853,17,27082769319,2496006,0
27.0878,11,27085337325,2496006,0
27.0904,23,27087860331,2496006,0
27.0929,7,27090383337,2496006,0
27.0954,9,27092924343,2469000,1
27.0954,7,27092924343,2469000,1
27.0979,23,27095409343,2469000,1
27.0979,17,27095409343,2469000,1
27.0979,20,27095409343,2469000,1
27.1004,11,27097894343,2469000,1
27.1004,23,27097894343,2469000,1
27.1029,22,27100379343,2496006,0
27.1054,1,27102902349,2496006,0
27.108,22,27105461355,2496006,0
27.1108,17,27108297361,2496006,0
27.1133,5,27110820367,2496006,0
27.1158,18,27113343373,2469000,1
27.1183,11,27115819373,2496006,0
27.1208,17,27118342379,2469000,1
27.1208,11,27118342379,2469000,1
27.1233,7,27120818379,2469000,1
27.1233,22,27120818379,2469000,1
27.1258,1,27123294379,2496006,0
27.1283,15,27125817385,2496006,0
27.1309,8,27128367391,2496006,0
27.1334,17,27130890397,2469000,1
27.1334,8,27130890397,2469000,1
27.1359,5,27133357397,2496006,0
27.1384,15,27135916403,2496006,0
27.1409,5,27138439409,2496006,0
27.1434,22,27140980415,2469000,1
27.1434,1,27140980415,2469000,1
27.1459,15,27143465415,2469000,1
27.1459,8,27143465415,2469000,1
27.1484,11,27145932415,2496006,0
27.1509,16,27148455421,2469000,1
27.1534,3,27150922421,2496006,0
27.1559,5,27153445427,2469000,1
27.1559,1,27153445427,2469000,1
27.1584,6,27155912427,2496006,0
27.1609,3,27158435433,2496006,0
27.1635,13,27160958439,2496006,0
27.166,13,27163508445,2496006,0
27.1685,6,27166031451,2469000,1
27.1685,9,27166031451,2469000,1
27.171,11,27168498451,2496006,0
27.1735,9,27171021457,2496006,0
27.176,9,27173544463,2496006,0
27.1785,13,27176067469,2469000,1
27.1785,3,27176067469,2469000,1
27.181,21,27178543469,2496006,0
27.1839,8,27181379475,2496006,0
27.1864,11,27183920481,2469000,1
27.1864,17,27183920481,2469000,1
27.1864,5,27183920481,2469000,1
27.1864,8,27183920481,2469000,1
27.1889,23,27186396481,2469000,1
27.1889,7,27186396481,2469000,1
27.1914,21,27188872481,2496006,0
27.1939,15,27191395487,2496006,0
27.1964,22,27193918493,2469000,1
27.1964,11,27193918493,2469000,1
27.1989,9,27196394493,2469000,1
27.2039,6,27201395499,2496006,0
27.2064,15,27203936505,2496006,0
27.2089,8,27206459511,2469000,1
27.2089,15,27206459511,2469000,1
27.2114,13,27208926511,2469000,1
27.2114,3,27208926511,2469000,1
27.2142,20,27211706517,2469000,1
27.2142,3,27211706517,2469000,1
27.2167,6,27214191517,2469000,1
27.2167,21,27214191517,2469000,1
27.2192,17,27216676517,2496006,0
27.2217,15,27219208523,2496006,0
27.2243,1,27221767529,2496006,0
27.2268,17,27224299535,2469000,1
27.2268,1,27224299535,2469000,1
27.2293,15,27226775535,2496006,0
27.2318,15,27229307541,2496006,0
27.2343,9,27231830547,2496006,0
27.2368,5,27234371553,2469000,1
27.2368,6,27234371553,2469000,1
27.2368,15,27234371553,2469000,1
27.2393,9,27236856553,2469000,1
27.2393,21,27236856553,2469000,1
27.2444,6,27241864559,2496006,0
27.2469,13,27244405565,2496006,0
27.2494,9,27246928571,2496006,0
27.252,17,27249487577,2496006,0
27.2545,14,27252010583,2496006,0
27.257,9,27254533589,2469000,1
27.257,11,27254533589,2469000,1
27.2595,6,27257000589,2496006,0
27.262,6,27259532595,2496006,0
27.2645,13,27262055601,2469000,1
27.2645,1,27262055601,2469000,1
27.267,17,27264531601,2496006,0
27.2696,3,27267054607,2496006,0
27.2721,7,27269577613,2496006,0
27.2746,15,27272100619,2469000,1
27.2746,17,27272100619,2469000,1
27.2771,14,27274612619,2469000,1
27.2771,9,27274612619,2469000,1
27.2796,7,27277079619,2496006,0
27.2821,8,27279611625,2469000,1
27.2845,3,27282078625,2469000,1
27.2845,6,27282078625,2469000,1
27.2874,7,27284867631,2496006,0
27.2899,6,27287390637,2496006,0
27.2924,21,27289940643,2496006,0
27.295,7,27292463649,2496006,0
27.2975,13,27294986655,2496006,0
27.3,21,27297509661,2496006,0
27.3025,14,27300032667,2496006,0
27.305,6,27302573673,2469000,1
27.305,3,27302573673,2469000,1
27.3075,14,27305049673,2469000,1
27.3075,6,27305049673,2469000,1
27.31,17,27307534673,2496006,0
27.3125,1,27310075679,2469000,1
27.3125,13,27310075679,2469000,1
27.3153,7,27312864685,2469000,1
27.3153,21,27312864685,2469000,1
27.3178,19,27315331685,2496006,0
27.3204,23,27317881691,2496006,0
27.3229,3,27320404697,2469000,1
27.3229,17,27320404697,2469000,1
27.3253,11,27322880697,2469000,1
27.3253,9,27322880697,2469000,1
27.3253,21,27322880697,2469000,1
27.3279,10,27325356697,2496006,0
27.3304,15,27327888703,2469000,1
27.3304,17,27327888703,2469000,1
27.3329,19,27330364703,2496006,0
27.3354,23,27332887709,2496006,0
27.3379,13,27335437715,2469000,1
27.3379,9,27335437715,2469000,1
27.3379,23,27335437715,2469000,1
27.3404,10,27337904715,2496006,0
27.3429,20,27340436721,2469000,1
27.3429,14,27340436721,2469000,1
27.3454,7,27342903721,2496006,0
27.3479,6,27345426727,2496006,0
27.3505,19,27347958733,2496006,0
27.353,22,27350481739,2469000,1
27.353,13,27350481739,2469000,1
27.3555,14,27352957739,2496006,0
27.358,21,27355489745,2469000,1
27.358,17,27355489745,2469000,1
27.358,14,27355489745,2469000,1
27.3605,19,27357956745,2496006,0
27.363,10,27360479751,2496006,0
27.3655,6,27363011757,2496006,0
27.368,7,27365534763,2496006,0
27.3705,21,27368057769,2469000,1
27.3705,10,27368057769,2469000,1
27.373,14,27370524769,2496006,0
27.3755,19,27373047775,2496006,0
27.378,7,27375570781,2469000,1
27.3805,14,27378037781,2496006,0
27.3831,23,27380560787,2496006,0
27.3885,14,27385973799,2496006,0
27.391,3,27388496805,2469000,1
27.391,6,27388496805,2469000,1
27.3934,23,27390963805,2469000,1
27.3934,19,27390963805,2469000,1
27.3959,14,27393439805,2496006,0
27.3985,14,27395971811,2496006,0
27.401,5,27398503817,2469000,1
27.401,13,27398503817,2469000,1
27.4035,10,27400988817,2496006,0
27.406,19,27403520823,2469000,1
27.406,10,27403520823,2469000,1
27.4085,14,27405996823,2496006,0
27.411,23,27408537829,2496006,0
27.4135,21,27411060835,2469000,1
27.4135,14,27411060835,2469000,1
27.416,8,27413527835,2496006,0
27.4189,7,27416363841,2496006,0
27.4214,23,27418886847,2496006,0
27.4239,6,27421409853,2496006,0
27.4264,7,27423950859,2496006,0
27.4289,8,27426473865,2469000,1
27.4289,15,27426473865,2469000,1
27.4339,6,27431472871,2469000,1
27.4339,20,27431472871,2469000,1
27.4365,7,27433957871,2496006,0
27.439,23,27436507877,2496006,0
27.4415,10,27439030883,2496006,0
27.444,17,27441571889,2469000,1
27.444,8,27441571889,2469000,1
27.4465,11,27444038889,2496006,0
27.4491,14,27446570895,2496006,0
27.4516,10,27449093901,2469000,1
27.4516,8,27449093901,2469000,1
27.454,7,27451569901,2469000,1
27.454,19,27451569901,2469000,1
27.4565,23,27454045901,2469000,1
27.4565,8,27454045901,2469000,1
27.459,11,27456512901,2496006,0
27.4616,17,27459071907,2496006,0
27.4641,14,27461594913,2496006,0
27.4666,6,27464126919,2496006,0
27.4691,9,27466649925,2496006,0
27.4717,11,27469190931,2496006,0
27.4742,14,27471713937,2469000,1
27.4766,9,27474180937,2469000,1
27.4766,10,27474180937,2469000,1
27.4792,17,27476656937,2496006,0
27.4816,8,27479179943,2469000,1
27.4816,17,27479179943,2469000,1
27.4841,7,27481646943,2496006,0
27.4867,23,27484178949,2496006,0
27.4892,6,27486710955,2496006,0
27.492,16,27489546961,2469000,1
27.492,1,27489546961,2469000,1
27.492,23,27489546961,2469000,1
27.4945,11,27492013961,2469000,1
27.4945,17,27492013961,2469000,1
27.497,11,27494482961,2496006,0
27.4995,11,27497041967,2496006,0
27.5021,9,27499564973,2496006,0
27.5046,7,27502087979,2496006,0
27.5071,9,27504610985,2496006,0
27.5096,5,27507142991,2469000,1
27.5096,6,27507142991,2469000,1
27.5096,7,27507142991,2469000,1
27.5121,14,27509645991,2496006,0
27.5147,14,27512168997,2496006,0
27.5172,11,27514692003,2496006,0
27.52,7,27517546009,2496006,0
27.5225,9,27520069015,2469000,1
27.5251,14,27522554015,2496006,0
27.5276,23,27525077021,2496006,0
27.5301,7,27527600027,2496006,0
27.5326,17,27530150033,2496006,0
27.5351,15,27532673039,2469000,1
27.5351,6,27532673039,2469000,1
27.5376,14,27535140039,2469000,1
27.5376,11,27535140039,2469000,1
27.5401,7,27537607039,2496006,0
27.5426,17,27540130045,2496006,0
27.5451,13,27542653051,2496006,0
27.5477,22,27545176057,2496006,0
27.5502,22,27547699063,2496006,0
27.5527,3,27550231069,2496006,0
27.5552,23,27552754075,2469000,1
27.5552,14,27552754075,2469000,1
27.5577,7,27555230075,2496006,0
27.5602,13,27557762081,2469000,1
27.5602,10,27557762081,2469000,1
27.5627,6,27560238081,2496006,0
27.5653,17,27562779087,2496006,0
27.5678,7,27565311093,2496006,0
27.5703,9,27567834099,2469000,1
27.5703,22,27567834099,2469000,1
27.5703,3,27567834099,2469000,1
27.5703,13,27567834099,2469000,1
27.5728,11,27570310099,2469000,1
27.5728,22,27570310099,2469000,1
27.5753,23,27572786099,2496006,0
27.5803,17,27577832111,2496006,0
27.5829,7,27580355117,2496006,0
27.5853,3,27582878123,2469000,1
27.5853,17,27582878123,2469000,1
27.5878,6,27585345123,2496006,0
27.5904,11,27587877129,2496006,0
27.5932,23,27590740135,2496006,0
27.5957,6,27593272141,2469000,1
27.5957,14,27593272141,2469000,1
27.5982,7,27595766141,2469000,1
27.5982,3,27595766141,2469000,1
27.6007,11,27598242141,2496006,0
27.6033,23,27600783147,2496006,0
27.6058,23,27603324153,2496006,0
27.6083,19,27605874159,2469000,1
27.6083,7,27605874159,2469000,1
27.6108,17,27608341159,2496006,0
27.6134,11,27610891165,2496006,0
27.6159,23,27613432171,2496006,0
27.6185,6,27615955177,2496006,0
27.621,17,27618496183,2469000,1
27.6238,17,27621285189,2496006,0
27.6263,11,27623808195,2496006,0
27.6288,17,27626349201,2496006,0
27.6314,9,27628881207,2469000,1
27.6314,13,27628881207,2469000,1
27.6338,23,27631357207,2469000,1
27.6338,6,27631357207,2469000,1
27.6363,11,27633824207,2496006,0
27.6389,22,27636365213,2496006,0
27.6414,3,27638888219,2496006,0
27.6439,3,27641456225,2469000,1
27.6439,18,27641456225,2469000,1
27.6464,17,27643923225,2496006,0
27.6489,11,27646455231,2469000,1
27.6489,23,27646455231,2469000,1
27.6514,19,27648940231,2469000,1
27.6514,22,27648940231,2469000,1
27.6539,3,27651407231,2496006,0
27.6564,11,27653939237,2496006,0
27.659,1,27656462243,2496006,0
27.6615,17,27658994249,2469000,1
27.664,22,27661461249,2496006,0
27.6665,3,27663993255,2496006,0
27.669,6,27666525261,2496006,0
27.6715,22,27669048267,2496006,0
27.6741,15,27671580273,2496006,0
27.6766,1,27674112279,2496006,0
27.6791,22,27676635285,2496006,0
27.6816,3,27679158291,2469000,1
27.6816,11,27679158291,2469000,1
27.6841,15,27681625291,2496006,0
27.6866,12,27684148297,2469000,1
27.6866,22,27684148297,2469000,1
27.6866,11,27684148297,2469000,1
27.6891,1,27686615297,2469000,1
27.6891,6,27686615297,2469000,1
27.6891,7,27686615297,2469000,1
27.6916,23,27689109297,2496006,0
27.6941,17,27691632303,2496006,0
27.6969,12,27694477309,2469000,1
27.6969,23,27694477309,2469000,1
27.6995,15,27696962309,2496006,0
27.702,18,27699485315,2496006,0
27.7045,6,27702026321,2496006,0
27.707,12,27704558327,2469000,1
27.7095,6,27707043327,2496006,0
27.712,17,27709566333,2469000,1
27.7145,15,27712033333,2496006,0
27.7196,6,27717079345,2496006,0
27.7221,14,27719602351,2469000,1
27.7221,6,27719602351,2469000,1
27.7249,10,27722382357,2469000,1
27.7249,22,27722382357,2469000,1
27.7273,1,27724849357,2496006,0
27.7299,18,27727372363,2496006,0
27.7324,3,27729895369,2496006,0
27.7349,23,27732427375,2496006,0
27.7374,6,27734950381,2496006,0
27.74,18,27737473387,2496006,0
27.7425,15,27739996393,2496006,0
27.745,1,27742519399,2496006,0
27.7475,23,27745042405,2496006,0
27.7501,15,27747574411,2496006,0
27.7526,6,27750097417,2496006,0
27.7551,15,27752620423,2496006,0
27.7576,1,27755143429,2469000,1
27.7576,3,27755143429,2469000,1
27.7576,15,27755143429,2469000,1
27.7601,18,27757610429,2496006,0
27.7626,13,27760133435,2496006,0
27.7652,11,27762656441,2496006,0
27.7676,6,27765179447,2469000,1
27.7676,14,27765179447,2469000,1
27.7676,15,27765179447,2469000,1
27.7676,18,27765179447,2469000,1
27.7701,17,27767646447,2496006,0
27.7727,13,27770178453,2496006,0
27.7752,23,27772710459,2496006,0
27.7777,6,27775233465,2496006,0
27.7802,22,27777774471,2469000,1
27.7802,3,27777774471,2469000,1
27.7827,17,27780241471,2496006,0
27.7853,23,27782764477,2496006,0
27.7903,13,27787810489,2496006,0
27.7928,11,27790342495,2496006,0
27.7954,23,27792865501,2496006,0
27.7982,9,27795701507,2496006,0
27.8007,17,27798224513,2496006,0
27.8032,18,27800747519,2496006,0
27.8058,6,27803270525,2496006,0
27.8083,1,27805811531,2496006,0
27.8108,11,27808334537,2469000,1
27.8108,13,27808334537,2469000,1
27.8108,22,27808334537,2469000,1
27.8133,9,27810801537,2496006,0
27.8158,1,27813324543,2496006,0
27.8183,18,27815847549,2469000,1
27.8183,17,27815847549,2469000,1
27.8208,12,27818314549,2469000,1
27.8208,23,27818314549,2469000,1
27.8233,11,27820781549,2496006,0
27.8258,1,27823304555,2469000,1
27.8258,12,27823304555,2469000,1
27.8286,11,27826084561,2496006,0
27.8311,6,27828616567,2469000,1
27.8311,11,27828616567,2469000,1
27.8336,15,27831083567,2469000,1
27.8336,13,27831083567,2469000,1
27.8361,9,27833577567,2496006,0
27.8386,9,27836127573,2496006,0
27.8411,3,27838650579,2496006,0
27.8436,6,27841173585,2469000,1
27.8436,11,27841173585,2469000,1
27.8462,23,27843658585,2496006,0
27.8487,17,27846199591,2496006,0
27.8512,3,27848722597,2496006,0
27.8537,23,27851245603,2469000,1
27.8537,3,27851245603,2469000,1
27.8562,16,27853712603,2496006,0
27.8587,3,27856244609,2496006,0
27.8612,9,27858767615,2469000,1
27.8612,16,27858767615,2469000,1
27.8637,1,27861234615,2496006,0
27.8663,18,27863766621,2496006,0
27.8688,13,27866298627,2469000,1
27.8713,18,27868765627,2496006,0
27.8738,17,27871297633,2496006,0
27.8763,1,27873820639,2496006,0
27.8789,9,27876361645,2496006,0
27.8814,18,27878884651,2469000,1
27.8814,6,27878884651,2469000,1
27.8838,1,27881360651,2469000,1
27.8838,3,27881360651,2469000,1
27.8863,1,27883836651,2496006,0
27.8889,7,27886368657,2496006,0
27.8914,1,27888891663,2496006,0
27.8939,17,27891441669,2496006,0
27.8965,9,27893964675,2496006,0
27.899,23,27896487681,2496006,0
27.9018,1,27899323687,2469000,1
27.9018,18,27899323687,2469000,1
27.9043,17,27901808687,2496006,0
27.9068,7,27904331693,2469000,1
27.9068,15,27904331693,2469000,1
27.9068,11,27904331693,2469000,1
27.9093,16,27906798693,2496006,0
27.9118,3,27909321699,2496006,0
27.9143,9,27911844705,2469000,1
27.9143,17,27911844705,2469000,1
27.9168,16,27914311705,2496006,0
27.9193,23,27916843711,2496006,0
27.9219,17,27919375717,2496006,0
27.9244,3,27921898723,2469000,1
27.9244,18,27921898723,2469000,1
27.9269,17,27924410723,2496006,0
27.9298,1,27927255729,2496006,0
27.9323,16,27929778735,2496006,0
27.9348,23,27932310741,2496006,0
27.9373,3,27934833747,2496006,0
27.9398,21,27937356753,2469000,1
27.9398,19,27937356753,2469000,1
27.9423,17,27939832753,2469000,1
27.9423,3,27939832753,2469000,1
27.9448,4,27942299753,2469000,1
27.9448,9,27942299753,2469000,1
27.9472,1,27944766753,2469000,1
27.9472,6,27944766753,2469000,1
27.9497,23,27947233753,2496006,0
27.9523,7,27949756759,2496006,0
27.9547,7,27952279765,2469000,1
27.9572,22,27954773765,2469000,1
27.9572,16,27954773765,2469000,1
27.9598,23,27957258765,2496006,0
27.9623,16,27959808771,2496006,0
27.9648,23,27962376777,2469000,1
27.9648,9,27962376777,2469000,1
27.9673,17,27964843777,2496006,0
27.9699,3,27967402783,2496006,0
27.9724,16,27969925789,2496006,0
27.9749,1,27972448795,2496006,0
27.9775,3,27974980801,2496006,0
27.98,17,27977503807,2469000,1
27.98,8,27977503807,2469000,1
27.9825,23,27979970807,2496006,0
27.985,7,27982511813,2496006,0
27.9875,3,27985034819,2469000,1
27.9875,17,27985034819,2469000,1
27.99,1,27987510819,2496006,0
27.9925,1,27990033825,2496006,0
27.9951,7,27992556831,2496006,0
27.9976,16,27995079837,2496006,0
28.0001,11,27997602843,2496006,0
28.0029,15,28000438849,2469000,1
28.0029,11,28000438849,2469000,1
28.0054,1,28002914849,2469000,1
28.0054,17,28002914849,2469000,1
28.0079,1,28005383849,2496006,0
28.0104,23,28007915855,2469000,1
28.0104,3,28007915855,2469000,1
28.0129,16,28010382855,2496006,0
28.0154,7,28012914861,2496006,0
28.0179,5,28015446867,2469000,1
28.0179,7,28015446867,2469000,1
28.0204,16,28017922867,2469000,1
28.0204,1,28017922867,2469000,1
28.0229,2,28020416867,2496006,0
28.0254,13,28022939873,2469000,1
28.0254,18,28022939873,2469000,1
28.0279,11,28025406873,2469000,1
28.0304,1,28027882873,2496006,0
28.0332,23,28030727879,2469000,1
28.0357,9,28033203879,2496006,0
28.0382,7,28035726885,2469000,1
28.0407,1,28038202885,2496006,0
28.0432,17,28040734891,2496006,0
28.0482,2,28045780903,2469000,1
28.0482,1,28045780903,2469000,1
28.0508,9,28048256903,2496006,0
28.0533,1,28050779909,2496006,0
28.0558,16,28053311915,2496006,0
28.0584,6,28055897921,2469000,1
28.0584,23,28055897921,2469000,1
28.0608,1,28058364921,2469000,1
28.0608,9,28058364921,2469000,1
28.0608,17,28058364921,2469000,1
28.0634,16,28060885921,2469000,1
28.0634,17,28060885921,2469000,1
28.0659,1,28063415921,2496006,0
28.0684,17,28065947927,2496006,0
28.071,2,28068470933,2496006,0
28.0735,10,28071002939,2469000,1
28.0735,11,28071002939,2469000,1
28.076,2,28073478939,2496006,0
28.0785,3,28076001945,2469000,1
28.0785,13,28076001945,2469000,1
28.0809,23,28078468945,2469000,1
28.0809,9,28078468945,2469000,1
28.0834,1,28080953945,2496006,0
28.086,17,28083503951,2496006,0
28.0885,7,28086026957,2469000,1
28.0885,2,28086026957,2469000,1
28.091,11,28088511957,2496006,0
28.0961,1,28093557969,2496006,0
28.0985,18,28096080975,2469000,1
28.0985,11,28096080975,2469000,1
28.101,16,28098547975,2469000,1
28.101,11,28098549975,2469000,1
28.1035,17,28101016975,2496006,0
28.1064,2,28103888981,2469000,1
28.1064,1,28103888981,2469000,1
28.1089,4,28106355981,2496006,0
28.1114,7,28108896987,2469000,1
28.1114,1,28108896987,2469000,1
28.1139,4,28111381987,2496006,0
28.1164,17,28113913993,2496006,0
28.1189,11,28116436999,2496006,0
28.1215,11,28118960005,2496006,0
28.124,17,28121510011,2469000,1
28.124,4,28121510011,2469000,1
28.124,1,28121510011,2469000,1
28.1265,11,28124013011,2496006,0
28.129,12,28126536017,2496006,0
28.1316,2,28129068023,2496006,0
28.1344,16,28131904029,2496006,0
28.1369,9,28134436035,2469000,1
28.1369,17,28134436035,2469000,1
28.1419,16,28139435041,2496006,0
28.1445,23,28141967047,2496006,0
28.147,11,28144490053,2496006,0
28.1495,11,28147031059,2496006,0
28.1521,12,28149554065,2496006,0
28.1546,1,28152077071,2496006,0
28.1571,16,28154609077,2469000,1
28.1571,2,28154609077,2469000,1
28.1596,23,28157076077,2496006,0
28.1621,9,28159608083,2496006,0
28.1646,4,28162140089,2469000,1
28.1646,9,28162140089,2469000,1
28.1671,12,28164607089,2496006,0
28.1696,11,28167130095,2469000,1
28.1696,16,28167130095,2469000,1
28.1721,1,28169642095,2496006,0
28.1747,23,28172183101,2469000,1
28.1747,16,28172183101,2469000,1
28.1772,17,28174659101,2496006,0
28.1797,12,28177200107,2469000,1
28.1797,11,28177200107,2469000,1
28.1847,1,28182199113,2496006,0
28.1872,23,28184740119,2496006,0
28.1898,2,28187263125,2496006,0
28.1923,1,28189786131,2496006,0
28.1948,9,28192309137,2496006,0
28.1973,9,28194841143,2496006,0
28.1999,17,28197373149,2496006,0
28.2024,2,28199914155,2496006,0
28.2049,17,28202455161,2469000,1
28.2049,23,28202455161,2469000,1
28.2077,2,28205235167,2496006,0
28.2102,9,28207758173,2469000,1
28.2102,4,28207758173,2469000,1
28.2127,12,28210225173,2469000,1
28.2127,1,28210225173,2469000,1
28.2152,16,28212692173,2496006,0
28.2177,16,28215233179,2496006,0
28.2203,2,28217756185,2496006,0
28.2228,2,28220315191,2496006,0
28.2253,11,28222838197,2496006,0
28.2304,16,28227893209,2496006,0
28.2329,2,28230434215,2469000,1
28.2329,9,28230434215,2469000,1
28.2354,14,28232928215,2496006,0
28.2383,3,28235764221,2496006,0
28.2408,17,28238296227,2496006,0
28.2433,16,28240828233,2496006,0
28.2458,23,28243351239,2469000,1
28.2458,11,28243351239,2469000,1
28.2483,4,28245818239,2496006,0
28.2508,2,28248341245,2496006,0
28.2534,1,28250873251,2496006,0
28.2559,2,28253396257,2496006,0
28.2584,17,28255919263,2496006,0
28.2609,14,28258442269,2469000,1
28.2609,2,28258442269,2469000,1
28.2634,1,28260909269,2496006,0
28.2659,4,28263432275,2469000,1
28.2659,12,28263432275,2469000,1
28.2659,16,28263432275,2469000,1
28.2684,3,28265899275,2496006,0
28.2709,11,28268422281,2496006,0
28.2735,16,28270972287,2496006,0
28.276,3,28273495293,2496006,0
28.2785,1,28276018299,2496006,0
28.281,12,28278541305,2469000,1
28.281,3,28278541305,2469000,1
28.2835,2,28281008305,2469000,1
28.286,17,28283475305,2496006,0
28.2885,9,28286016311,2496006,0
28.291,11,28288539317,2496006,0
28.2936,14,28291071323,2496006,0
28.2961,17,28293594329,2469000,1
28.2961,14,28293594329,2469000,1
28.2985,11,28296079329,2469000,1
28.2985,16,28296079329,2469000,1
28.301,1,28298546329,2496006,0
28.3036,1,28301078335,2496006,0
28.3061,9,28303610341,2469000,1
28.3061,14,28303610341,2469000,1
28.3086,4,28306086341,2496006,0
28.3114,15,28308931347,2496006,0
28.314,3,28311454353,2496006,0
28.3165,1,28313986359,2496006,0
28.319,4,28316509365,2469000,1
28.319,18,28316509365,2469000,1
28.319,16,28316509365,2469000,1
28.3215,7,28318994365,2496006,0
28.324,17,28321517371,2496006,0
28.3265,7,28324040377,2496006,0
28.3291,3,28326563383,2496006,0
28.3316,17,28329104389,2469000,1
28.3316,1,28329104389,2469000,1
28.3341,15,28331571389,2496006,0
28.3366,1,28334112395,2469000,1
28.3366,15,28334112395,2469000,1
28.3394,9,28336892401,2496006,0
28.3419,7,28339415407,2469000,1
28.3419,9,28339415407,2469000,1
28.3444,3,28341882407,2469000,1
28.3469,23,28344358407,2496006,0
28.3494,11,28346881413,2496006,0
28.3519,1,28349440419,2496006,0
28.3545,4,28351972425,2496006,0
28.357,23,28354495431,2469000,1
28.357,2,28354495431,2469000,1
28.3595,23,28356989431,2496006,0
28.362,11,28359512437,2469000,1
28.362,9,28359512437,2469000,1
28.3645,4,28362006437,2496006,0
28.367,17,28364547443,2469000,1
28.367,1,28364547443,2469000,1
28.3695,15,28367014443,2469000,1
28.3695,23,28367014443,2469000,1
28.372,4,28369481443,2469000,1
28.372,7,28369481443,2469000,1
28.372,3,28369481443,2469000,1
28.3745,11,28371984443,2469000,1
28.3745,9,28371984443,2469000,1
28.3769,11,28374453443,2496006,0
28.3795,16,28376985449,2469000,1
28.3795,23,28376985449,2469000,1
28.382,22,28379470449,2496006,0
28.3845,14,28381993455,2496006,0
28.387,1,28384516461,2469000,1
28.387,22,28384516461,2469000,1
28.3895,13,28386983461,2496006,0
28.392,17,28389515467,2469000,1
28.392,4,28389515467,2469000,1
28.392,7,28389515467,2469000,1
28.3945,13,28391991467,2469000,1
28.397,11,28394485467,2496006,0
28.4021,14,28399567479,2496006,0
28.4046,11,28402090485,2496006,0
28.4071,14,28404622491,2496006,0
28.4097,13,28407154497,2496006,0
28.4125,22,28410017503,2496006,0
28.4151,22,28412558509,2496006,0
28.4176,17,28415090515,2496006,0
28.4201,13,28417613521,2496006,0
28.4226,11,28420136527,2496006,0
28.4252,14,28422659533,2496006,0
28.4277,17,28425182539,2496006,0
28.4302,22,28427705545,2496006,0
28.4327,13,28430246551,2496006,0
28.4352,14,28432769557,2469000,1
28.4352,3,28432769557,2469000,1
28.4377,11,28435245557,2496006,0
28.4403,17,28437786563,2496006,0
28.4431,22,28440631569,2496006,0
28.4457,2,28443163575,2496006,0
28.4482,17,28445686581,2469000,1
28.4482,12,28445686581,2469000,1
28.4506,22,28448162581,2469000,1
28.4506,15,28448162581,2469000,1
28.4531,1,28450629581,2469000,1
28.4531,13,28450629581,2469000,1
28.4556,23,28453096581,2496006,0
28.4581,2,28455628587,2496006,0
28.4607,11,28458160593,2496006,0
28.4632,4,28460683599,2496006,0
28.4657,15,28463224605,2496006,0
28.4682,4,28465747611,2496006,0
28.4707,2,28468279617,2469000,1
28.4707,23,28468279617,2469000,1
28.4732,11,28470746617,2496006,0
28.4758,14,28473269623,2496006,0
28.4783,14,28475846629,2469000,1
28.4783,6,28475846629,2469000,1
28.4783,13,28475846629,2469000,1
28.4808,17,28478313629,2469000,1
28.4808,23,28478313629,2469000,1
28.4833,15,28480789629,2469000,1
28.4833,14,28480789629,2469000,1
28.4858,4,28483265629,2496006,0
28.4883,16,28485788635,2496006,0
28.4908,22,28488311641,2469000,1
28.4908,16,28488311641,2469000,1
28.4933,11,28490778641,2496006,0
28.4958,4,28493301647,2496006,0
28.4983,20,28495833653,2496006,0
28.5008,11,28498356659,2469000,1
28.5033,4,28500832659,2496006,0
28.5059,20,28503373665,2496006,0
28.5084,2,28505905671,2496006,0
28.5109,15,28508428677,2496006,0
28.5134,20,28510969683,2469000,1
28.5134,2,28510969683,2469000,1
28.5163,16,28513758689,2496006,0
28.5188,17,28516281695,2496006,0
28.5213,4,28518813701,2496006,0
28.5238,15,28521345707,2496006,0
28.5264,17,28523868713,2496006,0
28.5289,11,28526400719,2496006,0
28.5314,13,28528923725,2469000,1
28.5314,17,28528923725,2469000,1
28.5339,15,28531408725,2469000,1
28.5339,11,28531408725,2469000,1
28.5364,17,28533884725,2496006,0
28.5389,16,28536416731,2496006,0
28.5414,4,28538939737,2496006,0
28.5443,7,28541775743,2496006,0
28.5468,20,28544298749,2469000,1
28.5468,4,28544298749,2469000,1
28.5493,11,28546765749,2496006,0
28.5518,16,28549288755,2469000,1
28.5518,17,28549288755,2469000,1
28.5543,9,28551764755,2496006,0
28.5568,9,28554296761,2496006,0
28.5593,9,28556819767,2469000,1
28.5643,23,28561829773,2469000,1
28.5643,2,28561829773,2469000,1
28.5643,15,28561829773,2469000,1
28.5668,1,28564296773,2469000,1
28.5668,17,28564296773,2469000,1
28.5693,7,28566763773,2496006,0
28.5718,14,28569286779,2469000,1
28.5718,20,28569286779,2469000,1
28.5718,16,28569286779,2469000,1
28.5718,9,28569286779,2469000,1
28.5743,11,28571771779,2496006,0
28.5768,22,28574294785,2469000,1
28.5768,11,28574294785,2469000,1
28.5793,2,28576824785,2469000,1
28.5793,7,28576824785,2469000,1
28.5818,16,28579309785,2496006,0
28.5843,4,28581832791,2496006,0
28.5869,7,28584355797,2496006,0
28.5894,3,28586887803,2496006,0
28.5919,11,28589428809,2496006,0
28.5945,14,28591969815,2496006,0
28.597,4,28594501821,2496006,0
28.5995,14,28597024827,2496006,0
28.602,7,28599547833,2469000,1
28.602,14,28599547833,2469000,1
28.6045,16,28602023833,2496006,0
28.607,4,28604546839,2469000,1
28.607,14,28604546839,2469000,1
28.6095,11,28607013839,2496006,0
28.612,4,28609536845,2496006,0
28.6146,3,28612059851,2496006,0
28.6174,9,28614895857,2469000,1
28.6174,3,28614895857,2469000,1
28.6199,4,28617416857,2469000,1
28.6199,15,28617416857,2469000,1
28.6199,16,28617416857,2469000,1
28.6224,13,28619901857,2469000,1
28.6224,11,28619901857,2469000,1
28.6249,17,28622404857,2496006,0
28.6274,1,28624927863,2496006,0
28.63,7,28627477869,2496006,0
28.6325,3,28630018875,2496006,0
28.635,4,28632541881,2469000,1
28.635,7,28632541881,2469000,1
28.6375,1,28635044881,2496006,0
28.64,2,28637567887,2469000,1
28.64,16,28637567887,2469000,1
28.64,17,28637567887,2469000,1
28.6426,17,28640061887,2496006,0
28.6451,22,28642602893,2496006,0
28.6479,11,28645438899,2469000,1
28.6479,3,28645438899,2469000,1
28.6504,20,28647905899,2496006,0
28.6554,3,28652951911,2496006,0
28.658,22,28655483917,2496006,0
28.6605,1,28658006923,2496006,0
28.6631,17,28660556929,2496006,0
28.6656,11,28663088935,2496006,0
28.6681,7,28665629941,2496006,0
28.6706,7,28668152947,2496006,0
28.6731,20,28670675953,2469000,1
28.6731,3,28670675953,2469000,1
28.6756,14,28673142953,2496006,0
28.6781,17,28675674959,2469000,1
28.6781,1,28675674959,2469000,1
28.6806,4,28678141959,2469000,1
28.6806,22,28678141959,2469000,1
28.6806,20,28678141959,2469000,1
28.6806,17,28678143959,2469000,1
28.6831,16,28680610959,2496006,0
28.6856,11,28683142965,2496006,0
28.6882,16,28685665971,2496006,0
28.6907,22,28688188977,2496006,0
28.6932,19,28690711983,2496006,0
28.6957,22,28693234989,2496006,0
28.6982,11,28695757995,2469000,1
28.6982,19,28695757995,2469000,1
28.7007,12,28698224995,2469000,1
28.7032,7,28700691995,2469000,1
28.7032,19,28700691995,2469000,1
28.7056,22,28703167995,2469000,1
28.7056,1,28703167995,2469000,1
28.7081,16,28705634995,2469000,1
28.7081,14,28705634995,2469000,1
28.7081,4,28705634995,2469000,1
28.7081,20,28705634995,2469000,1
28.7081,19,28705634995,2469000,1
28.7106,3,28708110995,2496006,0
28.7131,3,28710634001,2496006,0
28.7156,11,28713157007,2469000,1
28.7156,20,28713157007,2469000,1
28.7181,14,28715624007,2496006,0
28.721,11,28718469013,2496006,0
28.7235,22,28721001019,2469000,1
28.7235,11,28721001019,2469000,1
28.7259,7,28723477019,2469000,1
28.7259,3,28723477019,2469000,1
28.7284,23,28725944019,2496006,0
28.731,1,28728530025,2469000,1
28.731,14,28728530025,2469000,1
28.7335,22,28731015025,2469000,1
28.7335,3,28731015025,2469000,1
28.736,16,28733518025,2469000,1
28.736,23,28733518025,2469000,1
28.7385,10,28735985025,2496006,0
28.741,22,28738526031,2469000,1
28.7435,17,28740993031,2469000,1
28.7435,11,28740993031,2469000,1
28.746,14,28743487031,2496006,0
28.7488,14,28746359037,2469000,1
28.7488,9,28746359037,2469000,1
28.7488,10,28746359037,2469000,1
28.7513,10,28748853037,2496006,0
28.7539,10,28751412043,2469000,1
28.7539,23,28751412043,2469000,1
28.7564,11,28753897043,2496006,0
28.7589,15,28756420049,2496006,0
28.7615,4,28758961055,2496006,0
28.764,9,28761484061,2496006,0
28.7665,7,28764007067,2496006,0
28.769,14,28766530073,2496006,0
28.7715,4,28769053079,2496006,0
28.774,14,28771576085,2469000,1
28.7765,11,28774052085,2496006,0
28.7791,11,28776593091,2496006,0
28.7841,15,28781639103,2496006,0
28.7866,7,28784162109,2469000,1
28.7866,10,28784162109,2469000,1
28.7891,11,28786629109,2496006,0
28.7916,4,28789152115,2496006,0
28.7941,9,28791675121,2469000,1
28.7941,14,28791675121,2469000,1
28.7967,15,28794187121,2496006,0
28.7992,3,28796710127,2496006,0
28.8017,1,28799233133,2469000,1
28.8017,16,28799233133,2469000,1
28.8017,4,28799233133,2469000,1
28.8017,15,28799233133,2469000,1
28.8042,11,28801718133,2496006,0
28.8067,7,28804268139,2469000,1
28.8067,3,28804268139,2469000,1
28.8067,11,28804268139,2469000,1
28.8092,23,28806744139,2496006,0
28.8143,9,28811844151,2496006,0
28.8169,11,28814367157,2496006,0
28.8194,19,28816908163,2469000,1
28.8194,16,28816908163,2469000,1
28.8222,23,28819688169,2496006,0
28.8247,4,28822211175,2469000,1
28.8247,15,28822211175,2469000,1
28.8272,9,28824687175,2469000,1
28.8272,2,28824687175,2469000,1
28.8297,11,28827190175,2496006,0
28.8322,7,28829713181,2496006,0
28.8347,22,28832236187,2496006,0
28.8373,9,28834768193,2496006,0
28.8398,3,28837309199,2496006,0
28.8423,23,28839832205,2496006,0
28.8474,3,28844878217,2496006,0
28.8499,7,28847410223,2469000,1
28.8499,11,28847410223,2469000,1
28.8527,14,28850190229,2496006,0
28.8552,4,28852731235,2469000,1
28.8552,14,28852731235,2469000,1
28.8577,22,28855198235,2496006,0
28.8602,3,28857721241,2469000,1
28.8602,9,28857721241,2469000,1
28.8627,23,28860188241,2469000,1
28.8627,13,28860188241,2469000,1
28.8627,10,28860188241,2469000,1
28.8652,22,28862691241,2469000,1
28.8652,15,28862691241,2469000,1
28.8652,11,28862691241,2469000,1
28.8676,20,28865176241,2469000,1
28.8676,3,28865176241,2469000,1
28.8727,23,28870247247,2469000,1
28.8727,11,28870247247,2469000,1
28.8752,7,28872714247,2496006,0
28.8777,6,28875237253,2496006,0
28.8803,2,28877760259,2496006,0
28.8828,14,28880283265,2496006,0
28.8853,17,28882842271,2469000,1
28.8853,9,28882842271,2469000,1
28.8878,7,28885309271,2469000,1
28.8878,22,28885309271,2469000,1
28.8903,2,28887776271,2496006,0
28.8928,14,28890308277,2496006,0
28.8954,6,28892858283,2496006,0
28.8979,7,28895381289,2496006,0
28.903,2,28900454301,2496006,0
28.9055,19,28902977307,2496006,0
28.908,7,28905500313,2496006,0
28.9105,2,28908032319,2496006,0
28.913,19,28910555325,2469000,1
28.913,2,28910555325,2469000,1
28.9155,14,28913022325,2496006,0
28.918,2,28915545331,2469000,1
28.918,14,28915545331,2469000,1
28.9205,7,28918012331,2469000,1
28.9205,6,28918012331,2469000,1
28.923,10,28920488331,2469000,1
28.923,17,28920488331,2469000,1
28.923,7,28920488331,2469000,1
28.9258,9,28923268337,2496006,0
28.9283,9,28925809343,2496006,0
28.9308,23,28928341349,2496006,0
28.9334,19,28930864355,2496006,0
28.9359,15,28933396361,2469000,1
28.9359,19,28933396361,2469000,1
28.9384,14,28935872361,2496006,0
28.9434,6,28940927373,2496006,0
28.9459,9,28943450379,2496006,0
28.9485,9,28945982385,2496006,0
28.951,23,28948505391,2469000,1
28.951,3,28948505391,2469000,1
28.951,9,28948505391,2469000,1
28.9538,16,28951294397,2496006,0
28.9563,6,28953817403,2469000,1
28.9563,14,28953817403,2469000,1
28.9588,23,28956302403,2496006,0
28.9613,2,28958825409,2469000,1
28.9613,7,28958825409,2469000,1
28.9613,6,28958825409,2469000,1
28.9638,4,28961301409,2496006,0
28.9663,16,28963833415,2496006,0
28.9689,16,28966356421,2496006,0
28.9714,11,28968879427,2496006,0
28.9739,9,28971429433,2469000,1
28.9739,23,28971429433,2469000,1
28.9764,16,28973923433,2469000,1
28.9764,22,28973923433,2469000,1
28.9789,19,28976390433,2496006,0
28.9814,11,28978913439,2469000,1
28.9814,1,28978913439,2469000,1
28.9839,4,28981380439,2496006,0
28.9864,4,28983903445,2469000,1
28.9889,19,28986379445,2496006,0
28.9914,14,28988920451,2469000,1
28.9914,6,28988920451,2469000,1
28.9939,23,28991423451,2469000,1
28.9939,16,28991423451,2469000,1
28.9964,19,28993917451,2496006,0
28.9989,4,28996449457,2496006,0
29.0015,11,28998999463,2496006,0
29.004,4,29001522469,2496006,0
29.0065,19,29004045475,2496006,0
29.0091,16,29006586481,2496006,0
29.0116,11,29009145487,2469000,1
29.0116,21,29009145487,2469000,1
29.0116,8,29009145487,2469000,1
29.0141,4,29011621487,2469000,1
29.0141,9,29011621487,2469000,1
29.0166,19,29014097487,2469000,1
29.0191,16,29016564487,2496006,0
29.0216,16,29019132493,2496006,0
29.0242,15,29021673499,2496006,0
29.0271,23,29024554505,2496006,0
29.0295,15,29027077511,2469000,1
29.0295,23,29027077511,2469000,1
29.032,4,29029544511,2496006,0
29.0345,16,29032067517,2469000,1
29.0345,11,29032067517,2469000,1
29.037,14,29034543517,2496006,0
29.0396,14,29037075523,2496006,0
29.0421,3,29039607529,2469000,1
29.0446,7,29042074529,2496006,0
29.0471,23,29044606535,2469000,1
29.0471,11,29044606535,2469000,1
29.0495,19,29047073535,2469000,1
29.0495,7,29047073535,2469000,1
29.052,11,29049540535,2496006,0
29.0545,15,29052072541,2469000,1
29.0545,4,29052072541,2469000,1
29.0573,14,29054852547,2469000,1
29.0573,7,29054852547,2469000,1
29.0598,11,29057319547,2496006,0
29.0623,16,29059851553,2469000,1
29.0623,7,29059851553,2469000,1
29.0648,11,29062318553,2496006,0
29.0673,7,29064841559,2469000,1
29.0724,11,29069876565,2496006,0
29.0749,16,29072408571,2496006,0
29.0774,23,29074949577,2496006,0
29.08,4,29077472583,2496006,0
29.0825,16,29079995589,2469000,1
29.0825,9,29079995589,2469000,1
29.085,11,29082498589,2496006,0
29.0875,15,29085021595,2469000,1
29.0875,14,29085021595,2469000,1
29.09,2,29087497595,2469000,1
29.09,6,29087497595,2469000,1
29.0925,23,29089982595,2496006,0
29.095,22,29092514601,2469000,1
29.095,4,29092514601,2469000,1
29.1,6,29097504607,2496006,0
29.1025,11,29100036613,2496006,0
29.1051,23,29102559619,2496006,0
29.1076,19,29105082625,2496006,0
29.1101,11,29107605631,2496006,0
29.1126,4,29110128637,2496006,0
29.1151,16,29112651643,2496006,0
29.1177,6,29115228649,2496006,0
29.1202,6,29117751655,2496006,0
29.1227,3,29120274661,2469000,1
29.1227,23,29120274661,2469000,1
29.1252,4,29122750661,2469000,1
29.1252,19,29122750661,2469000,1
29.1277,11,29125217661,2496006,0
29.1305,6,29128053667,2469000,1
29.1305,1,29128053667,2469000,1
29.133,16,29130529667,2496006,0
29.1381,19,29135584679,2496006,0
29.1407,16,29138179685,2496006,0
29.1432,14,29140702691,2469000,1
29.1432,4,29140702691,2469000,1
29.1432,11,29140702691,2469000,1
29.1457,11,29143171691,2496006,0
29.1482,19,29145712697,2496006,0
29.1508,16,29148280703,2496006,0
29.1533,11,29150803709,2496006,0
29.1558,23,29153326715,2469000,1
29.1558,6,29153326715,2469000,1
29.1586,4,29156115721,2469000,1
29.1586,11,29156115721,2469000,1
29.1636,19,29161132727,2496006,0
29.1662,16,29163709733,2496006,0
29.1688,19,29166268739,2496006,0
29.1713,16,29168791745,2496006,0
29.1738,11,29171323751,2496006,0
29.1764,8,29173855757,2496006,0
29.1789,16,29176378763,2496006,0
29.1814,19,29178910769,2496006,0
29.1865,19,29183983781,2496006,0
29.189,7,29186515787,2496006,0
29.1915,14,29189038793,2496006,0
29.1941,7,29191561799,2496006,0
29.1966,16,29194084805,2469000,1
29.1966,11,29194084805,2469000,1
29.199,19,29196551805,2496006,0
29.2016,8,29199083811,2496006,0
29.2041,7,29201606817,2496006,0
29.2066,8,29204129823,2496006,0
29.2091,14,29206661829,2469000,1
29.2091,7,29206661829,2469000,1
29.2116,16,29209146829,2496006,0
29.2141,8,29211678835,2469000,1
29.2166,10,29214163835,2469000,1
29.2166,11,29214163835,2469000,1
29.2191,15,29216630835,2469000,1
29.2191,23,29216630835,2469000,1
29.2191,19,29216630835,2469000,1
29.2216,16,29219115835,2469000,1
29.2216,8,29219115835,2469000,1
29.2241,9,29221600835,2496006,0
29.2266,14,29224123841,2496006,0
29.2292,6,29226673847,2496006,0
29.2321,9,29229554853,2496006,0
29.2346,6,29232077859,2496006,0
29.2371,14,29234609865,2469000,1
29.2371,6,29234609865,2469000,1
29.2421,7,29239608871,2496006,0
29.2446,7,29242167877,2469000,1
29.2446,6,29242167877,2469000,1
29.2471,9,29244634877,2496006,0
29.2496,19,29247166883,2469000,1
29.2496,9,29247166883,2469000,1
29.2521,16,29249633883,2496006,0
29.2547,19,29252210889,2496006,0
29.2572,16,29254742895,2496006,0
29.2598,9,29257265901,2496006,0
29.2626,14,29260101907,2469000,1
29.2626,7,29260101907,2469000,1
29.2651,6,29262577907,2496006,0
29.2676,19,29265100913,2496006,0
29.2701,6,29267632919,2496006,0
29.2727,16,29270155925,2496006,0
29.2752,19,29272696931,2496006,0
29.2777,9,29275228937,2496006,0
29.2802,16,29277769943,2469000,1
29.2802,5,29277769943,2469000,1
29.2802,4,29277769943,2469000,1
29.2827,8,29280245943,2496006,0
29.2853,11,29282768949,2496006,0
29.2878,6,29285291955,2496006,0
29.2903,8,29287814961,2496006,0
29.2928,19,29290337967,2496006,0
29.2953,9,29292860973,2469000,1
29.2978,11,29295327973,2469000,1
29.2978,14,29295327973,2469000,1
29.2978,8,29295327973,2469000,1
29.3003,19,29297812973,2469000,1
29.3003,6,29297812973,2469000,1
29.3028,16,29300297973,2496006,0
29.3053,6,29302820979,2496006,0
29.3078,8,29305343985,2496006,0
29.3104,7,29307866991,2496006,0
29.3129,17,29310389997,2469000,1
29.3129,19,29310389997,2469000,1
29.3153,6,29312874997,2469000,1
29.3153,23,29312874997,2469000,1
29.3153,11,29312874997,2469000,1
29.3178,19,29315341997,2496006,0
29.3204,16,29317865003,2496006,0
29.3229,19,29320415009,2496006,0
29.3254,19,29322947015,2496006,0
29.328,8,29325470021,2496006,0
29.3305,7,29327993027,2496006,0
29.333,16,29330525033,2469000,1
29.333,9,29330525033,2469000,1
29.3358,17,29333305039,2469000,1
29.3408,20,29338331045,2496006,0
29.3434,19,29340854051,2496006,0
29.3459,6,29343377057,2496006,0
29.3484,8,29345918063,2496006,0
29.3509,20,29348450069,2469000,1
29.3509,7,29348450069,2469000,1
29.3534,19,29350935069,2496006,0
29.356,8,29353458075,2496006,0
29.3585,8,29355981081,2496006,0
29.361,6,29358531087,2496006,0
29.3639,19,29361367093,2496006,0
29.3664,2,29363890099,2496006,0
29.3689,16,29366440105,2496006,0
29.3715,8,29368981111,2496006,0
29.374,11,29371504117,2496006,0
29.3765,20,29374027123,2469000,1
29.379,16,29376512123,2469000,1
29.379,14,29376512123,2469000,1
29.3814,2,29378979123,2469000,1
29.3814,19,29378979123,2469000,1
29.3839,8,29381446123,2469000,1
29.3839,6,29381446123,2469000,1
29.3864,7,29383940123,2496006,0
29.389,7,29386463129,2496006,0
29.3915,11,29388986135,2496006,0
29.394,16,29391536141,2496006,0
29.3966,2,29394077147,2496006,0
29.3991,7,29396609153,2469000,1
29.3991,19,29396609153,2469000,1
29.4016,13,29399094153,2469000,1
29.4016,9,29399094153,2469000,1
29.4041,19,29401570153,2496006,0
29.4066,11,29404093159,2469000,1
29.4066,8,29404093159,2469000,1
29.4091,22,29406560159,2496006,0
29.4116,16,29409083165,2496006,0
29.4166,1,29414138177,2496006,0
29.4192,2,29416661183,2496006,0
29.4217,16,29419184189,2469000,1
29.4217,15,29419184189,2469000,1
29.4241,20,29421669189,2469000,1
29.4241,19,29421669189,2469000,1
29.4266,6,29424136189,2469000,1
29.4266,8,29424136189,2469000,1
29.4291,2,29426612189,2469000,1
29.4291,14,29426612189,2469000,1
29.4291,11,29426612189,2469000,1
29.4316,1,29429088189,2496006,0
29.4341,1,29431611195,2496006,0
29.4369,22,29434447201,2496006,0
29.4395,7,29436988207,2496006,0
29.442,22,29439511213,2496006,0
29.4445,11,29442043219,2496006,0
29.4471,22,29444575225,2496006,0
29.4496,2,29447098231,2496006,0
29.4521,2,29449630237,2496006,0
29.4546,18,29452153243,2469000,1
29.4546,22,29452153243,2469000,1
29.4571,10,29454629243,2496006,0
29.4596,1,29457152249,2496006,0
29.4622,7,29459675255,2496006,0
29.4647,10,29462198261,2469000,1
29.4674,11,29464978267,2469000,1
29.4674,16,29464978267,2469000,1
29.4699,19,29467445267,2496006,0
29.4725,1,29469968273,2496006,0
29.475,19,29472491279,2496006,0
29.4775,22,29475014285,2496006,0
29.48,1,29477537291,2496006,0
29.4825,7,29480060297,2469000,1
29.4825,19,29480060297,2469000,1
29.485,6,29482527297,2469000,1
29.485,7,29482529297,2469000,1
29.4875,2,29485005297,2496006,0
29.49,12,29487537303,2496006,0
29.4926,16,29490060309,2496006,0
29.4951,2,29492619315,2469000,1
29.4951,22,29492619315,2469000,1
29.4976,16,29495104315,2496006,0
29.5001,1,29497627321,2469000,1
29.5001,19,29497627321,2469000,1
29.5026,9,29500094321,2496006,0
29.5051,1,29502626327,2496006,0
29.5076,12,29505149333,2469000,1
29.5076,22,29505149333,2469000,1
29.5076,1,29505149333,2469000,1
29.5101,11,29507625333,2496006,0
29.5127,10,29510166339,2496006,0
29.5152,16,29512689345,2496006,0
29.5177,7,29515212351,2496006,0
29.5202,21,29517753357,2496006,0
29.5227,7,29520276363,2469000,1
29.5252,9,29522743363,2496006,0
29.5278,21,29525275369,2496006,0
29.5303,10,29527798375,2469000,1
29.5303,2,29527798375,2469000,1
29.5303,7,29527798375,2469000,1
29.5328,4,29530265375,2496006,0
29.5353,11,29532788381,2496006,0
29.5378,4,29535311387,2496006,0
29.5407,12,29538156393,2496006,0
29.5431,16,29540679399,2469000,1
29.5431,10,29540679399,2469000,1
29.5431,12,29540679399,2469000,1
29.5456,11,29543146399,2469000,1
29.5456,21,29543146399,2469000,1
29.5456,10,29543148399,2469000,1
29.5481,4,29545624399,2469000,1
29.5481,9,29545624399,2469000,1
29.5506,21,29548100399,2496006,0
29.5531,9,29550632405,2496006,0
29.5557,1,29553164411,2496006,0
29.5582,1,29555714417,2496006,0
29.5607,21,29558246423,2469000,1
29.5607,3,29558246423,2469000,1
29.5607,20,29558246423,2469000,1
29.5607,12,29558246423,2469000,1
29.5632,9,29560722423,2496006,0
29.5657,8,29563245429,2469000,1
29.5657,22,29563245429,2469000,1
29.5657,21,29563245429,2469000,1
29.5685,16,29566025435,2496006,0
29.5711,9,29568557441,2496006,0
29.5736,9,29571080447,2496006,0
29.5761,4,29573612453,2496006,0
29.5786,16,29576144459,2469000,1
29.5786,1,29576144459,2469000,1
29.5811,9,29578620459,2496006,0
29.5836,2,29581143465,2469000,1
29.5836,11,29581143465,2469000,1
29.5836,20,29581143465,2469000,1
29.5861,2,29583612465,2496006,0
29.5886,21,29586144471,2469000,1
29.5886,20,29586144471,2469000,1
29.5911,2,29588611471,2496006,0
29.5936,4,29591134477,2469000,1
29.5961,19,29593610477,2469000,1
29.5986,2,29596077477,2496006,0
29.6011,16,29598609483,2496006,0
29.6036,7,29601132489,2496006,0
29.6062,6,29603655495,2496006,0
29.6112,9,29608701507,2496006,0
29.6137,9,29611224513,2496006,0
29.6162,2,29613765519,2469000,1
29.6162,9,29613765519,2469000,1
29.6187,12,29616241519,2496006,0
29.6212,6,29618764525,2469000,1
29.6212,11,29618764525,2469000,1
29.6212,9,29618764525,2469000,1
29.6237,6,29621240525,2496006,0
29.6263,16,29623763531,2496006,0
29.6288,7,29626286537,2496006,0
29.6313,14,29628809543,2496006,0
29.6338,1,29631332549,2469000,1
29.6338,14,29631332549,2469000,1
29.6363,4,29633799549,2496006,0
29.6388,1,29636322555,2496006,0
29.6417,10,29639176561,2496006,0
29.6442,14,29641699567,2496006,0
29.6467,4,29644231573,2469000,1
29.6467,10,29644231573,2469000,1
29.6492,16,29646698573,2469000,1
29.6492,12,29646698573,2469000,1
29.6492,6,29646698573,2469000,1
29.6517,7,29649165573,2496006,0
29.6542,2,29651697579,2469000,1
29.6542,7,29651697579,2469000,1
29.6567,10,29654164579,2496006,0
29.6592,1,29656687585,2496006,0
29.6617,9,29659210591,2496006,0
29.6642,7,29661742597,2496006,0
29.6668,14,29664274603,2496006,0
29.6693,9,29666797609,2469000,1
29.6693,7,29666797609,2469000,1
29.6721,10,29669586615,2496006,0
29.6746,1,29672109621,2469000,1
29.6746,12,29672109621,2469000,1
29.6771,2,29674576621,2496006,0
29.6796,10,29677135627,2496006,0
29.6822,14,29679658633,2496006,0
29.6847,23,29682181639,2469000,1
29.6847,21,29682181639,2469000,1
29.6871,9,29684648639,2469000,1
29.6896,9,29687117639,2496006,0
29.6921,9,29689649645,2496006,0
29.6946,10,29692172651,2469000,1
29.6946,6,29692172651,2469000,1
29.6971,16,29694639651,2469000,1
29.6971,23,29694639651,2469000,1
29.6971,9,29694639651,2469000,1
29.6996,14,29697106651,2496006,0
29.7021,2,29699629657,2469000,1
29.7021,4,29699629657,2469000,1
29.7046,17,29702096657,2496006,0
29.7071,1,29704628663,2496006,0
29.7096,17,29707151669,2496006,0
29.7122,1,29709674675,2496006,0
29.7147,12,29712197681,2496006,0
29.7172,7,29714720687,2469000,1
29.7172,9,29714720687,2469000,1
29.7197,17,29717196687,2469000,1
29.7197,12,29717196687,2469000,1
29.7221,13,29719672687,2469000,1
29.7221,10,29719672687,2469000,1
29.7221,7,29719672687,2469000,1
29.7246,1,29722139687,2496006,0
29.7272,14,29724662693,2496006,0
29.7297,11,29727194699,2496006,0
29.7322,16,29729717705,2496006,0
29.7347,1,29732240711,2496006,0
29.7373,16,29734790717,2469000,1
29.7373,11,29734790717,2469000,1
29.7397,1,29737257717,2469000,1
29.7397,10,29737257717,2469000,1
29.7422,9,29739724717,2469000,1
29.7422,17,29739724717,2469000,1
29.7422,11,29739724717,2469000,1
29.7422,10,29739726717,2469000,1
29.745,14,29742515723,2496006,0
29.7475,6,29745047729,2469000,1
29.7475,4,29745047729,2469000,1
29.75,2,29747523729,2469000,1
29.75,9,29747523729,2469000,1
29.7525,1,29750008729,2496006,0
29.755,14,29752531735,2496006,0
29.7576,12,29755081741,2496006,0
29.7601,14,29757613747,2469000,1
29.7601,1,29757613747,2469000,1
29.7652,19,29762666753,2496006,0
29.7677,19,29765189759,2496006,0
29.7702,22,29767712765,2469000,1
29.7702,21,29767712765,2469000,1
29.7702,12,29767712765,2469000,1
29.773,16,29770501771,2496006,0
29.7755,11,29773024777,2496006,0
29.7781,1,29775556783,2496006,0
29.7806,4,29778097789,2496006,0
29.7831,16,29780620795,2496006,0
29.7856,19,29783143801,2496006,0
29.7882,11,29785666807,2496006,0
29.7907,1,29788189813,2496006,0
29.7932,17,29790712819,2496006,0
29.7957,14,29793235825,2469000,1
29.7957,19,29793235825,2469000,1
29.7982,11,29795702825,2496006,0
29.8008,1,29798270831,2496006,0
29.8033,16,29800793837,2496006,0
29.8058,1,29803316843,2496006,0
29.8083,4,29805839849,2496006,0
29.8109,17,29808362855,2496006,0
29.8134,12,29810885861,2496006,0
29.8159,11,29813408867,2496006,0
29.8184,2,29815931873,2496006,0
29.8209,4,29818463879,2469000,1
29.8209,12,29818463879,2469000,1
29.8234,11,29820930879,2496006,0
29.8259,17,29823453885,2496006,0
29.8285,6,29825985891,2469000,1
29.8285,4,29825985891,2469000,1
29.831,16,29828461891,2496006,0
29.8335,1,29830984897,2496006,0
29.836,19,29833516903,2469000,1
29.836,12,29833516903,2469000,1
29.8385,11,29836001903,2496006,0
29.841,7,29838524909,2496006,0
29.8435,2,29841047915,2496006,0
29.8464,17,29843883921,2496006,0
29.8489,16,29846406927,2496006,0
29.8514,7,29848938933,2469000,1
29.8514,1,29848938933,2469000,1
29.8539,2,29851405933,2469000,1
29.8564,17,29853872933,2496006,0
29.8589,9,29856404939,2469000,1
29.8589,17,29856404939,2469000,1
29.8613,11,29858871939,2469000,1
29.8613,7,29858871939,2469000,1
29.8639,4,29861356939,2496006,0
29.8664,19,29863888945,2496006,0
29.8689,16,29866411951,2496006,0
29.8714,1,29868934957,2469000,1
29.8714,17,29868934957,2469000,1
29.8739,19,29871419957,2496006,0
29.8768,11,29874264963,2496006,0
29.8793,6,29876787969,2469000,1
29.8793,11,29876787969,2469000,1
29.8818,11,29879256969,2496006,0
29.8843,2,29881779975,2496006,0
29.8868,4,29884302981,2496006,0
29.8893,14,29886852987,2469000,1
29.8893,16,29886852987,2469000,1
29.8918,4,29889346987,2469000,1
29.8918,2,29889346987,2469000,1
29.8943,19,29891822987,2496006,0
29.8968,21,29894345993,2496006,0
29.8994,11,29896886999,2496006,0
29.9019,2,29899410005,2496006,0
29.9045,12,29901978011,2496006,0
29.907,16,29904501017,2496006,0
29.9095,21,29907024023,2469000,1
29.9095,22,29907024023,2469000,1
29.912,19,29909500023,2469000,1
29.912,12,29909500023,2469000,1
29.9145,4,29911994023,2469000,1
29.9145,11,29911994023,2469000,1
29.9169,2,29914470023,2469000,1
29.9169,19,29914470023,2469000,1
29.9195,11,29916955023,2496006,0
29.9219,8,29919478029,2469000,1
29.9219,16,29919478029,2469000,1
29.9244,21,29921945029,2496006,0
29.927,16,29924468035,2496006,0
29.9295,7,29926991041,2469000,1
29.9295,1,29926991041,2469000,1
29.9345,21,29932008047,2469000,1
29.9345,17,29932008047,2469000,1
29.937,11,29934502047,2496006,0
29.9395,16,29937043053,2496006,0
29.9421,21,29939566059,2496006,0
29.9446,16,29942098065,2496006,0
29.9471,22,29944630071,2496006,0
29.95,11,29947466077,2496006,0
29.9525,12,29949989083,2496006,0
29.955,21,29952512089,2496006,0
29.9575,22,29955044095,2496006,0
29.9601,11,29957567101,2496006,0
29.9626,2,29960090107,2469000,1
29.9626,21,29960090107,2469000,1
29.9651,21,29962559107,2496006,0
29.9676,1,29965091113,2496006,0
29.9701,16,29967632119,2496006,0
29.9727,1,29970155125,2496006,0
29.9752,12,29972678131,2496006,0
29.978,4,29975523137,2469000,1
29.978,16,29975523137,2469000,1
29.9805,12,29977990137,2496006,0
29.983,18,29980513143,2469000,1
29.983,4,29980513143,2469000,1
29.9855,16,29982980143,2496006,0
29.988,22,29985503149,2469000,1
29.988,16,29985503149,2469000,1
29.9904,11,29987970149,2469000,1
29.9904,21,29987970149,2469000,1
29.9929,1,29990446149,2496006,0
29.9955,18,29992969155,2496006,0
29.998,12,29995519161,2469000,1
29.998,21,29995519161,2469000,1
30.0005,1,29998022161,2469000,1
30.0005,19,29998022161,2469000,1
30.0005,22,29998022161,2469000,1
30.0005,21,29998022161,2469000,1
30.003,18,30000489161,2469000,1
30.003,16,30000489161,2469000,1
30.003,22,30000491161,2469000,1
30.0055,18,30002985161,2496006,0
30.0105,18,30008067173,2469000,1
30.0105,3,30008067173,2469000,1
30.0105,10,30008067173,2469000,1
30.0131,11,30010597173,2496006,0
30.0156,16,30013129179,2469000,1
30.0156,18,30013129179,2469000,1
30.0181,15,30015596179,2496006,0
30.0206,12,30018128185,2496006,0
30.0231,18,30020651191,2496006,0
30.0257,18,30023192197,2496006,0
30.0282,18,30025715203,2496006,0
30.0307,11,30028247209,2496006,0
30.0332,14,30030770215,2469000,1
30.0332,1,30030770215,2469000,1
30.0357,18,30033246215,2496006,0
30.0382,11,30035778221,2469000,1
30.0382,2,30035778221,2469000,1
30.0407,1,30038245221,2496006,0
30.0432,15,30040768227,2469000,1
30.0432,18,30040768227,2469000,1
30.0457,12,30043235227,2496006,0
30.0483,22,30045767233,2496006,0
30.0511,22,30048603239,2496006,0
30.0536,1,30051144245,2496006,0
30.0562,18,30053676251,2496006,0
30.0587,12,30056208257,2496006,0
30.0612,19,30058731263,2469000,1
30.0612,11,30058731263,2469000,1
30.0637,1,30061198263,2496006,0
30.0662,18,30063730269,2469000,1
30.0662,22,30063730269,2469000,1
30.0687,1,30066215269,2496006,0
30.0712,15,30068747275,2469000,1
30.0712,11,30068747275,2469000,1
30.0737,18,30071214275,2469000,1
30.0737,1,30071214275,2469000,1
30.0762,1,30073683275,2496006,0
30.0787,2,30076233281,2469000,1
30.0787,12,30076233281,2469000,1
30.0816,1,30079076287,2496006,0
30.0841,16,30081608293,2469000,1
30.0841,1,30081608293,2469000,1
30.0866,7,30084093293,2469000,1
30.0866,17,30084093293,2469000,1
30.0866,22,30084093293,2469000,1
30.0891,15,30086569293,2496006,0
30.0916,22,30089101299,2496006,0
30.0941,22,30091624305,2496006,0
30.0966,21,30094147311,2469000,1
30.0966,12,30094147311,2469000,1
30.0992,15,30096677311,2496006,0
30.1017,22,30099200317,2496006,0
30.1042,15,30101723323,2496006,0
30.1068,1,30104255329,2496006,0
30.1093,22,30106787335,2496006,0
30.1118,15,30109337341,2496006,0
30.1144,18,30111860347,2496006,0
30.1194,1,30116915359,2496006,0
30.1219,15,30119465365,2469000,1
30.1219,11,30119465365,2469000,1
30.1244,18,30121932365,2496006,0
30.1269,22,30124464371,2469000,1
30.1269,15,30124464371,2469000,1
30.1294,1,30126940371,2496006,0
30.132,18,30129481377,2496006,0
30.1345,12,30132013383,2496006,0
30.137,12,30134536389,2496006,0
30.1395,18,30137068395,2469000,1
30.1395,1,30137068395,2469000,1
30.142,9,30139544395,2496006,0
30.1446,4,30142076401,2496006,0
30.1471,4,30144626407,2496006,0
30.1496,12,30147149413,2469000,1
30.1496,18,30147149413,2469000,1
30.1521,4,30149616413,2496006,0
30.1549,5,30152452419,2496006,0
30.1575,18,30154984425,2496006,0
30.16,22,30157516431,2469000,1
30.16,18,30157516431,2469000,1
30.1625,9,30159992431,2496006,0
30.165,5,30162515437,2496006,0
30.1675,4,30165047443,2496006,0
30.1701,1,30167606449,2496006,0
30.1726,17,30170147455,2496006,0
30.1752,12,30172670461,2496006,0
30.1777,15,30175193467,2496006,0
30.1802,4,30177716473,2469000,1
30.1802,15,30177716473,2469000,1
30.183,9,30180496479,2496006,0
30.1855,5,30183019485,2496006,0
30.188,1,30185542491,2469000,1
30.188,18,30185542491,2469000,1
30.1905,17,30188018491,2469000,1
30.1905,4,30188018491,2469000,1
30.193,12,30190485491,2469000,1
30.193,22,30190485491,2469000,1
30.1954,9,30192952491,2496006,0
30.198,15,30195493497,2496006,0
30.2005,22,30198016503,2496006,0
30.203,3,30200539509,2496006,0
30.2056,5,30203062515,2496006,0
30.2081,16,30205603521,2496006,0
30.2106,9,30208126527,2469000,1
30.2131,22,30210593527,2496006,0
30.2156,22,30213125533,2496006,0
30.2181,5,30215657539,2469000,1
30.2181,12,30215657539,2469000,1
30.2206,16,30218124539,2469000,1
30.2206,15,30218124539,2469000,1
30.2231,1,30220600539,2469000,1
30.2231,3,30220600539,2469000,1
30.2256,22,30223085539,2496006,0
30.2281,22,30225608545,2496006,0
30.2306,17,30228149551,2496006,0
30.2332,22,30230681557,2496006,0
30.2357,16,30233213563,2496006,0
30.2382,9,30235745569,2496006,0
30.2408,9,30238268575,2496006,0
30.2433,22,30240809581,2496006,0
30.2458,22,30243332587,2496006,0
30.2484,22,30245882593,2496006,0
30.2509,5,30248405599,2469000,1
30.2509,17,30248405599,2469000,1
30.2534,16,30250890599,2496006,0
30.2562,9,30253726605,2496006,0
30.2587,14,30256249611,2469000,1
30.2587,15,30256249611,2469000,1
30.2587,16,30256249611,2469000,1
30.2637,3,30261248617,2469000,1
30.2637,9,30261248617,2469000,1
30.2662,18,30263733617,2496006,0
30.2688,22,30266256623,2496006,0
30.2713,4,30268851629,2496006,0
30.2739,1,30271383635,2496006,0
30.2764,22,30273906641,2469000,1
30.2764,18,30273906641,2469000,1
30.2789,17,30276373641,2496006,0
30.2814,16,30278914647,2496006,0
30.2839,16,30281437653,2496006,0
30.2868,1,30284282659,2469000,1
30.2868,22,30284282659,2469000,1
30.2893,1,30286758659,2496006,0
30.2918,18,30289281665,2496006,0
30.2943,4,30291804671,2496006,0
30.2968,9,30294327677,2496006,0
30.2993,12,30296850683,2496006,0
30.3019,5,30299373689,2496006,0
30.3044,17,30301905695,2469000,1
30.3044,5,30301905695,2469000,1
30.3068,9,30304372695,2469000,1
30.3068,17,30304374695,2469000,1
30.3093,16,30306841695,2496006,0
30.3118,9,30309364701,2469000,1
30.3118,16,30309364701,2469000,1
30.3143,18,30311840701,2496006,0
30.3168,6,30314363707,2469000,1
30.3168,1,30314363707,2469000,1
30.3193,4,30316830707,2496006,0
30.3218,4,30319353713,2496006,0
30.3244,1,30321894719,2496006,0
30.3269,4,30324417725,2496006,0
30.3294,12,30326940731,2469000,1
30.3294,1,30326940731,2469000,1
30.3319,1,30329409731,2496006,0
30.3344,18,30331932737,2496006,0
30.337,4,30334455743,2496006,0
30.3395,2,30336978749,2496006,0
30.342,16,30339501755,2496006,0
30.3445,15,30342033761,2469000,1
30.3445,2,30342033761,2469000,1
30.347,4,30344500761,2469000,1
30.347,2,30344502761,2469000,1
30.3495,22,30346969761,2496006,0
30.352,5,30349492767,2496006,0
30.3545,5,30352024773,2496006,0
30.357,16,30354547779,2496006,0
30.3599,1,30357383785,2496006,0
30.3624,3,30359915791,2469000,1
30.3624,18,30359915791,2469000,1
30.3624,5,30359915791,2469000,1
30.3649,1,30362400791,2469000,1
30.3649,4,30362400791,2469000,1
30.3674,22,30364885791,2469000,1
30.3674,4,30364885791,2469000,1
30.3698,5,30367352791,2496006,0
30.3724,16,30369875797,2496006,0
30.3749,2,30372398803,2496006,0
30.3799,11,30377453815,2496006,0
30.3825,1,30379985821,2496006,0
30.385,12,30382517827,2496006,0
30.3878,5,30385353833,2496006,0
30.3904,16,30387894839,2469000,1
30.3904,9,30387894839,2469000,1
30.3928,2,30390361839,2469000,1
30.3928,5,30390361839,2469000,1
30.3953,2,30392830839,2496006,0
30.3978,17,30395353845,2496006,0
30.4004,11,30397885851,2496006,0
30.4029,18,30400408857,2469000,1
30.4029,22,30400408857,2469000,1
30.4054,1,30402875857,2496006,0
30.4079,12,30405425863,2496006,0
30.4104,19,30407948869,2496006,0
30.4129,1,30410471875,2469000,1
30.4129,17,30410471875,2469000,1
30.4129,12,30410471875,2469000,1
30.4154,11,30412938875,2496006,0
30.418,22,30415461881,2496006,0
30.4205,7,30417993887,2469000,1
30.4205,2,30417993887,2469000,1
30.4205,17,30417993887,2469000,1
30.4205,11,30417993887,2469000,1
30.423,21,30420460887,2496006,0
30.4255,16,30422983893,2496006,0
30.428,19,30425506899,2496006,0
30.4305,8,30428038905,2496006,0
30.4331,20,30430570911,2496006,0
30.4356,16,30433111917,2469000,1
30.4356,12,30433111917,2469000,1
30.4356,22,30433111917,2469000,1
30.4356,17,30433111917,2469000,1
30.4381,11,30435587917,2496006,0
30.4406,21,30438119923,2496006,0
30.4431,8,30440642929,2469000,1
30.4431,2,30440642929,2469000,1
30.4456,5,30443109929,2496006,0
30.4481,19,30445632935,2496006,0
30.4507,16,30448155941,2496006,0
30.4532,11,30450687947,2469000,1
30.4532,12,30450687947,2469000,1
30.4557,20,30453154947,2496006,0
30.4582,15,30455695953,2469000,1
30.4582,20,30455695953,2469000,1
30.461,16,30458484959,2469000,1
30.461,21,30458484959,2469000,1
30.4634,22,30460951959,2496006,0
30.4659,19,30463474965,2469000,1
30.4659,1,30463474965,2469000,1
30.4659,20,30463474965,2469000,1
30.4684,5,30465941965,2496006,0
30.471,22,30468473971,2496006,0
30.4735,8,30471050977,2469000,1
30.4735,19,30471050977,2469000,1
30.476,22,30473517977,2496006,0
30.4785,5,30476040983,2496006,0
30.4811,22,30478572989,2496006,0
30.4836,11,30481095995,2496006,0
30.4861,16,30483619001,2469000,1
30.4861,22,30483619001,2469000,1
30.4886,21,30486086001,2496006,0
30.4914,5,30488940007,2496006,0
30.494,1,30491463013,2496006,0
30.4965,18,30493986019,2496006,0
30.499,21,30496509025,2496006,0
30.5015,1,30499032031,2469000,1
30.5015,18,30499032031,2469000,1
30.504,5,30501517031,2496006,0
30.5065,22,30504049037,2496006,0
30.5091,11,30506581043,2469000,1
30.5091,5,30506581043,2469000,1
30.5091,22,30506581043,2469000,1
30.5116,21,30509057043,2496006,0
30.5141,18,30511580049,2496006,0
30.5166,18,30514112055,2496006,0
30.5191,3,30516635061,2496006,0
30.5217,9,30519158067,2496006,0
30.5242,3,30521681073,2496006,0
30.5267,1,30524213079,2496006,0
30.5292,3,30526754085,2469000,1
30.5292,2,30526754085,2469000,1
30.5292,1,30526754085,2469000,1
30.5317,11,30529221085,2496006,0
30.5342,18,30531753091,2469000,1
30.5342,21,30531753091,2469000,1
30.5367,16,30534229091,2469000,1
30.5367,22,30534229091,2469000,1
30.5392,18,30536696091,2496006,0
30.5417,3,30539219097,2496006,0
30.5442,8,30541760103,2469000,1
30.5442,9,30541760103,2469000,1
30.5442,1,30541760103,2469000,1
30.5467,11,30544227103,2496006,0
30.5493,20,30546759109,2496006,0
30.5518,4,30549300115,2469000,1
30.5518,5,30549300115,2469000,1
30.5543,22,30551767115,2496006,0
30.5568,5,30554299121,2496006,0
30.5593,3,30556822127,2496006,0
30.5618,18,30559345133,2496006,0
30.5647,11,30562190139,2469000,1
30.5647,21,30562190139,2469000,1
30.5647,3,30562190139,2469000,1
30.5671,5,30564666139,2469000,1
30.5671,22,30564666139,2469000,1
30.5671,20,30564666139,2469000,1
30.5696,18,30567151139,2469000,1
30.5696,19,30567151139,2469000,1
30.5696,20,30567151139,2469000,1
30.5721,15,30569618139,2496006,0
30.5747,10,30572168145,2496006,0
30.5772,11,30574709151,2496006,0
30.5797,15,30577241157,2496006,0
30.5823,9,30579764163,2496006,0
30.5848,15,30582305169,2469000,1
30.5848,9,30582305169,2469000,1
30.5873,3,30584772169,2496006,0
30.5898,22,30587304175,2469000,1
30.5898,18,30587304175,2469000,1
30.5926,10,30590084181,2496006,0
30.5951,11,30592607187,2469000,1
30.5951,18,30592607187,2469000,1
30.5975,7,30595074187,2469000,1
30.5975,15,30595074187,2469000,1
30.6,17,30597568187,2469000,1
30.6025,19,30600044187,2496006,0
30.605,4,30602567193,2469000,1
30.605,5,30602567193,2469000,1
30.6075,21,30605034193,2469000,1
30.61,10,30607510193,2496006,0
30.6125,19,30610033199,2469000,1
30.6125,3,30610033199,2469000,1
30.6175,12,30615032205,2496006,0
30.62,10,30617555211,2469000,1
30.62,11,30617555211,2469000,1
30.6225,1,30620031211,2469000,1
30.6225,9,30620031211,2469000,1
30.625,20,30622525211,2496006,0
30.6276,12,30625066217,2496006,0
30.6301,16,30627598223,2496006,0
30.6326,5,30630139229,2496006,0
30.6352,16,30632671235,2496006,0
30.6377,20,30635212241,2496006,0
30.6402,8,30637753247,2496006,0
30.6428,3,30640276253,2496006,0
30.6453,18,30642799259,2496006,0
30.6478,12,30645322265,2496006,0
30.6503,19,30647845271,2469000,1
30.6503,12,30647845271,2469000,1
30.6528,10,30650312271,2496006,0
30.6553,5,30652835277,2496006,0
30.6579,16,30655367283,2496006,0
30.6604,16,30657899289,2496006,0
30.6629,3,30660422295,2469000,1
30.6629,20,30660422295,2469000,1
30.6657,18,30663202301,2496006,0
30.6682,12,30665725307,2496006,0
30.6707,8,30668248313,2496006,0
30.6733,8,30670771319,2496006,0
30.6758,5,30673294325,2469000,1
30.6758,15,30673294325,2469000,1
30.6782,10,30675779325,2469000,1
30.6782,16,30675779325,2469000,1
30.6782,20,30675779325,2469000,1
30.6808,18,30678264325,2496006,0
30.6833,22,30680787331,2496006,0
30.6883,11,30685851343,2469000,1
30.6883,12,30685851343,2469000,1
30.6908,18,30688318343,2469000,1
30.6908,8,30688318343,2469000,1
30.6933,22,30690803343,2496006,0
30.6961,16,30693639349,2496006,0
30.6986,18,30696171355,2469000,1
30.6986,22,30696171355,2469000,1
30.7011,2,30698647355,2496006,0
30.7036,17,30701170361,2469000,1
30.7036,5,30701170361,2469000,1
30.7036,8,30701170361,2469000,1
30.7061,16,30703646361,2469000,1
30.7061,3,30703646361,2469000,1
30.7061,5,30703646361,2469000,1
30.7086,20,30706113361,2469000,1
30.7086,22,30706113361,2469000,1
30.7111,9,30708607361,2496006,0
30.7136,9,30711139367,2496006,0
30.7162,2,30713689373,2496006,0
30.7187,10,30716212379,2496006,0
30.7212,19,30718735385,2496006,0
30.7237,18,30721258391,2469000,1
30.7237,19,30721258391,2469000,1
30.7262,16,30723725391,2496006,0
30.7287,10,30726248397,2496006,0
30.7313,9,30728771403,2496006,0
30.7338,1,30731294409,2496006,0
30.7363,12,30733826415,2496006,0
30.7388,10,30736349421,2469000,1
30.7388,2,30736349421,2469000,1
30.7413,9,30738825421,2496006,0
30.7439,1,30741384427,2496006,0
30.7464,16,30743925433,2496006,0
30.7489,1,30746457439,2469000,1
30.7489,19,30746457439,2469000,1
30.7514,12,30748924439,2469000,1
30.7539,2,30751391439,2496006,0
30.7564,15,30753914445,2496006,0
30.7589,9,30756455451,2469000,1
30.7589,15,30756455451,2469000,1
30.7614,2,30758922451,2496006,0
30.7639,8,30761445457,2496006,0
30.7664,21,30763968463,2469000,1
30.7664,19,30763968463,2469000,1
30.7692,10,30766748469,2469000,1
30.7692,15,30766748469,2469000,1
30.7692,2,30766748469,2469000,1
30.7717,16,30769215469,2496006,0
30.7743,14,30771756475,2496006,0
30.7768,3,30774288481,2496006,0
30.7793,16,30776820487,2469000,1
30.7793,22,30776820487,2469000,1
30.7818,8,30779296487,2496006,0
30.7843,3,30781828493,2496006,0
30.7868,1,30784378499,2469000,1
30.7868,12,30784378499,2469000,1
30.7868,3,30784378499,2469000,1
30.7893,8,30786845499,2496006,0
30.7919,14,30789377505,2496006,0
30.7944,9,30791936511,2496006,0
30.7973,12,30794790517,2496006,0
30.7998,2,30797313523,2496006,0
30.8023,14,30799836529,2469000,1
30.8023,8,30799836529,2469000,1
30.8023,12,30799836529,2469000,1
30.8048,13,30802303529,2469000,1
30.8048,21,30802303529,2469000,1
30.8048,2,30802303529,2469000,1
30.8073,15,30804779529,2496006,0
30.8098,16,30807302535,2496006,0
30.8123,13,30809825541,2496006,0
30.8148,1,30812348547,2496006,0
30.8173,9,30814871553,2469000,1
30.8173,2,30814871553,2469000,1
30.8173,15,30814871553,2469000,1
30.8198,9,30817340553,2469000,1
30.8223,3,30819807553,2469000,1
30.8223,13,30819807553,2469000,1
30.8248,16,30822274553,2496006,0
30.8273,19,30824815559,2496006,0
30.8298,19,30827347565,2496006,0
30.8323,10,30829870571,2469000,1
30.8323,8,30829870571,2469000,1
30.8348,16,30832337571,2496006,0
30.8374,12,30834860577,2496006,0
30.8399,14,30837383583,2496006,0
30.8424,5,30839915589,2469000,1
30.8424,2,30839915589,2469000,1
30.8449,1,30842382589,2496006,0
30.8474,14,30844914595,2469000,1
30.8474,16,30844914595,2469000,1
30.8499,12,30847408595,2469000,1
30.8499,15,30847408595,2469000,1
30.8524,19,30849884595,2496006,0
30.8549,1,30852416601,2496006,0
30.8574,13,30854948607,2469000,1
30.8574,14,30854948607,2469000,1
30.8599,1,30857433607,2496006,0
30.8625,22,30859956613,2496006,0
30.865,19,30862479619,2496006,0
30.8675,18,30865002625,2496006,0
30.8703,16,30867847631,2496006,0
30.8729,11,30870370637,2496006,0
30.8754,3,30872902643,2496006,0
30.8779,11,30875434649,2496006,0
30.8805,9,30877957655,2496006,0
30.8829,16,30880480661,2469000,1
30.8829,22,30880480661,2469000,1
30.8829,9,30880480661,2469000,1
30.8854,18,30882947661,2469000,1
30.8854,9,30882949661,2469000,1
30.8879,3,30885416661,2496006,0
30.8904,14,30887939667,2469000,1
30.8904,1,30887939667,2469000,1
30.8929,19,30890406667,2496006,0
30.8954,16,30892929673,2469000,1
30.8954,3,30892929673,2469000,1
30.8979,20,30895405673,2469000,1
30.8979,19,30895405673,2469000,1
30.9007,11,30898185679,2469000,1
30.9007,12,30898185679,2469000,1
30.9032,6,30900661679,2496006,0
30.9082,15,30905734691,2469000,1
30.9082,18,30905734691,2469000,1
30.9107,18,30908203691,2496006,0
30.9132,1,30910735697,2469000,1
30.9132,15,30910735697,2469000,1
30.9157,11,30913211697,2496006,0
30.9182,6,30915752703,2496006,0
30.9208,3,30918275709,2496006,0
30.9233,8,30920798715,2469000,1
30.9233,18,30920798715,2469000,1
30.9258,22,30923283715,2496006,0
30.9283,19,30925806721,2496006,0
30.9308,6,30928329727,2496006,0
30.9333,10,30930861733,2469000,1
30.9333,19,30930861733,2469000,1
30.9358,22,30933346733,2469000,1
30.9358,11,30933346733,2469000,1
30.9383,13,30935813733,2496006,0
30.9408,16,30938336739,2469000,1
30.9408,8,30938336739,2469000,1
30.9433,19,30940812739,2496006,0
30.9458,3,30943335745,2496006,0
30.9484,13,30945867751,2496006,0
30.9509,12,30948390757,2496006,0
30.9534,5,30950913763,2469000,1
30.9534,22,30950913763,2469000,1
30.9559,15,30953380763,2496006,0
30.9584,6,30955903769,2496006,0
30.9609,22,30958444775,2496006,0
30.9634,13,30960967781,2469000,1
30.9634,18,30960967781,2469000,1
30.9634,22,30960967781,2469000,1
30.9659,19,30963434781,2469000,1
30.9659,4,30963434781,2469000,1
30.9659,14,30963434781,2469000,1
30.9684,1,30965910781,2496006,0
30.9709,3,30968433787,2469000,1
30.9709,1,30968433787,2469000,1
30.9737,9,30971213793,2469000,1
30.9737,12,30971213793,2469000,1
30.9762,15,30973689793,2496006,0
30.9787,11,30976212799,2496006,0
30.9812,6,30978753805,2496006,0
30.9838,11,30981285811,2496006,0
30.9888,6,30986340823,2469000,1
30.9888,15,30986340823,2469000,1
30.9913,11,30988807823,2496006,0
30.9938,22,30991339829,2469000,1
30.9938,11,30991339829,2469000,1
30.9963,3,30993833829,2496006,0
30.9989,19,30996356835,2496006,0
31.0017,1,30999201841,2469000,1
31.0017,3,30999201841,2469000,1
31.0042,11,31001668841,2496006,0
31.0067,12,31004191847,2496006,0
31.0092,12,31006714853,2496006,0
31.0117,13,31009246859,2496006,0
31.0143,11,31011769865,2496006,0
31.0168,12,31014310871,2469000,1
31.0168,13,31014310871,2469000,1
31.0193,22,31016777871,2496006,0
31.0218,13,31019309877,2469000,1
31.0218,22,31019309877,2469000,1
31.0243,19,31021785877,2496006,0
31.0268,9,31024308883,2496006,0
31.0293,11,31026840889,2496006,0
31.0319,6,31029363895,2496006,0
31.0344,3,31031904901,2496006,0
31.0369,11,31034427907,2469000,1
31.0369,9,31034427907,2469000,1
31.0369,2,31034427907,2469000,1
31.0369,15,31034427907,2469000,1
31.0394,19,31036903907,2496006,0
31.0419,3,31039444913,2496006,0
31.0445,19,31042003919,2496006,0
31.047,6,31044526925,2469000,1
31.047,9,31044526925,2469000,1
31.0495,18,31046993925,2496006,0
31.052,22,31049534931,2496006,0
31.0546,12,31052057937,2496006,0
31.0571,1,31054580943,2496006,0
31.0596,3,31057103949,2469000,1
31.0596,20,31057103949,2469000,1
31.0621,22,31059570949,2496006,0
31.0646,19,31062093955,2469000,1
31.0646,12,31062093955,2469000,1
31.067,18,31064569955,2469000,1
31.067,19,31064569955,2469000,1
31.0695,11,31067045955,2496006,0
31.0721,6,31069586961,2496006,0
31.0749,1,31072422967,2496006,0
31.0774,22,31074945973,2496006,0
31.08,3,31077468979,2496006,0
31.0825,3,31079991985,2496006,0
31.085,6,31082514991,2496006,0
31.0875,22,31085055997,2469000,1
31.0875,1,31085055997,2469000,1
31.09,11,31087522997,2496006,0
31.0925,3,31090046003,2469000,1
31.0925,1,31090046003,2469000,1
31.095,12,31092531003,2469000,1
31.095,18,31092531003,2469000,1
31.0975,11,31094998003,2469000,1
31.0975,15,31094998003,2469000,1
31.1,16,31097474003,2496006,0
31.1025,22,31100006009,2496006,0
31.1053,6,31102842015,2496006,0
31.1079,1,31105365021,2496006,0
31.1104,13,31107888027,2496006,0
31.1129,9,31110411033,2469000,1
31.1129,6,31110411033,2469000,1
31.1129,1,31110411033,2469000,1
31.1154,13,31112878033,2496006,0
31.1179,19,31115410039,2469000,1
31.1179,13,31115410039,2469000,1
31.1204,11,31117913039,2496006,0
31.1229,16,31120436045,2469000,1
31.1229,22,31120436045,2469000,1
31.1254,6,31122948045,2496006,0
31.1279,7,31125471051,2469000,1
31.1279,3,31125471051,2469000,1
31.1279,12,31125471051,2469000,1
31.1304,18,31127938051,2469000,1
31.1304,11,31127938051,2469000,1
31.1329,1,31130459051,2469000,1
31.1329,6,31130459051,2469000,1
31.1354,8,31132935051,2496006,0
31.138,14,31135458057,2496006,0
31.1405,13,31137981063,2469000,1
31.1405,22,31137981063,2469000,1
31.1405,14,31137981063,2469000,1
31.1429,15,31140457063,2469000,1
31.1429,6,31140457063,2469000,1
31.1454,3,31142924063,2496006,0
31.1479,16,31145447069,2496006,0
31.1505,8,31147988075,2496006,0
31.153,13,31150538081,2469000,1
31.153,14,31150538081,2469000,1
31.1555,23,31153032081,2469000,1
31.1555,19,31153032081,2469000,1
31.158,3,31155517081,2496006,0
31.1605,16,31158049087,2469000,1
31.1605,8,31158049087,2469000,1
31.163,11,31160516087,2496006,0
31.1655,11,31163039093,2496006,0
31.1681,11,31165580099,2496006,0
31.1706,11,31168112105,2496006,0
31.1731,16,31170653111,2496006,0
31.1757,3,31173176117,2496006,0
31.1785,6,31176012123,2496006,0
31.181,1,31178553129,2496006,0
31.1836,3,31181085135,2469000,1
31.1836,4,31181085135,2469000,1
31.186,1,31183552135,2496006,0
31.1886,6,31186075141,2496006,0
31.1911,11,31188607147,2496006,0
31.1936,16,31191148153,2496006,0
31.1962,1,31193698159,2496006,0
31.1987,11,31196221165,2469000,1
31.1987,8,31196221165,2469000,1
31.2012,9,31198688165,2496006,0
31.2037,16,31201211171,2469000,1
31.2065,6,31203991177,2469000,1
31.2065,17,31203991177,2469000,1
31.2089,1,31206467177,2469000,1
31.2089,22,31206467177,2469000,1
31.2089,11,31206467177,2469000,1
31.2114,16,31208934177,2496006,0
31.2139,14,31211457183,2469000,1
31.2139,3,31211457183,2469000,1
31.219,18,31216456189,2496006,0
31.2215,9,31218997195,2496006,0
31.224,18,31221529201,2496006,0
31.2265,9,31224052207,2496006,0
31.2291,12,31226575213,2496006,0
31.2316,2,31229098219,2469000,1
31.2316,18,31229098219,2469000,1
31.2341,9,31231565219,2496006,0
31.2366,16,31234088225,2496006,0
31.2391,11,31236611231,2496006,0
31.2416,1,31239152237,2496006,0
31.2442,16,31241711243,2469000,1
31.2442,18,31241711243,2469000,1
31.2467,11,31244196243,2496006,0
31.2492,6,31246719249,2469000,1
31.2492,12,31246719249,2469000,1
31.2517,11,31249186249,2496006,0
31.2542,1,31251709255,2469000,1
31.2542,9,31251709255,2469000,1
31.2567,11,31254176255,2496006,0
31.2592,3,31256717261,2496006,0
31.2617,8,31259249267,2496006,0
31.2643,22,31261808273,2469000,1
31.2643,1,31261808273,2469000,1
31.2668,3,31264302273,2469000,1
31.2668,11,31264302273,2469000,1
31.2692,10,31266778273,2469000,1
31.2692,12,31266778273,2469000,1
31.2692,11,31266778273,2469000,1
31.2717,11,31269247273,2469000,1
31.2742,9,31271714273,2496006,0
31.2767,9,31274246279,2496006,0
31.2796,8,31277082285,2496006,0
31.2821,13,31279605291,2469000,1
31.2821,11,31279605291,2469000,1
31.2846,5,31282090291,2469000,1
31.2846,16,31282090291,2469000,1
31.2871,6,31284584291,2496006,0
31.2896,1,31287125297,2469000,1
31.2896,3,31287125297,2469000,1
31.2921,9,31289601297,2496006,0
31.2946,8,31292124303,2496006,0
31.2971,18,31294674309,2469000,1
31.2971,6,31294674309,2469000,1
31.2996,10,31297150309,2496006,0
31.3022,8,31299691315,2469000,1
31.3022,6,31299691315,2469000,1
31.3047,10,31302158315,2496006,0
31.3072,10,31304699321,2496006,0
31.31,9,31307544327,2496006,0
31.3125,12,31310067333,2469000,1
31.3125,10,31310067333,2469000,1
31.315,16,31312534333,2496006,0
31.3176,8,31315057339,2496006,0
31.3201,3,31317589345,2496006,0
31.3251,8,31322653357,2496006,0
31.3277,3,31325185363,2469000,1
31.3277,9,31325185363,2469000,1
31.3301,8,31327652363,2496006,0
31.3327,8,31330202369,2496006,0
31.3352,14,31332725375,2496006,0
31.3377,16,31335248381,2496006,0
31.3402,8,31337780387,2469000,1
31.3402,14,31337780387,2469000,1
31.3428,8,31340265387,2496006,0
31.3453,9,31342797393,2496006,0
31.3478,3,31345338399,2496006,0
31.3504,9,31347879405,2496006,0
31.3529,10,31350402411,2496006,0
31.3554,16,31352934417,2496006,0
31.358,18,31355457423,2496006,0
31.3605,10,31357980429,2496006,0
31.363,9,31360503435,2496006,0
31.3655,3,31363026441,2496006,0
31.368,8,31365549447,2469000,1
31.368,9,31365549447,2469000,1
31.3705,14,31368016447,2496006,0
31.373,16,31370548453,2496006,0
31.3755,18,31373080459,2469000,1
31.378,3,31375547459,2496006,0
31.3806,10,31378070465,2496006,0
31.3834,8,31380924471,2469000,1
31.3834,10,31380924471,2469000,1
31.3859,18,31383409471,2496006,0
31.3884,18,31385932477,2496006,0
31.391,14,31388455483,2496006,0
31.3935,6,31390996489,2469000,1
31.3935,16,31390996489,2469000,1
31.396,10,31393472489,2496006,0
31.3985,3,31395995495,2496006,0
31.401,10,31398545501,2496006,0
31.4036,18,31401068507,2496006,0
31.4061,3,31403591513,2496006,0
31.4086,1,31406114519,2496006,0
31.4114,9,31408950525,2469000,1
31.4114,14,31408950525,2469000,1
31.4114,18,31408950525,2469000,1
31.4114,1,31408950525,2469000,1
31.414,3,31411480525,2496006,0
31.4165,16,31414003531,2496006,0
31.419,10,31416535537,2469000,1
31.419,3,31416535537,2469000,1
31.4215,15,31419002537,2496006,0
31.424,22,31421525543,2469000,1
31.424,16,31421525543,2469000,1
31.4291,18,31426578549,2496006,0
31.4316,18,31429128555,2496006,0
31.4341,14,31431651561,2469000,1
31.4341,15,31431651561,2469000,1
31.4366,1,31434136561,2496006,0
31.4392,3,31436659567,2496006,0
31.4417,1,31439191573,2496006,0
31.4442,3,31441714579,2496006,0
31.4467,10,31444237585,2469000,1
31.4467,16,31444237585,2469000,1
31.4467,18,31444237585,2469000,1
31.4492,1,31446713585,2496006,0
31.4517,3,31449236591,2496006,0
31.4543,3,31451768597,2496006,0
31.4568,8,31454291603,2496006,0
31.4593,9,31456823609,2469000,1
31.4593,16,31456823609,2469000,1
31.4618,15,31459290609,2496006,0
31.4643,18,31461831615,2496006,0
31.4668,1,31464354621,2469000,1
31.4668,17,31464354621,2469000,1
31.4693,19,31466821621,2496006,0
31.4718,18,31469344627,2496006,0
31.4769,8,31474399639,2496006,0
31.4794,3,31476922645,2496006,0
31.4819,18,31479463651,2469000,1
31.4819,19,31479463651,2469000,1
31.4819,15,31479463651,2469000,1
31.4847,8,31482252657,2469000,1
31.4847,10,31482252657,2469000,1
31.4872,12,31484719657,2469000,1
31.4872,18,31484719657,2469000,1
31.4897,6,31487186657,2496006,0
31.4922,19,31489709663,2496006,0
31.4948,3,31492295669,2496006,0
31.4973,11,31494827675,2496006,0
31.4998,8,31497350681,2496006,0
31.5023,19,31499873687,2469000,1
31.5023,6,31499873687,2469000,1
31.5023,3,31499873687,2469000,1
31.5048,21,31502349687,2469000,1
31.5048,14,31502349687,2469000,1
31.5048,8,31502349687,2469000,1
31.5073,1,31504834687,2496006,0
31.5099,1,31507357693,2496006,0
31.5124,5,31509916699,2496006,0
31.5152,11,31512752705,2496006,0
31.5178,10,31515275711,2496006,0
31.5228,1,31520321723,2469000,1
31.5228,15,31520321723,2469000,1
31.5228,10,31520321723,2469000,1
31.5253,13,31522815723,2469000,1
31.5253,16,31522815723,2469000,1
31.5278,11,31525291723,2469000,1
31.5278,5,31525291723,2469000,1
31.5303,8,31527758723,2496006,0
31.5328,3,31530281729,2496006,0
31.5353,14,31532840735,2496006,0
31.5379,6,31535363741,2496006,0
31.5404,3,31537886747,2469000,1
31.5404,8,31537886747,2469000,1
31.5404,19,31537886747,2469000,1
31.5404,6,31537886747,2469000,1
31.5429,3,31540362747,2496006,0
31.5454,10,31542894753,2496006,0
31.5479,3,31545426759,2496006,0
31.5504,1,31547949765,2469000,1
31.5504,3,31547949765,2469000,1
31.5529,10,31550416765,2496006,0
31.5555,14,31552957771,2496006,0
31.558,8,31555480777,2496006,0
31.5605,5,31558012783,2469000,1
31.5605,6,31558012783,2469000,1
31.5605,3,31558012783,2469000,1
31.563,1,31560479783,2496006,0
31.5655,5,31563002789,2496006,0
31.568,18,31565534795,2469000,1
31.568,5,31565534795,2469000,1
31.5705,11,31568001795,2496006,0
31.573,9,31570524801,2469000,1
31.573,15,31570524801,2469000,1
31.5755,14,31573000801,2496006,0
31.578,11,31575523807,2496006,0
31.5805,10,31578046813,2496006,0
31.5831,8,31580569819,2496006,0
31.5856,1,31583110825,2496006,0
31.5885,8,31585955831,2496006,0
31.5909,14,31588478837,2469000,1
31.5909,1,31588478837,2469000,1
31.5935,11,31590963837,2496006,0
31.596,19,31593486843,2496006,0
31.5985,22,31596018849,2496006,0
31.601,10,31598541855,2469000,1
31.601,22,31598541855,2469000,1
31.6035,11,31601008855,2496006,0
31.606,5,31603540861,2469000,1
31.606,8,31603540861,2469000,1
31.6085,22,31606007861,2496006,0
31.611,19,31608530867,2496006,0
31.6136,11,31611062873,2496006,0
31.6164,6,31613916879,2469000,1
31.6164,5,31613916879,2469000,1
31.6164,11,31613916879,2469000,1
31.6189,22,31616401879,2496006,0
31.6214,19,31618942885,2469000,1
31.6239,15,31621427885,2496006,0
31.6264,11,31623950891,2496006,0
31.629,14,31626482897,2469000,1
31.629,1,31626482897,2469000,1
31.6315,12,31628958897,2496006,0
31.634,22,31631481903,2496006,0
31.6365,15,31634004909,2469000,1
31.6365,19,31634004909,2469000,1
31.6389,11,31636480909,2469000,1
31.6389,8,31636480909,2469000,1
31.6414,10,31638947909,2496006,0
31.644,8,31641470915,2496006,0
31.6465,12,31644002921,2496006,0
31.649,11,31646525927,2496006,0
31.6516,3,31649075933,2496006,0
31.6541,8,31651616939,2469000,1
31.6541,22,31651616939,2469000,1
31.6566,12,31654101939,2496006,0
31.6591,15,31656633945,2469000,1
31.6591,10,31656633945,2469000,1
31.6616,11,31659100945,2469000,1
31.6616,8,31659100945,2469000,1
31.6641,22,31661567945,2496006,0
31.6666,3,31664099951,2496006,0
31.6691,10,31666640957,2496006,0
31.6717,2,31669181963,2469000,1
31.6741,12,31671648963,2496006,0
31.6766,10,31674180969,2469000,1
31.6766,22,31674180969,2469000,1
31.6766,12,31674180969,2469000,1
31.6792,3,31676656969,2496006,0
31.6842,10,31681720981,2496006,0
31.6867,11,31684243987,2496006,0
31.6896,15,31687079993,2496006,0
31.6921,19,31689611999,2496006,0
31.6946,1,31692153005,2496006,0
31.6972,22,31694703011,2469000,1
31.6972,11,31694703011,2469000,1
31.6972,1,31694703011,2469000,1
31.6996,10,31697170011,2469000,1
31.6996,14,31697170011,2469000,1
31.6996,3,31697170011,2469000,1
31.7022,15,31699673011,2496006,0
31.7047,19,31702196017,2469000,1
31.7047,15,31702196017,2469000,1
31.7071,6,31704672017,2469000,1
31.7071,1,31704672017,2469000,1
31.7096,20,31707157017,2469000,1
31.7096,12,31707157017,2469000,1
31.7096,11,31707157017,2469000,1
31.7121,3,31709624017,2496006,0
31.7146,13,31712147023,2496006,0
31.7172,13,31714688029,2496006,0
31.72,3,31717533035,2469000,1
31.72,15,31717533035,2469000,1
31.7225,3,31720002035,2496006,0
31.725,18,31722525041,2496006,0
31.7275,8,31725048047,2496006,0
31.7326,13,31730103059,2496006,0
31.7351,10,31732635065,2496006,0
31.7377,10,31735176071,2496006,0
31.7402,8,31737699077,2469000,1
31.7402,19,31737699077,2469000,1
31.7427,3,31740193077,2469000,1
31.7427,18,31740193077,2469000,1
31.7427,8,31740193077,2469000,1
31.7452,10,31742669077,2496006,0
31.7477,2,31745219083,2469000,1
31.7477,13,31745219083,2469000,1
31.7477,10,31745219083,2469000,1
31.7502,5,31747686083,2496006,0
31.7527,10,31750218089,2496006,0
31.7552,17,31752741095,2496006,0
31.7577,16,31755264101,2469000,1
31.7577,22,31755264101,2469000,1
31.7577,18,31755264101,2469000,1
31.7577,13,31755264101,2469000,1
31.7577,10,31755264101,2469000,1
31.7602,8,31757731101,2496006,0
31.7628,17,31760263107,2496006,0
31.7653,3,31762795113,2496006,0
31.7678,1,31765327119,2496006,0
31.7703,5,31767877125,2469000,1
31.7703,1,31767877125,2469000,1
31.7728,3,31770353125,2496006,0
31.7753,17,31772876131,2469000,1
31.7778,8,31775343131,2496006,0
31.7804,18,31777866137,2496006,0
31.7829,19,31780389143,2496006,0
31.7854,5,31782912149,2496006,0
31.7879,11,31785453155,2469000,1
31.7879,3,31785453155,2469000,1
31.7904,12,31787929155,2496006,0
31.7933,18,31790783161,2496006,0
31.7958,12,31793315167,2469000,1
31.7958,8,31793315167,2469000,1
31.7983,17,31795791167,2469000,1
31.7983,19,31795791167,2469000,1
31.7983,18,31795791167,2469000,1
31.8007,10,31798258167,2469000,1
31.8007,1,31798258167,2469000,1
31.8032,11,31800725167,2496006,0
31.8057,5,31803248173,2469000,1
31.8057,3,31803248173,2469000,1
31.8082,15,31805715173,2496006,0
31.8107,17,31808238179,2496006,0
31.8133,10,31810761185,2496006,0
31.8158,17,31813302191,2496006,0
31.8183,10,31815834197,2469000,1
31.8183,11,31815834197,2469000,1
31.8211,13,31818614203,2496006,0
31.8237,12,31821155209,2496006,0
31.8261,17,31823678215,2469000,1
31.8261,15,31823678215,2469000,1
31.8286,19,31826145215,2496006,0
31.8337,19,31831200227,2496006,0
31.8362,18,31833732233,2496006,0
31.8387,10,31836255239,2469000,1
31.8387,15,31836255239,2469000,1
31.8412,18,31838722239,2496006,0
31.8437,14,31841272245,2469000,1
31.8437,11,31841272245,2469000,1
31.8437,13,31841272245,2469000,1
31.8462,8,31843739245,2469000,1
31.8462,12,31843739245,2469000,1
31.8487,17,31846206245,2469000,1
31.8487,10,31846206245,2469000,1
31.8512,19,31848700245,2496006,0
31.8537,5,31851223251,2496006,0
31.8562,1,31853746257,2496006,0
31.8588,18,31856269263,2496006,0
31.8613,3,31858810269,2496006,0
31.8638,5,31861342275,2496006,0
31.8663,19,31863874281,2469000,1
31.8663,15,31863874281,2469000,1
31.8688,3,31866341281,2496006,0
31.8713,1,31868864287,2469000,1
31.8713,3,31868864287,2469000,1
31.8738,19,31871340287,2496006,0
31.8764,3,31873863293,2496006,0
31.8789,18,31876413299,2496006,0
31.8814,5,31878936305,2496006,0
31.8839,3,31881459311,2469000,1
31.8839,16,31881459311,2469000,1
31.8864,5,31883926311,2496006,0
31.8915,12,31888981323,2496006,0
31.8943,19,31891817329,2469000,1
31.8943,13,31891817329,2469000,1
31.8968,18,31894302329,2496006,0
31.8993,17,31896843335,2496006,0
31.9019,10,31899366341,2496006,0
31.9044,5,31901889347,2469000,1
31.9044,9,31901889347,2469000,1
31.9068,18,31904356347,2469000,1
31.9068,17,31904356347,2469000,1
31.9093,1,31906823347,2469000,1
31.9093,10,31906823347,2469000,1
31.9118,12,31909326347,2496006,0
31.9144,17,31911858353,2496006,0
31.9169,13,31914381359,2469000,1
31.9169,12,31914381359,2469000,1
31.9193,22,31916848359,2469000,1
31.9193,3,31916848359,2469000,1
31.9193,12,31916850359,2469000,1
31.9218,3,31919317359,2496006,0
31.9247,18,31922171365,2496006,0
31.9272,17,31924694371,2496006,0
31.9297,3,31927217377,2496006,0
31.9322,11,31929749383,2469000,1
31.9322,17,31929749383,2469000,1
31.9347,19,31932243383,2496006,0
31.9373,8,31934775389,2496006,0
31.9398,18,31937307395,2496006,0
31.9423,10,31939839401,2469000,1
31.9423,17,31939839401,2469000,1
31.9423,8,31939839401,2469000,1
31.9448,5,31942306401,2496006,0
31.9473,15,31944838407,2469000,1
31.9473,8,31944838407,2469000,1
31.9498,1,31947305407,2469000,1
31.9498,3,31947305407,2469000,1
31.9523,18,31949799407,2496006,0
31.9548,19,31952331413,2496006,0
31.9574,12,31954863419,2496006,0
31.9599,3,31957386425,2496006,0
31.9624,3,31959909431,2496006,0
31.9649,5,31962432437,2496006,0
31.9674,12,31964955443,2469000,1
31.9674,5,31964955443,2469000,1
31.9699,18,31967422443,2496006,0
31.9725,3,31969963449,2496006,0
31.975,3,31972486455,2496006,0
31.9775,12,31975027461,2496006,0
31.98,19,31977559467,2469000,1
31.98,12,31977559467,2469000,1
31.9826,12,31980062467,2496006,0
31.9851,17,31982585473,2496006,0
31.9876,10,31985108479,2469000,1
31.9876,18,31985108479,2469000,1
31.9901,5,31987575479,2496006,0
31.9926,5,31990098485,2496006,0
31.9951,12,31992621491,2496006,0
31.998,3,31995457497,2496006,0
32.0005,8,31997989503,2496006,0
32.003,3,32000512509,2496006,0
32.0055,5,32003044515,2496006,0
32.0081,6,32005567521,2496006,0
32.0106,6,32008090527,2496006,0
32.0156,17,32013145539,2496006,0
32.0182,8,32015668545,2496006,0
32.0207,3,32018191551,2469000,1
32.0207,18,32018191551,2469000,1
32.0231,13,32020658551,2469000,1
32.0231,12,32020658551,2469000,1
32.0231,8,32020658551,2469000,1
32.0259,1,32023447557,2469000,1
32.0259,19,32023447557,2469000,1
32.0284,19,32025923557,2496006,0
32.0309,17,32028446563,2496006,0
32.0335,6,32030969569,2496006,0
32.036,5,32033492575,2496006,0
32.0385,3,32036042581,2469000,1
32.0385,8,32036042581,2469000,1
32.041,19,32038545581,2469000,1
32.041,8,32038545581,2469000,1
32.0435,18,32041012581,2496006,0
32.046,17,32043544587,2496006,0
32.0486,19,32046067593,2496006,0
32.0511,6,32048590599,2469000,1
32.0511,5,32048590599,2469000,1
32.0535,12,32051066599,2469000,1
32.0535,6,32051066599,2469000,1
32.056,17,32053578599,2469000,1
32.056,6,32053578599,2469000,1
32.0585,23,32056045599,2496006,0
32.061,18,32058577605,2469000,1
32.061,19,32058577605,2469000,1
32.0636,23,32061098605,2496006,0
32.0661,5,32063630611,2469000,1
32.0686,23,32066097611,2496006,0
32.0711,17,32068638617,2496006,0
32.0737,17,32071161623,2496006,0
32.0762,3,32073729629,2496006,0
32.0787,23,32076252635,2469000,1
32.0787,18,32076252635,2469000,1
32.0812,3,32078728635,2496006,0
32.0838,11,32081278641,2496006,0
32.0863,17,32083801647,2469000,1
32.0863,12,32083801647,2469000,1
32.0863,19,32083801647,2469000,1
32.0888,13,32086277647,2496006,0
32.0913,17,32088845653,2496006,0
32.0938,3,32091368659,2469000,1
32.0938,14,32091368659,2469000,1
32.0963,1,32093835659,2469000,1
32.0963,6,32093835659,2469000,1
32.0991,11,32096615665,2496006,0
32.1017,3,32099183671,2496006,0
32.1042,13,32101706677,2496006,0
32.1067,6,32104229683,2469000,1
32.1067,3,32104229683,2469000,1
32.1092,23,32106696683,2469000,1
32.1117,17,32109172683,2496006,0
32.1142,13,32111713689,2469000,1
32.1142,18,32111713689,2469000,1
32.1167,11,32114189689,2496006,0
32.1192,19,32116712695,2469000,1
32.1192,11,32116712695,2469000,1
32.1217,10,32119188695,2496006,0
32.1242,5,32121720701,2496006,0
32.1268,17,32124279707,2496006,0
32.1296,3,32127115713,2496006,0
32.1321,10,32129647719,2469000,1
32.1321,18,32129647719,2469000,1
32.1346,16,32132123719,2496006,0
32.1371,3,32134646725,2469000,1
32.1371,5,32134646725,2469000,1
32.1396,22,32137122725,2469000,1
32.1396,11,32137122725,2469000,1
32.1421,19,32139598725,2496006,0
32.1446,21,32142130731,2469000,1
32.1446,17,32142130731,2469000,1
32.1471,19,32144597731,2496006,0
32.1496,17,32147120737,2496006,0
32.1521,13,32149643743,2496006,0
32.1546,19,32152166749,2469000,1
32.1597,16,32157165755,2496006,0
32.1622,16,32159688761,2496006,0
32.1647,17,32162229767,2469000,1
32.1647,9,32162229767,2469000,1
32.1672,10,32164705767,2496006,0
32.1697,3,32167228773,2496006,0
32.1722,16,32169760779,2469000,1
32.1722,12,32169760779,2469000,1
32.1747,13,32172227779,2496006,0
32.1773,5,32174759785,2496006,0
32.1798,10,32177282791,2496006,0
32.1823,15,32179814797,2496006,0
32.1848,13,32182337803,2469000,1
32.1848,15,32182337803,2469000,1
32.1873,16,32184804803,2496006,0
32.1898,15,32187327809,2496006,0
32.1923,5,32189859815,2469000,1
32.1923,17,32189859815,2469000,1
32.1948,11,32192326815,2496006,0
32.1973,16,32194849821,2469000,1
32.1973,19,32194849821,2469000,1
32.1998,3,32197316821,2496006,0
32.2026,10,32200152827,2496006,0
32.2052,15,32202675833,2496006,0
32.2077,11,32205198839,2469000,1
32.2077,8,32205198839,2469000,1
32.2077,3,32205198839,2469000,1
32.2077,15,32205198839,2469000,1
32.2102,23,32207665839,2496006,0
32.2127,11,32210188845,2496006,0
32.2152,8,32212720851,2469000,1
32.2152,23,32212720851,2469000,1
32.2202,23,32217728857,2496006,0
32.2227,11,32220260863,2469000,1
32.2227,10,32220260863,2469000,1
32.2252,13,32222727863,2496006,0
32.2278,16,32225277869,2496006,0
32.2306,5,32228113875,2496006,0
32.2331,17,32230645881,2496006,0
32.2357,3,32233177887,2496006,0
32.2382,23,32235700893,2496006,0
32.2407,17,32238223899,2496006,0
32.2432,13,32240746905,2496006,0
32.2458,4,32243269911,2496006,0
32.2483,13,32245792917,2496006,0
32.2508,5,32248315923,2469000,1
32.2508,15,32248315923,2469000,1
32.2533,17,32250782923,2469000,1
32.2533,3,32250782923,2469000,1
32.2557,11,32253276923,2469000,1
32.2557,16,32253276923,2469000,1
32.2557,5,32253276923,2469000,1
32.2582,4,32255743923,2469000,1
32.2582,3,32255743923,2469000,1
32.2607,3,32258212923,2496006,0
32.2632,10,32260735929,2469000,1
32.2632,15,32260735929,2469000,1
32.2657,23,32263220929,2469000,1
32.2657,13,32263220929,2469000,1
32.2682,23,32265732929,2496006,0
32.2708,22,32268282935,2496006,0
32.2733,3,32270814941,2496006,0
32.2758,11,32273337947,2469000,1
32.2758,22,32273337947,2469000,1
32.2783,13,32275804947,2496006,0
32.2808,3,32278327953,2496006,0
32.2833,16,32280850959,2496006,0
32.2859,19,32283382965,2496006,0
32.2884,23,32285905971,2469000,1
32.2884,4,32285905971,2469000,1
32.2884,16,32285905971,2469000,1
32.2909,17,32288381971,2469000,1
32.2909,22,32288381971,2469000,1
32.2934,23,32290857971,2496006,0
32.2959,19,32293389977,2469000,1
32.2959,17,32293389977,2469000,1
32.2984,13,32295856977,2496006,0
32.3009,3,32298379983,2496006,0
32.3037,19,32301215989,2496006,0
32.3062,23,32303747995,2469000,1
32.3062,3,32303747995,2469000,1
32.3088,23,32306277995,2496006,0
32.3113,11,32308810001,2469000,1
32.3113,13,32308810001,2469000,1
32.3113,19,32308810001,2469000,1
32.3138,3,32311340001,2496006,0
32.3164,23,32313863007,2496006,0
32.3189,5,32316386013,2469000,1
32.3189,16,32316386013,2469000,1
32.3213,7,32318853013,2469000,1
32.3213,4,32318853013,2469000,1
32.3238,22,32321320013,2496006,0
32.3263,3,32323852019,2469000,1
32.3263,19,32323852019,2469000,1
32.3314,7,32328860025,2496006,0
32.3342,10,32331705031,2496006,0
32.3367,16,32334246037,2469000,1
32.3367,22,32334246037,2469000,1
32.3367,10,32334246037,2469000,1
32.3392,18,32336713037,2469000,1
32.3392,23,32336713037,2469000,1
32.3417,7,32339189037,2496006,0
32.3442,12,32341730043,2496006,0
32.3467,13,32344262049,2469000,1
32.3467,12,32344262049,2469000,1
32.3492,7,32346774049,2469000,1
32.3492,3,32346774049,2469000,1
32.3518,12,32349286049,2496006,0
32.3543,17,32351827055,2469000,1
32.3543,7,32351827055,2469000,1
32.3568,15,32354303055,2496006,0
32.3593,1,32356826061,2496006,0
32.3618,12,32359349067,2469000,1
32.3618,22,32359349067,2469000,1
32.3668,10,32364366073,2469000,1
32.3668,7,32364366073,2469000,1
32.3693,23,32366833073,2496006,0
32.3718,21,32369356079,2469000,1
32.3718,3,32369356079,2469000,1
32.3743,15,32371823079,2469000,1
32.3743,1,32371823079,2469000,1
32.3768,19,32374290079,2496006,0
32.3793,21,32376831085,2496006,0
32.3819,23,32379363091,2496006,0
32.3844,21,32381913097,2469000,1
32.3844,2,32381913097,2469000,1
32.3869,10,32384389097,2496006,0
32.3894,2,32386921103,2496006,0
32.3919,7,32389453109,2469000,1
32.3919,19,32389453109,2469000,1
32.3944,23,32391920109,2496006,0
32.3969,4,32394443115,2469000,1
32.3969,12,32394443115,2469000,1
32.3994,13,32396919115,2496006,0
32.4019,10,32399442121,2469000,1
32.4019,21,32399442121,2469000,1
32.4044,15,32401909121,2496006,0
32.4072,23,32404745127,2469000,1
32.4072,2,32404745127,2469000,1
32.4097,3,32407212127,2469000,1
32.4122,13,32409706127,2496006,0
32.4147,1,32412229133,2469000,1
32.4147,13,32412229133,2469000,1
32.4172,3,32414705133,2496006,0
32.4197,15,32417246139,2496006,0
32.4223,10,32419778145,2496006,0
32.4248,10,32422310151,2496006,0
32.4273,22,32424833157,2496006,0
32.4299,3,32427365163,2496006,0
32.4324,12,32429888169,2496006,0
32.4352,15,32432724175,2496006,0
32.4377,19,32435247181,2496006,0
32.4402,21,32437779187,2469000,1
32.4402,19,32437779187,2469000,1
32.4427,3,32440246187,2496006,0
32.4452,10,32442769193,2469000,1
32.4452,23,32442769193,2469000,1
32.4452,13,32442769193,2469000,1
32.4452,19,32442769193,2469000,1
32.4477,12,32445236193,2496006,0
32.4503,22,32447759199,2496006,0
32.4528,2,32450291205,2496006,0
32.4553,15,32452814211,2496006,0
32.4578,3,32455337217,2496006,0
32.4604,10,32457869223,2496006,0
32.4629,2,32460392229,2469000,1
32.4629,6,32460392229,2469000,1
32.4629,10,32460392229,2469000,1
32.4653,22,32462859229,2469000,1
32.4653,10,32462861229,2469000,1
32.4678,3,32465364229,2469000,1
32.4678,12,32465364229,2469000,1
32.4703,12,32467849229,2496006,0
32.4729,13,32470390235,2469000,1
32.4729,15,32470390235,2469000,1
32.4754,23,32472875235,2496006,0
32.4779,16,32475407241,2469000,1
32.4779,22,32475407241,2469000,1
32.4804,8,32477883241,2469000,1
32.4804,19,32477883241,2469000,1
32.4828,5,32480350241,2469000,1
32.4828,3,32480350241,2469000,1
32.4828,12,32480350241,2469000,1
32.4853,23,32482826241,2496006,0
32.4879,22,32485358247,2496006,0
32.4904,23,32487935253,2496006,0
32.493,2,32490458259,2496006,0
32.4955,1,32492990265,2496006,0
32.498,22,32495513271,2496006,0
32.5005,15,32498036277,2496006,0
32.5031,15,32500577283,2496006,0
32.5056,22,32503100289,2469000,1
32.5056,23,32503100289,2469000,1
32.5109,1,32508403301,2469000,1
32.5109,2,32508403301,2469000,1
32.5134,3,32510870301,2496006,0
32.5159,3,32513393307,2496006,0
32.5184,21,32515934313,2469000,1
32.5184,22,32515934313,2469000,1
32.5209,12,32518410313,2469000,1
32.5209,23,32518410313,2469000,1
32.5234,15,32520895313,2469000,1
32.5234,12,32520895313,2469000,1
32.5259,4,32523371313,2496006,0
32.5284,3,32525903319,2496006,0
32.5309,1,32528426325,2496006,0
32.5334,3,32530949331,2496006,0
32.536,10,32533472337,2496006,0
32.5388,15,32536308343,2496006,0
32.5413,2,32538849349,2496006,0
32.5439,13,32541372355,2496006,0
32.5464,22,32543895361,2496006,0
32.5489,4,32546427367,2469000,1
32.5489,22,32546427367,2469000,1
32.5514,15,32548903367,2469000,1
32.5514,11,32548903367,2469000,1
32.5514,10,32548903367,2469000,1
32.5539,1,32551370367,2496006,0
32.5564,3,32553893373,2496006,0
32.5589,13,32556425379,2469000,1
32.5589,2,32556425379,2469000,1
32.5639,3,32561415385,2496006,0
32.5664,10,32563938391,2496006,0
32.569,23,32566461397,2496006,0
32.5715,4,32568984403,2496006,0
32.574,18,32571507409,2496006,0
32.5765,2,32574030415,2469000,1
32.5765,4,32574030415,2469000,1
32.579,10,32576497415,2496006,0
32.5815,10,32579020421,2496006,0
32.584,15,32581543427,2496006,0
32.5866,1,32584075433,2496006,0
32.5891,23,32586616439,2496006,0
32.5916,7,32589139445,2469000,1
32.5916,3,32589139445,2469000,1
32.5916,18,32589139445,2469000,1
32.5916,23,32589139445,2469000,1
32.5941,22,32591606445,2496006,0
32.5966,15,32594129451,2496006,0
32.5992,10,32596661457,2496006,0
32.6017,1,32599184463,2496006,0
32.6042,13,32601707469,2496006,0
32.6067,12,32604239475,2496006,0
32.6093,22,32606780481,2496006,0
32.6121,15,32609616487,2496006,0
32.6146,12,32612139493,2469000,1
32.6146,10,32612139493,2469000,1
32.6171,4,32614624493,2496006,0
32.6196,22,32617147499,2469000,1
32.6196,12,32617147499,2469000,1
32.6221,1,32619614499,2496006,0
32.6246,13,32622164505,2469000,1
32.6246,1,32622164505,2469000,1
32.6271,4,32624631505,2496006,0
32.6296,3,32627154511,2469000,1
32.6321,23,32629630511,2469000,1
32.6321,15,32629630511,2469000,1
32.6346,18,32632115511,2496006,0
32.6371,12,32634638517,2496006,0
32.64,4,32637474523,2496006,0
32.6425,12,32640006529,2496006,0
32.6451,19,32642556535,2496006,0
32.6476,15,32645079541,2496006,0
32.6501,13,32647620547,2496006,0
32.6526,10,32650143553,2469000,1
32.6526,18,32650143553,2469000,1
32.6551,15,32652619553,2469000,1
32.6551,12,32652619553,2469000,1
32.6551,13,32652619553,2469000,1
32.6576,19,32655086553,2469000,1
32.6576,2,32655086553,2469000,1
32.6576,22,32655086553,2469000,1
32.6601,4,32657562553,2496006,0
32.6626,5,32660085559,2496006,0
32.6651,9,32662608565,2469000,1
32.6651,19,32662608565,2469000,1
32.6676,1,32665084565,2469000,1
32.6676,15,32665084565,2469000,1
32.6701,1,32667560565,2496006,0
32.6726,18,32670092571,2496006,0
32.6751,10,32672624577,2469000,1
32.6751,1,32672624577,2469000,1
32.6776,12,32675091577,2496006,0
32.6801,8,32677632583,2469000,1
32.6801,5,32677632583,2469000,1
32.6826,23,32680099583,2469000,1
32.6826,4,32680099583,2469000,1
32.6826,5,32680101583,2469000,1
32.6851,12,32682568583,2496006,0
32.6876,19,32685091589,2496006,0
32.6901,18,32687614595,2496006,0
32.6926,18,32690146601,2496006,0
32.6977,13,32695228613,2496006,0
32.7002,19,32697751619,2496006,0
32.7027,12,32700274625,2469000,1
32.7027,19,32700274625,2469000,1
32.7052,4,32702741625,2496006,0
32.7078,18,32705264631,2496006,0
32.7103,3,32707787637,2469000,1
32.7103,4,32707787637,2469000,1
32.7131,2,32710567643,2496006,0
32.7156,1,32713090649,2496006,0
32.7181,17,32715613655,2469000,1
32.7181,12,32715613655,2469000,1
32.7206,19,32718089655,2496006,0
32.7231,1,32720612661,2496006,0
32.7256,4,32723153667,2469000,1
32.7256,12,32723153667,2469000,1
32.7281,13,32725620667,2496006,0
32.7306,1,32728152673,2496006,0
32.7331,19,32730675679,2469000,1
32.7331,14,32730675679,2469000,1
32.7356,18,32733151679,2469000,1
32.7356,2,32733151679,2469000,1
32.7381,22,32735645679,2496006,0
32.7407,13,32738186685,2496006,0
32.7435,1,32741022691,2496006,0
32.746,18,32743545697,2496006,0
32.7486,19,32746095703,2496006,0
32.7511,22,32748618709,2496006,0
32.7536,13,32751150715,2496006,0
32.7562,15,32753682721,2496006,0
32.7587,5,32756205727,2496006,0
32.7612,2,32758728733,2496006,0
32.7637,15,32761251739,2496006,0
32.7663,1,32763783745,2496006,0
32.7688,18,32766306751,2496006,0
32.7713,5,32768829757,2469000,1
32.7738,15,32771296757,2469000,1
32.7738,13,32771296757,2469000,1
32.7762,1,32773772757,2469000,1
32.7762,2,32773772757,2469000,1
32.7762,19,32773772757,2469000,1
32.7787,18,32776239757,2469000,1
32.7787,16,32776239757,2469000,1
32.7812,22,32778706757,2469000,1
32.7812,5,32778706757,2469000,1
32.7837,19,32781200757,2496006,0
32.7862,23,32783750763,2496006,0
32.7888,19,32786273769,2496006,0
32.7913,15,32788805775,2496006,0
32.7938,10,32791328781,2496006,0
32.7964,19,32793878787,2496006,0
32.7989,15,32796401793,2469000,1
32.7989,19,32796401793,2469000,1
32.8014,23,32798877793,2496006,0
32.8039,2,32801400799,2496006,0
32.8064,13,32803932805,2496006,0
32.8089,4,32806455811,2469000,1
32.8089,22,32806455811,2469000,1
32.8114,5,32808922811,2469000,1
32.8114,2,32808922811,2469000,1
32.8114,13,32808922811,2469000,1
32.8139,1,32811389811,2496006,0
32.8167,23,32814234817,2469000,1
32.8167,22,32814234817,2469000,1
32.8192,10,32816701817,2496006,0
32.8217,18,32819233823,2496006,0
32.8242,19,32821774829,2469000,1
32.8242,13,32821774829,2469000,1
32.8267,18,32824241829,2496006,0
32.8293,1,32826773835,2496006,0
32.8318,18,32829332841,2469000,1
32.8318,6,32829332841,2469000,1
32.8343,10,32831799841,2496006,0
32.8368,1,32834331847,2496006,0
32.8419,15,32839404859,2496006,0
32.8448,1,32842267865,2496006,0
32.8473,2,32844790871,2496006,0
32.8498,19,32847322877,2496006,0
32.8523,23,32849845883,2469000,1
32.8523,19,32849845883,2469000,1
32.8548,10,32852312883,2496006,0
32.8573,18,32854853889,2496006,0
32.8599,10,32857376895,2496006,0
32.8624,1,32859899901,2469000,1
32.8624,15,32859899901,2469000,1
32.8648,12,32862366901,2469000,1
32.8648,18,32862366901,2469000,1
32.8673,13,32864833901,2469000,1
32.8673,15,32864833901,2469000,1
32.8698,2,32867300901,2496006,0
32.8723,2,32869850907,2496006,0
32.8749,10,32872409913,2469000,1
32.8749,1,32872409913,2469000,1
32.8774,11,32874876913,2496006,0
32.8799,2,32877399919,2469000,1
32.8799,5,32877399919,2469000,1
32.8799,19,32877399919,2469000,1
32.8824,3,32879902919,2469000,1
32.8824,13,32879902919,2469000,1
32.8849,21,32882396919,2469000,1
32.8849,11,32882396919,2469000,1
32.8873,18,32884872919,2469000,1
32.8873,11,32884872919,2469000,1
32.8899,2,32887366919,2496006,0
32.8949,10,32892448931,2496006,0
32.8975,10,32894989937,2496006,0
32.9,23,32897512943,2496006,0
32.9026,2,32900062949,2496006,0
32.9051,22,32902621955,2469000,1
32.9051,19,32902621955,2469000,1
32.9076,2,32905115955,2469000,1
32.9076,10,32905115955,2469000,1
32.9101,1,32907600955,2469000,1
32.9101,23,32907600955,2469000,1
32.9126,19,32910103955,2496006,0
32.9151,4,32912644961,2469000,1
32.9151,15,32912644961,2469000,1
32.9179,12,32915433967,2496006,0
32.9205,12,32917983973,2496006,0
32.923,12,32920506979,2496006,0
32.928,19,32925552991,2496006,0
32.9306,23,32928075997,2496006,0
32.9331,12,32930635003,2496006,0
32.9357,23,32933158009,2496006,0
32.9382,2,32935681015,2496006,0
32.9407,10,32938213021,2496006,0
32.9432,11,32940745027,2496006,0
32.9458,18,32943268033,2496006,0
32.9486,12,32946104039,2469000,1
32.9486,19,32946104039,2469000,1
32.9511,1,32948571039,2496006,0
32.9536,11,32951121045,2496006,0
32.9561,10,32953644051,2469000,1
32.9561,23,32953644051,2469000,1
32.9586,2,32956129051,2496006,0
32.9611,23,32958652057,2496006,0
32.9637,18,32961184063,2469000,1
32.9661,1,32963651063,2469000,1
32.9661,19,32963651063,2469000,1
32.9686,23,32966118063,2496006,0
32.9712,2,32968659069,2496006,0
32.9737,12,32971182075,2496006,0
32.9762,11,32973723081,2496006,0
32.9788,2,32976255087,2496006,0
32.9813,23,32978778093,2496006,0
32.9838,23,32981310099,2496006,0
32.9863,18,32983842105,2496006,0
32.9889,1,32986374111,2496006,0
32.9914,23,32988897117,2469000,1
32.9914,12,32988897117,2469000,1
32.9938,2,32991364117,2469000,1
32.9938,11,32991364117,2469000,1
32.9938,1,32991364117,2469000,1
32.9963,10,32993831117,2496006,0
32.9988,11,32996363123,2469000,1
32.9988,10,32996363123,2469000,1
33.0013,18,32998830123,2496006,0
33.0038,23,33001371129,2469000,1
33.0038,1,33001371129,2469000,1
33.0038,18,33001371129,2469000,1
33.0063,17,33003856129,2469000,1
33.0088,2,33006332129,2469000,1
33.0088,23,33006332129,2469000,1
33.0113,12,33008826129,2469000,1
33.0113,2,33008826129,2469000,1
33.0138,19,33011302129,2496006,0
33.0163,13,33013843135,2496006,0
33.0189,19,33016375141,2496006,0
33.0217,10,33019229147,2496006,0
33.0243,19,33021806153,2496006,0
33.0268,13,33024329159,2469000,1
33.0268,1,33024329159,2469000,1
33.0268,18,33024329159,2469000,1
33.0293,19,33026805159,2496006,0
33.0318,10,33029346165,2496006,0
33.0344,13,33031887171,2496006,0
33.0394,13,33036960183,2469000,1
33.0394,19,33036960183,2469000,1
33.0419,15,33039445183,2469000,1
33.0419,11,33039445183,2469000,1
33.0444,19,33041930183,2496006,0
33.047,10,33044462189,2496006,0
33.0498,1,33047298195,2496006,0
33.0523,19,33049830201,2496006,0
33.0549,10,33052398207,2496006,0
33.0574,20,33054939213,2496006,0
33.0599,1,33057462219,2469000,1
33.0625,19,33059974219,2496006,0
33.065,10,33062506225,2496006,0
33.0675,12,33065029231,2469000,1
33.0675,13,33065029231,2469000,1
33.07,19,33067505231,2496006,0
33.0725,20,33070028237,2496006,0
33.0751,10,33072569243,2496006,0
33.0776,1,33075101249,2496006,0
33.0801,1,33077624255,2496006,0
33.0826,19,33080147261,2469000,1
33.0826,10,33080147261,2469000,1
33.0851,21,33082623261,2469000,1
33.0876,12,33085090261,2496006,0
33.0901,20,33087613267,2469000,1
33.0901,2,33087613267,2469000,1
33.0901,18,33087613267,2469000,1
33.0926,13,33090089267,2496006,0
33.0951,18,33092621273,2496006,0
33.0976,1,33095153279,2469000,1
33.0976,20,33095153279,2469000,1
33.1001,13,33097638279,2496006,0
33.1026,18,33100161285,2469000,1
33.1026,12,33100161285,2469000,1
33.1052,13,33102655285,2496006,0
33.1077,23,33105196291,2496006,0
33.1102,19,33107719297,2469000,1
33.1102,10,33107719297,2469000,1
33.1127,13,33110186297,2469000,1
33.1127,23,33110186297,2469000,1
33.1177,12,33115185303,2496006,0
33.1202,18,33117717309,2496006,0
33.123,23,33120553315,2496006,0
33.1256,18,33123076321,2496006,0
33.1281,18,33125608327,2496006,0
33.1307,5,33128194333,2469000,1
33.1307,1,33128194333,2469000,1
33.1331,18,33130661333,2469000,1
33.1331,12,33130661333,2469000,1
33.1356,4,33133128333,2469000,1
33.1356,20,33133128333,2469000,1
33.1356,23,33133128333,2469000,1
33.1381,20,33135604333,2496006,0
33.1406,13,33138127339,2496006,0
33.1432,1,33140668345,2496006,0
33.1457,12,33143191351,2469000,1
33.1457,13,33143191351,2469000,1
33.1482,20,33145676351,2496006,0
33.1507,20,33148199357,2496006,0
33.1535,3,33151035363,2496006,0
33.1561,1,33153576369,2496006,0
33.1586,20,33156099375,2469000,1
33.1586,22,33156099375,2469000,1
33.1611,10,33158566375,2496006,0
33.1636,19,33161089381,2469000,1
33.1636,10,33161089381,2469000,1
33.1661,3,33163601381,2496006,0
33.1686,20,33166124387,2496006,0
33.1711,1,33168656393,2469000,1
33.1711,20,33168656393,2469000,1
33.1736,18,33171132393,2496006,0
33.1762,23,33173664399,2496006,0
33.1787,3,33176187405,2469000,1
33.1812,13,33178654405,2496006,0
33.1837,23,33181186411,2469000,1
33.1837,3,33181186411,2469000,1
33.1862,10,33183680411,2496006,0
33.1887,1,33186230417,2469000,1
33.1887,13,33186230417,2469000,1
33.1912,18,33188706417,2496006,0
33.1937,10,33191229423,2496006,0
33.1962,18,33193752429,2496006,0
33.1988,11,33196275435,2496006,0
33.2013,18,33198807441,2496006,0
33.2038,12,33201339447,2496006,0
33.2064,20,33203862453,2496006,0
33.2089,23,33206403459,2496006,0
33.2114,12,33208935465,2469000,1
33.2114,10,33208935465,2469000,1
33.2114,23,33208935465,2469000,1
33.2139,7,33211402465,2469000,1
33.2163,11,33213878465,2469000,1
33.2188,20,33216345465,2496006,0
33.2214,18,33218868471,2496006,0
33.2239,20,33221409477,2469000,1
33.2267,23,33224189483,2496006,0
33.2292,13,33226739489,2469000,1
33.2292,11,33226739489,2469000,1
33.2342,23,33231765495,2469000,1
33.2342,20,33231765495,2469000,1
33.2367,5,33234232495,2469000,1
33.2367,19,33234232495,2469000,1
33.2367,18,33234232495,2469000,1
33.2392,3,33236744495,2496006,0
33.2417,10,33239276501,2469000,1
33.2417,3,33239276501,2469000,1
33.2443,12,33241761501,2496006,0
33.2468,1,33244311507,2469000,1
33.2468,23,33244311507,2469000,1
33.2493,18,33246787507,2496006,0
33.2518,20,33249328513,2496006,0
33.2547,12,33252173519,2496006,0
33.2597,18,33257219531,2496006,0
33.2623,18,33259769537,2496006,0
33.2648,3,33262292543,2496006,0
33.2673,20,33264815549,2496006,0
33.2698,20,33267347555,2496006,0
33.2724,12,33269879561,2496006,0
33.2749,3,33272402567,2469000,1
33.2749,18,33272402567,2469000,1
33.2774,18,33274905567,2496006,0
33.2799,2,33277446573,2496006,0
33.2824,20,33279969579,2469000,1
33.2824,13,33279969579,2469000,1
33.2875,12,33284968585,2496006,0
33.29,20,33287500591,2496006,0
33.2925,10,33290032597,2469000,1
33.2925,1,33290032597,2469000,1
33.2925,20,33290032597,2469000,1
33.295,12,33292508597,2496006,0
33.2975,11,33295040603,2469000,1
33.2975,18,33295040603,2469000,1
33.3,2,33297507603,2496006,0
33.3026,12,33300066609,2496006,0
33.3051,12,33302589615,2496006,0
33.3076,2,33305130621,2469000,1
33.3076,23,33305130621,2469000,1
33.3076,3,33305130621,2469000,1
33.3076,12,33305130621,2469000,1
33.3127,3,33310219627,2496006,0
33.3153,3,33312769633,2496006,0
33.3178,20,33315292639,2469000,1
33.3178,18,33315292639,2469000,1
33.3202,16,33317759639,2469000,1
33.3202,20,33317761639,2469000,1
33.3227,12,33320237639,2496006,0
33.3253,15,33322787645,2496006,0
33.3307,2,33328164657,2496006,0
33.3332,3,33330687663,2496006,0
33.3357,23,33333219669,2496006,0
33.3382,12,33335751675,2496006,0
33.3407,22,33338274681,2469000,1
33.3407,15,33338274681,2469000,1
33.3432,3,33340750681,2496006,0
33.3458,2,33343291687,2496006,0
33.3483,3,33345823693,2469000,1
33.3483,11,33345823693,2469000,1
33.3533,23,33350822699,2469000,1
33.3533,12,33350822699,2469000,1
33.3558,18,33353343699,2469000,1
33.3558,2,33353343699,2469000,1
33.3558,3,33353343699,2469000,1
33.3587,21,33356159705,2496006,0
33.3612,15,33358682711,2496006,0
33.3637,23,33361214717,2496006,0
33.3662,15,33363746723,2496006,0
33.3688,23,33366269729,2496006,0
33.3738,13,33371324741,2496006,0
33.3763,19,33373847747,2469000,1
33.3763,20,33373847747,2469000,1
33.3788,12,33376314747,2496006,0
33.3813,21,33378846753,2469000,1
33.3813,13,33378846753,2469000,1
33.3838,12,33381313753,2496006,0
33.3863,23,33383863759,2469000,1
33.3863,2,33383863759,2469000,1
33.3888,21,33386330759,2496006,0
33.3913,1,33388853765,2469000,1
33.3913,15,33388853765,2469000,1
33.3938,12,33391338765,2469000,1
33.3938,23,33391338765,2469000,1
33.3989,5,33396355771,2496006,0
33.4014,21,33398878777,2496006,0
33.4039,13,33401437783,2496006,0
33.4065,12,33403996789,2496006,0
33.409,21,33406528795,2496006,0
33.4116,5,33409069801,2496006,0
33.4141,13,33411592807,2496006,0
33.4166,10,33414124813,2496006,0
33.4191,6,33416647819,2496006,0
33.4216,6,33419170825,2469000,1
33.4241,12,33421637825,2496006,0
33.4266,5,33424160831,2469000,1
33.4266,15,33424160831,2469000,1
33.4266,10,33424160831,2469000,1
33.4291,4,33426636831,2496006,0
33.4319,21,33429472837,2469000,1
33.4319,5,33429472837,2469000,1
33.4319,10,33429472837,2469000,1
33.4344,10,33431941837,2496006,0
33.4369,12,33434464843,2469000,1
33.4369,13,33434464843,2469000,1
33.4369,23,33434464843,2469000,1
33.4394,3,33436949843,2496006,0
33.442,10,33439481849,2469000,1
33.442,4,33439481849,2469000,1
33.4445,13,33441966849,2496006,0
33.447,12,33444489855,2496006,0
33.4495,3,33447021861,2469000,1
33.4495,21,33447021861,2469000,1
33.4495,10,33447021861,2469000,1
33.4546,3,33452056867,2496006,0
33.4571,13,33454606873,2496006,0
33.4599,17,33457442879,2496006,0
33.4624,3,33459965885,2469000,1
33.4624,2,33459965885,2469000,1
33.4649,6,33462432885,2469000,1
33.4649,12,33462432885,2469000,1
33.4674,3,33464908885,2496006,0
33.4699,4,33467440891,2496006,0
33.4725,19,33470008897,2496006,0
33.475,3,33472531903,2469000,1
33.475,17,33472531903,2469000,1
33.4775,4,33474998903,2469000,1
33.4775,13,33474998903,2469000,1
33.48,13,33477474903,2496006,0
33.485,4,33482547915,2496006,0
33.4875,15,33485079921,2469000,1
33.4875,19,33485079921,2469000,1
33.49,4,33487546921,2469000,1
33.49,19,33487548921,2469000,1
33.4925,13,33490033921,2496006,0
33.495,10,33492565927,2469000,1
33.495,6,33492565927,2469000,1
33.4975,17,33495041927,2496006,0
33.5001,13,33497564933,2496006,0
33.5026,5,33500096939,2469000,1
33.5026,12,33500096939,2469000,1
33.5051,17,33502563939,2496006,0
33.5076,3,33505131945,2496006,0
33.5127,18,33510186957,2469000,1
33.5127,13,33510186957,2469000,1
33.5152,17,33512671957,2496006,0
33.5177,17,33515194963,2496006,0
33.5202,21,33517717969,2496006,0
33.5227,4,33520240975,2469000,1
33.5227,17,33520240975,2469000,1
33.5252,3,33522716975,2496006,0
33.5277,17,33525239981,2496006,0
33.5303,12,33527771987,2496006,0
33.5331,23,33530607993,2469000,1
33.5331,13,33530607993,2469000,1
33.5356,12,33533083993,2469000,1
33.5356,13,33533083993,2469000,1
33.538,3,33535550993,2496006,0
33.5406,17,33538082999,2496006,0
33.5431,12,33540606005,2469000,1
33.5431,3,33540606005,2469000,1
33.5456,18,33543073005,2496006,0
33.5481,21,33545605011,2496006,0
33.5506,17,33548128017,2469000,1
33.5531,18,33550604017,2469000,1
33.5531,19,33550604017,2469000,1
33.5556,21,33553071017,2496006,0
33.5581,21,33555603023,2496006,0
33.5606,10,33558135029,2496006,0
33.5635,21,33561025035,2469000,1
33.5635,17,33561025035,2469000,1
33.566,10,33563519035,2496006,0
33.5686,13,33566069041,2496006,0
33.5711,10,33568601047,2496006,0
33.5736,3,33571142053,2496006,0
33.5762,5,33573665059,2496006,0
33.5812,18,33578729071,2496006,0
33.5837,10,33581252077,2469000,1
33.5837,21,33581252077,2469000,1
33.5862,13,33583728077,2469000,1
33.5862,8,33583728077,2469000,1
33.5862,7,33583728077,2469000,1
33.5862,6,33583728077,2469000,1
33.5887,18,33586204077,2469000,1
33.5887,3,33586204077,2469000,1
33.5912,15,33588698077,2469000,1
33.5912,4,33588698077,2469000,1
33.5937,12,33591165077,2496006,0
33.5962,8,33593688083,2469000,1
33.5962,18,33593688083,2469000,1
33.5986,2,33596155083,2469000,1
33.5986,5,33596155083,2469000,1
33.6011,12,33598631083,2496006,0
33.6036,11,33601154089,2469000,1
33.6036,10,33601154089,2469000,1
33.6061,3,33603630089,2496006,0
33.6086,17,33606153095,2496006,0
33.6112,12,33608685101,2496006,0
33.6137,3,33611208107,2496006,0
33.6162,17,33613740113,2469000,1
33.6187,20,33616207113,2496006,0
33.6212,5,33618730119,2496006,0
33.6237,8,33621253125,2496006,0
33.6263,12,33623785131,2469000,1
33.6263,13,33623785131,2469000,1
33.6263,20,33623785131,2469000,1
33.6288,3,33626261131,2496006,0
33.6313,20,33628784137,2496006,0
33.6338,20,33631307143,2496006,0
33.6366,5,33634152149,2469000,1
33.6366,3,33634152149,2469000,1
33.6391,23,33636619149,2496006,0
33.6416,5,33639142155,2496006,0
33.6442,5,33641674161,2496006,0
33.6467,16,33644215167,2469000,1
33.6467,4,33644215167,2469000,1
33.6467,8,33644215167,2469000,1
33.6492,23,33646691167,2496006,0
33.6517,5,33649214173,2469000,1
33.6517,20,33649214173,2469000,1
33.6542,10,33651681173,2469000,1
33.6542,20,33651683173,2469000,1
33.6566,12,33654150173,2469000,1
33.6566,3,33654150173,2469000,1
33.6591,17,33656617173,2469000,1
33.6591,3,33656619173,2469000,1
33.6616,23,33659113173,2496006,0
33.6644,17,33661949179,2496006,0
33.6695,23,33666995191,2496006,0
33.672,17,33669518197,2496006,0
33.6745,18,33672041203,2496006,0
33.6771,18,33674573209,2496006,0
33.6796,8,33677096215,2496006,0
33.6821,21,33679619221,2469000,1
33.6821,8,33679619221,2469000,1
33.6846,23,33682086221,2496006,0
33.6871,17,33684609227,2496006,0
33.6896,3,33687159233,2469000,1
33.6896,21,33687159233,2469000,1
33.6921,18,33689626233,2496006,0
33.6947,19,33692158239,2496006,0
33.6972,5,33694681245,2469000,1
33.6972,18,33694681245,2469000,1
33.6996,8,33697148245,2496006,0
33.7022,23,33699680251,2496006,0
33.7047,13,33702221257,2469000,1
33.7047,17,33702221257,2469000,1
33.7072,8,33704697257,2496006,0
33.7097,20,33707238263,2496006,0
33.7123,19,33709761269,2496006,0
33.7148,23,33712284275,2496006,0
33.7173,8,33714852281,2496006,0
33.7224,12,33719898293,2496006,0
33.7249,23,33722421299,2496006,0
33.7274,18,33724944305,2496006,0
33.73,17,33727467311,2496006,0
33.7325,19,33729999317,2496006,0
33.735,23,33732522323,2469000,1
33.735,20,33732522323,2469000,1
33.7378,18,33735311329,2469000,1
33.7378,12,33735311329,2469000,1
33.7403,9,33737805329,2496006,0
33.7428,17,33740328335,2469000,1
33.7428,5,33740328335,2469000,1
33.7428,8,33740328335,2469000,1
33.7453,5,33742797335,2496006,0
33.7478,3,33745338341,2496006,0
33.7503,19,33747870347,2469000,1
33.7503,8,33747870347,2469000,1
33.7503,3,33747870347,2469000,1
33.7528,5,33750337347,2496006,0
33.7554,9,33752860353,2496006,0
33.7579,23,33755410359,2496006,0
33.7604,9,33757933365,2496006,0
33.763,17,33760465371,2496006,0
33.7655,3,33763015377,2496006,0
33.7683,17,33765851383,2469000,1
33.7683,20,33765851383,2469000,1
33.7708,12,33768318383,2496006,0
33.7733,5,33770841389,2496006,0
33.7759,17,33773373395,2496006,0
33.7784,18,33775896401,2469000,1
33.7809,3,33778363401,2496006,0
33.7834,9,33780886407,2496006,0
33.7859,23,33783409413,2496006,0
33.7884,17,33785941419,2469000,1
33.7884,19,33785941419,2469000,1
33.7909,12,33788408419,2496006,0
33.7934,5,33790940425,2496006,0
33.7959,21,33793472431,2469000,1
33.7959,8,33793472431,2469000,1
33.7984,16,33795939431,2496006,0
33.8009,12,33798462437,2469000,1
33.8009,23,33798462437,2469000,1
33.8034,16,33800938437,2496006,0
33.806,12,33803470443,2496006,0
33.8085,3,33805993449,2496006,0
33.811,9,33808516455,2469000,1
33.811,12,33808516455,2469000,1
33.8135,3,33810983455,2496006,0
33.816,16,33813506461,2496006,0
33.8185,5,33816029467,2496006,0
33.821,3,33818579473,2469000,1
33.821,23,33818579473,2469000,1
33.8235,2,33821046473,2496006,0
33.8261,5,33823569479,2496006,0
33.8286,5,33826092485,2496006,0
33.8311,18,33828615491,2469000,1
33.8311,9,33828615491,2469000,1
33.8336,17,33831082491,2496006,0
33.8361,16,33833614497,2469000,1
33.8361,17,33833614497,2469000,1
33.8386,10,33836081497,2496006,0
33.8414,2,33838926503,2496006,0
33.8439,5,33841449509,2496006,0
33.8465,23,33843972515,2496006,0
33.849,6,33846495521,2496006,0
33.8515,13,33849018527,2496006,0
33.854,12,33851559533,2469000,1
33.8565,13,33854035533,2496006,0
33.859,5,33856558539,2469000,1
33.859,2,33856558539,2469000,1
33.8615,23,33859034539,2469000,1
33.8615,8,33859034539,2469000,1
33.864,10,33861510539,2496006,0
33.8665,3,33864033545,2469000,1
33.8665,9,33864033545,2469000,1
33.8693,16,33866813551,2496006,0
33.8718,19,33869336557,2496006,0
33.8743,6,33871859563,2469000,1
33.8743,16,33871859563,2469000,1
33.8768,10,33874326563,2469000,1
33.8768,13,33874326563,2469000,1
33.8793,20,33876793563,2496006,0
33.8818,19,33879334569,2496006,0
33.8844,17,33881857575,2496006,0
33.8868,20,33884380581,2469000,1
33.8868,2,33884380581,2469000,1
33.8894,15,33886901581,2469000,1
33.8894,9,33886901581,2469000,1
33.8894,2,33886901581,2469000,1
33.8918,19,33889377581,2469000,1
33.8918,12,33889377581,2469000,1
33.8918,17,33889377581,2469000,1
33.8943,10,33891853581,2496006,0
33.8969,20,33894376587,2496006,0
33.8994,5,33896899593,2496006,0
33.9019,23,33899422599,2496006,0
33.9044,16,33901945605,2469000,1
33.9044,19,33901945605,2469000,1
33.9069,20,33904439605,2496006,0
33.9095,13,33906962611,2496006,0
33.912,5,33909512617,2496006,0
33.9145,20,33912035623,2469000,1
33.9145,6,33912035623,2469000,1
33.917,4,33914502623,2469000,1
33.917,20,33914504623,2469000,1
33.9194,11,33916971623,2469000,1
33.9194,10,33916971623,2469000,1
33.9194,5,33916971623,2469000,1
33.9219,23,33919447623,2496006,0
33.9245,13,33921970629,2496006,0
33.927,19,33924502635,2496006,0
33.9295,3,33927025641,2496006,0
33.932,23,33929548647,2469000,1
33.9345,5,33932015647,2496006,0
33.937,17,33934547653,2469000,1
33.937,5,33934547653,2469000,1
33.9395,19,33937023653,2496006,0
33.9449,13,33942400665,2469000,1
33.9449,3,33942400665,2469000,1
33.9449,23,33942400665,2469000,1
33.9449,19,33942400665,2469000,1
33.9474,14,33944885665,2496006,0
33.9499,19,33947408671,2496006,0
33.9524,10,33949940677,2496006,0
33.955,10,33952463683,2496006,0
33.9575,18,33954986689,2496006,0
33.96,22,33957518695,2469000,1
33.96,13,33957518695,2469000,1
33.9625,14,33960003695,2496006,0
33.965,19,33962553701,2496006,0
33.9676,10,33965085707,2469000,1
33.9676,18,33965085707,2469000,1
33.97,20,33967561707,2469000,1
33.97,5,33967561707,2469000,1
33.9728,19,33970359713,2469000,1
33.9728,3,33970359713,2469000,1
33.9753,17,33972835713,2496006,0
33.9779,14,33975367719,2496006,0
33.9804,9,33977899725,2496006,0
33.9829,17,33980431731,2469000,1
33.9829,10,33980431731,2469000,1
33.9829,3,33980431731,2469000,1
33.9854,16,33982898731,2469000,1
33.9854,13,33982898731,2469000,1
33.9879,17,33985365731,2496006,0
33.9904,17,33987897737,2496006,0
33.9929,9,33990420743,2496006,0
33.9954,14,33992952749,2496006,0
33.9979,12,33995475755,2469000,1
33.9979,10,33995475755,2469000,1
34.0004,20,33997942755,2496006,0
34.003,19,34000465761,2496006,0
34.0055,10,34002988767,2496006,0
34.008,6,34005511773,2469000,1
34.008,20,34005511773,2469000,1
34.0105,20,34007980773,2496006,0
34.013,14,34010503779,2496006,0
34.0155,3,34013035785,2496006,0
34.0181,19,34015558791,2496006,0
34.0206,20,34018081797,2496006,0
34.0231,18,34020604803,2469000,1
34.0231,17,34020604803,2469000,1
34.0255,14,34023071803,2469000,1
34.0255,5,34023071803,2469000,1
34.0255,3,34023071803,2469000,1
34.0255,18,34023073803,2469000,1
34.028,23,34025540803,2469000,1
34.028,9,34025540803,2469000,1
34.0305,10,34028016803,2496006,0
34.0331,2,34030557809,2496006,0
34.0356,20,34033080815,2496006,0
34.0381,19,34035603821,2496006,0
34.0406,9,34038135827,2496006,0
34.0432,2,34040685833,2496006,0
34.046,20,34043539839,2496006,0
34.0485,5,34046062845,2469000,1
34.0485,10,34046062845,2469000,1
34.051,19,34048529845,2469000,1
34.051,20,34048529845,2469000,1
34.0535,14,34050996845,2496006,0
34.056,3,34053519851,2496006,0
34.0585,9,34056042857,2496006,0
34.0611,2,34058565863,2496006,0
34.0636,17,34061088869,2496006,0
34.0661,9,34063611875,2496006,0
34.0686,19,34066152881,2496006,0
34.0712,14,34068684887,2496006,0
34.074,19,34071520893,2496006,0
34.0765,17,34074043899,2469000,1
34.0765,2,34074043899,2469000,1
34.079,3,34076537899,2496006,0
34.0816,14,34079087905,2496006,0
34.0841,4,34081610911,2469000,1
34.0841,9,34081610911,2469000,1
34.0866,20,34084104911,2496006,0
34.0891,19,34086627917,2496006,0
34.0917,3,34089159923,2496006,0
34.0942,20,34091682929,2496006,0
34.0967,1,34094205935,2469000,1
34.0967,10,34094205935,2469000,1
34.0967,14,34094205935,2469000,1
34.0992,17,34096708935,2496006,0
34.1017,3,34099231941,2469000,1
34.1017,14,34099231941,2469000,1
34.1042,20,34101698941,2469000,1
34.1067,2,34104165941,2496006,0
34.1092,14,34106697947,2496006,0
34.1117,15,34109220953,2496006,0
34.1142,19,34111743959,2469000,1
34.1142,10,34111743959,2469000,1
34.1142,14,34111743959,2469000,1
34.1167,3,34114210959,2496006,0
34.1192,17,34116751965,2496006,0
34.1218,9,34119274971,2496006,0
34.1243,3,34121806977,2496006,0
34.1268,2,34124329983,2496006,0
34.1294,3,34126861989,2496006,0
34.1319,17,34129402995,2496006,0
34.1344,6,34131935001,2469000,1
34.1344,15,34131935001,2469000,1
34.1369,9,34134411001,2496006,0
34.1394,2,34136943007,2496006,0
34.142,9,34139475013,2496006,0
34.1445,14,34142007019,2469000,1
34.1445,9,34142007019,2469000,1
34.1473,19,34144787025,2496006,0
34.1498,17,34147310031,2496006,0
34.1523,20,34149833037,2469000,1
34.1523,3,34149833037,2469000,1
34.1548,15,34152318037,2496006,0
34.1573,19,34154841043,2496006,0
34.1598,17,34157373049,2469000,1
34.1598,16,34157373049,2469000,1
34.1598,15,34157373049,2469000,1
34.1623,8,34159840049,2496006,0
34.1648,2,34162363055,2469000,1
34.1648,19,34162363055,2469000,1
34.1648,8,34162363055,2469000,1
34.1674,9,34164866055,2496006,0
34.1699,17,34167389061,2496006,0
34.1724,17,34169939067,2496006,0
34.175,15,34172462073,2496006,0
34.1778,16,34175298079,2496006,0
34.1803,9,34177821085,2469000,1
34.1803,13,34177821085,2469000,1
34.1803,5,34177821085,2469000,1
34.1828,8,34180288085,2496006,0
34.1853,20,34182811091,2469000,1
34.1903,3,34187812097,2496006,0
34.1928,8,34190344103,2469000,1
34.1928,9,34190344103,2469000,1
34.1953,2,34192820103,2496006,0
34.1978,17,34195352109,2469000,1
34.1978,16,34195352109,2469000,1
34.2003,16,34197821109,2496006,0
34.2028,23,34200344115,2469000,1
34.2028,15,34200344115,2469000,1
34.2053,18,34202811115,2469000,1
34.2053,20,34202811115,2469000,1
34.2053,8,34202811115,2469000,1
34.2053,9,34202811115,2469000,1
34.2078,2,34205287115,2469000,1
34.2078,19,34205287115,2469000,1
34.2103,3,34207754115,2496006,0
34.2127,9,34210277121,2469000,1
34.2127,3,34210277121,2469000,1
34.2152,17,34212771121,2469000,1
34.2152,3,34212771121,2469000,1
34.2177,16,34215256121,2469000,1
34.2177,2,34215256121,2469000,1
34.2202,20,34217723121,2496006,0
34.2228,19,34220264127,2496006,0
34.2253,14,34222805133,2496006,0
34.2278,19,34225337139,2496006,0
34.2303,20,34227860145,2469000,1
34.2303,15,34227860145,2469000,1
34.2329,19,34230372145,2496006,0
34.2354,16,34232895151,2496006,0
34.2379,13,34235427157,2469000,1
34.2379,23,34235427157,2469000,1
34.2404,16,34237894157,2496006,0
34.2429,14,34240417163,2496006,0
34.2455,16,34242976169,2496006,0
34.248,23,34245499175,2496006,0
34.2508,14,34248335181,2496006,0
34.2533,19,34250858187,2469000,1
34.2533,16,34250858187,2469000,1
34.2584,23,34255875193,2496006,0
34.2609,19,34258416199,2469000,1
34.2609,23,34258416199,2469000,1
34.2634,9,34260892199,2469000,1
34.2634,2,34260892199,2469000,1
34.2658,20,34263368199,2469000,1
34.2658,14,34263368199,2469000,1
34.2683,15,34265835199,2496006,0
34.2709,3,34268358205,2496006,0
34.2734,2,34270881211,2496006,0
34.2759,20,34273431217,2496006,0
34.2788,20,34276276223,2496006,0
34.2813,3,34278799229,2469000,1
34.2813,8,34278799229,2469000,1
34.2813,9,34278799229,2469000,1
34.2838,16,34281266229,2496006,0
34.2863,15,34283789235,2496006,0
34.2888,19,34286312241,2496006,0
34.2913,10,34288835247,2496006,0
34.2938,20,34291367253,2469000,1
34.2938,23,34291367253,2469000,1
34.2963,2,34293834253,2469000,1
34.2963,17,34293834253,2469000,1
34.2963,19,34293834253,2469000,1
34.2988,19,34296303253,2496006,0
34.3013,10,34298826259,2496006,0
34.3039,3,34301358265,2496006,0
34.3064,12,34303881271,2496006,0
34.3089,21,34306413277,2496006,0
34.3114,16,34308945283,2469000,1
34.3114,15,34308945283,2469000,1
34.3139,14,34311412283,2469000,1
34.3139,23,34311412283,2469000,1
34.3163,19,34313879283,2469000,1
34.3163,20,34313879283,2469000,1
34.3189,3,34316355283,2496006,0
34.3214,10,34318905289,2496006,0
34.3239,3,34321437295,2469000,1
34.3239,10,34321437295,2469000,1
34.3264,12,34323904295,2469000,1
34.3264,14,34323904295,2469000,1
34.3289,21,34326389295,2469000,1
34.3314,19,34328883295,2496006,0
34.3339,19,34331406301,2496006,0
34.3364,16,34333938307,2469000,1
34.3364,12,34333938307,2469000,1
34.3389,2,34336405307,2496006,0
34.3414,12,34338928313,2496006,0
34.3439,8,34341451319,2496006,0
34.3465,3,34344010325,2496006,0
34.349,2,34346533331,2469000,1
34.349,19,34346533331,2469000,1
34.3518,12,34349313337,2469000,1
34.3518,15,34349313337,2469000,1
34.3543,8,34351780337,2496006,0
34.3568,3,34354303343,2496006,0
34.3593,10,34356835349,2469000,1
34.3593,21,34356835349,2469000,1
34.3618,3,34359329349,2496006,0
34.3644,23,34361861355,2496006,0
34.3669,8,34364402361,2496006,0
34.3694,16,34366925367,2496006,0
34.372,8,34369457373,2496006,0
34.3745,3,34371980379,2496006,0
34.377,23,34374503385,2469000,1
34.377,20,34374503385,2469000,1
34.3795,16,34376988385,2469000,1
34.3795,2,34376988385,2469000,1
34.3795,10,34376988385,2469000,1
34.3823,8,34379786391,2496006,0
34.3848,19,34382327397,2469000,1
34.3848,20,34382327397,2469000,1
34.3873,6,34384794397,2469000,1
34.3873,3,34384794397,2469000,1
34.3898,8,34387261397,2496006,0
34.3923,12,34389793403,2469000,1
34.3923,23,34389793403,2469000,1
34.3947,15,34392278403,2469000,1
34.3973,23,34394754403,2496006,0
34.3998,5,34397295409,2496006,0
34.4023,3,34399818415,2496006,0
34.4048,3,34402350421,2496006,0
34.4073,19,34404873427,2469000,1
34.4073,3,34404873427,2469000,1
34.4098,21,34407340427,2496006,0
34.4123,16,34409863433,2469000,1
34.4123,8,34409863433,2469000,1
34.4149,21,34412357433,2496006,0
34.4174,23,34414880439,2496006,0
34.4199,23,34417412445,2496006,0
34.4224,17,34419944451,2496006,0
34.425,5,34422467457,2496006,0
34.4275,16,34424990463,2496006,0
34.43,14,34427540469,2496006,0
34.4326,5,34430090475,2496006,0
34.4351,23,34432613481,2469000,1
34.4351,3,34432613481,2469000,1
34.4351,21,34432613481,2469000,1
34.4376,14,34435080481,2496006,0
34.4401,16,34437603487,2469000,1
34.4401,17,34437603487,2469000,1
34.4426,8,34440106487,2496006,0
34.4451,14,34442629493,2496006,0
34.4476,5,34445152499,2496006,0
34.4502,23,34447684505,2496006,0
34.4556,2,34453079517,2496006,0
34.4581,8,34455602523,2496006,0
34.4606,2,34458152529,2469000,1
34.4606,14,34458152529,2469000,1
34.4631,17,34460619529,2496006,0
34.4656,8,34463142535,2496006,0
34.4682,5,34465665541,2496006,0
34.4707,23,34468188547,2469000,1
34.4707,19,34468188547,2469000,1
34.4732,16,34470655547,2496006,0
34.4756,12,34473178553,2469000,1
34.4756,8,34473178553,2469000,1
34.4781,16,34475645553,2496006,0
34.4806,17,34478177559,2469000,1
34.4806,21,34478177559,2469000,1
34.4835,3,34480957565,2496006,0
34.486,16,34483480571,2496006,0
34.4885,2,34486003577,2496006,0
34.491,17,34488535583,2469000,1
34.491,2,34488535583,2469000,1
34.4935,3,34491011583,2469000,1
34.4935,10,34491011583,2469000,1
34.496,23,34493478583,2496006,0
34.4985,14,34496010589,2469000,1
34.4985,5,34496010589,2469000,1
34.501,3,34498486589,2496006,0
34.5035,15,34501018595,2496006,0
34.506,17,34503541601,2496006,0
34.5086,16,34506064607,2496006,0
34.5111,15,34508650613,2469000,1
34.5111,23,34508650613,2469000,1
34.5111,14,34508650613,2469000,1
34.5136,3,34511117613,2469000,1
34.5136,8,34511117613,2469000,1
34.5161,16,34513584613,2469000,1
34.5185,15,34516051613,2496006,0
34.5211,5,34518574619,2496006,0
34.5236,7,34521097625,2469000,1
34.5236,17,34521097625,2469000,1
34.5261,15,34523564625,2496006,0
34.5286,10,34526105631,2496006,0
34.5311,5,34528628637,2496006,0
34.5336,21,34531160643,2469000,1
34.5336,2,34531160643,2469000,1
34.5361,15,34533627643,2469000,1
34.5361,3,34533627643,2469000,1
34.5361,10,34533627643,2469000,1
34.5386,5,34536094643,2496006,0
34.5411,21,34538626649,2469000,1
34.5411,10,34538626649,2469000,1
34.5436,7,34541093649,2496006,0
34.5461,7,34543616655,2496006,0
34.5486,5,34546148661,2469000,1
34.5486,12,34546148661,2469000,1
34.5511,17,34548642661,2496006,0
34.5537,18,34551165667,2496006,0
34.5565,16,34554001673,2496006,0
34.559,23,34556524679,2496006,0
34.5616,16,34559074685,2496006,0
34.5641,7,34561597691,2469000,1
34.5641,16,34561597691,2469000,1
34.5665,15,34564064691,2469000,1
34.5665,18,34564064691,2469000,1
34.569,17,34566540691,2469000,1
34.569,7,34566540691,2469000,1
34.5715,8,34569034691,2469000,1
34.5715,18,34569034691,2469000,1
34.574,7,34571501691,2496006,0
34.5765,15,34574033697,2496006,0
34.579,23,34576556703,2469000,1
34.579,18,34576556703,2469000,1
34.5815,5,34579023703,2469000,1
34.5815,16,34579023703,2469000,1
34.584,19,34581499703,2469000,1
34.584,3,34581499703,2469000,1
34.584,23,34581499703,2469000,1
34.5893,2,34586811715,2496006,0
34.5918,7,34589343721,2496006,0
34.5944,17,34591911727,2469000,1
34.5944,15,34591911727,2469000,1
34.5969,2,34594405727,2496006,0
34.5994,7,34596928733,2496006,0
34.6019,18,34599460739,2469000,1
34.6019,15,34599460739,2469000,1
34.6019,7,34599460739,2469000,1
34.6044,16,34601945739,2496006,0
34.607,2,34604513745,2496006,0
34.6095,17,34607036751,2496006,0
34.6121,10,34609559757,2496006,0
34.6146,7,34612100763,2496006,0
34.6171,16,34614623769,2496006,0
34.6197,10,34617164775,2496006,0
34.6222,7,34619687781,2496006,0
34.6247,17,34622210787,2469000,1
34.6247,2,34622210787,2469000,1
34.6272,2,34624722787,2496006,0
34.6297,10,34627245793,2469000,1
34.6297,23,34627245793,2469000,1
34.6322,5,34629712793,2496006,0
34.6347,16,34632253799,2496006,0
34.6398,15,34637299811,2496006,0
34.6423,15,34639822817,2496006,0
34.6448,7,34642345823,2469000,1
34.6448,16,34642345823,2469000,1
34.6473,17,34644821823,2496006,0
34.6498,2,34647344829,2496006,0
34.6523,3,34649867835,2469000,1
34.6523,16,34649867835,2469000,1
34.6548,12,34652334835,2496006,0
34.6574,23,34654866841,2496006,0
34.6602,5,34657702847,2469000,1
34.6602,7,34657702847,2469000,1
34.6627,23,34660169847,2496006,0
34.6652,15,34662701853,2469000,1
34.6652,2,34662701853,2469000,1
34.6677,23,34665177853,2496006,0
34.6702,16,34667700859,2496006,0
34.6727,12,34670223865,2496006,0
34.6752,17,34672746871,2469000,1
34.6752,15,34672746871,2469000,1
34.6752,23,34672746871,2469000,1
34.6777,20,34675231871,2496006,0
34.6802,12,34677754877,2469000,1
34.6802,16,34677754877,2469000,1
34.6802,14,34677754877,2469000,1
34.6802,10,34677754877,2469000,1
34.6802,5,34677754877,2469000,1
34.6827,23,34680221877,2469000,1
34.6827,20,34680221877,2469000,1
34.6827,12,34680223877,2469000,1
34.6853,2,34682780877,2496006,0
34.6881,2,34685625883,2469000,1
34.6906,12,34688110883,2496006,0
34.6931,8,34690633889,2496006,0
34.6956,20,34693174895,2469000,1
34.6956,8,34693174895,2469000,1
34.6981,17,34695641895,2469000,1
34.6981,23,34695641895,2469000,1
34.7006,23,34698110895,2496006,0
34.7031,16,34700642901,2496006,0
34.7057,12,34703174907,2496006,0
34.7082,2,34705697913,2496006,0
34.7107,8,34708220919,2496006,0
34.7132,2,34710743925,2496006,0
34.7158,2,34713266931,2496006,0
34.7183,23,34715789937,2469000,1
34.7183,2,34715789937,2469000,1
34.7207,16,34718265937,2469000,1
34.7207,20,34718265937,2469000,1
34.7232,8,34720750937,2496006,0
34.7258,12,34723291943,2496006,0
34.7283,12,34725850949,2469000,1
34.7283,8,34725850949,2469000,1
34.7308,14,34728335949,2469000,1
34.7308,16,34728335949,2469000,1
34.7333,7,34730811949,2496006,0
34.7384,10,34735857961,2496006,0
34.7409,15,34738389967,2469000,1
34.7409,7,34738389967,2469000,1
34.7434,2,34740856967,2496006,0
34.7459,23,34743397973,2496006,0
34.7484,5,34745929979,2496006,0
34.751,23,34748461985,2496006,0
34.7535,9,34750993991,2469000,1
34.7535,10,34750993991,2469000,1
34.7535,7,34750993991,2469000,1
34.7559,5,34753469991,2469000,1
34.7559,12,34753469991,2469000,1
34.7585,8,34755954991,2496006,0
34.7613,20,34758790997,2469000,1
34.7613,2,34758790997,2469000,1
34.7637,23,34761257997,2469000,1
34.7637,7,34761257997,2469000,1
34.7662,10,34763724997,2496006,0
34.7687,13,34766248003,2496006,0
34.7713,2,34768771009,2496006,0
34.7738,13,34771294015,2496006,0
34.7763,16,34773817021,2496006,0
34.7788,13,34776340027,2496006,0
34.7813,17,34778872033,2469000,1
34.7813,13,34778872033,2469000,1
34.7838,8,34781339033,2496006,0
34.7864,2,34783871039,2496006,0
34.7889,10,34786394045,2496006,0
34.7917,8,34789239051,2469000,1
34.7917,2,34789239051,2469000,1
34.7967,16,34794238057,2496006,0
34.7993,5,34796761063,2496006,0
34.8018,12,34799311069,2496006,0
34.8043,13,34801852075,2496006,0
34.8069,2,34804384081,2496006,0
34.8094,16,34806907087,2469000,1
34.8094,10,34806907087,2469000,1
34.8119,23,34809383087,2496006,0
34.8144,12,34811915093,2496006,0
34.8169,5,34814438099,2496006,0
34.8194,8,34816979105,2469000,1
34.8194,5,34816979105,2469000,1
34.8219,18,34819446105,2496006,0
34.8244,12,34821969111,2469000,1
34.8244,23,34821969111,2469000,1
34.8269,13,34824436111,2469000,1
34.8269,16,34824436111,2469000,1
34.8294,2,34826912111,2469000,1
34.8294,18,34826912111,2469000,1
34.8319,5,34829433111,2469000,1
34.8319,18,34829433111,2469000,1
34.8344,21,34831927111,2496006,0
34.837,10,34834459117,2496006,0
34.8395,21,34836982123,2496006,0
34.842,12,34839523129,2469000,1
34.842,2,34839523129,2469000,1
34.842,21,34839523129,2469000,1
34.8445,13,34841999129,2496006,0
34.847,10,34844522135,2496006,0
34.8496,23,34847063141,2496006,0
34.8521,3,34849631147,2496006,0
34.8546,23,34852163153,2469000,1
34.8546,16,34852163153,2469000,1
34.8571,2,34854639153,2469000,1
34.8571,23,34854639153,2469000,1
34.8596,13,34857115153,2496006,0
34.8621,3,34859638159,2469000,1
34.8621,10,34859638159,2469000,1
34.8621,13,34859638159,2469000,1
34.8649,5,34862418165,2496006,0
34.8674,8,34864941171,2496006,0
34.87,15,34867482177,2496006,0
34.8725,3,34870005183,2496006,0
34.875,21,34872528189,2496006,0
34.8776,5,34875069195,2496006,0
34.8801,3,34877628201,2496006,0
34.8826,13,34880151207,2496006,0
34.8877,18,34885197219,2469000,1
34.8877,23,34885197219,2469000,1
34.8877,8,34885197219,2469000,1
34.8877,15,34885197219,2469000,1
34.8902,21,34887664219,2496006,0
34.893,13,34890518225,2469000,1
34.893,5,34890518225,2469000,1
34.893,8,34890518225,2469000,1
34.8955,13,34892987225,2496006,0
34.898,17,34895519231,2496006,0
34.9005,7,34898051237,2496006,0
34.903,3,34900574243,2469000,1
34.903,15,34900574243,2469000,1
34.9056,10,34903059243,2496006,0
34.9081,7,34905582249,2496006,0
34.9106,21,34908105255,2496006,0
34.9131,12,34910637261,2469000,1
34.9131,23,34910637261,2469000,1
34.9156,17,34913113261,2496006,0
34.9181,13,34915645267,2496006,0
34.9206,7,34918168273,2469000,1
34.9206,5,34918168273,2469000,1
34.9231,21,34920671273,2469000,1
34.9231,7,34920671273,2469000,1
34.9256,10,34923138273,2496006,0
34.9281,17,34925661279,2469000,1
34.9281,3,34925661279,2469000,1
34.9306,13,34928146279,2469000,1
34.9331,10,34930631279,2469000,1
34.9331,16,34930631279,2469000,1
34.9356,21,34933170279,2469000,1
34.9356,13,34933170279,2469000,1
34.9381,8,34935637279,2496006,0
34.9407,13,34938178285,2496006,0
34.9432,10,34940701291,2496006,0
34.9457,13,34943233297,2496006,0
34.9483,17,34945765303,2496006,0
34.9508,15,34948288309,2496006,0
34.9533,10,34950820315,2496006,0
34.9558,10,34953343321,2496006,0
34.9584,13,34955893327,2469000,1
34.9584,8,34955893327,2469000,1
34.9609,15,34958387327,2469000,1
34.9609,8,34958387327,2469000,1
34.9662,17,34963690333,2496006,0
34.9687,10,34966222339,2496006,0
34.9713,17,34968754345,2496006,0
34.9738,7,34971277351,2496006,0
34.9763,8,34973818357,2496006,0
34.9788,7,34976350363,2469000,1
34.9788,8,34976350363,2469000,1
34.9813,12,34978817363,2469000,1
34.9813,5,34978817363,2469000,1
34.9838,7,34981293363,2496006,0
34.9863,2,34983816369,2496006,0
34.9888,3,34986348375,2496006,0
34.9914,10,34988871381,2496006,0
34.9939,7,34991394387,2469000,1
34.9939,15,34991394387,2469000,1
34.9939,2,34991394387,2469000,1
34.9967,17,34994174393,2496006,0
34.9992,21,34996706399,2496006,0
35.0017,13,34999229405,2496006,0
35.0042,7,35001752411,2496006,0
35.0068,10,35004275417,2496006,0
35.0118,21,35009330429,2496006,0
35.0143,17,35011853435,2469000,1
35.0143,10,35011853435,2469000,1
35.0168,7,35014329435,2469000,1
35.0168,18,35014329435,2469000,1
35.0168,8,35014329435,2469000,1
35.0193,3,35016805435,2496006,0
35.0219,13,35019355441,2496006,0
35.0243,21,35021878447,2469000,1
35.0243,17,35021878447,2469000,1
35.0243,13,35021878447,2469000,1
35.0269,13,35024354447,2496006,0
35.0294,10,35026886453,2496006,0
35.0319,3,35029409459,2469000,1
35.0319,8,35029409459,2469000,1
35.0319,13,35029409459,2469000,1
35.0344,21,35031876459,2496006,0
35.0369,15,35034417465,2496006,0
35.0394,2,35036940471,2496006,0
35.042,19,35039463477,2496006,0
35.0445,19,35041986483,2496006,0
35.047,10,35044509489,2496006,0
35.0495,2,35047041495,2496006,0
35.0521,17,35049591501,2496006,0
35.0546,10,35052114507,2469000,1
35.0546,21,35052114507,2469000,1
35.0571,7,35054581507,2496006,0
35.0596,2,35057104513,2469000,1
35.0596,6,35057104513,2469000,1
35.0596,7,35057104513,2469000,1
35.062,21,35059571513,2469000,1
35.0645,15,35062038513,2496006,0
35.067,17,35064561519,2469000,1
35.067,15,35064561519,2469000,1
35.0698,19,35067341525,2496006,0
35.0723,13,35069864531,2469000,1
35.0723,10,35069864531,2469000,1
35.0748,17,35072340531,2496006,0
35.0774,21,35074863537,2496006,0
35.0799,17,35077404543,2496006,0
35.0824,10,35079927549,2496006,0
35.085,20,35082459555,2496006,0
35.0875,3,35084982561,2469000,1
35.0875,13,35084982561,2469000,1
35.0875,10,35084982561,2469000,1
35.0899,21,35087449561,2469000,1
35.0899,19,35087449561,2469000,1
35.0924,7,35089916561,2496006,0
35.0949,10,35092439567,2496006,0
35.0977,11,35095275573,2469000,1
35.0977,2,35095275573,2469000,1
35.0977,10,35095275573,2469000,1
35.1003,17,35097778573,2496006,0
35.1028,20,35100328579,2496006,0
35.1054,20,35102860585,2496006,0
35.1079,7,35105383591,2496006,0
35.1104,15,35107924597,2469000,1
35.1104,20,35107924597,2469000,1
35.1129,21,35110391597,2496006,0
35.1154,17,35112914603,2496006,0
35.1179,10,35115446609,2496006,0
35.123,10,35120510621,2496006,0
35.1255,23,35123033627,2496006,0
35.1281,7,35125556633,2496006,0
35.1306,17,35128079639,2496006,0
35.1331,19,35130611645,2496006,0
35.1356,20,35133134651,2496006,0
35.1382,21,35135657657,2496006,0
35.1407,7,35138189663,2469000,1
35.1407,20,35138189663,2469000,1
35.1432,13,35140665663,2496006,0
35.1457,23,35143197669,2496006,0
35.1482,23,35145720675,2496006,0
35.1507,21,35148243681,2469000,1
35.1507,5,35148243681,2469000,1
35.1532,17,35150710681,2469000,1
35.1532,10,35150710681,2469000,1
35.1557,19,35153213681,2496006,0
35.1582,19,35155745687,2496006,0
35.1608,7,35158268693,2496006,0
35.1633,3,35160791699,2496006,0
35.1658,23,35163314705,2496006,0
35.1683,13,35165837711,2469000,1
35.1683,23,35165837711,2469000,1
35.1711,3,35168617717,2496006,0
35.1736,21,35171140723,2496006,0
35.1762,19,35173663729,2496006,0
35.1787,11,35176186735,2469000,1
35.1787,19,35176186735,2469000,1
35.1811,21,35178653735,2496006,0
35.1836,2,35181176741,2469000,1
35.1836,10,35181176741,2469000,1
35.1861,20,35183643741,2469000,1
35.1861,21,35183643741,2469000,1
35.1886,7,35186110741,2496006,0
35.1911,3,35188633747,2496006,0
35.1937,7,35191165753,2496006,0
35.1962,4,35193688759,2469000,1
35.1962,8,35193688759,2469000,1
35.1986,23,35196155759,2469000,1
35.1986,21,35196155759,2469000,1
35.2014,20,35198935765,2496006,0
35.2039,17,35201458771,2469000,1
35.2039,10,35201458771,2469000,1
35.2064,11,35203925771,2496006,0
35.2089,3,35206457777,2469000,1
35.2089,16,35206457777,2469000,1
35.2114,15,35208924777,2469000,1
35.2114,11,35208924777,2469000,1
35.2114,3,35208926777,2469000,1
35.2139,13,35211402777,2496006,0
35.2164,3,35213925783,2496006,0
35.2189,7,35216448789,2496006,0
35.2215,20,35218971795,2496006,0
35.224,7,35221521801,2496006,0
35.2265,19,35224053807,2496006,0
35.229,3,35226576813,2469000,1
35.229,11,35226576813,2469000,1
35.2316,13,35229061813,2496006,0
35.2341,7,35231602819,2469000,1
35.2341,20,35231602819,2469000,1
35.2366,20,35234071819,2496006,0
35.2391,23,35236603825,2496006,0
35.2416,19,35239144831,2496006,0
35.2442,20,35241667837,2496006,0
35.2467,5,35244208843,2469000,1
35.2467,13,35244208843,2469000,1
35.2467,20,35244208843,2469000,1
35.2492,19,35246684843,2469000,1
35.2492,3,35246684843,2469000,1
35.2492,13,35246684843,2469000,1
35.2517,23,35249160843,2496006,0
35.2542,7,35251692849,2496006,0
35.2567,20,35254251855,2496006,0
35.2593,21,35256792861,2496006,0
35.2618,21,35259324867,2496006,0
35.2643,17,35261847873,2496006,0
35.2669,7,35264379879,2496006,0
35.2694,23,35266902885,2469000,1
35.2694,21,35266902885,2469000,1
35.2719,17,35269387885,2469000,1
35.2719,19,35269387885,2469000,1
35.2747,20,35272185891,2469000,1
35.2747,23,35272185891,2469000,1
35.2772,17,35274679891,2496006,0
35.2797,21,35277202897,2469000,1
35.2797,17,35277202897,2469000,1
35.2821,10,35279669897,2469000,1
35.2821,7,35279669897,2469000,1
35.2847,7,35282172897,2496006,0
35.2872,12,35284695903,2469000,1
35.2872,20,35284695903,2469000,1
35.2897,11,35287189903,2496006,0
35.2922,13,35289712909,2496006,0
35.2948,11,35292271915,2496006,0
35.2973,13,35294794921,2469000,1
35.2973,19,35294794921,2469000,1
35.2997,7,35297261921,2469000,1
35.2997,11,35297261921,2469000,1
35.3026,21,35300077927,2496006,0
35.3051,14,35302618933,2469000,1
35.3051,10,35302618933,2469000,1
35.3076,11,35305085933,2496006,0
35.3101,3,35307617939,2469000,1
35.3101,17,35307617939,2469000,1
35.3126,15,35310093939,2496006,0
35.3151,18,35312616945,2469000,1
35.3151,15,35312616945,2469000,1
35.3176,13,35315092945,2496006,0
35.3201,7,35317615951,2496006,0
35.3226,21,35320138957,2469000,1
35.3226,7,35320138957,2469000,1
35.3251,11,35322605957,2469000,1
35.3276,7,35325072957,2496006,0
35.3301,11,35327622963,2496006,0
35.3352,13,35332686975,2496006,0
35.3377,23,35335209981,2496006,0
35.3402,7,35337732987,2496006,0
35.3428,11,35340273993,2496006,0
35.3453,13,35342805999,2469000,1
35.3453,2,35342805999,2469000,1
35.3453,20,35342805999,2469000,1
35.3478,1,35345272999,2496006,0
35.3503,23,35347796005,2496006,0
35.3528,22,35350328011,2496006,0
35.3553,7,35352851017,2496006,0
35.3579,7,35355374023,2496006,0
35.3604,1,35357906029,2496006,0
35.3629,12,35360429035,2496006,0
35.3654,15,35362961041,2469000,1
35.3654,21,35362961041,2469000,1
35.3654,12,35362961041,2469000,1
35.3679,22,35365428041,2469000,1
35.3679,23,35365428041,2469000,1
35.3704,11,35367895041,2496006,0
35.3729,7,35370445047,2469000,1
35.3729,11,35370445047,2469000,1
35.3757,8,35373243053,2496006,0
35.3782,17,35375766059,2469000,1
35.3782,22,35375766059,2469000,1
35.3807,1,35378233059,2469000,1
35.3807,23,35378233059,2469000,1
35.3832,13,35380736059,2496006,0
35.3857,19,35383268065,2469000,1
35.3857,12,35383268065,2469000,1
35.3882,10,35385735065,2469000,1
35.3907,23,35388202065,2496006,0
35.3932,1,35390734071,2496006,0
35.3957,20,35393257077,2469000,1
35.3957,8,35393257077,2469000,1
35.3982,13,35395733077,2496006,0
35.4008,7,35398256083,2496006,0
35.4033,23,35400788089,2469000,1
35.4033,11,35400788089,2469000,1
35.4033,13,35400788089,2469000,1
35.4061,3,35403586095,2496006,0
35.4086,3,35406109101,2496006,0
35.4111,21,35408632107,2496006,0
35.4137,11,35411155113,2496006,0
35.4162,1,35413687119,2496006,0
35.4187,3,35416228125,2469000,1
35.4187,12,35416228125,2469000,1
35.4212,7,35418695125,2496006,0
35.4237,3,35421218131,2496006,0
35.4262,8,35423741137,2469000,1
35.4262,13,35423741137,2469000,1
35.4262,3,35423741137,2469000,1
35.4287,7,35426208137,2496006,0
35.4313,21,35428758143,2496006,0
35.4338,11,35431281149,2496006,0
35.4363,15,35433813155,2469000,1
35.4363,8,35433813155,2469000,1
35.4388,1,35436280155,2496006,0
35.4413,7,35438821161,2496006,0
35.4438,23,35441344167,2496006,0
35.4464,22,35443867173,2496006,0
35.4489,11,35446399179,2496006,0
35.454,21,35451454191,2496006,0
35.4565,1,35453977197,2496006,0
35.459,7,35456500203,2496006,0
35.4615,22,35459023209,2469000,1
35.4615,7,35459023209,2469000,1
35.464,11,35461490209,2469000,1
35.464,12,35461490209,2469000,1
35.4664,23,35463966209,2469000,1
35.4664,22,35463966209,2469000,1
35.4689,7,35466433209,2496006,0
35.4714,21,35468956215,2469000,1
35.4714,3,35468956215,2469000,1
35.4739,13,35471432215,2469000,1
35.4739,7,35471432215,2469000,1
35.4764,1,35473917215,2496006,0
35.4792,17,35476753221,2469000,1
35.4792,1,35476753221,2469000,1
35.4817,22,35479247221,2496006,0
35.4843,22,35481815227,2496006,0
35.4868,21,35484347233,2496006,0
35.4894,11,35486906239,2469000,1
35.4894,1,35486906239,2469000,1
35.4919,3,35489373239,2496006,0
35.4944,22,35491905245,2496006,0
35.4969,23,35494455251,2469000,1
35.4969,7,35494455251,2469000,1
35.4994,21,35496949251,2496006,0
35.5045,22,35501995263,2496006,0
35.5073,3,35504840269,2496006,0
35.5099,22,35507408275,2496006,0
35.5124,21,35509949281,2496006,0
35.515,22,35512481287,2496006,0
35.5175,3,35515004293,2496006,0
35.5201,21,35517617299,2496006,0
35.5226,22,35520140305,2496006,0
35.5252,23,35522663311,2496006,0
35.5277,3,35525186317,2469000,1
35.5277,7,35525186317,2469000,1
35.5302,23,35527671317,2496006,0
35.5327,22,35530230323,2469000,1
35.5352,21,35532697323,2469000,1
35.5352,13,35532697323,2469000,1
35.5377,20,35535182323,2469000,1
35.5377,1,35535182323,2469000,1
35.5401,23,35537649323,2496006,0
35.5427,11,35540199329,2496006,0
35.5453,22,35542767335,2496006,0
35.5478,3,35545290341,2469000,1
35.5478,22,35545290341,2469000,1
35.5502,11,35547757341,2469000,1
35.5502,23,35547757341,2469000,1
35.5527,11,35550242341,2496006,0
35.5553,15,35552801347,2469000,1
35.5553,21,35552801347,2469000,1
35.5577,8,35555268347,2469000,1
35.5577,21,35555270347,2469000,1
35.5602,11,35557746347,2469000,1
35.5602,23,35557746347,2469000,1
35.5627,22,35560231347,2496006,0
35.5653,11,35562799353,2469000,1
35.5653,23,35562799353,2469000,1
35.5678,22,35565275353,2496006,0
35.5729,12,35570375365,2496006,0
35.5754,22,35572916371,2496006,0
35.5779,12,35575439377,2496006,0
35.5808,12,35578329383,2496006,0
35.5833,12,35580852389,2496006,0
35.5859,12,35583375395,2496006,0
35.5884,11,35585907401,2469000,1
35.5909,23,35588374401,2496006,0
35.5934,23,35590897407,2496006,0
35.5959,22,35593429413,2496006,0
35.5985,23,35595970419,2496006,0
35.601,23,35598502425,2496006,0
35.6035,15,35601043431,2496006,0
35.6061,12,35603575437,2496006,0
35.6086,22,35606098443,2496006,0
35.6114,23,35608934449,2496006,0
35.614,3,35611457455,2496006,0
35.619,13,35616512467,2496006,0
35.6215,2,35619035473,2496006,0
35.6241,3,35621567479,2496006,0
35.6266,22,35624090485,2496006,0
35.6291,13,35626613491,2496006,0
35.6316,12,35629136497,2496006,0
35.6342,1,35631659503,2496006,0
35.6367,2,35634182509,2469000,1
35.6367,15,35634182509,2469000,1
35.6367,1,35634182509,2469000,1
35.6391,21,35636667509,2469000,1
35.6391,23,35636667509,2469000,1
35.6416,22,35639152509,2496006,0
35.6442,3,35641693515,2496006,0
35.6467,12,35644216521,2496006,0
35.6492,13,35646739527,2496006,0
35.6518,2,35649262533,2496006,0
35.6568,12,35654317545,2469000,1
35.6568,15,35654317545,2469000,1
35.6593,22,35656784545,2496006,0
35.6618,3,35659334551,2496006,0
35.6643,22,35661866557,2469000,1
35.6643,3,35661866557,2469000,1
35.6668,7,35664333557,2496006,0
35.6694,2,35666856563,2496006,0
35.6719,13,35669379569,2496006,0
35.6744,23,35671911575,2496006,0
35.6769,13,35674452581,2496006,0
35.6795,19,35676984587,2469000,1
35.6795,1,35676984587,2469000,1
35.6795,12,35676984587,2469000,1
35.6819,23,35679460587,2469000,1
35.6819,13,35679460587,2469000,1
35.6847,2,35682240593,2496006,0
35.6873,8,35684790599,2469000,1
35.6873,3,35684790599,2469000,1
35.6873,7,35684790599,2469000,1
35.6897,2,35687257599,2469000,1
35.6897,23,35687257599,2469000,1
35.6948,5,35692337605,2469000,1
35.6948,2,35692337605,2469000,1
35.6973,22,35694813605,2496006,0
35.6998,3,35697345611,2469000,1
35.6998,7,35697345611,2469000,1
35.7023,13,35699812611,2496006,0
35.7048,22,35702353617,2496006,0
35.7074,2,35704921623,2496006,0
35.7099,17,35707444629,2496006,0
35.7128,13,35710280635,2496006,0
35.7153,12,35712812641,2496006,0
35.7178,2,35715335647,2496006,0
35.7203,22,35717858653,2469000,1
35.7203,12,35717858653,2469000,1
35.7228,13,35720334653,2469000,1
35.7253,16,35722810653,2496006,0
35.7278,15,35725333659,2469000,1
35.7278,1,35725333659,2469000,1
35.7278,17,35725333659,2469000,1
35.7278,13,35725333659,2469000,1
35.7303,16,35727818659,2496006,0
35.7328,23,35730350665,2496006,0
35.7354,22,35732882671,2496006,0
35.7379,11,35735405677,2469000,1
35.7379,2,35735405677,2469000,1
35.7404,12,35737890677,2496006,0
35.7429,16,35740440683,2496006,0
35.7455,23,35742972689,2496006,0
35.748,22,35745513695,2469000,1
35.748,23,35745513695,2469000,1
35.7505,12,35747989695,2469000,1
35.7505,2,35747989695,2469000,1
35.7505,23,35747989695,2469000,1
35.753,7,35750456695,2496006,0
35.7555,16,35753024701,2496006,0
35.758,17,35755556707,2469000,1
35.758,12,35755556707,2469000,1
35.7605,7,35758041707,2496006,0
35.763,1,35760564713,2469000,1
35.763,22,35760564713,2469000,1
35.7655,2,35763049713,2496006,0
35.7681,7,35765581719,2496006,0
35.7706,13,35768104725,2496006,0
35.7731,2,35770645731,2469000,1
35.7731,16,35770645731,2469000,1
35.7781,7,35775644737,2496006,0
35.7807,13,35778212743,2496006,0
35.7832,12,35780735749,2496006,0
35.7861,17,35783571755,2496006,0
35.7886,7,35786103761,2496006,0
35.7911,2,35788626767,2496006,0
35.7936,23,35791149773,2496006,0
35.7962,12,35793672779,2496006,0
35.7987,13,35796204785,2496006,0
35.8012,18,35798736791,2496006,0
35.8037,17,35801268797,2469000,1
35.8037,3,35801268797,2469000,1
35.8062,12,35803744797,2469000,1
35.8062,18,35803744797,2469000,1
35.8087,13,35806211797,2469000,1
35.8087,5,35806211797,2469000,1
35.8087,22,35806211797,2469000,1
35.8112,23,35808687797,2469000,1
35.8112,2,35808687797,2469000,1
35.8136,7,35811163797,2469000,1
35.8136,13,35811163797,2469000,1
35.8164,21,35813943803,2496006,0
35.8189,23,35816466809,2469000,1
35.8189,21,35816466809,2469000,1
35.8214,16,35818933809,2469000,1
35.8214,3,35818933809,2469000,1
35.8239,2,35821400809,2496006,0
35.8264,12,35823932815,2496006,0
35.8289,18,35826455821,2469000,1
35.8289,2,35826455821,2469000,1
35.8314,18,35828949821,2496006,0
35.834,21,35831481827,2496006,0
35.8365,18,35834031833,2496006,0
35.8391,12,35836563839,2496006,0
35.8416,17,35839086845,2469000,1
35.844,21,35841553845,2496006,0
35.8466,21,35844085851,2496006,0
35.8491,12,35846617857,2496006,0
35.8517,18,35849167863,2496006,0
35.8542,12,35851690869,2496006,0
35.8567,7,35854213875,2496006,0
35.8592,21,35856736881,2496006,0
35.8618,2,35859259887,2496006,0
35.8643,16,35861791893,2496006,0
35.8668,21,35864323899,2469000,1
35.8668,18,35864323899,2469000,1
35.8668,16,35864323899,2469000,1
35.8693,2,35866808899,2496006,0
35.8718,12,35869331905,2469000,1
35.8718,15,35869331905,2469000,1
35.8743,7,35871798905,2469000,1
35.8743,20,35871798905,2469000,1
35.8743,17,35871798905,2469000,1
35.8768,21,35874265905,2496006,0
35.8793,12,35876815911,2496006,0
35.8844,21,35881879923,2496006,0
35.8869,12,35884411929,2469000,1
35.8869,23,35884411929,2469000,1
35.8897,7,35887191935,2496006,0
35.8922,16,35889714941,2496006,0
35.8947,13,35892237947,2469000,1
35.8947,2,35892237947,2469000,1
35.8972,18,35894704947,2469000,1
35.8972,16,35894704947,2469000,1
35.8997,12,35897207947,2496006,0
35.9022,7,35899748953,2496006,0
35.9048,7,35902271959,2496006,0
35.9073,10,35904794965,2469000,1
35.9073,21,35904794965,2469000,1
35.9073,2,35904794965,2469000,1
35.9098,18,35907279965,2496006,0
35.9123,12,35909802971,2469000,1
35.9123,18,35909802971,2469000,1
35.9148,7,35912314971,2496006,0
35.9202,16,35917691983,2496006,0
35.9227,7,35920214989,2496006,0
35.9252,7,35922773995,2469000,1
35.9252,22,35922773995,2469000,1
35.9252,13,35922773995,2469000,1
35.9277,18,35925240995,2469000,1
35.9277,13,35925242995,2469000,1
35.9302,17,35927736995,2496006,0
35.9328,7,35930260001,2496006,0
35.9353,21,35932783007,2469000,1
35.9353,17,35932783007,2469000,1
35.9377,16,35935250007,2496006,0
35.9403,12,35937773013,2496006,0
35.9428,17,35940323019,2496006,0
35.9453,12,35942846025,2469000,1
35.9453,16,35942846025,2469000,1
35.9453,7,35942846025,2469000,1
35.9478,11,35945313025,2496006,0
35.9504,17,35947863031,2496006,0
35.9529,11,35950386037,2469000,1
35.9554,17,35952925037,2496006,0
35.958,2,35955457043,2496006,0
35.9605,7,35957980049,2496006,0
35.963,16,35960512055,2496006,0
35.9655,11,35963053061,2496006,0
35.9681,1,35965585067,2496006,0
35.9706,2,35968117073,2496006,0
35.9731,11,35970649079,2469000,1
35.9731,17,35970649079,2469000,1
35.9756,1,35973134079,2469000,1
35.9756,16,35973134079,2469000,1
35.9756,12,35973134079,2469000,1
35.9756,7,35973134079,2469000,1
35.9781,18,35975610079,2469000,1
35.9781,21,35975610079,2469000,1
35.9806,2,35978131079,2496006,0
35.9832,1,35980672085,2496006,0
35.9857,1,35983195091,2496006,0
35.9882,17,35985718097,2496006,0
35.991,1,35988572103,2469000,1
35.991,17,35988572103,2469000,1
35.9936,16,35991066103,2496006,0
35.9986,2,35996130115,2496006,0
36.0011,16,35998653121,2496006,0
36.0037,7,36001176127,2496006,0
36.0062,11,36003699133,2496006,0
36.0087,9,36006240139,2469000,1
36.0087,11,36006240139,2469000,1
36.0112,16,36008707139,2496006,0
36.0137,2,36011239145,2469000,1
36.0137,18,36011239145,2469000,1
36.0162,9,36013706145,2496006,0
36.019,16,36016542151,2469000,1
36.019,18,36016542151,2469000,1
36.0215,23,36019018151,2496006,0
36.024,9,36021541157,2496006,0
36.0265,7,36024064163,2469000,1
36.0265,2,36024064163,2469000,1
36.029,1,36026531163,2496006,0
36.0315,17,36029054169,2469000,1
36.034,11,36031521169,2496006,0
36.0366,19,36034080175,2496006,0
36.0391,23,36036603181,2496006,0
36.0416,1,36039135187,2496006,0
36.0442,23,36041658193,2496006,0
36.0467,11,36044181199,2496006,0
36.0492,16,36046704205,2469000,1
36.0492,7,36046704205,2469000,1
36.0516,12,36049171205,2469000,1
36.0516,9,36049171205,2469000,1
36.0542,11,36051656205,2496006,0
36.0567,19,36054179211,2496006,0
36.0592,1,36056702217,2496006,0
36.0617,23,36059243223,2496006,0
36.0643,23,36061775229,2496006,0
36.0668,11,36064325235,2469000,1
36.0668,23,36064325235,2469000,1
36.0693,7,36066792235,2469000,1
36.0718,1,36069268235,2496006,0
36.0743,19,36071791241,2496006,0
36.0768,2,36074332247,2496006,0
36.0794,2,36076873253,2496006,0
36.0819,8,36079414259,2496006,0
36.0844,2,36081946265,2496006,0
36.087,19,36084469271,2496006,0
36.0895,16,36086992277,2469000,1
36.0895,9,36086992277,2469000,1
36.0895,23,36086992277,2469000,1
36.0923,1,36089772283,2496006,0
36.0948,2,36092349289,2469000,1
36.0948,11,36092349289,2469000,1
36.0973,8,36094816289,2496006,0
36.0998,17,36097348295,2496006,0
36.1023,1,36099880301,2469000,1
36.1023,19,36099880301,2469000,1
36.1074,8,36104870307,2496006,0
36.1099,8,36107393313,2496006,0
36.1124,9,36109925319,2496006,0
36.115,17,36112466325,2496006,0
36.1175,15,36114989331,2496006,0
36.12,2,36117521337,2496006,0
36.1229,17,36120357343,2496006,0
36.1254,8,36122889349,2469000,1
36.1254,19,36122889349,2469000,1
36.1278,9,36125356349,2469000,1
36.1278,1,36125356349,2469000,1
36.1303,22,36127832349,2496006,0
36.1329,15,36130355355,2496006,0
36.1354,22,36132878361,2496006,0
36.1379,2,36135401367,2496006,0
36.1404,21,36137924373,2496006,0
36.1429,17,36140447379,2496006,0
36.1455,22,36142997385,2496006,0
36.1506,2,36148061397,2496006,0
36.1531,17,36150584403,2496006,0
36.1556,22,36153107409,2469000,1
36.1556,15,36153107409,2469000,1
36.1581,21,36155574409,2496006,0
36.1606,2,36158115415,2469000,1
36.1606,15,36158115415,2469000,1
36.1631,7,36160609415,2469000,1
36.1631,17,36160609415,2469000,1
36.1655,8,36163076415,2469000,1
36.1655,9,36163076415,2469000,1
36.168,21,36165543415,2496006,0
36.1706,15,36168093421,2496006,0
36.1731,23,36170625427,2496006,0
36.1756,17,36173148433,2469000,1
36.1756,15,36173148433,2469000,1
36.1781,4,36175642433,2496006,0
36.1806,23,36178174439,2469000,1
36.1806,16,36178174439,2469000,1
36.1831,21,36180650439,2496006,0
36.1856,4,36183173445,2469000,1
36.1856,21,36183173445,2469000,1
36.1881,11,36185640445,2496006,0
36.1907,2,36188172451,2496006,0
36.1932,19,36190695457,2469000,1
36.196,22,36193475463,2496006,0
36.1985,22,36195998469,2496006,0
36.201,11,36198566475,2469000,1
36.201,12,36198566475,2469000,1
36.2035,4,36201033475,2496006,0
36.206,1,36203556481,2469000,1
36.206,9,36203556481,2469000,1
36.2085,4,36206032481,2496006,0
36.2111,2,36208555487,2496006,0
36.2135,15,36211078493,2469000,1
36.2135,11,36211078493,2469000,1
36.216,22,36213545493,2469000,1
36.216,4,36213545493,2469000,1
36.2185,23,36216012493,2496006,0
36.221,8,36218535499,2469000,1
36.221,23,36218535499,2469000,1
36.2238,11,36221315505,2496006,0
36.2263,21,36223865511,2469000,1
36.2263,11,36223865511,2469000,1
36.2288,2,36226332511,2496006,0
36.2314,2,36228918517,2469000,1
36.2314,21,36228918517,2469000,1
36.2314,11,36228918517,2469000,1
36.2339,19,36231403517,2469000,1
36.2339,22,36231403517,2469000,1
36.2364,2,36233915517,2496006,0
36.239,4,36236456523,2496006,0
36.2415,17,36238988529,2496006,0
36.244,2,36241511535,2496006,0
36.2465,2,36244034541,2496006,0
36.2491,23,36246557547,2496006,0
36.2516,4,36249098553,2469000,1
36.2516,2,36249098553,2469000,1
36.2541,17,36251583553,2496006,0
36.2566,4,36254115559,2496006,0
36.2592,17,36256656565,2496006,0
36.2617,4,36259188571,2469000,1
36.2617,7,36259188571,2469000,1
36.2642,17,36261664571,2496006,0
36.2667,23,36264187577,2496006,0
36.2692,17,36266710583,2469000,1
36.2717,4,36269177583,2496006,0
36.2742,15,36271709589,2469000,1
36.2793,2,36276762595,2496006,0
36.2818,6,36279294601,2469000,1
36.2818,23,36279294601,2469000,1
36.2843,4,36281761601,2496006,0
36.2868,1,36284284607,2496006,0
36.2893,17,36286843613,2496006,0
36.2919,11,36289393619,2469000,1
36.2919,22,36289393619,2469000,1
36.2943,17,36291878619,2469000,1
36.2943,2,36291878619,2469000,1
36.2971,1,36294658625,2469000,1
36.2971,4,36294658625,2469000,1
36.2971,22,36294658625,2469000,1
36.2971,17,36294658625,2469000,1
36.2997,2,36297161625,2496006,0
36.3048,1,36302261637,2496006,0
36.3073,2,36304784643,2469000,1
36.3073,23,36304784643,2469000,1
36.3073,4,36304784643,2469000,1
36.3097,8,36307251643,2496006,0
36.3123,9,36309801649,2496006,0
36.3148,12,36312342655,2496006,0
36.3174,1,36314883661,2496006,0
36.3199,8,36317415667,2496006,0
36.325,1,36322461679,2496006,0
36.3278,8,36325297685,2496006,0
36.3303,14,36327820691,2496006,0
36.3328,2,36330352697,2496006,0
36.3353,1,36332875703,2469000,1
36.3353,9,36332875703,2469000,1
36.3378,12,36335351703,2469000,1
36.3378,2,36335351703,2469000,1
36.3403,7,36337836703,2469000,1
36.3403,23,36337836703,2469000,1
36.3428,12,36340303703,2496006,0
36.3453,14,36342826709,2496006,0
36.3479,8,36345376715,2496006,0
36.3504,12,36347899721,2469000,1
36.3504,3,36347899721,2469000,1
36.3554,1,36352889727,2469000,1
36.3554,9,36352889727,2469000,1
36.3578,14,36355374727,2469000,1
36.3578,17,36355374727,2469000,1
36.3578,1,36355374727,2469000,1
36.3603,16,36357841727,2496006,0
36.3629,14,36360373733,2496006,0
36.3654,8,36362896739,2496006,0
36.3679,16,36365428745,2469000,1
36.3679,14,36365428745,2469000,1
36.3704,4,36367895745,2469000,1
36.3704,9,36367895745,2469000,1
36.3704,8,36367895745,2469000,1
36.3729,12,36370380745,2496006,0
36.3754,21,36372912751,2469000,1
36.3754,2,36372912751,2469000,1
36.3779,17,36375397751,2496006,0
36.3804,12,36377929757,2496006,0
36.3829,18,36380479763,2469000,1
36.3829,15,36380479763,2469000,1
36.3855,16,36382955763,2496006,0
36.388,17,36385487769,2469000,1
36.388,10,36385487769,2469000,1
36.388,18,36385487769,2469000,1
36.3905,12,36387963769,2496006,0
36.393,16,36390495775,2496006,0
36.3955,12,36393045781,2496006,0
36.3981,2,36395568787,2496006,0
36.4009,14,36398422793,2496006,0
36.4034,8,36400945799,2496006,0
36.406,9,36403468805,2496006,0
36.4085,16,36406000811,2469000,1
36.4085,10,36406000811,2469000,1
36.4109,8,36408467811,2469000,1
36.4109,10,36408469811,2469000,1
36.4134,9,36410945811,2496006,0
36.416,17,36413468817,2496006,0
36.4185,2,36415991823,2469000,1
36.421,17,36418458823,2496006,0
36.4235,12,36420981829,2469000,1
36.4235,17,36420981829,2469000,1
36.4259,9,36423457829,2469000,1
36.4259,14,36423457829,2469000,1
36.4259,8,36423457829,2469000,1
36.4288,11,36426282835,2496006,0
36.4313,23,36428805841,2469000,1
36.4313,11,36428805841,2469000,1
36.4338,14,36431272841,2496006,0
36.4364,9,36433867847,2496006,0
36.4389,14,36436399853,2469000,1
36.4389,12,36436399853,2469000,1
36.4414,2,36438875853,2496006,0
36.4439,9,36441398859,2469000,1
36.4439,1,36441398859,2469000,1
36.4464,16,36443865859,2496006,0
36.4514,17,36448911871,2496006,0
36.4539,9,36451452877,2496006,0
36.4565,2,36453984883,2469000,1
36.4565,9,36453984883,2469000,1
36.4589,11,36456451883,2496006,0
36.4615,21,36458992889,2496006,0
36.464,11,36461515895,2496006,0
36.4665,16,36464047901,2496006,0
36.4691,1,36466570907,2496006,0
36.4716,17,36469102913,2496006,0
36.4741,1,36471634919,2496006,0
36.4767,11,36474157925,2496006,0
36.4791,21,36476680931,2469000,1
36.4791,11,36476680931,2469000,1
36.4816,1,36479147931,2496006,0
36.4841,17,36481670937,2469000,1
36.4841,14,36481670937,2469000,1
36.4866,17,36484146937,2496006,0
36.4891,16,36486669943,2469000,1
36.4891,19,36486669943,2469000,1
36.4916,8,36489136943,2496006,0
36.4942,13,36491659949,2496006,0
36.4967,21,36494182955,2496006,0
36.4992,17,36496714961,2496006,0
36.502,2,36499550967,2469000,1
36.502,13,36499550967,2469000,1
36.5045,10,36502017967,2469000,1
36.5045,1,36502017967,2469000,1
36.507,9,36504493967,2469000,1
36.507,17,36504493967,2469000,1
36.5095,17,36506962967,2496006,0
36.512,21,36509485973,2496006,0
36.5145,14,36512017979,2496006,0
36.517,4,36514540985,2469000,1
36.517,14,36514540985,2469000,1
36.5195,17,36517007985,2469000,1
36.5195,11,36517007985,2469000,1
36.522,8,36519474985,2496006,0
36.5245,12,36522015991,2496006,0
36.527,9,36524538997,2496006,0
36.5296,15,36527089003,2496006,0
36.5324,21,36529943009,2496006,0
36.5349,12,36532466015,2469000,1
36.5349,21,36532466015,2469000,1
36.5374,15,36534933015,2496006,0
36.54,21,36537456021,2496006,0
36.5424,8,36539979027,2469000,1
36.5449,16,36542446027,2496006,0
36.5474,11,36544969033,2469000,1
36.5474,15,36544969033,2469000,1
36.5474,8,36544969033,2469000,1
36.55,9,36547454033,2496006,0
36.5524,22,36549977039,2469000,1
36.5524,13,36549977039,2469000,1
36.5549,1,36552444039,2496006,0
36.5575,21,36554985045,2496006,0
36.56,9,36557508051,2469000,1
36.56,14,36557508051,2469000,1
36.5625,16,36559984051,2469000,1
36.5625,9,36559984051,2469000,1
36.565,9,36562460051,2496006,0
36.5675,21,36564983057,2469000,1
36.5675,17,36564983057,2469000,1
36.5675,9,36564983057,2469000,1
36.57,1,36567468057,2496006,0
36.5725,15,36570000063,2496006,0
36.575,9,36572523069,2496006,0
36.5776,8,36575055075,2496006,0
36.5801,21,36577578081,2496006,0
36.5826,1,36580110087,2496006,0
36.5851,12,36582642093,2496006,0
36.5877,8,36585183099,2469000,1
36.5877,15,36585183099,2469000,1
36.5901,9,36587650099,2496006,0
36.5927,9,36590173105,2496006,0
36.5952,2,36592696111,2496006,0
36.5977,12,36595228117,2496006,0
36.6002,1,36597751123,2496006,0
36.6027,9,36600274129,2469000,1
36.6027,23,36600274129,2469000,1
36.6027,21,36600274129,2469000,1
36.6027,8,36600274129,2469000,1
36.6056,9,36603054135,2496006,0
36.608,16,36605577141,2469000,1
36.6105,12,36608044141,2496006,0
36.6156,2,36613090153,2496006,0
36.6181,12,36615613159,2469000,1
36.6181,2,36615613159,2469000,1
36.6206,9,36618125159,2496006,0
36.6231,10,36620657165,2469000,1
36.6231,1,36620657165,2469000,1
36.6231,9,36620657165,2469000,1
36.6256,15,36623124165,2496006,0
36.6281,15,36625647171,2496006,0
36.6307,9,36628179177,2496006,0
36.6335,9,36631015183,2496006,0
36.636,21,36633556189,2469000,1
36.636,8,36633556189,2469000,1
36.636,9,36633556189,2469000,1
36.6385,8,36636032189,2496006,0
36.6411,1,36638555195,2496006,0
36.6436,2,36641078201,2496006,0
36.6461,9,36643601207,2496006,0
36.6486,15,36646124213,2469000,1
36.6486,13,36646124213,2469000,1
36.6486,12,36646124213,2469000,1
36.6511,17,36648591213,2469000,1
36.6511,1,36648591213,2469000,1
36.6535,14,36651058213,2469000,1
36.6535,2,36651058213,2469000,1
36.656,16,36653525213,2496006,0
36.6585,12,36656048219,2496006,0
36.6611,8,36658580225,2496006,0
36.6636,16,36661103231,2496006,0
36.6661,9,36663626237,2496006,0
36.6687,2,36666167243,2496006,0
36.6712,11,36668690249,2496006,0
36.6737,9,36671213255,2496006,0
36.6762,21,36673736261,2496006,0
36.6788,11,36676259267,2496006,0
36.6813,8,36678791273,2496006,0
36.6838,2,36681314279,2496006,0
36.6863,12,36683837285,2469000,1
36.6863,11,36683837285,2469000,1
36.6888,9,36686304285,2469000,1
36.6888,11,36686306285,2469000,1
36.6912,21,36688773285,2469000,1
36.6912,16,36688773285,2469000,1
36.6938,2,36691276285,2496006,0
36.6963,1,36693799291,2496006,0
36.6988,8,36696322297,2469000,1
36.6988,15,36696322297,2469000,1
36.7013,1,36698816297,2496006,0
36.7038,2,36701339303,2496006,0
36.7067,12,36704175309,2496006,0
36.7092,1,36706707315,2496006,0
36.7117,13,36709239321,2496006,0
36.7143,16,36711762327,2496006,0
36.7168,2,36714285333,2469000,1
36.7168,9,36714285333,2469000,1
36.7168,16,36714285333,2469000,1
36.7193,21,36716770333,2496006,0
36.7218,12,36719293339,2496006,0
36.7243,10,36721816345,2496006,0
36.7269,13,36724357351,2496006,0
36.7294,1,36726880357,2496006,0
36.7319,12,36729412363,2496006,0
36.7344,17,36731944369,2469000,1
36.7344,8,36731944369,2469000,1
36.7372,8,36734733375,2496006,0
36.7398,16,36737256381,2496006,0
36.7423,13,36739779387,2496006,0
36.7448,21,36742302393,2496006,0
36.7473,10,36744825399,2469000,1
36.7473,16,36744825399,2469000,1
36.7498,2,36747292399,2496006,0
36.7523,1,36749815405,2496006,0
36.7548,2,36752347411,2496006,0
36.7574,21,36754879417,2496006,0
36.7599,6,36757411423,2469000,1
36.7599,12,36757411423,2469000,1
36.7624,2,36759896423,2469000,1
36.7624,20,36759896423,2469000,1
36.7624,10,36759896423,2469000,1
36.7648,8,36762363423,2469000,1
36.7648,13,36762363423,2469000,1
36.7673,1,36764830423,2496006,0
36.7698,2,36767353429,2496006,0
36.7724,21,36769876435,2496006,0
36.7749,1,36772399441,2496006,0
36.7774,2,36774922447,2496006,0
36.7799,11,36777445453,2496006,0
36.7825,6,36779986459,2469000,1
36.7825,13,36779986459,2469000,1
36.7849,10,36782453459,2496006,0
36.7875,11,36784985465,2469000,1
36.7875,2,36784985465,2469000,1
36.7899,1,36787479465,2469000,1
36.7899,9,36787479465,2469000,1
36.7899,16,36787479465,2469000,1
36.7924,21,36789946465,2496006,0
36.7949,15,36792469471,2469000,1
36.7949,21,36792469471,2469000,1
36.7974,12,36794945471,2496006,0
36.8,11,36797468477,2496006,0
36.8025,10,36800009483,2469000,1
36.8025,21,36800009483,2469000,1
36.805,4,36802476483,2496006,0
36.8075,11,36805026489,2496006,0
36.8104,12,36807862495,2496006,0
36.8129,8,36810385501,2496006,0
36.8154,14,36812926507,2469000,1
36.8154,6,36812926507,2469000,1
36.8154,12,36812926507,2469000,1
36.8179,2,36815393507,2469000,1
36.8179,6,36815395507,2469000,1
36.8204,4,36817862507,2496006,0
36.8229,11,36820385513,2496006,0
36.8254,10,36822917519,2469000,1
36.8254,12,36822917519,2469000,1
36.8279,12,36825386519,2496006,0
36.8304,12,36827909525,2496006,0
36.8329,12,36830432531,2496006,0
36.8354,4,36832973537,2469000,1
36.8354,1,36832973537,2469000,1
36.8354,16,36832973537,2469000,1
36.8354,8,36832973537,2469000,1
36.8383,11,36835762543,2496006,0
36.8408,12,36838285549,2496006,0
36.8433,4,36840808555,2496006,0
36.8484,12,36845890567,2496006,0
36.851,11,36848476573,2496006,0
36.8535,4,36851008579,2496006,0
36.856,10,36853531585,2469000,1
36.856,4,36853531585,2469000,1
36.8585,1,36856016585,2496006,0
36.861,13,36858539591,2496006,0
36.8635,12,36861062597,2469000,1
36.8635,1,36861062597,2469000,1
36.866,11,36863547597,2469000,1
36.866,9,36863547597,2469000,1
36.8685,2,36866023597,2496006,0
36.871,8,36868546603,2469000,1
36.871,11,36868546603,2469000,1
36.8735,10,36871013603,2496006,0
36.8761,1,36873554609,2496006,0
36.8785,21,36876077615,2469000,1
36.8785,10,36876077615,2469000,1
36.881,2,36878544615,2496006,0
36.8836,13,36881067621,2496006,0
36.8861,16,36883599627,2496006,0
36.8886,10,36886149633,2496006,0
36.8911,13,36888672639,2469000,1
36.8911,10,36888672639,2469000,1
36.8936,16,36891148639,2469000,1
36.8936,12,36891148639,2469000,1
36.8961,1,36893615639,2496006,0
36.8986,2,36896138645,2496006,0
36.9011,17,36898670651,2469000,1
36.9011,4,36898670651,2469000,1
36.9011,11,36898670651,2469000,1
36.9037,13,36901173651,2496006,0
36.9062,1,36903714657,2469000,1
36.9062,2,36903714657,2469000,1
36.9115,21,36909035663,2496006,0
36.9141,12,36911567669,2496006,0
36.9166,16,36914090675,2496006,0
36.9191,13,36916622681,2469000,1
36.9191,16,36916622681,2469000,1
36.9216,10,36919143681,2469000,1
36.9216,13,36919143681,2469000,1
36.9241,21,36921619681,2496006,0
36.9266,1,36924151687,2496006,0
36.9291,8,36926674693,2469000,1
36.9291,12,36926674693,2469000,1
36.9317,1,36929186693,2496006,0
36.9342,21,36931709699,2496006,0
36.9367,2,36934232705,2469000,1
36.9367,12,36934232705,2469000,1
36.9367,1,36934232705,2469000,1
36.9392,16,36936717705,2496006,0
36.9421,4,36939562711,2496006,0
36.9446,15,36942130717,2469000,1
36.9446,10,36942130717,2469000,1
36.9446,12,36942130717,2469000,1
36.9471,5,36944597717,2496006,0
36.9496,16,36947120723,2496006,0
36.9521,21,36949652729,2496006,0
36.9547,5,36952184735,2469000,1
36.9547,12,36952184735,2469000,1
36.9571,6,36954651735,2469000,1
36.9571,4,36954651735,2469000,1
36.9596,1,36957118735,2469000,1
36.9621,13,36959585735,2469000,1
36.9621,6,36959585735,2469000,1
36.9645,21,36962052735,2496006,0
36.9671,21,36964575741,2496006,0
36.9696,1,36967098747,2496006,0
36.9722,16,36969666753,2496006,0
36.9747,16,36972189759,2496006,0
36.9772,5,36974739765,2496006,0
36.9797,1,36977280771,2469000,1
36.9797,4,36977280771,2469000,1
36.9797,21,36977280771,2469000,1
36.9823,5,36979792771,2496006,0
36.9848,12,36982324777,2469000,1
36.9848,5,36982324777,2469000,1
36.9873,16,36984791777,2469000,1
36.9873,4,36984791777,2469000,1
36.9897,2,36987267777,2469000,1
36.9897,16,36987267777,2469000,1
36.9948,1,36992338783,2496006,0
36.9973,8,36994870789,2469000,1
36.9973,21,36994870789,2469000,1
36.9998,11,36997364789,2469000,1
36.9998,13,36997364789,2469000,1
37.0024,5,36999885789,2496006,0
37.0049,1,37002408795,2496006,0
37.0075,5,37004967801,2496006,0
37.01,1,37007499807,2496006,0
37.0154,19,37012894819,2496006,0
37.0179,1,37015435825,2496006,0
37.0205,19,37017976831,2496006,0
37.023,5,37020508837,2496006,0
37.0255,16,37023031843,2496006,0
37.028,1,37025563849,2469000,1
37.028,4,37025563849,2469000,1
37.0305,21,37028030849,2496006,0
37.033,21,37030580855,2469000,1
37.0355,19,37033056855,2469000,1
37.0355,16,37033056855,2469000,1
37.0381,5,37035559855,2496006,0
37.0406,5,37038091861,2496006,0
37.0435,1,37040954867,2496006,0
37.046,1,37043495873,2496006,0
37.0485,17,37046027879,2496006,0
37.0536,5,37051091891,2496006,0
37.0561,16,37053641897,2469000,1
37.0561,5,37053641897,2469000,1
37.0586,1,37056108897,2496006,0
37.0611,19,37058631903,2496006,0
37.0636,23,37061154909,2469000,1
37.0636,10,37061154909,2469000,1
37.0636,21,37061154909,2469000,1
37.0636,5,37061154909,2469000,1
37.0661,9,37063621909,2469000,1
37.0661,5,37063623909,2469000,1
37.0686,21,37066090909,2496006,0
37.0711,14,37068622915,2496006,0
37.0736,17,37071145921,2496006,0
37.0762,21,37073686927,2469000,1
37.0762,1,37073686927,2469000,1
37.0762,19,37073686927,2469000,1
37.0787,14,37076225927,2496006,0
37.0812,21,37078748933,2496006,0
37.0838,17,37081280939,2496006,0
37.0863,14,37083830945,2496006,0
37.0889,2,37086380951,2496006,0
37.0914,17,37088912957,2469000,1
37.0939,21,37091379957,2496006,0
37.0964,19,37093920963,2496006,0
37.0989,5,37096443969,2469000,1
37.0989,1,37096443969,2469000,1
37.0989,19,37096443969,2469000,1
37.1014,2,37098919969,2496006,0
37.1039,14,37101442975,2469000,1
37.1039,17,37101442975,2469000,1
37.1065,16,37103963975,2496006,0
37.1115,21,37109009987,2469000,1
37.1115,1,37109009987,2469000,1
37.1115,14,37109009987,2469000,1
37.1139,19,37111476987,2469000,1
37.1139,16,37111476987,2469000,1
37.1168,2,37114256993,2496006,0
37.1193,14,37116815999,2496006,0
37.1219,2,37119366005,2496006,0
37.1244,2,37121934011,2469000,1
37.1244,14,37121934011,2469000,1
37.1269,16,37124428011,2496006,0
37.1295,21,37126960017,2496006,0
37.132,18,37129501023,2496006,0
37.1345,16,37132033029,2496006,0
37.1371,2,37134556035,2496006,0
37.1396,18,37137079041,2496006,0
37.1446,18,37142143053,2496006,0
37.1475,16,37144988059,2496006,0
37.15,8,37147511065,2496006,0
37.1525,16,37150034071,2496006,0
37.1551,21,37152557077,2496006,0
37.1576,14,37155107083,2469000,1
37.1576,2,37155107083,2469000,1
37.16,21,37157574083,2469000,1
37.16,19,37157574083,2469000,1
37.16,18,37157574083,2469000,1
37.1626,12,37160059083,2496006,0
37.1651,16,37162582089,2469000,1
37.1651,8,37162582089,2469000,1
37.1675,16,37165051089,2496006,0
37.17,9,37167574095,2469000,1
37.17,17,37167574095,2469000,1
37.1751,12,37172573101,2496006,0
37.1776,8,37175114107,2496006,0
37.1801,8,37177637113,2496006,0
37.1827,8,37180169119,2496006,0
37.1852,12,37182692125,2496006,0
37.1877,8,37185224131,2496006,0
37.1902,2,37187747137,2469000,1
37.1902,12,37187747137,2469000,1
37.1927,16,37190214137,2496006,0
37.1953,21,37192755143,2496006,0
37.1977,22,37195278149,2469000,1
37.1977,18,37195278149,2469000,1
37.2003,8,37197781149,2496006,0
37.2028,16,37200313155,2496006,0
37.2078,14,37205368167,2469000,1
37.2078,18,37205368167,2469000,1
37.2103,21,37207844167,2496006,0
37.2129,16,37210367173,2496006,0
37.2154,8,37212890179,2469000,1
37.2154,10,37212890179,2469000,1
37.2179,15,37215357179,2496006,0
37.2207,21,37218220185,2469000,1
37.2207,8,37218220185,2469000,1
37.2232,17,37220705185,2496006,0
37.2257,16,37223228191,2496006,0
37.2282,15,37225751197,2496006,0
37.2308,17,37228274203,2496006,0
37.2333,12,37230806209,2469000,1
37.2333,15,37230806209,2469000,1
37.2358,5,37233282209,2469000,1
37.2358,12,37233282209,2469000,1
37.2383,2,37235758209,2496006,0
37.2433,2,37240840221,2469000,1
37.2433,16,37240840221,2469000,1
37.2458,17,37243307221,2496006,0
37.2487,17,37246188227,2496006,0
37.2512,21,37248729233,2496006,0
37.2537,1,37251252239,2496006,0
37.2563,14,37253784245,2496006,0
37.2588,21,37256307251,2496006,0
37.2613,11,37258839257,2469000,1
37.2613,15,37258839257,2469000,1
37.2638,17,37261315257,2496006,0
37.2663,14,37263847263,2469000,1
37.2663,1,37263847263,2469000,1
37.2688,17,37266323263,2496006,0
37.2713,4,37268846269,2496006,0
37.2739,17,37271378275,2496006,0
37.2764,6,37273901281,2469000,1
37.2764,2,37273901281,2469000,1
37.2764,16,37273901281,2469000,1
37.2789,4,37276368281,2496006,0
37.2814,21,37278891287,2496006,0
37.2839,19,37281414293,2496006,0
37.2865,17,37283964299,2496006,0
37.289,1,37286487305,2496006,0
37.2915,19,37289010311,2469000,1
37.2915,4,37289010311,2469000,1
37.294,13,37291477311,2496006,0
37.2965,14,37294000317,2496006,0
37.299,8,37296523323,2469000,1
37.299,1,37296523323,2469000,1
37.3015,12,37298990323,2469000,1
37.3015,19,37298990323,2469000,1
37.304,9,37301457323,2496006,0
37.3065,13,37303980329,2496006,0
37.309,14,37306503335,2469000,1
37.309,13,37306503335,2469000,1
37.3114,17,37308979335,2469000,1
37.3114,21,37308979335,2469000,1
37.3114,13,37308979335,2469000,1
37.314,9,37311455335,2496006,0
37.3165,21,37313987341,2469000,1
37.3165,9,37313987341,2469000,1
37.319,4,37316454341,2496006,0
37.3218,21,37319317347,2496006,0
37.3243,1,37321840353,2469000,1
37.3243,14,37321840353,2469000,1
37.3268,17,37324316353,2496006,0
37.3293,4,37326839359,2496006,0
37.3319,21,37329371365,2496006,0
37.3344,17,37331912371,2496006,0
37.3369,4,37334435377,2496006,0
37.3395,4,37336994383,2496006,0
37.342,21,37339553389,2496006,0
37.3446,8,37342076395,2496006,0
37.3471,16,37344608401,2469000,1
37.3471,17,37344608401,2469000,1
37.3495,2,37347075401,2469000,1
37.3495,19,37347075401,2469000,1
37.3524,9,37349855407,2496006,0
37.3549,15,37352387413,2496006,0
37.3574,8,37354928419,2496006,0
37.3599,4,37357451425,2496006,0
37.3625,9,37360001431,2469000,1
37.3625,21,37360001431,2469000,1
37.365,14,37362468431,2496006,0
37.3675,14,37364991437,2469000,1
37.37,4,37367458437,2496006,0
37.3725,15,37369990443,2469000,1
37.3725,18,37369990443,2469000,1
37.3775,9,37374980449,2496006,0
37.38,8,37377503455,2496006,0
37.3825,23,37380026461,2496006,0
37.385,13,37382567467,2469000,1
37.385,17,37382567467,2469000,1
37.385,15,37382567467,2469000,1
37.3875,21,37385043467,2496006,0
37.39,23,37387566473,2469000,1
37.39,4,37387566473,2469000,1
37.3925,8,37390033473,2469000,1
37.3925,9,37390033473,2469000,1
37.395,1,37392500473,2469000,1
37.395,17,37392500473,2469000,1
37.3975,8,37394994473,2496006,0
37.4,15,37397517479,2496006,0
37.4025,8,37400040485,2496006,0
37.4051,21,37402581491,2496006,0
37.4076,2,37405122497,2496006,0
37.4101,15,37407645503,2496006,0
37.4127,14,37410177509,2496006,0
37.4152,12,37412718515,2496006,0
37.4177,9,37415241521,2496006,0
37.4202,14,37417764527,2469000,1
37.4202,8,37417764527,2469000,1
37.4202,4,37417764527,2469000,1
37.4227,15,37420240527,2469000,1
37.4255,21,37423038533,2469000,1
37.4255,2,37423038533,2469000,1
37.428,12,37425523533,2469000,1
37.428,23,37425523533,2469000,1
37.4305,9,37427990533,2496006,0
37.433,15,37430558539,2469000,1
37.433,21,37430558539,2469000,1
37.4355,9,37433043539,2469000,1
37.4355,23,37433043539,2469000,1
37.438,2,37435519539,2496006,0
37.4405,12,37438042545,2496006,0
37.443,17,37440574551,2469000,1
37.443,14,37440574551,2469000,1
37.4455,2,37443050551,2496006,0
37.4481,8,37445600557,2496006,0
37.4506,12,37448141563,2496006,0
37.4535,15,37450986569,2496006,0
37.456,19,37453509575,2496006,0
37.4585,4,37456032581,2496006,0
37.461,2,37458564587,2469000,1
37.4635,4,37461031587,2496006,0
37.4661,19,37463554593,2496006,0
37.4686,21,37466086599,2496006,0
37.4711,21,37468609605,2496006,0
37.4736,19,37471141611,2469000,1
37.4736,8,37471141611,2469000,1
37.4761,12,37473608611,2496006,0
37.4786,9,37476140617,2469000,1
37.4786,15,37476140617,2469000,1
37.4811,14,37478625617,2496006,0
37.4836,21,37481148623,2469000,1
37.4836,14,37481148623,2469000,1
37.4861,16,37483624623,2469000,1
37.4861,4,37483624623,2469000,1
37.4886,2,37486091623,2496006,0
37.4911,4,37488641629,2496006,0
37.4937,12,37491164635,2496006,0
37.4962,21,37493696641,2496006,0
37.4987,12,37496219647,2496006,0
37.5012,4,37498760653,2469000,1
37.5012,2,37498760653,2469000,1
37.5037,8,37501236653,2469000,1
37.5062,19,37503721653,2496006,0
37.5087,12,37506244659,2469000,1
37.5087,8,37506244659,2469000,1
37.5112,21,37508711659,2469000,1
37.5112,15,37508711659,2469000,1
37.5112,14,37508711659,2469000,1
37.5112,4,37508711659,2469000,1
37.5137,14,37511180659,2496006,0
37.5162,8,37513703665,2469000,1
37.5187,13,37516179665,2496006,0
37.5212,1,37518720671,2469000,1
37.5212,19,37518720671,2469000,1
37.5237,14,37521187671,2469000,1
37.5237,19,37521189671,2469000,1
37.5264,2,37523969677,2469000,1
37.5264,12,37523969677,2469000,1
37.5289,2,37526438677,2469000,1
37.5314,13,37528941677,2496006,0
37.534,13,37531482683,2496006,0
37.5365,3,37534005689,2496006,0
37.539,14,37536528695,2496006,0
37.5416,4,37539060701,2496006,0
37.5441,15,37541628707,2496006,0
37.5466,3,37544151713,2469000,1
37.5466,12,37544151713,2469000,1
37.5466,15,37544151713,2469000,1
37.5491,4,37546618713,2496006,0
37.5516,21,37549150719,2496006,0
37.5542,9,37551682725,2469000,1
37.5542,13,37551682725,2469000,1
37.5542,14,37551682725,2469000,1
37.557,4,37554480731,2496006,0
37.5595,19,37557003737,2496006,0
37.562,4,37559544743,2496006,0
37.5645,13,37562067749,2469000,1
37.5645,14,37562067749,2469000,1
37.5645,4,37562067749,2469000,1
37.567,3,37564534749,2469000,1
37.567,21,37564534749,2469000,1
37.567,9,37564534749,2469000,1
37.5695,19,37567001749,2469000,1
37.5695,15,37567001749,2469000,1
37.572,18,37569486749,2496006,0
37.5745,23,37572018755,2496006,0
37.577,19,37574550761,2496006,0
37.5796,18,37577073767,2496006,0
37.5821,19,37579641773,2496006,0
37.5846,18,37582173779,2469000,1
37.5846,23,37582173779,2469000,1
37.5871,3,37584649779,2469000,1
37.5871,19,37584649779,2469000,1
37.5896,21,37587152779,2496006,0
37.5922,4,37589711785,2469000,1
37.5922,19,37589711785,2469000,1
37.5973,23,37594755791,2496006,0
37.5998,13,37597278797,2496006,0
37.6023,14,37599801803,2469000,1
37.6023,21,37599801803,2469000,1
37.6048,7,37602277803,2496006,0
37.6073,17,37604809809,2496006,0
37.6098,11,37607341815,2496006,0
37.6124,13,37609864821,2496006,0
37.6149,23,37612387827,2469000,1
37.6149,18,37612387827,2469000,1
37.6174,13,37614854827,2496006,0
37.6199,17,37617377833,2496006,0
37.6224,13,37619936839,2469000,1
37.6224,15,37619936839,2469000,1
37.6249,3,37622403839,2469000,1
37.6249,7,37622403839,2469000,1
37.6274,11,37624870839,2496006,0
37.6302,2,37627715845,2469000,1
37.6302,21,37627715845,2469000,1
37.6327,17,37630182845,2469000,1
37.6327,11,37630182845,2469000,1
37.6352,23,37632667845,2496006,0
37.6377,23,37635208851,2496006,0
37.6402,2,37637749857,2496006,0
37.6428,20,37640290863,2496006,0
37.6453,13,37642813869,2469000,1
37.6453,21,37642813869,2469000,1
37.6478,19,37645289869,2496006,0
37.6503,2,37647830875,2469000,1
37.6503,7,37647830875,2469000,1
37.6528,19,37650297875,2469000,1
37.6552,9,37652764875,2469000,1
37.6552,13,37652764875,2469000,1
37.658,20,37655544881,2496006,0
37.6606,23,37658067887,2496006,0
37.6631,17,37660590893,2469000,1
37.6631,20,37660590893,2469000,1
37.6656,11,37663075893,2496006,0
37.6681,20,37665598899,2496006,0
37.6706,20,37668121905,2496006,0
37.6731,23,37670644911,2496006,0
37.6756,4,37673167917,2469000,1
37.6756,15,37673167917,2469000,1
37.6781,23,37675634917,2496006,0
37.6806,11,37678166923,2469000,1
37.6806,12,37678166923,2469000,1
37.6831,2,37680642923,2496006,0
37.6857,7,37683165929,2496006,0
37.6882,19,37685688935,2469000,1
37.6882,9,37685688935,2469000,1
37.6882,11,37685688935,2469000,1
37.6907,20,37688164935,2496006,0
37.6932,19,37690696941,2496006,0
37.6957,20,37693237947,2469000,1
37.6957,7,37693237947,2469000,1
37.6982,17,37695713947,2496006,0
37.7007,23,37698236953,2469000,1
37.7032,18,37700712953,2496006,0
37.7057,2,37703235959,2469000,1
37.7057,11,37703235959,2469000,1
37.7082,19,37705747959,2496006,0
37.7107,17,37708270965,2469000,1
37.7132,20,37710746965,2469000,1
37.7157,16,37713213965,2469000,1
37.7157,7,37713213965,2469000,1
37.7182,18,37715707965,2496006,0
37.7207,18,37718239971,2496006,0
37.7233,19,37720762977,2496006,0
37.7258,18,37723312983,2469000,1
37.7258,2,37723312983,2469000,1
37.7283,21,37725797983,2469000,1
37.7283,23,37725797983,2469000,1
37.7311,20,37728577989,2496006,0
37.7336,8,37731100995,2496006,0
37.7361,2,37733624001,2496006,0
37.7387,17,37736156007,2496006,0
37.7412,20,37738688013,2469000,1
37.7412,23,37738688013,2469000,1
37.7437,8,37741155013,2496006,0
37.7462,19,37743678019,2496006,0
37.7487,2,37746201025,2469000,1
37.7487,19,37746201025,2469000,1
37.7512,18,37748668025,2496006,0
37.7537,17,37751236031,2469000,1
37.7537,20,37751236031,2469000,1
37.7587,8,37756244037,2496006,0
37.7616,19,37759080043,2496006,0
37.7641,8,37761621049,2496006,0
37.7666,18,37764153055,2469000,1
37.7666,8,37764153055,2469000,1
37.7691,19,37766629055,2469000,1
37.7691,14,37766629055,2469000,1
37.7716,18,37769096055,2496006,0
37.7741,2,37771619061,2496006,0
37.7766,19,37774142067,2496006,0
37.7791,18,37776674073,2469000,1
37.7791,19,37776674073,2469000,1
37.7817,8,37779159073,2496006,0
37.7842,18,37781682079,2496006,0
37.7867,2,37784223085,2496006,0
37.7892,14,37786764091,2469000,1
37.7892,2,37786764091,2469000,1
37.7917,7,37789231091,2496006,0
37.7943,23,37791763097,2496006,0
37.7968,17,37794295103,2496006,0
37.7993,20,37796818109,2469000,1
37.7993,23,37796818109,2469000,1
37.8018,18,37799285109,2469000,1
37.8042,7,37801761109,2469000,1
37.8042,8,37801761109,2469000,1
37.8068,13,37804264109,2496006,0
37.8093,19,37806787115,2469000,1
37.8093,2,37806787115,2469000,1
37.8118,13,37809254115,2496006,0
37.8143,17,37811786121,2496006,0
37.8168,1,37814336127,2496006,0
37.8194,13,37816859133,2496006,0
37.8219,18,37819382139,2496006,0
37.8244,17,37821923145,2469000,1
37.8244,8,37821923145,2469000,1
37.8244,13,37821923145,2469000,1
37.8269,10,37824408145,2469000,1
37.8269,7,37824408145,2469000,1
37.8293,4,37826875145,2469000,1
37.8293,23,37826875145,2469000,1
37.8318,1,37829342145,2469000,1
37.8318,11,37829342145,2469000,1
37.8318,2,37829342145,2469000,1
37.8346,16,37832122151,2496006,0
37.8371,1,37834645157,2496006,0
37.8396,20,37837177163,2469000,1
37.8396,18,37837177163,2469000,1
37.8396,1,37837177163,2469000,1
37.8421,2,37839653163,2496006,0
37.8446,5,37842176169,2469000,1
37.8446,13,37842176169,2469000,1
37.8471,8,37844652169,2469000,1
37.8496,20,37847128169,2496006,0
37.8521,16,37849678175,2469000,1
37.8521,2,37849678175,2469000,1
37.8546,21,37852163175,2469000,1
37.8546,18,37852163175,2469000,1
37.8571,1,37854639175,2496006,0
37.8596,20,37857162181,2469000,1
37.8596,23,37857162181,2469000,1
37.8625,17,37859960187,2496006,0
37.865,20,37862483193,2469000,1
37.865,17,37862483193,2469000,1
37.8675,7,37864959193,2496006,0
37.87,19,37867491199,2496006,0
37.8725,2,37870023205,2496006,0
37.875,12,37872546211,2496006,0
37.8776,1,37875069217,2496006,0
37.8801,19,37877592223,2496006,0
37.8826,16,37880115229,2496006,0
37.8851,13,37882638235,2496006,0
37.8877,12,37885170241,2496006,0
37.8902,18,37887693247,2469000,1
37.8902,16,37887693247,2469000,1
37.8927,7,37890187247,2469000,1
37.8952,19,37892654247,2496006,0
37.8976,12,37895177253,2469000,1
37.8976,13,37895177253,2469000,1
37.8976,1,37895177253,2469000,1
37.9001,17,37897644253,2469000,1
37.9001,2,37897644253,2469000,1
37.9026,8,37900111253,2496006,0
37.9077,3,37905211265,2496006,0
37.9102,8,37907734271,2469000,1
37.9102,13,37907734271,2469000,1
37.9127,19,37910201271,2496006,0
37.9152,16,37912742277,2469000,1
37.9152,7,37912742277,2469000,1
37.9177,2,37915218277,2496006,0
37.9202,3,37917741283,2496006,0
37.9228,19,37920264289,2496006,0
37.9253,15,37922796295,2496006,0
37.9278,2,37925364301,2469000,1
37.9278,16,37925364301,2469000,1
37.9303,14,37927831301,2469000,1
37.9303,12,37927831301,2469000,1
37.9328,15,37930325301,2469000,1
37.9328,19,37930325301,2469000,1
37.9328,1,37930325301,2469000,1
37.9328,3,37930325301,2469000,1
37.9356,8,37933105307,2496006,0
37.9381,7,37935637313,2496006,0
37.9406,20,37938160319,2469000,1
37.9406,2,37938160319,2469000,1
37.9431,19,37940627319,2496006,0
37.9482,16,37945682331,2496006,0
37.9507,7,37948205337,2496006,0
37.9533,8,37950755343,2496006,0
37.9558,19,37953314349,2496006,0
37.9583,8,37955846355,2469000,1
37.9583,17,37955846355,2469000,1
37.9608,23,37958331355,2496006,0
37.9633,7,37960854361,2469000,1
37.9633,16,37960854361,2469000,1
37.9661,13,37963634367,2496006,0
37.9686,12,37966157373,2469000,1
37.9686,1,37966157373,2469000,1
37.9711,15,37968624373,2496006,0
37.9737,3,37971174379,2496006,0
37.9762,18,37973697385,2469000,1
37.9762,2,37973697385,2469000,1
37.9762,19,37973697385,2469000,1
37.9762,23,37973697385,2469000,1
37.9787,12,37976164385,2496006,0
37.9812,13,37978705391,2496006,0
37.9837,19,37981228397,2496006,0
37.9887,15,37986274409,2469000,1
37.9887,19,37986274409,2469000,1
37.9912,23,37988741409,2496006,0
37.9938,12,37991273415,2496006,0
37.9963,3,37993796421,2496006,0
37.9988,3,37996319427,2496006,0
38.0013,12,37998842433,2496006,0
38.0038,23,38001365439,2469000,1
38.0038,12,38001365439,2469000,1
38.0063,8,38003832439,2469000,1
38.0063,7,38003832439,2469000,1
38.0088,15,38006299439,2496006,0
38.0113,6,38008822445,2496006,0
38.0138,23,38011345451,2469000,1
38.0138,6,38011345451,2469000,1
38.0163,3,38013812451,2469000,1
38.0163,16,38013812451,2469000,1
38.0187,1,38016279451,2469000,1
38.0187,13,38016279451,2469000,1
38.0213,19,38018782451,2469000,1
38.0213,3,38018782451,2469000,1
38.0238,13,38021267451,2496006,0
38.0263,11,38023799457,2496006,0
38.0288,15,38026322463,2469000,1
38.0288,6,38026322463,2469000,1
38.0313,13,38028789463,2496006,0
38.0338,7,38031312469,2496006,0
38.0363,12,38033853475,2496006,0
38.0417,18,38039212487,2469000,1
38.0417,19,38039212487,2469000,1
38.0442,7,38041679487,2496006,0
38.0467,12,38044220493,2469000,1
38.0467,13,38044220493,2469000,1
38.0492,11,38046696493,2496006,0
38.0517,23,38049246499,2469000,1
38.0517,12,38049246499,2469000,1
38.0542,7,38051722499,2496006,0
38.0568,7,38054254505,2496006,0
38.0593,11,38056777511,2496006,0
38.0618,12,38059318517,2496006,0
38.0643,3,38061841523,2496006,0
38.0671,11,38064677529,2469000,1
38.0671,17,38064677529,2469000,1
38.0697,3,38067171529,2496006,0
38.0722,15,38069694535,2496006,0
38.0747,8,38072253541,2469000,1
38.0747,7,38072253541,2469000,1
38.0772,7,38074722541,2496006,0
38.0797,15,38077245547,2469000,1
38.0797,13,38077245547,2469000,1
38.0822,12,38079712547,2496006,0
38.0847,6,38082244553,2469000,1
38.0847,11,38082244553,2469000,1
38.0872,3,38084729553,2469000,1
38.0897,7,38087196553,2496006,0
38.0922,12,38089728559,2469000,1
38.0922,7,38089728559,2469000,1
38.0947,16,38092204559,2469000,1
38.0947,12,38092204559,2469000,1
38.0972,20,38094707559,2469000,1
38.0972,15,38094707559,2469000,1
38.0997,19,38097183559,2496006,0
38.1022,3,38099715565,2496006,0
38.1048,3,38102256571,2496006,0
38.1073,19,38104797577,2496006,0
38.1098,3,38107329583,2496006,0
38.1124,2,38109861589,2496006,0
38.1149,3,38112384595,2496006,0
38.1174,11,38114916601,2496006,0
38.1199,2,38117439607,2469000,1
38.1199,3,38117439607,2469000,1
38.1224,19,38119906607,2496006,0
38.1249,6,38122447613,2469000,1
38.1249,12,38122447613,2469000,1
38.1274,7,38124932613,2496006,0
38.1325,7,38129987625,2496006,0
38.135,11,38132537631,2496006,0
38.1376,19,38135060637,2496006,0
38.1404,11,38137896643,2496006,0
38.1429,21,38140419649,2469000,1
38.1429,3,38140419649,2469000,1
38.1454,7,38142886649,2496006,0
38.1479,2,38145409655,2496006,0
38.1504,7,38147941661,2496006,0
38.1529,13,38150464667,2469000,1
38.1529,16,38150464667,2469000,1
38.1554,8,38152940667,2469000,1
38.1554,7,38152940667,2469000,1
38.1579,15,38155425667,2496006,0
38.1605,11,38157957673,2496006,0
38.163,19,38160480679,2496006,0
38.1655,11,38163012685,2469000,1
38.1655,19,38163012685,2469000,1
38.168,2,38165488685,2496006,0
38.1708,3,38168351691,2496006,0
38.1734,6,38170874697,2496006,0
38.1759,4,38173397703,2469000,1
38.1759,19,38173397703,2469000,1
38.1783,15,38175864703,2469000,1
38.1809,15,38178358703,2496006,0
38.1834,3,38180881709,2496006,0
38.1859,3,38183404715,2496006,0
38.1884,7,38185945721,2469000,1
38.1884,2,38185945721,2469000,1
38.1909,11,38188412721,2496006,0
38.1935,6,38190962727,2496006,0
38.196,23,38193485733,2496006,0
38.1985,19,38196017739,2469000,1
38.1985,15,38196017739,2469000,1
38.1985,23,38196017739,2469000,1
38.201,3,38198493739,2496006,0
38.2035,6,38201016745,2496006,0
38.2061,11,38203566751,2496006,0
38.2086,15,38206089757,2496006,0
38.2111,3,38208630763,2496006,0
38.2136,3,38211153769,2496006,0
38.2162,11,38213676775,2496006,0
38.2187,15,38216199781,2496006,0
38.2212,2,38218722787,2469000,1
38.2212,11,38218722787,2469000,1
38.2237,6,38221189787,2496006,0
38.2262,6,38223730793,2469000,1
38.2287,19,38226206793,2496006,0
38.2312,11,38228729799,2496006,0
38.2337,11,38231252805,2496006,0
38.2363,15,38233802811,2496006,0
38.2388,23,38236325817,2469000,1
38.2388,3,38236325817,2469000,1
38.2413,11,38238810817,2469000,1
38.2413,3,38238810817,2469000,1
38.2441,19,38241590823,2496006,0
38.2466,8,38244122829,2469000,1
38.2466,19,38244122829,2469000,1
38.2491,12,38246589829,2469000,1
38.2491,2,38246589829,2469000,1
38.2516,16,38249065829,2496006,0
38.2541,7,38251597835,2496006,0
38.2566,15,38254129841,2496006,0
38.2592,6,38256688847,2496006,0
38.2617,15,38259220853,2496006,0
38.2642,7,38261743859,2469000,1
38.2642,12,38261743859,2469000,1
38.2667,16,38264210859,2496006,0
38.2692,11,38266733865,2496006,0
38.2721,16,38269587871,2496006,0
38.2771,6,38274642883,2496006,0
38.2796,11,38277165889,2469000,1
38.2796,7,38277165889,2469000,1
38.2821,6,38279641889,2496006,0
38.2847,12,38282164895,2496006,0
38.2872,6,38284687901,2496006,0
38.2897,12,38287210907,2496006,0
38.2922,16,38289733913,2469000,1
38.2922,15,38289733913,2469000,1
38.2947,19,38292200913,2496006,0
38.2972,16,38294741919,2469000,1
38.2972,15,38294741919,2469000,1
38.2997,12,38297217919,2496006,0
38.3022,6,38299758925,2469000,1
38.3022,13,38299758925,2469000,1
38.3048,19,38302261925,2496006,0
38.3073,17,38304784931,2496006,0
38.3098,1,38307307937,2496006,0
38.3123,11,38309830943,2496006,0
38.3149,1,38312362949,2496006,0
38.3174,23,38314894955,2469000,1
38.3174,7,38314894955,2469000,1
38.3174,12,38314894955,2469000,1
38.3174,13,38314894955,2469000,1
38.3199,19,38317379955,2496006,0
38.3224,11,38319902961,2496006,0
38.3249,1,38322434967,2469000,1
38.3274,3,38324910967,2496006,0
38.3299,19,38327442973,2469000,1
38.3299,17,38327442973,2469000,1
38.3299,23,38327442973,2469000,1
38.3299,3,38327442973,2469000,1
38.3324,15,38329918973,2469000,1
38.3324,7,38329918973,2469000,1
38.3324,1,38329918973,2469000,1
38.3349,2,38332403973,2496006,0
38.3374,12,38334926979,2496006,0
38.3399,11,38337458985,2469000,1
38.3399,12,38337458985,2469000,1
38.3424,6,38339934985,2496006,0
38.3453,2,38342770991,2496006,0
38.3478,17,38345302997,2496006,0
38.3503,15,38347844003,2496006,0
38.3529,17,38350385009,2469000,1
38.3529,1,38350385009,2469000,1
38.3554,2,38352861009,2496006,0
38.3579,19,38355393015,2496006,0
38.3604,6,38357925021,2496006,0
38.3629,11,38360457027,2469000,1
38.3629,12,38360457027,2469000,1
38.3654,2,38362924027,2496006,0
38.3679,16,38365456033,2469000,1
38.3679,15,38365456033,2469000,1
38.3704,20,38367923033,2496006,0
38.3729,3,38370446039,2496006,0
38.3758,19,38373282045,2469000,1
38.3782,20,38375767045,2469000,1
38.3782,17,38375767045,2469000,1
38.3807,16,38378252045,2496006,0
38.3833,8,38380775051,2496006,0
38.3858,18,38383298057,2469000,1
38.3858,6,38383298057,2469000,1
38.3858,3,38383298057,2469000,1
38.3883,20,38385774057,2496006,0
38.3908,12,38388297063,2469000,1
38.3908,2,38388297063,2469000,1
38.3933,16,38390791063,2496006,0
38.3958,23,38393314069,2469000,1
38.3958,6,38393314069,2469000,1
38.3983,15,38395781069,2496006,0
38.4008,8,38398304075,2496006,0
38.4033,20,38400845081,2469000,1
38.4033,8,38400845081,2469000,1
38.4058,2,38403339081,2469000,1
38.4058,8,38403339081,2469000,1
38.4083,15,38405815081,2469000,1
38.4083,1,38405815081,2469000,1
38.4083,20,38405815081,2469000,1
38.4108,16,38408300081,2496006,0
38.4133,17,38410823087,2469000,1
38.4133,3,38410823087,2469000,1
38.4158,19,38413290087,2496006,0
38.4183,11,38415813093,2496006,0
38.4208,16,38418336099,2496006,0
38.4259,19,38423409111,2496006,0
38.4285,11,38425959117,2496006,0
38.431,16,38428482123,2496006,0
38.4335,19,38431005129,2469000,1
38.4335,16,38431005129,2469000,1
38.436,17,38433481129,2496006,0
38.4385,12,38436004135,2496006,0
38.441,15,38438527141,2496006,0
38.4435,6,38441050147,2469000,1
38.4435,12,38441050147,2469000,1
38.446,20,38443517147,2496006,0
38.4489,17,38446407153,2469000,1
38.4489,15,38446407153,2469000,1
38.4514,11,38448874153,2496006,0
38.4539,11,38451415159,2496006,0
38.4564,16,38453947165,2469000,1
38.4564,20,38453947165,2469000,1
38.4589,12,38456414165,2496006,0
38.4614,15,38458955171,2469000,1
38.4614,20,38458955171,2469000,1
38.4639,12,38461440171,2469000,1
38.4639,17,38461440171,2469000,1
38.4664,20,38463907171,2496006,0
38.4689,19,38466430177,2469000,1
38.4714,2,38468915177,2496006,0
38.4739,11,38471447183,2496006,0
38.4768,3,38474319189,2496006,0
38.4793,19,38476851195,2469000,1
38.4793,3,38476851195,2469000,1
38.4818,8,38479318195,2469000,1
38.4818,20,38479318195,2469000,1
38.4843,11,38481794195,2496006,0
38.4868,8,38484317201,2496006,0
38.4893,2,38486840207,2496006,0
38.4919,8,38489390213,2496006,0
38.4944,17,38491913219,2496006,0
38.4969,17,38494445225,2496006,0
38.4995,2,38496995231,2496006,0
38.502,11,38499518237,2496006,0
38.5045,16,38502041243,2469000,1
38.5045,12,38502041243,2469000,1
38.507,15,38504508243,2469000,1
38.507,3,38504508243,2469000,1
38.507,2,38504508243,2469000,1
38.5095,2,38506977243,2496006,0
38.5145,20,38512050255,2469000,1
38.5145,8,38512050255,2469000,1
38.5145,11,38512050255,2469000,1
38.517,17,38514517255,2496006,0
38.5196,2,38517058261,2496006,0
38.5221,2,38519599267,2496006,0
38.5246,17,38522149273,2496006,0
38.5272,22,38524681279,2496006,0
38.5297,16,38527204285,2496006,0
38.5322,17,38529727291,2496006,0
38.5348,11,38532259297,2496006,0
38.5373,2,38534782303,2469000,1
38.5373,17,38534782303,2469000,1
38.5397,16,38537249303,2496006,0
38.5423,11,38539799309,2469000,1
38.5423,2,38539799309,2469000,1
38.5448,22,38542275309,2496006,0
38.5473,7,38544798315,2496006,0
38.5501,2,38547634321,2496006,0
38.5527,16,38550166327,2496006,0
38.5552,1,38552689333,2469000,1
38.5577,8,38555156333,2496006,0
38.5602,22,38557688339,2469000,1
38.5602,16,38557688339,2469000,1
38.5626,2,38560155339,2469000,1
38.5626,3,38560155339,2469000,1
38.5651,21,38562631339,2496006,0
38.5677,16,38565163345,2496006,0
38.5702,17,38567686351,2496006,0
38.5727,7,38570209357,2496006,0
38.5752,12,38572732363,2469000,1
38.5752,17,38572732363,2469000,1
38.5777,8,38575208363,2469000,1
38.5777,22,38575208363,2469000,1
38.5777,3,38575208363,2469000,1
38.5777,7,38575208363,2469000,1
38.5805,11,38578015369,2496006,0
38.583,20,38580556375,2469000,1
38.583,21,38580556375,2469000,1
38.5855,19,38583023375,2496006,0
38.588,16,38585546381,2469000,1
38.588,8,38585546381,2469000,1
38.5905,2,38588013381,2496006,0
38.593,16,38590536387,2496006,0
38.5956,16,38593068393,2496006,0
38.5981,11,38595600399,2496006,0
38.6006,16,38598150405,2496006,0
38.6031,7,38600673411,2469000,1
38.6056,2,38603140411,2469000,1
38.6056,22,38603140411,2469000,1
38.6081,19,38605607411,2496006,0
38.6106,6,38608130417,2496006,0
38.6131,15,38610662423,2469000,1
38.6131,21,38610662423,2469000,1
38.6156,17,38613129423,2496006,0
38.6181,19,38615652429,2496006,0
38.6207,16,38618175435,2496006,0
38.6232,11,38620698441,2496006,0
38.6257,6,38623230447,2496006,0
38.6283,19,38625771453,2496006,0
38.6308,17,38628294459,2496006,0
38.6333,11,38630826465,2469000,1
38.6333,16,38630826465,2469000,1
38.6358,2,38633311465,2496006,0
38.6383,6,38635852471,2496006,0
38.6409,11,38638384477,2496006,0
38.6434,17,38640907483,2496006,0
38.6459,19,38643439489,2496006,0
38.6485,17,38645971495,2496006,0
38.651,16,38648494501,2469000,1
38.651,17,38648494501,2469000,1
38.6538,6,38651274507,2496006,0
38.6563,11,38653797513,2496006,0
38.6588,2,38656329519,2496006,0
38.6639,2,38661375531,2496006,0
38.6664,6,38663916537,2469000,1
38.6664,16,38663916537,2469000,1
38.6689,14,38666392537,2469000,1
38.6689,19,38666392537,2469000,1
38.6714,11,38668877537,2496006,0
38.6739,7,38671400543,2496006,0
38.6764,20,38673923549,2496006,0
38.6789,8,38676446555,2469000,1
38.6789,17,38676446555,2469000,1
38.6789,2,38676446555,2469000,1
38.6818,20,38679298561,2496006,0
38.6843,6,38681821567,2496006,0
38.6868,11,38684353573,2469000,1
38.6868,6,38684353573,2469000,1
38.6893,7,38686820573,2496006,0
38.6918,20,38689343579,2496006,0
38.6944,21,38691866585,2496006,0
38.6969,2,38694398591,2496006,0
38.6994,19,38696921597,2496006,0
38.7019,11,38699444603,2496006,0
38.7044,21,38701967609,2469000,1
38.7044,13,38701967609,2469000,1
38.7069,2,38704434609,2496006,0
38.7094,7,38706957615,2469000,1
38.7094,17,38706957615,2469000,1
38.7119,19,38709442615,2469000,1
38.7119,7,38709442615,2469000,1
38.7144,9,38711909615,2496006,0
38.7169,11,38714432621,2469000,1
38.7169,19,38714432621,2469000,1
38.7194,20,38716899621,2496006,0
38.7245,2,38721963633,2496006,0
38.727,7,38724486639,2496006,0
38.7295,19,38727018645,2496006,0
38.732,2,38729541651,2496006,0
38.7346,9,38732100657,2496006,0
38.7371,7,38734632663,2469000,1
38.7371,22,38734632663,2469000,1
38.7396,19,38737099663,2469000,1
38.7396,6,38737099663,2469000,1
38.7396,20,38737099663,2469000,1
38.7421,12,38739575663,2496006,0
38.7446,2,38742107669,2496006,0
38.7471,9,38744630675,2469000,1
38.7471,11,38744630675,2469000,1
38.7471,7,38744630675,2469000,1
38.7471,12,38744630675,2469000,1
38.7496,12,38747106675,2496006,0
38.7521,21,38749629681,2469000,1
38.7521,20,38749629681,2469000,1
38.7549,12,38752409687,2496006,0
38.7574,21,38754932693,2496006,0
38.7599,6,38757464699,2469000,1
38.7599,21,38757464699,2469000,1
38.7624,12,38759949699,2496006,0
38.765,2,38762481705,2469000,1
38.765,12,38762481705,2469000,1
38.7674,22,38764948705,2496006,0
38.77,8,38767489711,2469000,1
38.77,20,38767489711,2469000,1
38.7725,22,38769965711,2496006,0
38.775,19,38772488717,2496006,0
38.7775,21,38775029723,2496006,0
38.78,2,38777552729,2496006,0
38.7854,19,38782920741,2469000,1
38.7854,11,38782920741,2469000,1
38.7879,22,38785387741,2496006,0
38.7904,2,38787910747,2469000,1
38.7904,9,38787910747,2469000,1
38.7928,4,38790377747,2469000,1
38.7928,12,38790377747,2469000,1
38.7928,22,38790377747,2469000,1
38.7953,7,38792862747,2469000,1
38.7953,2,38792862747,2469000,1
38.7978,21,38795329747,2469000,1
38.7978,3,38795329747,2469000,1
38.8003,19,38797814747,2496006,0
38.8029,12,38800355753,2496006,0
38.8054,2,38802878759,2496006,0
38.8079,9,38805401765,2496006,0
38.8104,12,38807933771,2496006,0
38.813,19,38810474777,2496006,0
38.8155,22,38812997783,2496006,0
38.818,9,38815529789,2496006,0
38.8205,21,38818079795,2469000,1
38.8205,2,38818079795,2469000,1
38.823,19,38820546795,2496006,0
38.8256,19,38823069801,2496006,0
38.8281,8,38825592807,2496006,0
38.8306,16,38828115813,2496006,0
38.8331,22,38830638819,2496006,0
38.8356,9,38833161825,2469000,1
38.8356,12,38833161825,2469000,1
38.8382,19,38835664825,2496006,0
38.8407,8,38838187831,2496006,0
38.8432,8,38840710837,2496006,0
38.8483,16,38845765849,2496006,0
38.8508,6,38848288855,2496006,0
38.8533,22,38850811861,2496006,0
38.8558,23,38853334867,2496006,0
38.8586,19,38856170873,2469000,1
38.8586,15,38856170873,2469000,1
38.8612,23,38858655873,2496006,0
38.8637,6,38861178879,2496006,0
38.8662,22,38863710885,2469000,1
38.8662,2,38863710885,2469000,1
38.8662,8,38863710885,2469000,1
38.8687,16,38866177885,2496006,0
38.8712,7,38868700891,2496006,0
38.8737,7,38871223897,2496006,0
38.8762,7,38873746903,2496006,0
38.8788,16,38876269909,2496006,0
38.8813,19,38878792915,2496006,0
38.8838,5,38881324921,2469000,1
38.8838,14,38881324921,2469000,1
38.8838,17,38881324921,2469000,1
38.8866,12,38884104927,2496006,0
38.8891,9,38886636933,2496006,0
38.8917,21,38889159939,2496006,0
38.8942,19,38891682945,2469000,1
38.8942,23,38891682945,2469000,1
38.8966,6,38894149945,2469000,1
38.8966,14,38894149945,2469000,1
38.8991,7,38896625945,2469000,1
38.8991,20,38896625945,2469000,1
38.9016,2,38899092945,2496006,0
38.9041,12,38901615951,2496006,0
38.9066,22,38904138957,2469000,1
38.9066,8,38904138957,2469000,1
38.9066,16,38904138957,2469000,1
38.9091,2,38906605957,2496006,0
38.9116,9,38909128963,2496006,0
38.9141,21,38911651969,2496006,0
38.9167,11,38914174975,2496006,0
38.9192,20,38916715981,2496006,0
38.9217,12,38919247987,2496006,0
38.9242,21,38921770993,2469000,1
38.9242,2,38921770993,2469000,1
38.9242,12,38921770993,2469000,1
38.9267,20,38924246993,2496006,0
38.9293,22,38926769999,2496006,0
38.9343,6,38931825011,2469000,1
38.9343,14,38931825011,2469000,1
38.9343,22,38931825011,2469000,1
38.9368,9,38934292011,2469000,1
38.9368,2,38934292011,2469000,1
38.9393,11,38936759011,2496006,0
38.9418,20,38939300017,2496006,0
38.9443,22,38941823023,2469000,1
38.9443,20,38941823023,2469000,1
38.9468,19,38944290023,2496006,0
38.9493,23,38946813029,2469000,1
38.9493,8,38946813029,2469000,1
38.9518,7,38949289029,2496006,0
38.9543,1,38951812035,2496006,0
38.9568,11,38954362041,2469000,1
38.9568,16,38954362041,2469000,1
38.9596,22,38957178047,2469000,1
38.9596,19,38957178047,2469000,1
38.9621,7,38959645047,2469000,1
38.9621,21,38959645047,2469000,1
38.9646,20,38962112047,2496006,0
38.9671,12,38964635053,2496006,0
38.9697,9,38967158059,2496006,0
38.9722,7,38969681065,2496006,0
38.9747,1,38972204071,2469000,1
38.9747,19,38972204071,2469000,1
38.9747,20,38972204071,2469000,1
38.9772,12,38974671071,2496006,0
38.9797,17,38977203077,2469000,1
38.9797,16,38977203077,2469000,1
38.9822,11,38979670077,2496006,0
38.9847,12,38982193083,2496006,0
38.9872,6,38984716089,2496006,0
38.9901,3,38987570095,2496006,0
38.9926,9,38990129101,2496006,0
38.9951,3,38992652107,2469000,1
38.9951,11,38992652107,2469000,1
38.9951,7,38992652107,2469000,1
38.9976,20,38995137107,2469000,1
38.9976,12,38995137107,2469000,1
38.9976,6,38995137107,2469000,1
39.0001,13,38997613107,2496006,0
39.0026,11,39000145113,2496006,0
39.0052,7,39002668119,2496006,0
39.0077,2,39005191125,2469000,1
39.0077,19,39005191125,2469000,1
39.0102,1,39007658125,2496006,0
39.0127,23,39010181131,2496006,0
39.0152,7,39012704137,2469000,1
39.0152,1,39012704137,2469000,1
39.0177,9,39015171137,2496006,0
39.0202,19,39017694143,2469000,1
39.0202,9,39017694143,2469000,1
39.0226,21,39020161143,2469000,1
39.0251,9,39022628143,2496006,0
39.0276,23,39025160149,2469000,1
39.0276,13,39025160149,2469000,1
39.0276,9,39025160149,2469000,1
39.0301,3,39027627149,2469000,1
39.0301,21,39027627149,2469000,1
39.0301,23,39027629149,2469000,1
39.0326,20,39030096149,2496006,0
39.0351,14,39032628155,2469000,1
39.0351,11,39032628155,2469000,1
39.0376,12,39035104155,2469000,1
39.0376,20,39035104155,2469000,1
39.0401,8,39037589155,2469000,1
39.0401,11,39037589155,2469000,1
39.0425,6,39040065155,2469000,1
39.0425,9,39040065155,2469000,1
39.0425,20,39040065155,2469000,1
39.045,2,39042550155,2469000,1
39.045,7,39042550155,2469000,1
39.0475,13,39045017155,2496006,0
39.0501,15,39047558161,2496006,0
39.0526,1,39050090167,2496006,0
39.0551,21,39052631173,2496006,0
39.0577,3,39055154179,2496006,0
39.0602,13,39057686185,2469000,1
39.0602,2,39057686185,2469000,1
39.0629,22,39060466191,2469000,1
39.0629,7,39060466191,2469000,1
39.0654,21,39062933191,2469000,1
39.0654,15,39062933191,2469000,1
39.0679,14,39065400191,2469000,1
39.0679,15,39065402191,2469000,1
39.0704,12,39067869191,2496006,0
39.0729,10,39070392197,2469000,1
39.0729,7,39070392197,2469000,1
39.0753,1,39072877197,2469000,1
39.0753,11,39072877197,2469000,1
39.0753,9,39072877197,2469000,1
39.0778,1,39075353197,2496006,0
39.0804,3,39077894203,2496006,0
39.0829,12,39080426209,2496006,0
39.0854,15,39082949215,2496006,0
39.088,1,39085553221,2496006,0
39.0909,12,39088389227,2469000,1
39.0909,3,39088389227,2469000,1
39.0933,6,39090856227,2469000,1
39.0933,13,39090856227,2469000,1
39.0958,15,39093341227,2496006,0
39.0983,23,39095864233,2469000,1
39.1008,21,39098340233,2496006,0
39.1034,19,39100881239,2469000,1
39.1034,1,39100881239,2469000,1
39.1058,3,39103348239,2469000,1
39.1058,23,39103348239,2469000,1
39.1083,16,39105824239,2496006,0
39.1109,15,39108374245,2496006,0
39.1134,20,39110915251,2496006,0
39.1159,20,39113438257,2496006,0
39.1184,12,39115961263,2469000,1
39.1184,3,39115961263,2469000,1
39.1209,21,39118428263,2496006,0
39.1234,21,39120951269,2496006,0
39.1259,15,39123474275,2469000,1
39.1259,16,39123474275,2469000,1
39.1284,1,39125950275,2496006,0
39.131,16,39128491281,2496006,0
39.1335,20,39131023287,2496006,0
39.136,21,39133546293,2469000,1
39.136,20,39133546293,2469000,1
39.1385,1,39136013293,2496006,0
39.141,22,39138536299,2496006,0
39.1436,16,39141113305,2496006,0
39.1461,1,39143636311,2496006,0
39.1487,16,39146159317,2496006,0
39.1512,22,39148718323,2469000,1
39.1512,21,39148718323,2469000,1
39.1537,2,39151185323,2469000,1
39.1537,6,39151185323,2469000,1
39.1561,14,39153661323,2469000,1
39.1561,15,39153661323,2469000,1
39.1586,12,39156128323,2496006,0
39.1611,12,39158651329,2496006,0
39.1637,1,39161174335,2496006,0
39.1665,11,39164010341,2496006,0
39.1715,13,39169056353,2469000,1
39.1715,16,39169056353,2469000,1
39.1715,12,39169056353,2469000,1
39.174,1,39171532353,2496006,0
39.1765,3,39174064359,2469000,1
39.1765,20,39174064359,2469000,1
39.179,9,39176531359,2496006,0
39.1816,22,39179054365,2496006,0
39.1841,9,39181604371,2496006,0
39.1866,12,39184136377,2496006,0
39.1892,12,39186659383,2496006,0
39.1917,11,39189182389,2496006,0
39.1945,1,39192018395,2496006,0
39.1971,1,39194595401,2469000,1
39.1971,9,39194595401,2469000,1
39.1971,22,39194595401,2469000,1
39.1971,11,39194595401,2469000,1
39.1995,12,39197071401,2469000,1
39.1995,11,39197071401,2469000,1
39.202,7,39199538401,2496006,0
39.2046,16,39202061407,2496006,0
39.2071,15,39204584413,2496006,0
39.2096,22,39207107419,2496006,0
39.2121,11,39209648425,2496006,0
39.2147,16,39212180431,2496006,0
39.2172,22,39214703437,2496006,0
39.2197,16,39217226443,2496006,0
39.2222,11,39219749449,2496006,0
39.2248,22,39222290455,2469000,1
39.2248,7,39222290455,2469000,1
39.2248,16,39222290455,2469000,1
39.2273,15,39224775455,2496006,0
39.2298,14,39227316461,2496006,0
39.2323,15,39229839467,2496006,0
39.2348,1,39232362473,2469000,1
39.2348,11,39232362473,2469000,1
39.2398,15,39237352479,2496006,0
39.2423,14,39239875485,2469000,1
39.2423,21,39239875485,2469000,1
39.2423,7,39239875485,2469000,1
39.2448,9,39242342485,2496006,0
39.2474,1,39244865491,2496006,0
39.2499,12,39247397497,2496006,0
39.2524,15,39249947503,2496006,0
39.255,22,39252470509,2496006,0
39.2575,9,39254993515,2469000,1
39.2575,16,39254993515,2469000,1
39.2599,15,39257469515,2469000,1
39.2599,22,39257469515,2469000,1
39.2624,20,39259972515,2469000,1
39.2624,1,39259972515,2469000,1
39.2649,9,39262439515,2496006,0
39.2678,22,39265275521,2496006,0
39.2703,11,39267798527,2469000,1
39.2703,12,39267798527,2469000,1
39.2703,15,39267798527,2469000,1
39.2728,9,39270301527,2469000,1
39.2728,16,39270301527,2469000,1
39.2752,17,39272768527,2469000,1
39.2752,14,39272768527,2469000,1
39.2777,1,39275235527,2496006,0
39.2803,1,39277821533,2469000,1
39.2803,22,39277821533,2469000,1
39.2828,13,39280288533,2496006,0
39.2853,19,39282811539,2469000,1
39.2853,12,39282811539,2469000,1
39.2878,9,39285278539,2496006,0
39.2903,8,39287846545,2469000,1
39.2903,22,39287846545,2469000,1
39.2928,13,39290313545,2496006,0
39.2982,14,39295679009,2496006,0
39.3007,9,39298202015,2496006,0
39.3032,13,39300734021,2496006,0
39.3058,11,39303284027,2496006,0
39.3083,13,39305807033,2496006,0
39.3108,9,39308330039,2496006,0
39.3134,13,39310862045,2496006,0
39.3159,14,39313394051,2496006,0
39.3184,11,39315935057,2469000,1
39.3184,7,39315935057,2469000,1
39.3209,13,39318402057,2496006,0
39.3234,14,39320925063,2469000,1
39.3234,9,39320925063,2469000,1
39.3234,1,39320925063,2469000,1
39.3259,13,39323392063,2496006,0
39.3284,12,39325915069,2496006,0
39.3309,22,39328438075,2496006,0
39.3335,6,39330961081,2496006,0
39.336,13,39333484087,2496006,0
39.3385,3,39336007093,2496006,0
39.341,12,39338539099,2469000,1
39.341,21,39338539099,2469000,1
39.3435,3,39341042099,2469000,1
39.3435,22,39341042099,2469000,1
39.346,6,39343509099,2496006,0
39.3485,15,39346032105,2496006,0
39.3511,14,39348555111,2496006,0
39.3536,6,39351096117,2469000,1
39.3536,15,39351096117,2469000,1
39.356,13,39353563117,2469000,1
39.356,3,39353563117,2469000,1
39.3585,13,39356048117,2469000,1
39.361,14,39358515117,2496006,0
39.3635,9,39361038123,2496006,0
39.3661,11,39363561129,2496006,0
39.3689,15,39366406135,2469000,1
39.3689,11,39366406135,2469000,1
39.3714,9,39368900135,2496006,0
39.3739,20,39371441141,2496006,0
39.3764,14,39373964147,2469000,1
39.3764,12,39373964147,2469000,1
39.3764,11,39373964147,2469000,1
39.3789,22,39376431147,2469000,1
39.3789,6,39376431147,2469000,1
39.3814,16,39378925147,2469000,1
39.3814,15,39378925147,2469000,1
39.3839,9,39381392147,2496006,0
39.3865,20,39383960153,2496006,0
39.389,14,39386501159,2496006,0
39.3915,9,39389024165,2496006,0
39.3941,13,39391574171,2496006,0
39.3966,1,39394115177,2496006,0
39.3995,22,39396960183,2496006,0
39.402,9,39399483189,2496006,0
39.4045,20,39402006195,2469000,1
39.4045,9,39402006195,2469000,1
39.407,13,39404482195,2469000,1
39.407,9,39404482195,2469000,1
39.4095,14,39406958195,2496006,0
39.412,8,39409481201,2469000,1
39.4144,6,39411948201,2469000,1
39.4144,1,39411948201,2469000,1
39.4169,22,39414415201,2469000,1
39.4169,3,39414415201,2469000,1
39.4169,20,39414415201,2469000,1
39.4194,22,39416884201,2496006,0
39.4219,14,39419452207,2496006,0
39.4245,23,39421975213,2496006,0
39.427,12,39424498219,2496006,0
39.4295,11,39427030225,2496006,0
39.4321,14,39429562231,2496006,0
39.4346,12,39432094237,2496006,0
39.4371,22,39434626243,2496006,0
39.4397,14,39437158249,2496006,0
39.4422,23,39439681255,2496006,0
39.4447,14,39442231261,2469000,1
39.4447,12,39442231261,2469000,1
39.4472,23,39444707261,2469000,1
39.4472,13,39444707261,2469000,1
39.4472,1,39444707261,2469000,1
39.4497,11,39447174261,2496006,0
39.4522,22,39449715267,2469000,1
39.4522,11,39449715267,2469000,1
39.4547,11,39452184267,2496006,0
39.4572,13,39454707273,2496006,0
39.4597,9,39457266279,2469000,1
39.4622,21,39459733279,2469000,1
39.4622,22,39459733279,2469000,1
39.4647,5,39462200279,2469000,1
39.4672,11,39464667279,2496006,0
39.4697,23,39467190285,2496006,0
39.4725,13,39470026291,2496006,0
39.4776,7,39475090303,2496006,0
39.4801,23,39477613309,2469000,1
39.4801,11,39477613309,2469000,1
39.4825,14,39480080309,2469000,1
39.4826,11,39480082309,2469000,1
39.485,12,39482549309,2496006,0
39.4876,13,39485081315,2496006,0
39.4901,5,39487613321,2496006,0
39.4927,7,39490163327,2496006,0
39.4952,7,39492686333,2496006,0
39.4977,20,39495236339,2496006,0
39.5005,5,39498072345,2469000,1
39.5005,13,39498072345,2469000,1
39.5005,23,39498072345,2469000,1
39.503,12,39500539345,2496006,0
39.5055,15,39503062351,2469000,1
39.5055,20,39503062351,2469000,1
39.508,6,39505529351,2496006,0
39.5106,7,39508070357,2496006,0
39.5131,15,39510593363,2496006,0
39.5156,6,39513116369,2496006,0
39.5182,15,39515666375,2496006,0
39.5207,15,39518189381,2496006,0
39.5232,14,39520721387,2496006,0
39.5257,3,39523244393,2469000,1
39.5257,12,39523244393,2469000,1
39.5282,6,39525720393,2496006,0
39.5307,7,39528252399,2496006,0
39.5333,1,39530775405,2496006,0
39.5358,15,39533298411,2469000,1
39.5358,1,39533298411,2469000,1
39.5382,22,39535765411,2469000,1
39.5382,14,39535765411,2469000,1
39.5408,1,39538259411,2496006,0
39.5433,13,39540791417,2469000,1
39.5433,12,39540791417,2469000,1
39.5458,5,39543258417,2496006,0
39.5483,20,39545781423,2469000,1
39.5483,13,39545781423,2469000,1
39.5507,7,39548248423,2496006,0
39.5533,1,39550771429,2496006,0
39.5558,6,39553294435,2469000,1
39.5558,14,39553294435,2469000,1
39.5583,11,39555815435,2469000,1
39.5583,5,39555815435,2469000,1
39.5583,1,39555815435,2469000,1
39.5608,15,39558291435,2496006,0
39.5633,15,39560814441,2496006,0
39.5658,7,39563337447,2496006,0
39.5684,1,39565878453,2496006,0
39.5709,1,39568410459,2496006,0
39.5737,23,39571264465,2469000,1
39.5762,15,39573740465,2496006,0
39.5787,7,39576263471,2469000,1
39.5787,16,39576263471,2469000,1
39.5812,15,39578757471,2469000,1
39.5812,12,39578757471,2469000,1
39.5837,6,39581260471,2469000,1
39.5837,5,39581260471,2469000,1
39.5862,1,39583727471,2496006,0
39.5888,22,39586313477,2496006,0
39.5913,1,39588854483,2469000,1
39.5913,7,39588854483,2469000,1
39.5938,9,39591330483,2469000,1
39.5938,15,39591330483,2469000,1
39.5963,22,39593815483,2496006,0
39.5988,15,39596338489,2496006,0
39.6014,20,39598879495,2496006,0
39.6042,22,39601724501,2496006,0
39.6092,15,39606770513,2469000,1
39.6092,20,39606770513,2469000,1
39.6118,14,39609282513,2496006,0
39.6143,16,39611805519,2496006,0
39.6168,16,39614337525,2496006,0
39.6194,6,39616869531,2496006,0
39.6219,16,39619392537,2496006,0
39.6244,6,39621915543,2496006,0
39.6269,22,39624438549,2496006,0
39.6295,14,39626961555,2496006,0
39.632,5,39629484561,2496006,0
39.6345,16,39632007567,2496006,0
39.637,20,39634530573,2469000,1
39.637,14,39634530573,2469000,1
39.6395,1,39636997573,2496006,0
39.6446,15,39642097585,2469000,1
39.6446,6,39642097585,2469000,1
39.6446,22,39642097585,2469000,1
39.6471,16,39644564585,2496006,0
39.6496,5,39647096591,2496006,0
39.6521,1,39649619597,2469000,1
39.6521,11,39649619597,2469000,1
39.6546,5,39652104597,2496006,0
39.6571,16,39654627603,2469000,1
39.6571,12,39654627603,2469000,1
39.6596,5,39657112603,2469000,1
39.6596,16,39657112603,2469000,1
39.6621,5,39659597603,2496006,0
39.6646,14,39662120609,2496006,0
39.6672,7,39664661615,2496006,0
39.6697,7,39667184621,2496006,0
39.6722,14,39669716627,2496006,0
39.6748,5,39672266633,2496006,0
39.6776,7,39675111639,2469000,1
39.6776,6,39675111639,2469000,1
39.6801,5,39677587639,2496006,0
39.6826,22,39680128645,2496006,0
39.6851,1,39682669651,2469000,1
39.6851,16,39682669651,2469000,1
39.6876,14,39685136651,2496006,0
39.6901,13,39687677657,2469000,1
39.6901,20,39687677657,2469000,1
39.6926,5,39690162657,2469000,1
39.6926,7,39690162657,2469000,1
39.6951,15,39692629657,2496006,0
39.6977,18,39695161663,2496006,0
39.7002,22,39697702669,2469000,1
39.7002,14,39697702669,2469000,1
39.7026,15,39700169669,2469000,1
39.7026,18,39700169669,2469000,1
39.7055,1,39702994675,2469000,1
39.708,5,39705479675,2496006,0
39.7105,23,39708029681,2469000,1
39.7105,6,39708029681,2469000,1
39.713,22,39710496681,2469000,1
39.713,15,39710496681,2469000,1
39.7155,5,39712963681,2496006,0
39.718,18,39715495687,2496006,0
39.7205,5,39718018693,2496006,0
39.7231,14,39720586699,2496006,0
39.7256,20,39723109705,2496006,0
39.7281,18,39725632711,2496006,0
39.7307,14,39728155717,2496006,0
39.7332,5,39730687723,2496006,0
39.7382,20,39735733735,2496006,0
39.7408,20,39738256741,2496006,0
39.7433,7,39740788747,2469000,1
39.7433,22,39740788747,2469000,1
39.7457,14,39743273747,2469000,1
39.7457,18,39743273747,2469000,1
39.7457,9,39743273747,2469000,1
39.7482,10,39745740747,2496006,0
39.7508,20,39748263753,2496006,0
39.7533,16,39750786759,2469000,1
39.7533,10,39750786759,2469000,1
39.7557,15,39753280759,2469000,1
39.7557,5,39753280759,2469000,1
39.7583,5,39755774759,2496006,0
39.7608,11,39758297765,2496006,0
39.7633,14,39760820771,2496006,0
39.7658,18,39763352777,2496006,0
39.7684,20,39765884783,2496006,0
39.7734,14,39770930795,2496006,0
39.7759,12,39773453801,2496006,0
39.7788,1,39776289807,2496006,0
39.7813,5,39778821813,2496006,0
39.7838,12,39781353819,2469000,1
39.7838,11,39781353819,2469000,1
39.7863,18,39783820819,2469000,1
39.7863,6,39783820819,2469000,1
39.7888,10,39786287819,2496006,0
39.7913,20,39788819825,2469000,1
39.7913,12,39788819825,2469000,1
39.7938,14,39791286825,2469000,1
39.7938,7,39791286825,2469000,1
39.7963,22,39793762825,2496006,0
39.7988,20,39796294831,2496006,0
39.8013,1,39798817837,2496006,0
39.8038,22,39801340843,2496006,0
39.8064,5,39803863849,2496006,0
39.8092,11,39806699855,2496006,0
39.8117,5,39809222861,2496006,0
39.8143,10,39811763867,2496006,0
39.8168,3,39814286873,2469000,1
39.8168,5,39814286873,2469000,1
39.8193,1,39816762873,2496006,0
39.8218,11,39819285879,2469000,1
39.8218,1,39819285879,2469000,1
39.8242,22,39821752879,2469000,1
39.8242,4,39821752879,2469000,1
39.8242,14,39821752879,2469000,1
39.8267,20,39824219879,2469000,1
39.8267,1,39824219879,2469000,1
39.8292,5,39826695879,2496006,0
39.8317,10,39829227885,2496006,0
39.8342,23,39831750891,2469000,1
39.8342,5,39831750891,2469000,1
39.8367,18,39834253891,2496006,0
39.8393,20,39836785897,2469000,1
39.8393,18,39836785897,2469000,1
39.8418,10,39839261897,2496006,0
39.8443,11,39841829903,2496006,0
39.8469,9,39844388909,2469000,1
39.8469,15,39844388909,2469000,1
39.8494,11,39846864909,2496006,0
39.8519,22,39849387915,2496006,0
39.8544,5,39851910921,2469000,1
39.8544,15,39851910921,2469000,1
39.8544,11,39851910921,2469000,1
39.8568,10,39854377921,2469000,1
39.8568,14,39854377921,2469000,1
39.8593,21,39856844921,2496006,0
39.8619,12,39859394927,2469000,1
39.8644,18,39861888927,2496006,0
39.8669,22,39864438933,2496006,0
39.8695,10,39866970939,2496006,0
39.872,1,39869493945,2469000,1
39.872,11,39869493945,2469000,1
39.8745,21,39871960945,2496006,0
39.877,5,39874492951,2469000,1
39.877,21,39874492951,2469000,1
39.8795,18,39876968951,2496006,0
39.8823,10,39879822957,2496006,0
39.8849,16,39882354963,2496006,0
39.8874,22,39884895969,2496006,0
39.8899,11,39887463975,2469000,1
39.8899,18,39887463975,2469000,1
39.8924,20,39889930975,2469000,1
39.8949,1,39892406975,2469000,1
39.8949,10,39892406975,2469000,1
39.8974,16,39894900975,2469000,1
39.8974,22,39894900975,2469000,1
39.8998,21,39897376975,2469000,1
39.8998,18,39897376975,2469000,1
39.9023,5,39899843975,2496006,0
39.9049,14,39902366981,2496006,0
39.9102,14,39907752993,2469000,1
39.9102,10,39907752993,2469000,1
39.9127,7,39910219993,2496006,0
39.9153,18,39912760999,2496006,0
39.9178,7,39915302005,2469000,1
39.9178,22,39915302005,2469000,1
39.9203,14,39917769005,2496006,0
39.9228,18,39920292011,2469000,1
39.9228,5,39920292011,2469000,1
39.9253,7,39922777011,2496006,0
39.9278,10,39925300017,2496006,0
39.9303,10,39927832023,2496006,0
39.9329,10,39930364029,2496006,0
39.9354,16,39932923035,2469000,1
39.9354,14,39932923035,2469000,1
39.9379,7,39935399035,2496006,0
39.9404,12,39937922041,2496006,0
39.943,5,39940454047,2496006,0
39.9455,14,39942977053,2496006,0
39.948,7,39945500059,2496006,0
39.9505,10,39948023065,2496006,0
39.9531,10,39950564071,2496006,0
39.9556,18,39953105077,2496006,0
39.9581,5,39955628083,2496006,0
39.9606,12,39958151089,2496006,0
39.9632,16,39960674095,2496006,0
39.9657,14,39963224101,2496006,0
39.9682,7,39965747107,2496006,0
39.9707,18,39968279113,2469000,1
39.9732,16,39970746113,2469000,1
39.9732,12,39970746113,2469000,1
39.9757,14,39973213113,2469000,1
39.9757,13,39973213113,2469000,1
39.9782,10,39975680113,2496006,0
39.9807,21,39978203119,2496006,0
39.9835,5,39981057125,2469000,1
39.9835,7,39981057125,2469000,1
39.986,11,39983524125,2496006,0
39.9885,3,39986047131,2469000,1
39.9885,16,39986047131,2469000,1
39.991,12,39988523131,2496006,0
39.9935,12,39991046137,2496006,0
39.996,22,39993578143,2469000,1
39.996,18,39993578143,2469000,1
39.9986,10,39996081143,2469000,1
39.9986,21,39996081143,2469000,1
40.0011,11,39998557143,2496006,0
40.0036,14,40001089149,2496006,0
40.0061,14,40003621155,2496006,0
40.0086,20,40006144161,2469000,1
40.0086,12,40006144161,2469000,1
40.0111,7,40008620161,2469000,1
40.0139,11,40011400167,2496006,0
40.0164,11,40013932173,2469000,1
40.0189,7,40016399173,2496006,0
40.024,5,40021454185,2496006,0
40.0265,11,40023986191,2496006,0
40.029,14,40026536197,2469000,1
40.029,12,40026536197,2469000,1
40.0315,7,40029039197,2496006,0
40.0341,10,40031571203,2496006,0
40.0366,21,40034094209,2496006,0
40.0391,16,40036617215,2496006,0
40.0416,5,40039140221,2496006,0
40.0442,11,40041663227,2496006,0
40.0467,21,40044186233,2496006,0
40.0492,21,40046709239,2496006,0
40.0517,14,40049232245,2496006,0
40.0542,16,40051755251,2469000,1
40.0542,10,40051755251,2469000,1
40.0567,11,40054267251,2469000,1
40.0567,5,40054267251,2469000,1
40.0567,7,40054267251,2469000,1
40.0592,21,40056743251,2496006,0
40.0617,10,40059266257,2469000,1
40.0642,14,40061742257,2496006,0
40.0668,13,40064265263,2496006,0
40.0693,18,40066797269,2496006,0
40.0718,14,40069320275,2496006,0
40.0744,22,40071870281,2496006,0
40.0769,21,40074402287,2496006,0
40.0794,13,40076934293,2469000,1
40.0794,22,40076934293,2469000,1
40.0819,14,40079401293,2469000,1
40.0819,18,40079401293,2469000,1
40.0819,5,40079401293,2469000,1
40.0844,12,40081877293,2496006,0
40.0872,7,40084713299,2496006,0
40.0898,16,40087272305,2496006,0
40.0923,21,40089795311,2496006,0
40.0948,7,40092318317,2469000,1
40.0948,11,40092318317,2469000,1
40.0973,12,40094785317,2496006,0
40.0998,6,40097308323,2496006,0
40.1023,11,40099858329,2469000,1
40.1048,14,40102352329,2496006,0
40.1074,6,40104884335,2469000,1
40.1074,21,40104884335,2469000,1
40.1098,16,40107351335,2496006,0
40.1124,12,40109883341,2496006,0
40.1152,18,40112719347,2496006,0
40.1177,13,40115242353,2469000,1
40.1177,22,40115242353,2469000,1
40.1177,5,40115242353,2469000,1
40.1177,16,40115242353,2469000,1
40.1202,7,40117709353,2496006,0
40.1227,18,40120232359,2496006,0
40.1253,16,40122755365,2496006,0
40.1278,14,40125278371,2496006,0
40.1303,12,40127810377,2496006,0
40.1328,16,40130351383,2469000,1
40.1328,12,40130351383,2469000,1
40.1353,7,40132836383,2496006,0
40.1379,14,40135359389,2496006,0
40.1404,22,40137882395,2496006,0
40.1429,14,40140405401,2496006,0
40.1454,10,40142928407,2496006,0
40.1479,18,40145451413,2469000,1
40.1479,22,40145451413,2469000,1
40.1504,12,40147936413,2469000,1
40.1529,14,40150412413,2469000,1
40.1529,13,40150412413,2469000,1
40.1554,21,40152879413,2496006,0
40.1579,7,40155411419,2469000,1
40.1604,6,40157878419,2496006,0
40.1629,13,40160401425,2469000,1
40.1629,21,40160401425,2469000,1
40.1653,23,40162868425,2469000,1
40.1678,22,40165344425,2496006,0
40.1703,18,40167867431,2469000,1
40.1703,14,40167867431,2469000,1
40.1703,7,40167867431,2469000,1
40.1728,10,40170334431,2469000,1
40.1728,22,40170334431,2469000,1
40.1778,16,40175369437,2469000,1
40.1778,21,40175369437,2469000,1
40.1803,6,40177845437,2469000,1
40.1803,7,40177845437,2469000,1
40.1828,10,40180312437,2496006,0
40.1854,1,40182862443,2496006,0
40.1882,10,40185716449,2496006,0
40.1907,21,40188248455,2496006,0
40.1933,22,40190789461,2496006,0
40.1958,16,40193321467,2469000,1
40.1958,1,40193321467,2469000,1
40.1983,22,40195797467,2496006,0
40.2008,12,40198320473,2496006,0
40.2033,12,40200852479,2496006,0
40.2059,21,40203384485,2496006,0
40.2084,11,40205907491,2496006,0
40.2109,6,40208430497,2469000,1
40.2109,10,40208430497,2469000,1
40.2134,12,40210915497,2469000,1
40.2134,22,40210915497,2469000,1
40.2187,10,40216236503,2496006,0
40.2212,21,40218759509,2469000,1
40.2212,15,40218759509,2469000,1
40.2237,1,40221235509,2496006,0
40.2263,1,40223776515,2496006,0
40.2288,11,40226308521,2496006,0
40.2313,14,40228840527,2469000,1
40.2313,10,40228840527,2469000,1
40.2338,16,40231307527,2469000,1
40.2338,10,40231309527,2469000,1
40.2363,11,40233785527,2496006,0
40.2388,6,40236308533,2496006,0
40.2413,1,40238831539,2496006,0
40.2439,18,40241363545,2496006,0
40.2464,21,40243895551,2496006,0
40.2489,6,40246418557,2496006,0
40.2514,18,40248959563,2469000,1
40.2514,22,40248959563,2469000,1
40.2539,11,40251435563,2469000,1
40.2539,18,40251435563,2469000,1
40.2539,22,40251435563,2469000,1
40.2564,11,40253904563,2496006,0
40.2589,12,40256427569,2496006,0
40.2614,12,40258959575,2469000,1
40.2639,1,40261426575,2496006,0
40.2665,21,40263958581,2496006,0
40.269,6,40266481587,2469000,1
40.269,21,40266481587,2469000,1
40.2715,18,40268975587,2496006,0
40.274,11,40271507593,2496006,0
40.2765,11,40274030599,2496006,0
40.2791,18,40276562605,2496006,0
40.2816,1,40279103611,2496006,0
40.2841,10,40281635617,2496006,0
40.2867,18,40284167623,2496006,0
40.2892,7,40286699629,2496006,0
40.292,11,40289535635,2496006,0
40.2945,10,40292076641,2469000,1
40.2945,5,40292076641,2469000,1
40.2945,12,40292076641,2469000,1
40.297,7,40294543641,2469000,1
40.297,21,40294543641,2469000,1
40.2995,18,40297019641,2469000,1
40.2995,1,40297019641,2469000,1
40.302,18,40299504641,2496006,0
40.3045,1,40302036647,2469000,1
40.307,6,40304503647,2496006,0
40.3095,11,40307044653,2469000,1
40.3095,6,40307044653,2469000,1
40.312,14,40309520653,2496006,0
40.3145,19,40312043659,2496006,0
40.3171,19,40314602665,2496006,0
40.3199,18,40317438671,2496006,0
40.3225,10,40319988677,2496006,0
40.325,7,40322520683,2496006,0
40.3275,14,40325043689,2469000,1
40.3275,19,40325043689,2469000,1
40.33,6,40327510689,2469000,1
40.33,7,40327510689,2469000,1
40.3325,10,40329977689,2496006,0
40.335,11,40332554695,2469000,1
40.335,18,40332554695,2469000,1
40.3375,20,40335048695,2469000,1
40.34,18,40337524695,2469000,1
40.3425,10,40340009695,2496006,0
40.3476,10,40345082707,2496006,0
40.3501,19,40347605713,2496006,0
40.3526,10,40350128719,2496006,0
40.3551,10,40352651725,2496006,0
40.3577,2,40355183731,2469000,1
40.3577,7,40355183731,2469000,1
40.3601,14,40357650731,2496006,0
40.3627,19,40360173737,2496006,0
40.3652,21,40362696743,2496006,0
40.3677,19,40365237749,2496006,0
40.3703,12,40367760755,2496006,0
40.3728,10,40370283761,2496006,0
40.3753,22,40372806767,2496006,0
40.3778,18,40375329773,2496006,0
40.3804,1,40377861779,2496006,0
40.3829,21,40380384785,2469000,1
40.3829,22,40380384785,2469000,1
40.3853,14,40382851785,2496006,0
40.3879,12,40385374791,2496006,0
40.3904,10,40387906797,2496006,0
40.3932,14,40390751803,2469000,1
40.3932,22,40390751803,2469000,1
40.3957,18,40393218803,2496006,0
40.3982,1,40395741809,2469000,1
40.3982,18,40395741809,2469000,1
40.4007,19,40398208809,2469000,1
40.4007,18,40398210809,2469000,1
40.4032,16,40400677809,2496006,0
40.4057,12,40403209815,2469000,1
40.4057,10,40403209815,2469000,1
40.4082,6,40405676815,2496006,0
40.4107,11,40408199821,2469000,1
40.4107,1,40408199821,2469000,1
40.4132,7,40410711821,2469000,1
40.4132,10,40410711821,2469000,1
40.4157,16,40413187821,2496006,0
40.4182,18,40415710827,2496006,0
40.4207,19,40418233833,2496006,0
40.4236,6,40421087839,2496006,0
40.4261,10,40423610845,2496006,0
40.4286,16,40426133851,2496006,0
40.4311,19,40428656857,2469000,1
40.4311,21,40428656857,2469000,1
40.4336,6,40431123857,2496006,0
40.4361,14,40433655863,2469000,1
40.4361,12,40433655863,2469000,1
40.4386,6,40436122863,2496006,0
40.4412,18,40438663869,2496006,0
40.4437,19,40441195875,2496006,0
40.4462,18,40443727881,2496006,0
40.4512,10,40448773893,2469000,1
40.4512,16,40448773893,2469000,1
40.4537,6,40451240893,2496006,0
40.4563,6,40453790899,2496006,0
40.4588,1,40456340905,2469000,1
40.4588,16,40456340905,2469000,1
40.4613,18,40458807905,2496006,0
40.4638,11,40461330911,2496006,0
40.4663,19,40463853917,2496006,0
40.4689,6,40466385923,2469000,1
40.4689,22,40466385923,2469000,1
40.4713,18,40468852923,2496006,0
40.4739,11,40471375929,2496006,0
40.4764,19,40473934935,2496006,0
40.4789,18,40476466941,2469000,1
40.4789,13,40476466941,2469000,1
40.4789,19,40476466941,2469000,1
40.4814,11,40478933941,2496006,0
40.4839,12,40481456947,2469000,1
40.4839,10,40481456947,2469000,1
40.4864,14,40483923947,2496006,0
40.4889,11,40486473953,2469000,1
40.4889,14,40486473953,2469000,1
40.4914,7,40488940953,2496006,0
40.494,14,40491472959,2496006,0
40.4968,19,40494317965,2496006,0
40.4993,14,40496849971,2496006,0
40.5019,18,40499372977,2496006,0
40.5069,19,40504418989,2469000,1
40.5069,16,40504418989,2469000,1
40.5094,7,40506885989,2496006,0
40.5119,7,40509417995,2496006,0
40.5144,21,40511959001,2469000,1
40.5144,6,40511959001,2469000,1
40.5144,7,40511959001,2469000,1
40.5169,18,40514444001,2496006,0
40.5195,1,40516994007,2469000,1
40.5195,14,40516994007,2469000,1
40.5195,7,40516994007,2469000,1
40.5219,18,40519461007,2469000,1
40.5219,19,40519461007,2469000,1
40.5247,11,40522241013,2496006,0
40.5273,18,40524782019,2496006,0
40.5298,10,40527314025,2496006,0
40.5324,5,40529855031,2496006,0
40.5349,11,40532387037,2496006,0
40.5374,21,40534910043,2496006,0
40.5399,18,40537433049,2496006,0
40.5424,10,40539956055,2469000,1
40.5424,8,40539956055,2469000,1
40.5449,5,40542432055,2496006,0
40.5474,18,40544973061,2469000,1
40.5474,14,40544973061,2469000,1
40.55,21,40547467061,2496006,0
40.5525,6,40549999067,2469000,1
40.5525,11,40549999067,2469000,1
40.5549,1,40552475067,2469000,1
40.5549,5,40552475067,2469000,1
40.5574,5,40554951067,2496006,0
40.56,5,40557519073,2469000,1
40.56,22,40557519073,2469000,1
40.5625,20,40559986073,2496006,0
40.565,21,40562518079,2496006,0
40.5675,10,40565041085,2496006,0
40.5701,10,40567564091,2496006,0
40.5726,17,40570096097,2469000,1
40.5726,10,40570096097,2469000,1
40.5751,21,40572563097,2496006,0
40.5776,5,40575086103,2496006,0
40.5801,22,40577618109,2469000,1
40.5801,5,40577618109,2469000,1
40.5826,18,40580085109,2469000,1
40.5826,21,40580085109,2469000,1
40.585,9,40582552109,2496006,0
40.5876,19,40585075115,2496006,0
40.5901,9,40587598121,2496006,0
40.5926,20,40590121127,2469000,1
40.5926,19,40590121127,2469000,1
40.5951,19,40592590127,2496006,0
40.5979,4,40595435133,2469000,1
40.5979,21,40595435133,2469000,1
40.6004,14,40597911133,2496006,0
40.6029,11,40600434139,2496006,0
40.6055,19,40602957145,2496006,0
40.608,9,40605480151,2496006,0
40.6105,7,40608003157,2496006,0
40.6156,9,40613067169,2496006,0
40.6181,13,40615590175,2469000,1
40.6181,10,40615590175,2469000,1
40.6206,14,40618066175,2496006,0
40.6231,11,40620589181,2469000,1
40.6231,4,40620589181,2469000,1
40.6256,16,40623056181,2496006,0
40.6284,7,40625892187,2469000,1
40.6284,16,40625892187,2469000,1
40.6309,19,40628368187,2496006,0
40.6334,5,40630891193,2496006,0
40.6359,14,40633414199,2469000,1
40.6359,12,40633414199,2469000,1
40.6384,20,40635881199,2469000,1
40.6384,9,40635881199,2469000,1
40.6408,10,40638348199,2496006,0
40.6433,18,40640871205,2469000,1
40.6433,5,40640871205,2469000,1
40.6459,11,40643356205,2496006,0
40.6484,19,40645906211,2496006,0
40.6509,4,40648429217,2469000,1
40.6509,10,40648429217,2469000,1
40.6534,19,40650896217,2496006,0
40.6559,6,40653428223,2496006,0
40.6584,11,40655960229,2469000,1
40.6584,6,40655960229,2469000,1
40.6609,10,40658427229,2496006,0
40.6634,21,40660950235,2469000,1
40.6634,5,40660950235,2469000,1
40.6634,6,40660950235,2469000,1
40.6659,14,40663417235,2469000,1
40.6659,9,40663417235,2469000,1
40.6684,6,40665884235,2496006,0
40.6709,11,40668416241,2496006,0
40.6735,16,40670957247,2496006,0
40.6759,6,40673480253,2469000,1
40.6759,7,40673480253,2469000,1
40.6759,19,40673480253,2469000,1
40.6785,10,40675965253,2496006,0
40.681,11,40678488259,2469000,1
40.6835,16,40680955259,2496006,0
40.686,10,40683478265,2496006,0
40.6885,5,40686010271,2496006,0
40.691,20,40688542277,2469000,1
40.691,10,40688542277,2469000,1
40.6936,7,40691054277,2496006,0
40.6961,6,40693604283,2469000,1
40.6961,16,40693604283,2469000,1
40.6961,5,40693604283,2469000,1
40.6961,10,40693604283,2469000,1
40.6985,7,40696071283,2469000,1
40.6985,4,40696071283,2469000,1
40.7014,19,40698860289,2496006,0
40.7039,11,40701383295,2469000,1
40.7039,16,40701383295,2469000,1
40.7064,5,40703859295,2496006,0
40.7089,6,40706382301,2496006,0
40.7114,9,40708905307,2496006,0
40.714,19,40711500313,2496006,0
40.7165,6,40714050319,2496006,0
40.719,9,40716573325,2469000,1
40.719,21,40716573325,2469000,1
40.719,5,40716573325,2469000,1
40.7215,7,40719040325,2496006,0
40.7241,20,40721581331,2496006,0
40.7266,6,40724113337,2496006,0
40.7294,6,40726949343,2496006,0
40.732,19,40729472349,2496006,0
40.7345,9,40731995355,2496006,0
40.737,6,40734518361,2469000,1
40.7395,18,40736985361,2496006,0
40.742,19,40739517367,2469000,1
40.742,14,40739517367,2469000,1
40.7445,19,40741986367,2496006,0
40.747,23,40744509373,2469000,1
40.747,11,40744509373,2469000,1
40.7495,7,40746976373,2496006,0
40.752,5,40749499379,2496006,0
40.7545,20,40752022385,2469000,1
40.7545,5,40752022385,2469000,1
40.757,9,40754489385,2469000,1
40.757,7,40754489385,2469000,1
40.7595,16,40756965385,2496006,0
40.762,19,40759506391,2496006,0
40.7645,7,40762029397,2496006,0
40.767,18,40764552403,2496006,0
40.7696,19,40767084409,2469000,1
40.7696,7,40767084409,2469000,1
40.7721,16,40769560409,2496006,0
40.7746,18,40772083415,2469000,1
40.7746,7,40772083415,2469000,1
40.7771,16,40774568415,2496006,0
40.7796,6,40777091421,2469000,1
40.7796,16,40777091421,2469000,1
40.7821,20,40779594421,2496006,0
40.7846,10,40782117427,2469000,1
40.7846,16,40782117427,2469000,1
40.7871,19,40784584427,2496006,0
40.7896,19,40787125433,2496006,0
40.7922,9,40789657439,2496006,0
40.7947,5,40792180445,2496006,0
40.7997,9,40797253457,2496006,0
40.8026,20,40800098463,2496006,0
40.8051,19,40802630469,2496006,0
40.8077,14,40805171475,2496006,0
40.8102,10,40807694481,2496006,0
40.8127,19,40810217487,2469000,1
40.8127,9,40810217487,2469000,1
40.8127,10,40810217487,2469000,1
40.8152,18,40812684487,2469000,1
40.8152,6,40812684487,2469000,1
40.8152,5,40812684487,2469000,1
40.8177,20,40815205487,2469000,1
40.8177,5,40815205487,2469000,1
40.8201,19,40817672487,2469000,1
40.8201,5,40817674487,2469000,1
40.8226,11,40820150487,2469000,1
40.8226,14,40820150487,2469000,1
40.8251,22,40822644487,2469000,1
40.8251,4,40822644487,2469000,1
40.8251,7,40822644487,2469000,1
40.8251,9,40822644487,2469000,1
40.8276,9,40825147487,2496006,0
40.8302,21,40827679493,2496006,0
40.833,10,40830533499,2469000,1
40.833,14,40830533499,2469000,1
40.8355,5,40833000499,2469000,1
40.8355,21,40833000499,2469000,1
40.838,20,40835494499,2496006,0
40.843,9,40840540511,2496006,0
40.8456,21,40843081517,2496006,0
40.8481,16,40845613523,2496006,0
40.8506,10,40848136529,2469000,1
40.8506,21,40848136529,2469000,1
40.8531,19,40850612529,2496006,0
40.8556,19,40853144535,2496006,0
40.8582,6,40855676541,2496006,0
40.8607,9,40858199547,2469000,1
40.8607,20,40858199547,2469000,1
40.8632,16,40860675547,2496006,0
40.8657,20,40863216553,2496006,0
40.8683,19,40865766559,2496006,0
40.8708,21,40868298565,2496006,0
40.8733,20,40870830571,2496006,0
40.8758,18,40873362577,2469000,1
40.8758,6,40873362577,2469000,1
40.8783,2,40875838577,2496006,0
40.8808,19,40878361583,2469000,1
40.8808,16,40878361583,2469000,1
40.8808,2,40878361583,2469000,1
40.8859,21,40883360589,2496006,0
40.8884,6,40885892595,2496006,0
40.8909,20,40888433601,2496006,0
40.8935,20,40890956607,2496006,0
40.896,6,40893488613,2469000,1
40.896,19,40893488613,2469000,1
40.896,16,40893488613,2469000,1
40.8984,9,40895955613,2469000,1
40.8984,6,40895957613,2469000,1
40.901,2,40898460613,2496006,0
40.9035,14,40900992619,2469000,1
40.9035,21,40900992619,2469000,1
40.9063,20,40903772625,2496006,0
40.9088,20,40906313631,2496006,0
40.9113,9,40908845637,2496006,0
40.9139,20,40911368643,2496006,0
40.9164,12,40913891649,2496006,0
40.9189,2,40916423655,2496006,0
40.9214,7,40918946661,2496006,0
40.924,12,40921469667,2496006,0
40.9265,6,40923992673,2469000,1
40.9265,7,40923992673,2469000,1
40.9289,3,40926468673,2469000,1
40.9314,9,40928935673,2496006,0
40.9343,20,40931771679,2496006,0
40.9368,20,40934312685,2496006,0
40.9393,21,40936853691,2469000,1
40.9393,12,40936853691,2469000,1
40.9393,20,40936853691,2469000,1
40.9418,1,40939329691,2496006,0
40.9443,2,40941852697,2496006,0
40.9469,9,40944402703,2496006,0
40.9494,1,40946925709,2496006,0
40.9519,1,40949448715,2496006,0
40.9545,2,40951980721,2496006,0
40.957,7,40954503727,2496006,0
40.9595,11,40957026733,2496006,0
40.962,20,40959549739,2496006,0
40.9646,9,40962081745,2469000,1
40.9646,6,40962081745,2469000,1
40.967,11,40964557745,2469000,1
40.967,19,40964557745,2469000,1
40.9695,20,40967033745,2469000,1
40.9695,1,40967033745,2469000,1
40.972,2,40969500745,2496006,0
40.9745,16,40972023751,2469000,1
40.9745,12,40972023751,2469000,1
40.977,7,40974490751,2496006,0
40.9795,10,40977022757,2469000,1
40.9795,12,40977022757,2469000,1
40.9845,2,40982012763,2496006,0
40.987,18,40984553769,2496006,0
40.9896,21,40987076775,2496006,0
40.9921,21,40989608781,2496006,0
40.9946,9,40992149787,2496006,0
40.9972,7,40994672793,2496006,0
40.9997,21,40997195799,2469000,1
40.9997,2,40997195799,2469000,1
41.0021,11,40999662799,2469000,1
41.0021,21,40999664799,2469000,1
41.0046,18,41002140799,2469000,1
41.0046,20,41002140799,2469000,1
41.0075,1,41004965805,2496006,0
41.01,7,41007488811,2469000,1
41.01,21,41007488811,2469000,1
41.0125,9,41009955811,2496006,0
41.015,9,41012478817,2496006,0
41.0175,1,41015028823,2496006,0
41.0201,9,41017569829,2496006,0
41.0226,1,41020092835,2496006,0
41.0251,2,41022642841,2496006,0
41.0277,1,41025183847,2469000,1
41.0277,9,41025183847,2469000,1
41.0301,2,41027650847,2496006,0
41.0326,11,41030173853,2469000,1
41.0326,18,41030173853,2469000,1
41.0326,1,41030173853,2469000,1
41.0351,19,41032649853,2496006,0
41.038,9,41035503859,2496006,0
41.0405,19,41038035865,2496006,0
41.0431,21,41040558871,2496006,0
41.0456,19,41043090877,2496006,0
41.0481,2,41045613883,2496006,0
41.0506,7,41048136889,2496006,0
41.0531,9,41050659895,2469000,1
41.0531,20,41050659895,2469000,1
41.0556,19,41053144895,2496006,0
41.0581,14,41055667901,2469000,1
41.0581,12,41055667901,2469000,1
41.0607,2,41058161901,2496006,0
41.0632,21,41060684907,2496006,0
41.0657,21,41063207913,2496006,0
41.0682,15,41065757919,2469000,1
41.0682,18,41065757919,2469000,1
41.0682,7,41065757919,2469000,1
41.0707,19,41068224919,2496006,0
41.0732,2,41070747925,2496006,0
41.0758,7,41073288931,2469000,1
41.0782,16,41075755931,2469000,1
41.0782,9,41075755931,2469000,1
41.0807,11,41078240931,2496006,0
41.0832,2,41080763937,2469000,1
41.0832,19,41080763937,2469000,1
41.0832,21,41080763937,2469000,1
41.0857,4,41083230937,2469000,1
41.0857,1,41083230937,2469000,1
41.0882,11,41085697937,2469000,1
41.0882,2,41085697937,2469000,1
41.0907,22,41088191937,2496006,0
41.0932,7,41090732943,2496006,0
41.0958,22,41093309949,2496006,0
41.0983,21,41095841955,2496006,0
41.1009,16,41098373961,2496006,0
41.1034,7,41100896967,2496006,0
41.1059,21,41103428973,2469000,1
41.1059,16,41103428973,2469000,1
41.1084,19,41105931973,2496006,0
41.1113,11,41108785979,2469000,1
41.1137,22,41111252979,2496006,0
41.1162,19,41113775985,2469000,1
41.1162,9,41113775985,2469000,1
41.1162,2,41113775985,2469000,1
41.1187,22,41116251985,2496006,0
41.1213,21,41118774991,2496006,0
41.1238,7,41121297997,2469000,1
41.1288,22,41126306003,2496006,0
41.1313,22,41128847009,2496006,0
41.1339,21,41131370015,2496006,0
41.1364,22,41133893021,2496006,0
41.1392,16,41136747027,2469000,1
41.1392,22,41136747027,2469000,1
41.1417,11,41139223027,2496006,0
41.1443,11,41141782033,2496006,0
41.1468,19,41144305039,2496006,0
41.1493,5,41146837045,2496006,0
41.1518,21,41149360051,2469000,1
41.1518,11,41149360051,2469000,1
41.1543,18,41151827051,2469000,1
41.1543,19,41151827051,2469000,1
41.1568,21,41154312051,2496006,0
41.1593,23,41156835057,2496006,0
41.1618,5,41159376063,2469000,1
41.1643,7,41161843063,2496006,0
41.1669,7,41164393069,2496006,0
41.1694,13,41166916075,2469000,1
41.1694,6,41166916075,2469000,1
41.1719,22,41169383075,2496006,0
41.1744,23,41171906081,2496006,0
41.1769,21,41174438087,2496006,0
41.1794,7,41176961093,2469000,1
41.1794,10,41176961093,2469000,1
41.1794,5,41176961093,2469000,1
41.1819,19,41179446093,2496006,0
41.1844,23,41181978099,2469000,1
41.1844,22,41181978099,2469000,1
41.187,23,41184454099,2496006,0
41.1895,22,41186977105,2496006,0
41.192,16,41189500111,2469000,1
41.192,11,41189500111,2469000,1
41.1945,21,41191985111,2496006,0
41.197,19,41194508117,2496006,0
41.1995,22,41197031123,2496006,0
41.202,23,41199572129,2469000,1
41.2045,21,41202039129,2496006,0
41.207,20,41204580135,2469000,1
41.207,21,41204580135,2469000,1
41.2096,7,41207083135,2469000,1
41.2096,19,41207083135,2469000,1
41.2124,22,41209881141,2496006,0
41.2149,9,41212404147,2469000,1
41.2149,5,41212404147,2469000,1
41.2174,16,41214871147,2496006,0
41.2199,1,41217403153,2469000,1
41.2199,23,41217403153,2469000,1
41.2224,19,41219888153,2496006,0
41.2249,22,41222420159,2496006,0
41.2274,21,41224952165,2496006,0
41.23,22,41227493171,2496006,0
41.2325,18,41230016177,2496006,0
41.235,2,41232539183,2496006,0
41.2375,21,41235062189,2469000,1
41.2375,16,41235062189,2469000,1
41.24,12,41237529189,2496006,0
41.2454,2,41242888201,2496006,0
41.2479,12,41245411207,2496006,0
41.2504,19,41247934213,2469000,1
41.2504,2,41247934213,2469000,1
41.2504,12,41247934213,2469000,1
41.2529,22,41250428213,2469000,1
41.2529,14,41250428213,2469000,1
41.2554,15,41252904213,2469000,1
41.2554,5,41252904213,2469000,1
41.2579,18,41255371213,2496006,0
41.2604,16,41257948219,2496006,0
41.263,21,41260489225,2496006,0
41.2655,7,41263012231,2469000,1
41.2655,15,41263012231,2469000,1
41.268,11,41265479231,2496006,0
41.2705,12,41268011237,2469000,1
41.2705,21,41268011237,2469000,1
41.2705,11,41268011237,2469000,1
41.273,18,41270478237,2496006,0
41.2755,23,41273019243,2496006,0
41.278,16,41275542249,2469000,1
41.278,11,41275542249,2469000,1
41.278,23,41275542249,2469000,1
41.2805,2,41278009249,2496006,0
41.2855,18,41283073261,2469000,1
41.2855,19,41283073261,2469000,1
41.288,1,41285540261,2496006,0
41.2905,22,41288063267,2469000,1
41.2905,16,41288063267,2469000,1
41.293,2,41290539267,2469000,1
41.293,12,41290539267,2469000,1
41.2955,18,41293015267,2496006,0
41.2981,1,41295565273,2496006,0
41.3006,21,41298097279,2496006,0
41.3031,1,41300620285,2496006,0
41.3057,18,41303161291,2496006,0
41.3082,21,41305684297,2469000,1
41.3082,15,41305684297,2469000,1
41.3107,1,41308178297,2496006,0
41.3132,2,41310701303,2496006,0
41.316,17,41313537309,2496006,0
41.3185,2,41316069315,2469000,1
41.3185,17,41316069315,2469000,1
41.321,2,41318538315,2496006,0
41.3236,23,41321061321,2496006,0
41.3286,18,41326116333,2469000,1
41.3286,21,41326116333,2469000,1
41.3311,1,41328583333,2496006,0
41.3336,2,41331115339,2469000,1
41.3336,17,41331115339,2469000,1
41.3336,18,41331115339,2469000,1
41.3361,23,41333591339,2496006,0
41.3387,19,41336159345,2496006,0
41.3412,16,41338682351,2496006,0
41.344,16,41341518357,2496006,0
41.3465,1,41344050363,2496006,0
41.3491,16,41346591369,2496006,0
41.3516,23,41349114375,2469000,1
41.3516,16,41349114375,2469000,1
41.3541,22,41351581375,2469000,1
41.3541,2,41351581375,2469000,1
41.3566,11,41354066375,2496006,0
41.3591,1,41356589381,2496006,0
41.3616,19,41359130387,2469000,1
41.3616,23,41359130387,2469000,1
41.3641,15,41361615387,2469000,1
41.3641,16,41361615387,2469000,1
41.3691,22,41366605393,2496006,0
41.3717,1,41369164399,2496006,0
41.3742,19,41371687405,2496006,0
41.3767,11,41374210411,2496006,0
41.3792,10,41376733417,2496006,0
41.3818,12,41379283423,2496006,0
41.3843,1,41381806429,2496006,0
41.3868,22,41384329435,2496006,0
41.3893,11,41386861441,2469000,1
41.3893,18,41386861441,2469000,1
41.3918,10,41389337441,2469000,1
41.3918,19,41389337441,2469000,1
41.3943,22,41391804441,2496006,0
41.3968,1,41394327447,2469000,1
41.3968,19,41394327447,2469000,1
41.3993,22,41396794447,2496006,0
41.4018,12,41399317453,2469000,1
41.4018,22,41399317453,2469000,1
41.4043,21,41401802453,2496006,0
41.4068,17,41404325459,2469000,1
41.4068,21,41404325459,2469000,1
41.4093,12,41406801459,2496006,0
41.4118,10,41409324465,2496006,0
41.4172,2,41414692477,2496006,0
41.4197,11,41417215483,2496006,0
41.4222,12,41419738489,2496006,0
41.4248,10,41422297495,2496006,0
41.4273,10,41424820501,2496006,0
41.4298,11,41427343507,2496006,0
41.4324,7,41429875513,2496006,0
41.4349,23,41432398519,2469000,1
41.4349,11,41432398519,2469000,1
41.4373,16,41434865519,2469000,1
41.4373,19,41434865519,2469000,1
41.4398,10,41437332519,2469000,1
41.4398,2,41437332519,2469000,1
41.4423,17,41439799519,2469000,1
41.4423,21,41439799519,2469000,1
41.4448,12,41442266519,2496006,0
41.4476,22,41445102525,2496006,0
41.4501,7,41447625531,2469000,1
41.4501,1,41447625531,2469000,1
41.4501,11,41447625531,2469000,1
41.4526,14,41450119531,2496006,0
41.4551,12,41452642537,2469000,1
41.4551,21,41452642537,2469000,1
41.4576,14,41455136537,2496006,0
41.4602,22,41457659543,2496006,0
41.4627,12,41460182549,2496006,0
41.4652,10,41462705555,2469000,1
41.4652,14,41462705555,2469000,1
41.4677,4,41465172555,2496006,0
41.4702,7,41467695561,2496006,0
41.4752,16,41472750573,2469000,1
41.4752,10,41472750573,2469000,1
41.4777,5,41475217573,2496006,0
41.4802,22,41477740579,2496006,0
41.4828,12,41480272585,2496006,0
41.4853,19,41482795591,2496006,0
41.4878,19,41485336597,2496006,0
41.4903,20,41487859603,2469000,1
41.4903,15,41487859603,2469000,1
41.4903,2,41487859603,2469000,1
41.4928,4,41490344603,2496006,0
41.4954,7,41492867609,2496006,0
41.4979,5,41495390615,2496006,0
41.5004,22,41497913621,2469000,1
41.5004,5,41497913621,2469000,1
41.5029,23,41500389621,2469000,1
41.5029,7,41500389621,2469000,1
41.5053,4,41502865621,2469000,1
41.5053,14,41502865621,2469000,1
41.5053,12,41502865621,2469000,1
41.5053,2,41502865621,2469000,1
41.5079,19,41505359621,2496006,0
41.5104,12,41507882627,2496006,0
41.5129,1,41510414633,2496006,0
41.5155,12,41512973639,2496006,0
41.518,23,41515505645,2496006,0
41.5208,19,41518341651,2469000,1
41.5208,15,41518341651,2469000,1
41.5233,22,41520808651,2469000,1
41.5233,2,41520808651,2469000,1
41.5258,1,41523284651,2469000,1
41.5258,23,41523284651,2469000,1
41.5282,14,41525751651,2496006,0
41.5308,12,41528292657,2469000,1
41.5333,11,41530759657,2496006,0
41.5358,14,41533282663,2496006,0
41.5383,5,41535832669,2469000,1
41.5383,7,41535832669,2469000,1
41.5408,4,41538308669,2496006,0
41.5433,21,41540831675,2496006,0
41.5458,18,41543354681,2469000,1
41.5458,21,41543354681,2469000,1
41.5486,1,41546134687,2496006,0
41.5511,11,41548657693,2469000,1
41.5511,5,41548657693,2469000,1
41.5536,19,41551133693,2469000,1
41.5536,23,41551133693,2469000,1
41.5561,4,41553618693,2496006,0
41.5586,14,41556141699,2496006,0
41.5612,4,41558709705,2496006,0
41.5637,14,41561232711,2469000,1
41.5637,12,41561232711,2469000,1
41.5662,1,41563708711,2496006,0
41.5687,6,41566231717,2496006,0
41.5713,6,41568754723,2496006,0
41.5737,7,41571277729,2469000,1
41.5737,1,41571277729,2469000,1
41.5762,9,41573744729,2496006,0
41.5787,11,41576267735,2469000,1
41.5787,4,41576267735,2469000,1
41.5787,6,41576267735,2469000,1
41.5812,21,41578734735,2496006,0
41.5838,14,41581266741,2496006,0
41.5863,12,41583789747,2496006,0
41.5888,21,41586330753,2469000,1
41.5888,6,41586330753,2469000,1
41.5913,9,41588815753,2469000,1
41.5938,11,41591282753,2496006,0
41.5963,14,41593814759,2496006,0
41.5989,12,41596355765,2496006,0
41.6014,21,41598878771,2496006,0
41.6039,11,41601410777,2469000,1
41.6039,19,41601410777,2469000,1
41.6064,12,41603877777,2496006,0
41.6089,4,41606400783,2496006,0
41.6114,4,41608923789,2496006,0
41.614,21,41611455795,2496006,0
41.6165,22,41613978801,2496006,0
41.619,1,41616501807,2496006,0
41.6218,23,41619337813,2469000,1
41.6218,21,41619337813,2469000,1
41.6243,4,41621804813,2496006,0
41.6268,14,41624327819,2496006,0
41.6293,1,41626868825,2469000,1
41.6293,12,41626868825,2469000,1
41.6318,4,41629335825,2496006,0
41.6344,4,41631867831,2496006,0
41.6369,14,41634390837,2469000,1
41.6369,19,41634390837,2469000,1
41.6393,22,41636857837,2469000,1
41.6393,9,41636857837,2469000,1
41.6393,4,41636857837,2469000,1
41.6418,4,41639333837,2496006,0
41.6443,10,41641856843,2469000,1
41.6443,11,41641856843,2469000,1
41.6443,12,41641856843,2469000,1
41.6443,14,41641856843,2469000,1
41.6468,9,41644323843,2496006,0
41.6494,21,41646855849,2496006,0
41.6522,2,41649691855,2496006,0
41.6547,2,41652214861,2496006,0
41.6573,2,41654773867,2496006,0
41.6623,1,41659837879,2469000,1
41.6623,4,41659837879,2469000,1
41.6648,21,41662313879,2496006,0
41.6673,9,41664836885,2496006,0
41.6698,12,41667368891,2469000,1
41.6698,21,41667368891,2469000,1
41.6698,9,41667368891,2469000,1
41.6723,22,41669835891,2496006,0
41.6749,6,41672367897,2496006,0
41.6774,6,41674899903,2496006,0
41.6799,2,41677431909,2496006,0
41.6825,22,41679954915,2496006,0
41.685,2,41682477921,2496006,0
41.6875,11,41685018927,2496006,0
41.69,11,41687541933,2496006,0
41.6926,15,41690064939,2496006,0
41.6951,6,41692596945,2496006,0
41.6976,4,41695128951,2469000,1
41.6976,6,41695128951,2469000,1
41.7001,2,41697595951,2496006,0
41.7026,9,41700127957,2496006,0
41.7051,11,41702668963,2469000,1
41.7051,22,41702668963,2469000,1
41.7076,9,41705135963,2496006,0
41.7102,21,41707658969,2496006,0
41.7127,2,41710181975,2469000,1
41.7127,5,41710181975,2469000,1
41.7127,21,41710181975,2469000,1
41.7151,1,41712648975,2496006,0
41.7177,15,41715171981,2496006,0
41.7202,9,41717703987,2496006,0
41.7227,6,41720244993,2469000,1
41.7227,11,41720244993,2469000,1
41.7255,17,41723024999,2496006,0
41.728,15,41725548005,2469000,1
41.728,22,41725548005,2469000,1
41.7305,22,41728017005,2496006,0
41.733,9,41730549011,2469000,1
41.733,1,41730549011,2469000,1
41.7355,15,41733016011,2496006,0
41.738,2,41735539017,2496006,0
41.7431,14,41740585029,2469000,1
41.7431,17,41740585029,2469000,1
41.7456,14,41743088029,2496006,0
41.7481,15,41745629035,2496006,0
41.7506,22,41748152041,2496006,0
41.7535,21,41750988047,2469000,1
41.7535,1,41750988047,2469000,1
41.7535,15,41750988047,2469000,1
41.7559,2,41753473047,2469000,1
41.7559,22,41753473047,2469000,1
41.7584,7,41755940047,2496006,0
41.761,14,41758499053,2496006,0
41.7635,6,41761031059,2496006,0
41.7661,23,41763554065,2496006,0
41.7686,14,41766077071,2496006,0
41.7711,23,41768600077,2496006,0
41.7736,15,41771123083,2496006,0
41.7761,7,41773646089,2469000,1
41.7761,9,41773646089,2469000,1
41.7761,17,41773646089,2469000,1
41.7761,2,41773646089,2469000,1
41.7786,22,41776122089,2469000,1
41.7786,17,41776122089,2469000,1
41.7811,4,41778589089,2469000,1
41.7811,1,41778589089,2469000,1
41.7811,9,41778589089,2469000,1
41.7836,23,41781056089,2496006,0
41.7861,15,41783588095,2469000,1
41.7861,22,41783588095,2469000,1
41.7886,6,41786064095,2496006,0
41.7911,14,41788596101,2496006,0
41.7936,9,41791146107,2469000,1
41.7936,23,41791146107,2469000,1
41.7961,18,41793622107,2496006,0
41.7987,11,41796154113,2496006,0
41.8011,6,41798677119,2469000,1
41.8011,15,41798677119,2469000,1
41.8037,16,41801162119,2496006,0
41.8062,7,41803694125,2469000,1
41.8062,1,41803694125,2469000,1
41.8086,18,41806161125,2469000,1
41.8086,14,41806161125,2469000,1
41.8111,2,41808628125,2469000,1
41.8111,18,41808630125,2469000,1
41.8161,4,41813656131,2469000,1
41.8161,23,41813656131,2469000,1
41.8186,11,41816123131,2496006,0
41.8211,14,41818646137,2496006,0
41.8237,16,41821169143,2496006,0
41.8265,14,41824005149,2496006,0
41.829,6,41826537155,2469000,1
41.829,14,41826537155,2469000,1
41.8315,12,41829004155,2496006,0
41.834,11,41831527161,2496006,0
41.8365,11,41834050167,2496006,0
41.8391,16,41836573173,2496006,0
41.8416,12,41839096179,2469000,1
41.8416,16,41839096179,2469000,1
41.8441,12,41841572179,2496006,0
41.8466,11,41844095185,2496006,0
41.8491,21,41846618191,2469000,1
41.8491,12,41846618191,2469000,1
41.8491,11,41846618191,2469000,1
41.8516,23,41849148191,2496006,0
41.8542,23,41851680197,2496006,0
41.857,12,41854534203,2496006,0
41.8595,18,41857066209,2469000,1
41.8595,12,41857066209,2469000,1
41.862,7,41859533209,2496006,0
41.8645,23,41862056215,2469000,1
41.8645,7,41862056215,2469000,1
41.867,23,41864525215,2496006,0
41.8695,8,41867066221,2469000,1
41.8695,14,41867066221,2469000,1
41.872,2,41869533221,2496006,0
41.8746,12,41872056227,2496006,0
41.8771,11,41874579233,2496006,0
41.8796,15,41877102239,2496006,0
41.8821,23,41879634245,2469000,1
41.8821,16,41879634245,2469000,1
41.8846,12,41882128245,2469000,1
41.8846,7,41882128245,2469000,1
41.8871,11,41884595245,2469000,1
41.8896,8,41887071245,2496006,0
41.8921,15,41889594251,2496006,0
41.8946,8,41892126257,2496006,0
41.8971,2,41894649263,2496006,0
41.8997,2,41897172269,2496006,0
41.9022,8,41899695275,2496006,0
41.9047,23,41902218281,2469000,1
41.9047,2,41902218281,2469000,1
41.9072,15,41904685281,2496006,0
41.9097,17,41907226287,2469000,1
41.9097,6,41907226287,2469000,1
41.9097,15,41907226287,2469000,1
41.9122,2,41909693287,2496006,0
41.9147,12,41912234293,2469000,1
41.9147,11,41912234293,2469000,1
41.9172,2,41914701293,2496006,0
41.9198,7,41917260299,2496006,0
41.9223,8,41919783305,2496006,0
41.9248,7,41922315311,2496006,0
41.9273,17,41924847317,2496006,0
41.9302,2,41927683323,2496006,0
41.9327,15,41930215329,2496006,0
41.9352,22,41932738335,2469000,1
41.9352,16,41932738335,2469000,1
41.9377,17,41935205335,2469000,1
41.9377,14,41935205335,2469000,1
41.9401,7,41937672335,2469000,1
41.9401,23,41937672335,2469000,1
41.9401,6,41937672335,2469000,1
41.9426,8,41940139335,2469000,1
41.9426,15,41940139335,2469000,1
41.9451,20,41942606335,2496006,0
41.9476,2,41945174341,2469000,1
41.9476,17,41945174341,2469000,1
41.9502,7,41947677341,2496006,0
41.9527,20,41950227347,2469000,1
41.9552,7,41952739347,2469000,1
41.9552,8,41952739347,2469000,1
41.9577,19,41955206347,2469000,1
41.9577,21,41955206347,2469000,1
41.9605,20,41958004353,2496006,0
41.963,20,41960527359,2496006,0
41.9655,15,41963050365,2496006,0
41.9681,11,41965582371,2469000,1
41.9681,6,41965582371,2469000,1
41.9705,20,41968067371,2469000,1
41.9705,2,41968067371,2469000,1
41.973,12,41970552371,2496006,0
41.9756,12,41973084377,2496006,0
41.9781,18,41975607383,2469000,1
41.9781,17,41975607383,2469000,1
41.9781,7,41975607383,2469000,1
41.9806,15,41978083383,2469000,1
41.9806,20,41978083383,2469000,1
41.9831,10,41980559383,2496006,0
41.9856,12,41983100389,2496006,0
41.9881,2,41985623395,2469000,1
41.9881,15,41985623395,2469000,1
41.9881,12,41985623395,2469000,1
41.9906,11,41988099395,2496006,0
41.9931,10,41990622401,2496006,0
41.9957,11,41993208407,2496006,0
41.9982,7,41995740413,2496006,0
42.0008,7,41998263419,2496006,0
42.0058,11,42003309431,2496006,0
42.0083,10,42005841437,2496006,0
42.0109,15,42008391443,2496006,0
42.0134,14,42010923449,2496006,0
42.0159,16,42013446455,2469000,1
42.0159,12,42013446455,2469000,1
42.0184,11,42015940455,2496006,0
42.021,7,42018463461,2496006,0
42.0235,14,42020986467,2469000,1
42.0235,8,42020986467,2469000,1
42.0235,11,42020986467,2469000,1
42.0259,15,42023453467,2496006,0
42.0285,10,42025976473,2496006,0
42.0313,10,42028812479,2496006,0
42.0338,23,42031344485,2496006,0
42.0364,11,42033867491,2496006,0
42.0389,20,42036390497,2496006,0
42.0414,10,42038913503,2469000,1
42.0414,1,42038913503,2469000,1
42.0414,7,42038913503,2469000,1
42.0439,20,42041380503,2496006,0
42.0464,15,42043903509,2496006,0
42.0489,23,42046435515,2496006,0
42.0515,20,42048967521,2496006,0
42.054,10,42051508527,2496006,0
42.0565,23,42054040533,2469000,1
42.0565,14,42054040533,2469000,1
42.059,11,42056507533,2496006,0
42.0618,5,42059343539,2469000,1
42.0643,15,42061810539,2496006,0
42.0668,11,42064360545,2469000,1
42.0668,15,42064360545,2469000,1
42.0693,20,42066827545,2496006,0
42.0719,20,42069377551,2496006,0
42.0744,10,42071900557,2496006,0
42.077,7,42074486563,2496006,0
42.0795,20,42077018569,2496006,0
42.082,15,42079541575,2496006,0
42.0846,10,42082073581,2496006,0
42.0871,12,42084596587,2469000,1
42.0871,11,42084596587,2469000,1
42.0871,15,42084596587,2469000,1
42.0895,20,42087063587,2469000,1
42.0895,23,42087063587,2469000,1
42.092,10,42089530587,2496006,0
42.0946,20,42092062593,2496006,0
42.0971,4,42094594599,2496006,0
42.0996,7,42097117605,2496006,0
42.1021,16,42099640611,2496006,0
42.1047,20,42102172617,2496006,0
42.1072,15,42104695623,2496006,0
42.1097,7,42107218629,2496006,0
42.1123,15,42109759635,2496006,0
42.1148,7,42112291641,2469000,1
42.1148,16,42112291641,2469000,1
42.1148,10,42112291641,2469000,1
42.1148,15,42112291641,2469000,1
42.1173,20,42114758641,2496006,0
42.1198,10,42117281647,2496006,0
42.1223,4,42119813653,2496006,0
42.1248,20,42122336659,2496006,0
42.1273,14,42124868665,2469000,1
42.1273,4,42124868665,2469000,1
42.1299,9,42127362665,2496006,0
42.1324,10,42129894671,2469000,1
42.1324,7,42129894671,2469000,1
42.1352,20,42132683677,2469000,1
42.1352,7,42132683677,2469000,1
42.1377,16,42135168677,2496006,0
42.1402,2,42137709683,2469000,1
42.1402,16,42137709683,2469000,1
42.1426,9,42140176683,2469000,1
42.1426,20,42140176683,2469000,1
42.1451,16,42142643683,2496006,0
42.1477,17,42145184689,2469000,1
42.1477,23,42145184689,2469000,1
42.1502,4,42147660689,2496006,0
42.1527,15,42150183695,2496006,0
42.1552,4,42152724701,2496006,0
42.1578,16,42155256707,2496006,0
42.1603,14,42157806713,2469000,1
42.1603,10,42157806713,2469000,1
42.1603,9,42157806713,2469000,1
42.1631,11,42160586719,2469000,1
42.1655,20,42163053719,2496006,0
42.1681,15,42165612725,2469000,1
42.1705,16,42168079725,2469000,1
42.1731,4,42170557725,2496006,0
42.1755,20,42173080731,2469000,1
42.1755,11,42173080731,2469000,1
42.1781,10,42175565731,2496006,0
42.1831,15,42180620743,2496006,0
42.1856,10,42183152749,2469000,1
42.1856,22,42183152749,2469000,1
42.1856,23,42183152749,2469000,1
42.1881,15,42185619749,2496006,0
42.1907,4,42188160755,2496006,0
42.1932,8,42190692761,2496006,0
42.1957,4,42193233767,2469000,1
42.1957,15,42193233767,2469000,1
42.1982,16,42195718767,2496006,0
42.2008,10,42198259773,2496006,0
42.2033,12,42200782779,2469000,1
42.2033,4,42200782779,2469000,1
42.2058,16,42203276779,2496006,0
42.2083,10,42205799785,2496006,0
42.2108,8,42208322791,2496006,0
42.2133,20,42210845797,2496006,0
42.2159,9,42213368803,2496006,0
42.2184,16,42215891809,2496006,0
42.2209,8,42218414815,2496006,0
42.2234,7,42220946821,2496006,0
42.226,7,42223478827,2496006,0
42.2285,9,42226001833,2469000,1
42.2285,7,42226001833,2469000,1
42.2309,20,42228468833,2469000,1
42.2335,10,42230962833,2496006,0
42.2363,18,42233798839,2496006,0
42.2388,8,42236330845,2469000,1
42.2388,10,42236330845,2469000,1
42.2413,15,42238806845,2469000,1
42.2413,16,42238806845,2469000,1
42.2413,20,42238806845,2469000,1
42.2437,9,42241273845,2469000,1
42.2437,7,42241273845,2469000,1
42.2437,8,42241273845,2469000,1
42.2462,10,42243758845,2469000,1
42.2462,16,42243758845,2469000,1
42.2487,21,42246234845,2496006,0
42.2513,21,42248766851,2496006,0
42.2538,18,42251289857,2469000,1
42.2538,7,42251289857,2469000,1
42.2563,15,42253765857,2496006,0
42.2588,9,42256306863,2496006,0
42.2613,21,42258847869,2496006,0
42.2639,20,42261379875,2496006,0
42.2667,9,42264215881,2496006,0
42.2692,15,42266747887,2496006,0
42.2718,9,42269279893,2496006,0
42.2743,18,42271820899,2496006,0
42.2768,9,42274343905,2469000,1
42.2768,18,42274343905,2469000,1
42.2793,15,42276828905,2469000,1
42.2793,20,42276828905,2469000,1
42.2818,4,42279295905,2469000,1
42.2818,21,42279295905,2469000,1
42.2844,15,42281879905,2496006,0
42.2869,16,42284420911,2496006,0
42.2895,21,42286961917,2496006,0
42.292,15,42289493923,2496006,0
42.2945,10,42292016929,2496006,0
42.297,7,42294539935,2469000,1
42.297,20,42294539935,2469000,1
42.297,21,42294539935,2469000,1
42.2995,8,42297006935,2496006,0
42.302,18,42299538941,2469000,1
42.302,8,42299538941,2469000,1
42.3045,9,42302005941,2496006,0
42.307,16,42304528947,2496006,0
42.3095,3,42307051953,2469000,1
42.312,4,42309527953,2496006,0
42.3145,10,42312050959,2469000,1
42.3145,16,42312050959,2469000,1
42.317,15,42314526959,2496006,0
42.3195,16,42317049965,2496006,0
42.322,14,42319572971,2469000,1
42.3245,10,42322039971,2496006,0
42.3296,4,42327094983,2469000,1
42.3296,10,42327094983,2469000,1
42.3321,3,42329570983,2496006,0
42.3346,20,42332093989,2469000,1
42.3346,9,42332093989,2469000,1
42.337,15,42334560989,2469000,1
42.337,20,42334562989,2469000,1
42.3398,8,42337342995,2469000,1
42.3398,9,42337342995,2469000,1
42.3423,16,42339818995,2496006,0
42.3449,11,42342378001,2496006,0
42.3474,21,42344901007,2469000,1
42.3474,3,42344901007,2469000,1
42.3499,18,42347377007,2496006,0
42.3524,11,42349900013,2496006,0
42.3549,16,42352441019,2469000,1
42.3549,11,42352441019,2469000,1
42.3574,18,42354908019,2469000,1
42.3574,16,42354910019,2469000,1
42.3599,4,42357395019,2496006,0
42.3649,20,42362459031,2469000,1
42.3649,3,42362459031,2469000,1
42.3677,10,42365239037,2496006,0
42.3702,8,42367771043,2469000,1
42.3702,11,42367771043,2469000,1
42.3728,10,42370256043,2496006,0
42.3752,15,42372779049,2469000,1
42.3752,21,42372779049,2469000,1
42.3778,4,42375264049,2496006,0
42.3803,18,42377841055,2496006,0
42.3829,4,42380391061,2496006,0
42.3854,10,42382914067,2496006,0
42.3879,18,42385446073,2496006,0
42.393,10,42390501085,2496006,0
42.3955,4,42393024091,2469000,1
42.3955,9,42393024091,2469000,1
42.398,17,42395491091,2496006,0
42.4006,18,42398077097,2496006,0
42.4031,7,42400609103,2469000,1
42.4031,11,42400609103,2469000,1
42.4056,9,42403094103,2496006,0
42.4081,16,42405617109,2469000,1
42.4081,10,42405617109,2469000,1
42.4106,17,42408084109,2469000,1
42.4106,14,42408084109,2469000,1
42.413,18,42410551109,2496006,0
42.4156,10,42413083115,2496006,0
42.4181,18,42415606121,2496006,0
42.4206,18,42418129127,2496006,0
42.4257,9,42423202139,2496006,0
42.4282,10,42425725145,2469000,1
42.4282,4,42425725145,2469000,1
42.4307,3,42428210145,2496006,0
42.4332,22,42430733151,2496006,0
42.4358,18,42433274157,2496006,0
42.4383,2,42435797163,2496006,0
42.4412,9,42438660169,2496006,0
42.4437,10,42441192175,2496006,0
42.4462,15,42443724181,2496006,0
42.4487,2,42446247187,2496006,0
42.4513,18,42448770193,2496006,0
42.4538,4,42451293199,2469000,1
42.4538,3,42451293199,2469000,1
42.4538,22,42451293199,2469000,1
42.4563,15,42453760199,2496006,0
42.4588,17,42456283205,2469000,1
42.4588,22,42456283205,2469000,1
42.4638,2,42461273211,2496006,0
42.4663,23,42463796217,2496006,0
42.4688,15,42466319223,2469000,1
42.4688,9,42466319223,2469000,1
42.4688,2,42466319223,2469000,1
42.4716,23,42469126229,2496006,0
42.4741,5,42471649235,2469000,1
42.4741,10,42471649235,2469000,1
42.4741,18,42471649235,2469000,1
42.4766,11,42474125235,2496006,0
42.4792,3,42476657241,2496006,0
42.4817,11,42479180247,2496006,0
42.4842,3,42481703253,2469000,1
42.4842,11,42481703253,2469000,1
42.4867,17,42484170253,2496006,0
42.4892,23,42486702259,2469000,1
42.4892,10,42486702259,2469000,1
42.4892,11,42486702259,2469000,1
42.4916,15,42489178259,2469000,1
42.4916,9,42489178259,2469000,1
42.4941,17,42491663259,2469000,1
42.4941,2,42491663259,2469000,1
42.4966,12,42494139259,2496006,0
42.4991,21,42496671265,2469000,1
42.4991,3,42496671265,2469000,1
42.5016,16,42499138265,2496006,0
42.5067,22,42504211277,2469000,1
42.5067,23,42504211277,2469000,1
42.5092,18,42506678277,2496006,0
42.5117,17,42509201283,2496006,0
42.5142,8,42511724289,2496006,0
42.5167,16,42514247295,2496006,0
42.5192,1,42516770301,2469000,1
42.5192,11,42516770301,2469000,1
42.5192,12,42516770301,2469000,1
42.5217,8,42519246301,2496006,0
42.5243,4,42521778307,2496006,0
42.5268,4,42524310313,2496006,0
42.5293,6,42526860319,2469000,1
42.5293,18,42526860319,2469000,1
42.5318,4,42529327319,2496006,0
42.5343,16,42531850325,2496006,0
42.5368,3,42534373331,2469000,1
42.5368,17,42534373331,2469000,1
42.5393,9,42536840331,2496006,0
42.5419,8,42539381337,2496006,0
42.5447,4,42542217343,2496006,0
42.5472,16,42544740349,2496006,0
42.5498,8,42547281355,2496006,0
42.5523,13,42549804361,2469000,1
42.5523,10,42549804361,2469000,1
42.5523,12,42549804361,2469000,1
42.5548,16,42552280361,2496006,0
42.5598,9,42557326373,2469000,1
42.5598,23,42557326373,2469000,1
42.5623,16,42559793373,2496006,0
42.5648,4,42562316379,2469000,1
42.5648,17,42562316379,2469000,1
42.5673,2,42564792379,2469000,1
42.5673,18,42564792379,2469000,1
42.5698,13,42567259379,2496006,0
42.5726,11,42570122385,2469000,1
42.5726,16,42570122385,2469000,1
42.5751,8,42572589385,2496006,0
42.5776,15,42575148391,2496006,0
42.5802,8,42577671397,2496006,0
42.5827,13,42580194403,2469000,1
42.5827,15,42580194403,2469000,1
42.5852,19,42582688403,2496006,0
42.5877,13,42585220409,2496006,0
42.5902,21,42587743415,2469000,1
42.5902,9,42587743415,2469000,1
42.5902,17,42587743415,2469000,1
42.5927,18,42590237415,2496006,0
42.5953,13,42592769421,2496006,0
42.5978,8,42595292427,2496006,0
42.6003,8,42597815433,2496006,0
42.6028,4,42600338439,2496006,0
42.6054,15,42602861445,2496006,0
42.6079,19,42605402451,2496006,0
42.6104,16,42607925457,2469000,1
42.6129,7,42610410457,2496006,0
42.6154,4,42612933463,2496006,0
42.6179,18,42615465469,2469000,1
42.6179,4,42615465469,2469000,1
42.6204,15,42617941469,2469000,1
42.6204,13,42617941469,2469000,1
42.6204,8,42617941469,2469000,1
42.6229,19,42620408469,2469000,1
42.6229,4,42620408469,2469000,1
42.6254,8,42622893469,2496006,0
42.6279,10,42625416475,2496006,0
42.6305,7,42627966481,2496006,0
42.633,8,42630498487,2496006,0
42.6355,9,42633030493,2496006,0
42.638,12,42635553499,2496006,0
42.6406,19,42638076505,2496006,0
42.6431,13,42640608511,2469000,1
42.6431,19,42640608511,2469000,1
42.6459,8,42643388517,2469000,1
42.6459,10,42643388517,2469000,1
42.6459,18,42643388517,2469000,1
42.6459,19,42643388517,2469000,1
42.6484,9,42645873517,2496006,0
42.6509,7,42648414523,2496006,0
42.6534,8,42650946529,2496006,0
42.6559,9,42653469535,2469000,1
42.6559,11,42653469535,2469000,1
42.6584,12,42655945535,2496006,0
42.6609,16,42658468541,2469000,1
42.6609,15,42658468541,2469000,1
42.6609,12,42658468541,2469000,1
42.6634,22,42660935541,2469000,1
42.6659,18,42663402541,2496006,0
42.6684,18,42665925547,2496006,0
42.6709,8,42668448553,2496006,0
42.6735,12,42670971559,2496006,0
42.6763,19,42673807565,2496006,0
42.6788,13,42676330571,2496006,0
42.6813,7,42678853577,2496006,0
42.6839,13,42681376583,2496006,0
42.6864,20,42683899589,2469000,1
42.6864,23,42683899589,2469000,1
42.6864,17,42683899589,2469000,1
42.6888,18,42686375589,2469000,1
42.6888,4,42686375589,2469000,1
42.6913,7,42688860589,2469000,1
42.6913,8,42688860589,2469000,1
42.6913,12,42688860589,2469000,1
42.6938,3,42691345589,2496006,0
42.6963,10,42693877595,2469000,1
42.6963,19,42693877595,2469000,1
42.6988,7,42696353595,2496006,0
42.7014,13,42698885601,2496006,0
42.7039,13,42701408607,2496006,0
42.7064,9,42703931613,2496006,0
42.709,7,42706454619,2496006,0
42.7115,19,42708977625,2496006,0
42.714,3,42711509631,2496006,0
42.7165,13,42714050637,2469000,1
42.7165,12,42714050637,2469000,1
42.719,19,42716526637,2469000,1
42.719,7,42716526637,2469000,1
42.719,2,42716526637,2469000,1
42.7215,7,42718995637,2496006,0
42.724,3,42721527643,2496006,0
42.7265,8,42724050649,2496006,0
42.729,22,42726573655,2469000,1
42.729,18,42726573655,2469000,1
42.729,19,42726573655,2469000,1
42.729,7,42726573655,2469000,1
42.7341,9,42731565661,2496006,0
42.7366,10,42734097667,2469000,1
42.7366,13,42734097667,2469000,1
42.7391,3,42736591667,2496006,0
42.7416,10,42739150673,2496006,0
42.7442,4,42741682679,2469000,1
42.7442,8,42741682679,2469000,1
42.7442,9,42741682679,2469000,1
42.7466,19,42744158679,2469000,1
42.7466,8,42744158679,2469000,1
42.7494,3,42746965685,2469000,1
42.7494,9,42746965685,2469000,1
42.7519,15,42749441685,2496006,0
42.7545,8,42751964691,2496006,0
42.757,10,42754496697,2496006,0
42.7595,15,42757037703,2469000,1
42.7595,3,42757037703,2469000,1
42.7595,9,42757037703,2469000,1
42.762,7,42759522703,2469000,1
42.762,13,42759522703,2469000,1
42.7645,18,42761989703,2469000,1
42.7645,15,42761989703,2469000,1
42.7645,13,42761991703,2469000,1
42.767,8,42764458703,2496006,0
42.7695,16,42766981709,2496006,0
42.772,15,42769504715,2496006,0
42.7745,10,42772036721,2496006,0
42.7774,8,42774872727,2496006,0
42.7799,16,42777404733,2496006,0
42.7824,16,42779936739,2496006,0
42.785,16,42782468745,2496006,0
42.79,12,42787532757,2496006,0
42.7926,8,42790055763,2496006,0
42.7951,15,42792578769,2496006,0
42.7976,10,42795101775,2496006,0
42.8001,15,42797633781,2496006,0
42.8027,16,42800165787,2496006,0
42.8052,12,42802733793,2496006,0
42.8078,8,42805256799,2496006,0
42.8103,15,42807779805,2496006,0
42.8128,7,42810311811,2496006,0
42.8153,10,42812843817,2469000,1
42.8153,7,42812843817,2469000,1
42.8178,12,42815310817,2496006,0
42.8203,16,42817833823,2496006,0
42.8229,7,42820365829,2496006,0
42.8254,3,42822888835,2496006,0
42.8279,16,42825411841,2496006,0
42.8304,15,42827952847,2496006,0
42.8329,12,42830475853,2469000,1
42.8329,14,42830475853,2469000,1
42.8354,8,42832942853,2496006,0
42.838,12,42835465859,2496006,0
42.8405,7,42837988865,2496006,0
42.843,3,42840511871,2469000,1
42.843,10,42840511871,2469000,1
42.8455,12,42842987871,2496006,0
42.848,15,42845510877,2469000,1
42.848,3,42845510877,2469000,1
42.8508,16,42848299883,2469000,1
42.8533,12,42850766883,2496006,0
42.8558,7,42853289889,2496006,0
42.8583,13,42855830895,2496006,0
42.8608,8,42858353901,2469000,1
42.8608,16,42858353901,2469000,1
42.8633,15,42860829901,2469000,1
42.8633,13,42860829901,2469000,1
42.8658,7,42863305901,2469000,1
42.8658,19,42863305901,2469000,1
42.8683,21,42865772901,2496006,0
42.8708,12,42868304907,2469000,1
42.8708,10,42868304907,2469000,1
42.8708,21,42868304907,2469000,1
42.8733,18,42870834907,2469000,1
42.8733,13,42870834907,2469000,1
42.8758,21,42873319907,2496006,0
42.8783,7,42875851913,2496006,0
42.8812,7,42878723919,2496006,0
42.8838,12,42881273925,2496006,0
42.8863,7,42883796931,2469000,1
42.8863,8,42883796931,2469000,1
42.8888,12,42886263931,2496006,0
42.8913,7,42888786937,2496006,0
42.8938,21,42891309943,2496006,0
42.8963,12,42893850949,2469000,1
42.8963,21,42893850949,2469000,1
42.8988,15,42896326949,2496006,0
42.9013,7,42898849955,2469000,1
42.9038,13,42901334955,2469000,1
42.9038,15,42901334955,2469000,1
42.9063,21,42903810955,2496006,0
42.9088,12,42906342961,2496006,0
42.9114,21,42908865967,2496006,0
42.9139,9,42911388973,2469000,1
42.9139,3,42911388973,2469000,1
42.9164,10,42913864973,2496006,0
42.9189,17,42916405979,2496006,0
42.9214,10,42918937985,2496006,0
42.924,16,42921487991,2469000,1
42.924,12,42921487991,2469000,1
42.9264,17,42923954991,2469000,1
42.9264,15,42923954991,2469000,1
42.9264,21,42923954991,2469000,1
42.9289,10,42926430991,2469000,1
42.9289,23,42926430991,2469000,1
42.9314,4,42928969991,2469000,1
42.9314,7,42928969991,2469000,1
42.9314,12,42928969991,2469000,1
42.9365,8,42934031997,2496006,0
42.9391,17,42936555003,2496006,0
42.9416,21,42939087009,2496006,0
42.9441,7,42941610015,2469000,1
42.9441,8,42941610015,2469000,1
42.9466,10,42944086015,2496006,0
42.9492,17,42946654021,2496006,0
42.9517,21,42949177027,2496006,0
42.9545,10,42952022033,2496006,0
42.9571,3,42954554039,2496006,0
42.9596,21,42957095045,2496006,0
42.9621,17,42959618051,2496006,0
42.9646,13,42962141057,2469000,1
42.9671,12,42964608057,2469000,1
42.9671,8,42964608057,2469000,1
42.9671,17,42964608057,2469000,1
42.9696,21,42967093057,2496006,0
42.9721,10,42969616063,2496006,0
42.9746,10,42972148069,2496006,0
42.9772,10,42974689075,2496006,0
42.9797,3,42977212081,2496006,0
42.9826,21,42980066087,2496006,0
42.9851,15,42982589093,2469000,1
42.9851,8,42982589093,2469000,1
42.9876,3,42985101093,2496006,0
42.9901,10,42987633099,2496006,0
42.9927,21,42990156105,2496006,0
42.9951,3,42992679111,2469000,1
42.9976,21,42995173111,2469000,1
42.9976,8,42995173111,2469000,1
43.0002,17,42997667111,2496006,0
43.0027,10,43000190117,2496006,0
43.0052,9,43002722123,2496006,0
43.0077,17,43005245129,2496006,0
43.0103,3,43007768135,2496006,0
43.0128,9,43010309141,2496006,0
43.0153,21,43012832147,2496006,0
43.0178,16,43015355153,2469000,1
43.0178,9,43015355153,2469000,1
43.0203,10,43017831153,2469000,1
43.0203,21,43017831153,2469000,1
43.0228,2,43020307153,2496006,0
43.0253,17,43022839159,2496006,0
43.0304,9,43027885171,2496006,0
43.0329,10,43030408177,2496006,0
43.0354,15,43032940183,2469000,1
43.0354,3,43032940183,2469000,1
43.0379,21,43035443183,2496006,0
43.0405,21,43037966189,2496006,0
43.043,9,43040498195,2469000,1
43.043,13,43040498195,2469000,1
43.0455,2,43042965195,2496006,0
43.048,17,43045497201,2496006,0
43.0505,10,43048029207,2469000,1
43.0505,17,43048029207,2469000,1
43.053,9,43050514207,2496006,0
43.0559,3,43053377213,2496006,0
43.0584,21,43055900219,2496006,0
43.0609,9,43058423225,2469000,1
43.0609,2,43058423225,2469000,1
43.0659,9,43063422231,2496006,0
43.0684,18,43065945237,2496006,0
43.071,10,43068486243,2469000,1
43.071,21,43068486243,2469000,1
43.0734,3,43070953243,2469000,1
43.0734,18,43070953243,2469000,1
43.0759,3,43073422243,2469000,1
43.0759,18,43073422243,2469000,1
43.0784,23,43075889243,2496006,0
43.0809,17,43078421249,2496006,0
43.0834,23,43080953255,2496006,0
43.0863,12,43083789261,2469000,1
43.0863,17,43083789261,2469000,1
43.0888,17,43086258261,2496006,0
43.0913,9,43088781267,2469000,1
43.0913,17,43088781267,2469000,1
43.0938,21,43091275267,2496006,0
43.0963,23,43093816273,2496006,0
43.0988,21,43096339279,2496006,0
43.1013,7,43098871285,2469000,1
43.1013,2,43098871285,2469000,1
43.1064,21,43103870291,2496006,0
43.1089,23,43106411297,2469000,1
43.1089,18,43106411297,2469000,1
43.1114,21,43108932297,2496006,0
43.114,9,43111464303,2496006,0
43.1165,10,43113987309,2496006,0
43.119,17,43116528315,2496006,0
43.1216,10,43119060321,2496006,0
43.1241,11,43121583327,2469000,1
43.1241,19,43121583327,2469000,1
43.1241,23,43121583327,2469000,1
43.1266,21,43124086327,2496006,0
43.1291,9,43126609333,2496006,0
43.1316,9,43129141339,2496006,0
43.1342,17,43131664345,2496006,0
43.1367,3,43134187351,2496006,0
43.1417,10,43139233363,2469000,1
43.1417,9,43139233363,2469000,1
43.1442,10,43141709363,2496006,0
43.1468,10,43144259369,2496006,0
43.1493,21,43146782375,2496006,0
43.1518,17,43149305381,2496006,0
43.1543,3,43151828387,2496006,0
43.1569,10,43154360393,2496006,0
43.1597,21,43157205399,2469000,1
43.1597,9,43157205399,2469000,1
43.1597,3,43157205399,2469000,1
43.1622,3,43159717399,2496006,0
43.1647,17,43162249405,2496006,0
43.1673,4,43164781411,2469000,1
43.1673,10,43164781411,2469000,1
43.1723,2,43169798417,2496006,0
43.1748,23,43172330423,2496006,0
43.1774,18,43174862429,2496006,0
43.1799,3,43177385435,2496006,0
43.1824,7,43179908441,2469000,1
43.1824,3,43179908441,2469000,1
43.1849,17,43182384441,2496006,0
43.1877,18,43185220447,2469000,1
43.1877,10,43185220447,2469000,1
43.1902,2,43187687447,2469000,1
43.1902,17,43187687447,2469000,1
43.1927,23,43190163447,2496006,0
43.1952,21,43192704453,2496006,0
43.1977,23,43195236459,2469000,1
43.1977,1,43195236459,2469000,1
43.2002,3,43197721459,2496006,0
43.2027,2,43200244465,2469000,1
43.2027,17,43200244465,2469000,1
43.2052,3,43202720465,2496006,0
43.2077,21,43205243471,2469000,1
43.2102,9,43207773471,2469000,1
43.2102,10,43207773471,2469000,1
43.2127,18,43210240471,2496006,0
43.2153,3,43212790477,2496006,0
43.2178,3,43215322483,2496006,0
43.2204,18,43217854489,2496006,0
43.2229,18,43220386495,2496006,0
43.2254,23,43222936501,2469000,1
43.2254,21,43222936501,2469000,1
43.2279,3,43225457501,2469000,1
43.2279,18,43225457501,2469000,1
43.2305,17,43227960501,2496006,0
43.233,17,43230510507,2496006,0
43.2356,18,43233060513,2496006,0
43.2381,3,43235601519,2496006,0
43.2406,21,43238124525,2496006,0
43.2431,18,43240647531,2469000,1
43.2431,2,43240647531,2469000,1
43.2481,23,43245637537,2496006,0
43.2507,17,43248187543,2496006,0
43.2532,2,43250710549,2496006,0
43.2557,15,43253233555,2496006,0
43.2583,2,43255774561,2496006,0
43.2611,15,43258610567,2496006,0
43.2636,3,43261142573,2469000,1
43.2636,21,43261142573,2469000,1
43.2661,2,43263609573,2496006,0
43.2686,23,43266132579,2496006,0
43.2712,15,43268655585,2496006,0
43.2737,8,43271187591,2469000,1
43.2761,2,43273663591,2469000,1
43.2761,10,43273663591,2469000,1
43.2761,15,43273663591,2469000,1
43.2786,18,43276130591,2469000,1
43.2786,17,43276130591,2469000,1
43.2811,22,43278624591,2496006,0
43.2836,12,43281147597,2469000,1
43.2836,22,43281147597,2469000,1
43.2861,15,43283614597,2496006,0
43.2887,23,43286164603,2496006,0
43.2915,22,43289000609,2496006,0
43.294,23,43291523615,2496006,0
43.2965,2,43294046621,2496006,0
43.2991,20,43296569627,2496006,0
43.3016,3,43299110633,2496006,0
43.3041,23,43301642639,2496006,0
43.3066,22,43304174645,2469000,1
43.3066,21,43304174645,2469000,1
43.3091,15,43306641645,2496006,0
43.3116,3,43309164651,2469000,1
43.3116,20,43309164651,2469000,1
43.3116,9,43309164651,2469000,1
43.3116,23,43309164651,2469000,1
43.3142,23,43311658651,2496006,0
43.3167,17,43314181657,2496006,0
43.3192,2,43316704663,2496006,0
43.3217,15,43319245669,2496006,0
43.3243,20,43321768675,2496006,0
43.3268,16,43324291681,2496006,0
43.3293,13,43326823687,2496006,0
43.3318,13,43329346693,2496006,0
43.3343,19,43331869699,2469000,1
43.3343,22,43331869699,2469000,1
43.3368,13,43334363699,2469000,1
43.3368,15,43334363699,2469000,1
43.3368,2,43334363699,2469000,1
43.3393,23,43336830699,2496006,0
43.3418,17,43339353705,2496006,0
43.3444,16,43341876711,2496006,0
43.3469,20,43344408717,2496006,0
43.352,3,43349481729,2496006,0
43.3545,23,43352022735,2496006,0
43.357,3,43354554741,2469000,1
43.357,17,43354554741,2469000,1
43.3595,21,43357030741,2496006,0
43.362,20,43359553747,2496006,0
43.3649,23,43362389753,2469000,1
43.3649,16,43362389753,2469000,1
43.3673,18,43364856753,2469000,1
43.3673,15,43364856753,2469000,1
43.3698,22,43367350753,2496006,0
43.3723,13,43369873759,2469000,1
43.3723,22,43369873759,2469000,1
43.3748,2,43372349759,2496006,0
43.3774,20,43374872765,2496006,0
43.3799,21,43377431771,2469000,1
43.3799,13,43377431771,2469000,1
43.3824,16,43379916771,2496006,0
43.3874,2,43384980783,2469000,1
43.3874,20,43384980783,2469000,1
43.3899,16,43387447783,2469000,1
43.3899,10,43387447783,2469000,1
43.3899,17,43387447783,2469000,1
43.3927,2,43390236789,2496006,0
43.3953,3,43392777795,2496006,0
43.3978,23,43395300801,2469000,1
43.3978,21,43395300801,2469000,1
43.4002,22,43397776801,2469000,1
43.4002,20,43397776801,2469000,1
43.4027,3,43400252801,2496006,0
43.4053,22,43402820807,2496006,0
43.4078,3,43405343813,2469000,1
43.4078,13,43405343813,2469000,1
43.4103,2,43407810813,2496006,0
43.4129,20,43410396819,2469000,1
43.4154,15,43412872819,2496006,0
43.4179,15,43415395825,2496006,0
43.4204,15,43417918831,2496006,0
43.4229,2,43420441837,2469000,1
43.4229,16,43420441837,2469000,1
43.4229,3,43420441837,2469000,1
43.4254,1,43422908837,2469000,1
43.4254,21,43422908837,2469000,1
43.4254,22,43422908837,2469000,1
43.4279,15,43425375837,2496006,0
43.4304,17,43427898843,2496006,0
43.4329,1,43430439849,2469000,1
43.4329,22,43430439849,2469000,1
43.4354,20,43432906849,2496006,0
43.438,20,43435456855,2496006,0
43.4405,15,43437997861,2469000,1
43.4405,21,43437997861,2469000,1
43.443,10,43440464861,2496006,0
43.4455,22,43442996867,2496006,0
43.448,17,43445519873,2496006,0
43.4531,23,43450574885,2496006,0
43.4556,1,43453106891,2496006,0
43.4581,20,43455629897,2496006,0
43.4606,20,43458152903,2496006,0
43.4631,10,43460675909,2469000,1
43.4631,3,43460675909,2469000,1
43.466,17,43463464915,2496006,0
43.4685,22,43465987921,2496006,0
43.471,2,43468510927,2496006,0
43.4735,6,43471042933,2469000,1
43.4735,18,43471042933,2469000,1
43.476,23,43473509933,2496006,0
43.4785,20,43476032939,2496006,0
43.4811,2,43478564945,2496006,0
43.4836,17,43481087951,2469000,1
43.4836,16,43481087951,2469000,1
43.4861,1,43483563951,2496006,0
43.4886,22,43486086957,2496006,0
43.4911,2,43488618963,2496006,0
43.4936,1,43491141969,2469000,1
43.4936,22,43491141969,2469000,1
43.4964,15,43493930975,2496006,0
43.4989,20,43496471981,2469000,1
43.4989,1,43496471981,2469000,1
43.5014,23,43498938981,2469000,1
43.5014,15,43498938981,2469000,1
43.5039,2,43501405981,2496006,0
43.5064,10,43503937987,2496006,0
43.509,17,43506496993,2496006,0
43.5115,10,43509037999,2496006,0
43.5141,2,43511570005,2496006,0
43.5166,22,43514111011,2469000,1
43.5166,20,43514111011,2469000,1
43.519,16,43516578011,2469000,1
43.519,2,43516578011,2469000,1
43.5216,17,43519054011,2496006,0
43.5241,23,43521586017,2496006,0
43.5266,17,43524136023,2469000,1
43.5266,15,43524136023,2469000,1
43.5266,10,43524136023,2469000,1
43.5291,23,43526612023,2496006,0
43.5316,23,43529153029,2496006,0
43.5342,17,43531676035,2496006,0
43.5367,10,43534199041,2496006,0
43.5392,17,43536722047,2496006,0
43.5418,23,43539254053,2496006,0
43.5443,16,43541786059,2469000,1
43.5467,1,43544253059,2496006,0
43.5493,22,43546776065,2496006,0
43.5518,23,43549299071,2496006,0
43.5543,15,43551831077,2469000,1
43.5543,23,43551831077,2469000,1
43.5568,23,43554316077,2496006,0
43.5593,2,43556839083,2496006,0
43.5619,10,43559371089,2496006,0
43.5644,17,43561894095,2496006,0
43.5669,1,43564426101,2469000,1
43.5694,22,43566902101,2496006,0
43.5719,1,43569434107,2496006,0
43.5745,10,43571957113,2496006,0
43.5769,17,43574480119,2469000,1
43.5769,2,43574480119,2469000,1
43.5769,22,43574480119,2469000,1
43.5795,23,43576974119,2496006,0
43.582,9,43579497125,2496006,0
43.5845,17,43582020131,2496006,0
43.587,1,43584552137,2469000,1
43.587,10,43584552137,2469000,1
43.5895,1,43587028137,2496006,0
43.592,17,43589551143,2496006,0
43.5945,9,43592074149,2469000,1
43.5945,23,43592074149,2469000,1
43.5999,17,43597386161,2496006,0
43.6024,9,43599909167,2496006,0
43.6049,3,43602450173,2469000,1
43.6049,22,43602450173,2469000,1
43.6074,20,43604926173,2496006,0
43.6099,1,43607449179,2469000,1
43.6099,15,43607449179,2469000,1
43.6124,17,43609916179,2496006,0
43.615,9,43612457185,2496006,0
43.6175,23,43614980191,2496006,0
43.62,2,43617530197,2469000,1
43.62,23,43617530197,2469000,1
43.6225,17,43620024197,2469000,1
43.6225,10,43620024197,2469000,1
43.625,20,43622491197,2496006,0
43.6275,9,43625023203,2496006,0
43.63,1,43627546209,2496006,0
43.6326,22,43630096215,2496006,0
43.6351,1,43632637221,2496006,0
43.6377,10,43635169227,2496006,0
43.6402,17,43637692233,2496006,0
43.6427,1,43640224239,2469000,1
43.6427,20,43640224239,2469000,1
43.6452,22,43642691239,2469000,1
43.6452,9,43642691239,2469000,1
43.6477,23,43645212239,2496006,0
43.6502,17,43647735245,2496006,0
43.6527,10,43650258251,2469000,1
43.6527,9,43650258251,2469000,1
43.6552,1,43652734251,2496006,0
43.6578,22,43655293257,2496006,0
43.6603,1,43657816263,2469000,1
43.6603,2,43657816263,2469000,1
43.6628,23,43660283263,2496006,0
43.6653,8,43662833269,2496006,0
43.6678,17,43665356275,2469000,1
43.6678,10,43665356275,2469000,1
43.6706,20,43668145281,2496006,0
43.6731,1,43670677287,2469000,1
43.6731,20,43670677287,2469000,1
43.6756,23,43673144287,2496006,0
43.6782,8,43675676293,2496006,0
43.6807,22,43678199299,2469000,1
43.6807,20,43678199299,2469000,1
43.6831,23,43680675299,2469000,1
43.6831,21,43680675299,2469000,1
43.6856,9,43683142299,2496006,0
43.6907,3,43688242311,2496006,0
43.6933,9,43690765317,2496006,0
43.6958,22,43693288323,2496006,0
43.6983,8,43695811329,2469000,1
43.6983,3,43695811329,2469000,1
43.7011,23,43698591335,2496006,0
43.7036,9,43701132341,2469000,1
43.7036,17,43701132341,2469000,1
43.7061,23,43703635341,2496006,0
43.7087,23,43706158347,2496006,0
43.7112,7,43708681353,2469000,1
43.7112,20,43708681353,2469000,1
43.7136,22,43711148353,2496006,0
43.7162,22,43713725359,2469000,1
43.7162,13,43713725359,2469000,1
43.7187,10,43716192359,2496006,0
43.7212,3,43718715365,2469000,1
43.7212,23,43718715365,2469000,1
43.7212,13,43718715365,2469000,1
43.7237,8,43721182365,2496006,0
43.7262,10,43723714371,2469000,1
43.7287,17,43726181371,2496006,0
43.7312,9,43728704377,2496006,0
43.7337,17,43731236383,2469000,1
43.7337,9,43731236383,2469000,1
43.7362,22,43733703383,2496006,0
43.7387,8,43736226389,2496006,0
43.7413,8,43738776395,2496006,0
43.7438,22,43741308401,2496006,0
43.7463,17,43743831407,2496006,0
43.7489,17,43746372413,2496006,0
43.7514,1,43748895419,2496006,0
43.7539,23,43751427425,2496006,0
43.7564,3,43753950431,2469000,1
43.7564,1,43753950431,2469000,1
43.7589,10,43756426431,2496006,0
43.7615,8,43758958437,2496006,0
43.764,8,43761481443,2496006,0
43.7665,22,43764013449,2496006,0
43.769,22,43766536455,2496006,0
43.7715,5,43769059461,2469000,1
43.7715,17,43769059461,2469000,1
43.7743,23,43771839467,2469000,1
43.7768,8,43774315467,2469000,1
43.7768,9,43774315467,2469000,1
43.7793,20,43776782467,2469000,1
43.7793,1,43776782467,2469000,1
43.7817,10,43779249467,2496006,0
43.7843,12,43781772473,2496006,0
43.7868,6,43784331479,2469000,1
43.7868,22,43784331479,2469000,1
43.7868,23,43784331479,2469000,1
43.7893,10,43786807479,2496006,0
43.7919,12,43789384485,2496006,0
43.7944,8,43791907491,2496006,0
43.7969,22,43794439497,2496006,0
43.7995,17,43796962503,2496006,0
43.8023,6,43799798509,2496006,0
43.8048,8,43802321515,2469000,1
43.8048,10,43802321515,2469000,1
43.8073,23,43804797515,2496006,0
43.8098,17,43807320521,2496006,0
43.8123,6,43809843527,2496006,0
43.8149,18,43812366533,2496006,0
43.8174,23,43814889539,2496006,0
43.8199,18,43817412545,2469000,1
43.8199,23,43817412545,2469000,1
43.8224,6,43819897545,2469000,1
43.8224,12,43819897545,2469000,1
43.8224,22,43819897545,2469000,1
43.8248,10,43822364545,2469000,1
43.8273,17,43824840545,2469000,1
43.8298,17,43827309545,2496006,0
43.8349,2,43832382557,2496006,0
43.8374,18,43834905563,2496006,0
43.8399,8,43837437569,2469000,1
43.8399,2,43837437569,2469000,1
43.8424,1,43839904569,2469000,1
43.8424,18,43839904569,2469000,1
43.8449,22,43842371569,2496006,0
43.8474,23,43844930575,2496006,0
43.8499,22,43847453581,2469000,1
43.8499,9,43847453581,2469000,1
43.8499,17,43847453581,2469000,1
43.8524,2,43849938581,2496006,0
43.8549,23,43852461587,2469000,1
43.8549,6,43852461587,2469000,1
43.8575,2,43854955587,2496006,0
43.86,20,43857478593,2496006,0
43.8625,12,43860001599,2496006,0
43.865,8,43862524605,2469000,1
43.865,18,43862524605,2469000,1
43.865,20,43862524605,2469000,1
43.8675,17,43864991605,2469000,1
43.8675,23,43864991605,2469000,1
43.87,2,43867512605,2496006,0
43.8725,12,43870035611,2496006,0
43.8779,2,43875412623,2496006,0
43.8804,22,43877935629,2496006,0
43.883,20,43880476635,2496006,0
43.8855,1,43882999641,2469000,1
43.8855,23,43882999641,2469000,1
43.888,2,43885502641,2469000,1
43.888,12,43885502641,2469000,1
43.8905,22,43887978641,2496006,0
43.893,10,43890501647,2469000,1
43.893,20,43890501647,2469000,1
43.8955,22,43892968647,2496006,0
43.898,22,43895500653,2496006,0
43.9005,6,43898041659,2469000,1
43.9005,18,43898041659,2469000,1
43.903,17,43900544659,2496006,0
43.9059,17,43903380665,2496006,0
43.9084,22,43905912671,2496006,0
43.9109,17,43908444677,2496006,0
43.9135,17,43910967683,2496006,0
43.916,20,43913490689,2469000,1
43.916,17,43913490689,2469000,1
43.9184,2,43915957689,2469000,1
43.9209,12,43918424689,2496006,0
43.9234,3,43920947695,2469000,1
43.9234,20,43920947695,2469000,1
43.9259,15,43923414695,2469000,1
43.9259,1,43923414695,2469000,1
43.9284,22,43925899695,2496006,0
43.9309,12,43928422701,2496006,0
43.9335,9,43930990707,2469000,1
43.9335,2,43930990707,2469000,1
43.936,22,43933466707,2496006,0
43.9385,8,43935998713,2496006,0
43.941,12,43938521719,2496006,0
43.9435,8,43941044725,2496006,0
43.9461,5,43943576731,2496006,0
43.9486,8,43946099737,2469000,1
43.9486,5,43946099737,2469000,1
43.9511,8,43948568737,2496006,0
43.9536,5,43951100743,2469000,1
43.9536,8,43951100743,2469000,1
43.9561,22,43953585743,2469000,1
43.9561,17,43953585743,2469000,1
43.9561,15,43953585743,2469000,1
43.9561,5,43953585743,2469000,1
43.9586,12,43956088743,2469000,1
43.9611,12,43958564743,2496006,0
43.9636,12,43961150749,2469000,1
43.9636,8,43961150749,2469000,1
43.9661,21,43963653749,2496006,0
43.9687,16,43966203755,2496006,0
43.9712,21,43968726761,2469000,1
43.9712,20,43968726761,2469000,1
43.9737,22,43971211761,2496006,0
43.9762,12,43973734767,2496006,0
43.9791,5,43976570773,2496006,0
43.9816,12,43979120779,2496006,0
43.9841,23,43981643785,2496006,0
43.9892,17,43986698797,2469000,1
43.9892,21,43986698797,2469000,1
43.9917,12,43989165797,2496006,0
43.9942,16,43991688803,2496006,0
43.9967,22,43994211809,2496006,0
43.9992,16,43996734815,2496006,0
44.0018,23,43999257821,2496006,0
44.0043,5,44001780827,2496006,0
44.0071,12,44004634833,2469000,1
44.0071,21,44004634833,2469000,1
44.0096,22,44007101833,2469000,1
44.0096,6,44007101833,2469000,1
44.0121,16,44009586833,2496006,0
44.0146,6,44012127839,2496006,0
44.0171,10,44014650845,2469000,1
44.0171,8,44014650845,2469000,1
44.0196,12,44017117845,2496006,0
44.0221,5,44019649851,2496006,0
44.0247,23,44022172857,2496006,0
44.0272,5,44024695863,2469000,1
44.0272,23,44024695863,2469000,1
44.0296,16,44027162863,2469000,1
44.0296,22,44027162863,2469000,1
44.0321,23,44029629863,2496006,0
44.0346,1,44032152869,2496006,0
44.0371,8,44034675875,2469000,1
44.0371,1,44034675875,2469000,1
44.0396,6,44037142875,2496006,0
44.0422,23,44039674881,2496006,0
44.0447,12,44042224887,2496006,0
44.0473,18,44044756893,2496006,0
44.0498,6,44047288899,2496006,0
44.0523,12,44049829905,2469000,1
44.0523,5,44049829905,2469000,1
44.0548,1,44052296905,2496006,0
44.0573,23,44054828911,2496006,0
44.0599,16,44057378917,2496006,0
44.0624,12,44059901923,2496006,0
44.0649,6,44062433929,2496006,0
44.0675,18,44064956935,2496006,0
44.0699,9,44067479941,2469000,1
44.0699,6,44067479941,2469000,1
44.0724,21,44069946941,2469000,1
44.0749,23,44072431941,2469000,1
44.0749,2,44072431941,2469000,1
44.0774,22,44074898941,2469000,1
44.0774,1,44074898941,2469000,1
44.0802,16,44077687947,2496006,0
44.0827,12,44080210953,2496006,0
44.0852,1,44082742959,2496006,0
44.0878,18,44085274965,2496006,0
44.0903,16,44087797971,2496006,0
44.0928,12,44090329977,2496006,0
44.0954,18,44092861983,2496006,0
44.0979,12,44095384989,2496006,0
44.1004,16,44097934995,2469000,1
44.1004,6,44097934995,2469000,1
44.1029,22,44100419995,2496006,0
44.1054,1,44102943001,2496006,0
44.108,22,44105475007,2496006,0
44.1108,17,44108320013,2469000,1
44.1108,12,44108320013,2469000,1
44.1133,18,44110787013,2496006,0
44.1158,1,44113328019,2496006,0
44.1183,23,44115851025,2469000,1
44.1183,12,44115851025,2469000,1
44.1234,18,44120886031,2469000,1
44.1234,22,44120886031,2469000,1
44.1234,12,44120886031,2469000,1
44.1258,14,44123353031,2469000,1
44.1258,5,44123353031,2469000,1
44.1258,1,44123353031,2469000,1
44.1258,22,44123355031,2469000,1
44.1283,12,44125840031,2496006,0
44.1309,21,44128372037,2496006,0
44.1334,12,44130895043,2496006,0
44.1359,18,44133418049,2496006,0
44.1384,1,44135941055,2496006,0
44.141,16,44138482061,2469000,1
44.141,18,44138482061,2469000,1
44.1435,18,44140958061,2496006,0
44.146,1,44143481067,2469000,1
44.146,21,44143481067,2469000,1
44.146,23,44143481067,2469000,1
44.146,14,44143481067,2469000,1
44.1484,12,44145948067,2469000,1
44.1484,3,44145948067,2469000,1
44.1509,21,44148424067,2496006,0
44.1535,18,44150974073,2496006,0
44.156,18,44153506079,2496006,0
44.1585,8,44156029085,2496006,0
44.1611,18,44158570091,2496006,0
44.1661,18,44163643103,2469000,1
44.1661,21,44163643103,2469000,1
44.1686,14,44166119103,2496006,0
44.1711,12,44168642109,2496006,0
44.1737,8,44171165115,2496006,0
44.1762,18,44173697121,2469000,1
44.1762,8,44173697121,2469000,1
44.1787,6,44176164121,2496006,0
44.1812,12,44178687127,2469000,1
44.1812,14,44178687127,2469000,1
44.184,22,44181467133,2496006,0
44.1865,11,44183990139,2469000,1
44.1865,12,44183990139,2469000,1
44.1889,1,44186457139,2469000,1
44.1889,14,44186457139,2469000,1
44.1914,8,44188933139,2496006,0
44.194,18,44191465145,2496006,0
44.1965,9,44193997151,2496006,0
44.199,8,44196538157,2469000,1
44.199,16,44196538157,2469000,1
44.199,21,44196538157,2469000,1
44.199,6,44196538157,2469000,1
44.199,1,44196538157,2469000,1
44.2015,18,44199005157,2469000,1
44.2015,22,44199005157,2469000,1
44.2015,8,44199007157,2469000,1
44.204,22,44201483157,2496006,0
44.2065,9,44204033163,2496006,0
44.2091,18,44206565169,2496006,0
44.2119,22,44209401175,2496006,0
44.2144,17,44211924181,2496006,0
44.2169,23,44214447187,2469000,1
44.2194,18,44216923187,2469000,1
44.2194,9,44216923187,2469000,1
44.2194,22,44216923187,2469000,1
44.2219,21,44219417187,2496006,0
44.2245,21,44221994193,2469000,1
44.2245,6,44221994193,2469000,1
44.227,17,44224470193,2496006,0
44.2295,9,44227002199,2496006,0
44.232,18,44229525205,2496006,0
44.2345,17,44232048211,2496006,0
44.2371,18,44234616217,2496006,0
44.2396,17,44237139223,2496006,0
44.2422,5,44239671229,2496006,0
44.2447,18,44242194235,2496006,0
44.2472,9,44244726241,2496006,0
44.2498,22,44247258247,2496006,0
44.2523,21,44249790253,2496006,0
44.2548,5,44252313259,2496006,0
44.2573,14,44254845265,2496006,0
44.2598,22,44257368271,2469000,1
44.2598,17,44257368271,2469000,1
44.2623,12,44259835271,2469000,1
44.2623,5,44259835271,2469000,1
44.2648,18,44262302271,2469000,1
44.2648,14,44262302271,2469000,1
44.2673,18,44264771271,2496006,0
44.2698,21,44267294277,2496006,0
44.2723,18,44269817283,2496006,0
44.2748,9,44272340289,2496006,0
44.2774,8,44274863295,2496006,0
44.2799,22,44277386301,2496006,0
44.2824,18,44279909307,2496006,0
44.2852,14,44282754313,2469000,1
44.2852,22,44282754313,2469000,1
44.2877,8,44285221313,2469000,1
44.2877,12,44285221313,2469000,1
44.2902,21,44287688313,2469000,1
44.2902,20,44287688313,2469000,1
44.2927,5,44290164313,2496006,0
44.2952,6,44292687319,2496006,0
44.2977,9,44295237325,2496006,0
44.3003,6,44297769331,2496006,0
44.3028,18,44300292337,2469000,1
44.3028,9,44300292337,2469000,1
44.3052,17,44302759337,2469000,1
44.3052,22,44302759337,2469000,1
44.3077,5,44305235337,2496006,0
44.3103,9,44307812343,2469000,1
44.3128,6,44310279343,2496006,0
44.3181,5,44315665355,2469000,1
44.3181,2,44315665355,2469000,1
44.3181,21,44315665355,2469000,1
44.3181,9,44315665355,2469000,1
44.3206,8,44318150355,2496006,0
44.3232,6,44320709361,2496006,0
44.3257,8,44323241367,2469000,1
44.3257,6,44323241367,2469000,1
44.3282,9,44325717367,2496006,0
44.3307,19,44328240373,2496006,0
44.3332,10,44330763379,2469000,1
44.3332,9,44330763379,2469000,1
44.3357,18,44333239379,2469000,1
44.3357,5,44333239379,2469000,1
44.3382,19,44335706379,2496006,0
44.3407,14,44338238385,2469000,1
44.3407,10,44338238385,2469000,1
44.3432,19,44340714385,2496006,0
44.3457,21,44343237391,2496006,0
44.3482,19,44345760397,2469000,1
44.3482,21,44345760397,2469000,1
44.3507,17,44348245397,2496006,0
44.3533,22,44350768403,2496006,0
44.3558,16,44353300409,2496006,0
44.3583,16,44355823415,2496006,0
44.3608,17,44358346421,2469000,1
44.3608,21,44358346421,2469000,1
44.3633,8,44360813421,2496006,0
44.3658,1,44363336427,2469000,1
44.3658,5,44363336427,2469000,1
44.3683,3,44365812427,2469000,1
44.3708,9,44368288427,2496006,0
44.3733,16,44370811433,2496006,0
44.3758,9,44373334439,2496006,0
44.3783,22,44375857445,2469000,1
44.3783,19,44375857445,2469000,1
44.3808,6,44378324445,2496006,0
44.3834,22,44380856451,2496006,0
44.3859,16,44383388457,2496006,0
44.3887,16,44386224463,2496006,0
44.3912,16,44388747469,2496006,0
44.3937,22,44391270475,2469000,1
44.3937,8,44391270475,2469000,1
44.3963,9,44393782475,2496006,0
44.3988,6,44396305481,2496006,0
44.4013,8,44398828487,2496006,0
44.4039,21,44401369493,2496006,0
44.4064,17,44403910499,2496006,0
44.4089,8,44406433505,2469000,1
44.4089,16,44406433505,2469000,1
44.4114,6,44408900505,2469000,1
44.4114,4,44408900505,2469000,1
44.4139,3,44411385505,2469000,1
44.4139,9,44411385505,2469000,1
44.4167,16,44414165511,2496006,0
44.4192,21,44416697517,2469000,1
44.4192,23,44416697517,2469000,1
44.4217,17,44419173517,2496006,0
44.4242,6,44421696523,2496006,0
44.4267,21,44424219529,2469000,1
44.4292,9,44426686529,2496006,0
44.4317,18,44429209535,2496006,0
44.4343,22,44431759541,2496006,0
44.4368,8,44434282547,2469000,1
44.4368,16,44434282547,2469000,1
44.4393,9,44436785547,2496006,0
44.4418,22,44439308553,2469000,1
44.4418,5,44439308553,2469000,1
44.4418,17,44439308553,2469000,1
44.4443,6,44441775553,2496006,0
44.4468,18,44444307559,2496006,0
44.4493,9,44446839565,2496006,0
44.4519,18,44449380571,2496006,0
44.4544,9,44451903577,2496006,0
44.4569,22,44454444583,2496006,0
44.4594,9,44456976589,2469000,1
44.4594,6,44456976589,2469000,1
44.4619,19,44459452589,2496006,0
44.4645,22,44461975595,2496006,0
44.467,18,44464534601,2496006,0
44.4695,16,44467075607,2469000,1
44.4695,17,44467075607,2469000,1
44.472,22,44469542607,2496006,0
44.4746,18,44472083613,2469000,1
44.477,22,44474559613,2469000,1
44.477,9,44474559613,2469000,1
44.477,6,44474559613,2469000,1
44.4795,19,44477026613,2496006,0
44.482,19,44479567619,2469000,1
44.4845,8,44482034619,2496006,0
44.49,8,44487456631,2496006,0
44.4925,8,44489988637,2496006,0
44.495,21,44492529643,2469000,1
44.495,22,44492529643,2469000,1
44.495,9,44492529643,2469000,1
44.4975,14,44494996643,2496006,0
44.5,8,44497537649,2469000,1
44.5,5,44497537649,2469000,1
44.5025,16,44500004649,2496006,0
44.505,19,44502536655,2496006,0
44.5075,14,44505059661,2469000,1
44.5075,17,44505059661,2469000,1
44.5075,21,44505059661,2469000,1
44.51,18,44507526661,2496006,0
44.5126,9,44510085667,2496006,0
44.5151,9,44512617673,2496006,0
44.5176,18,44515158679,2469000,1
44.5176,16,44515158679,2469000,1
44.5204,19,44517965685,2469000,1
44.5229,8,44520459685,2469000,1
44.5229,18,44520459685,2469000,1
44.5254,6,44522926685,2469000,1
44.5254,9,44522926685,2469000,1
44.5279,14,44525393685,2496006,0
44.5304,22,44527916691,2496006,0
44.5329,9,44530448697,2496006,0
44.5355,9,44532971703,2496006,0
44.538,9,44535494709,2496006,0
44.5405,14,44538017715,2496006,0
44.5431,22,44540585721,2496006,0
44.5456,21,44543126727,2496006,0
44.5481,14,44545676733,2469000,1
44.5481,9,44545676733,2469000,1
44.5506,13,44548143733,2469000,1
44.5506,19,44548143733,2469000,1
44.5531,21,44550610733,2469000,1
44.5531,12,44550610733,2469000,1
44.5556,16,44553077733,2496006,0
44.5581,22,44555618739,2496006,0
44.5607,16,44558168745,2496006,0
44.5632,22,44560691751,2496006,0
44.5658,21,44563259757,2496006,0
44.5683,21,44565791763,2496006,0
44.5708,16,44568314769,2496006,0
44.5733,1,44570846775,2496006,0
44.5759,21,44573387781,2469000,1
44.5759,6,44573387781,2469000,1
44.5783,22,44575854781,2469000,1
44.5783,9,44575854781,2469000,1
44.5808,14,44578321781,2496006,0
44.5833,7,44580853787,2469000,1
44.5833,8,44580853787,2469000,1
44.5833,18,44580853787,2469000,1
44.5858,19,44583329787,2469000,1
44.5908,16,44588321793,2496006,0
44.5937,22,44591157799,2496006,0
44.5962,14,44593689805,2496006,0
44.5987,1,44596221811,2469000,1
44.5987,21,44596221811,2469000,1
44.6012,16,44598706811,2496006,0
44.6037,8,44601256817,2469000,1
44.6037,16,44601256817,2469000,1
44.6062,14,44603723817,2496006,0
44.6087,22,44606246823,2496006,0
44.6113,1,44608787829,2496006,0
44.6138,1,44611328835,2496006,0
44.6163,14,44613878841,2469000,1
44.6188,22,44616345841,2469000,1
44.6188,9,44616345841,2469000,1
44.6217,1,44619206847,2469000,1
44.6217,22,44619206847,2469000,1
44.6242,18,44621691847,2469000,1
44.6242,16,44621691847,2469000,1
44.6267,16,44624160847,2496006,0
44.6292,17,44626692853,2496006,0
44.6317,21,44629224859,2469000,1
44.6317,16,44629224859,2469000,1
44.6342,14,44631709859,2496006,0
44.6367,1,44634232865,2496006,0
44.6418,14,44639305877,2496006,0
44.6443,17,44641846883,2496006,0
44.6469,9,44644387889,2496006,0
44.6494,9,44646910895,2496006,0
44.6519,1,44649451901,2496006,0
44.6544,17,44651974907,2469000,1
44.6544,16,44651974907,2469000,1
44.6544,9,44651974907,2469000,1
44.6569,18,44654450907,2496006,0
44.6595,1,44656982913,2496006,0
44.662,14,44659505919,2496006,0
44.667,22,44664551931,2496006,0
44.6696,1,44667092937,2496006,0
44.6721,18,44669624943,2496006,0
44.6746,14,44672147949,2469000,1
44.6746,9,44672147949,2469000,1
44.6771,22,44674632949,2496006,0
44.6796,18,44677155955,2469000,1
44.6796,17,44677155955,2469000,1
44.6821,14,44679622955,2496006,0
44.6847,19,44682154961,2496006,0
44.6872,1,44684695967,2496006,0
44.6897,22,44687245973,2496006,0
44.6922,19,44689768979,2469000,1
44.695,22,44692575985,2469000,1
44.695,5,44692575985,2469000,1
44.6975,1,44695051985,2469000,1
44.6975,14,44695051985,2469000,1
44.7001,18,44697608985,2496006,0
44.7026,16,44700131991,2496006,0
44.7052,1,44702672997,2496006,0
44.7077,18,44705205003,2469000,1
44.7077,14,44705205003,2469000,1
44.7127,1,44710213009,2496006,0
44.7152,21,44712745015,2496006,0
44.7177,9,44715268021,2469000,1
44.7177,22,44715268021,2469000,1
44.7177,14,44715268021,2469000,1
44.7202,19,44717735021,2496006,0
44.723,16,44720571027,2469000,1
44.723,19,44720571027,2469000,1
44.7255,22,44723047027,2496006,0
44.7281,20,44725570033,2496006,0
44.7306,18,44728102039,2496006,0
44.7331,20,44730661045,2469000,1
44.7356,1,44733128045,2469000,1
44.7356,20,44733130045,2469000,1
44.7381,21,44735597045,2496006,0
44.7406,19,44738120051,2496006,0
44.7431,22,44740652057,2496006,0
44.7457,18,44743193063,2496006,0
44.7482,21,44745716069,2469000,1
44.7482,18,44745716069,2469000,1
44.7507,22,44748192069,2469000,1
44.7507,19,44748192069,2469000,1
44.7507,17,44748192069,2469000,1
44.7532,16,44750668069,2496006,0
44.7557,1,44753209075,2496006,0
44.7582,16,44755741081,2496006,0
44.7607,19,44758264087,2469000,1
44.7607,1,44758264087,2469000,1
44.7658,22,44763326093,2496006,0
44.7683,6,44765858099,2469000,1
44.7683,16,44765858099,2469000,1
44.7708,9,44768325099,2496006,0
44.7733,21,44770857105,2469000,1
44.7733,17,44770857105,2469000,1
44.7758,22,44773333105,2496006,0
44.7784,16,44775856111,2496006,0
44.7809,18,44778388117,2496006,0
44.7835,1,44780956123,2496006,0
44.7885,22,44786002135,2469000,1
44.7885,19,44786002135,2469000,1
44.791,9,44788469135,2496006,0
44.7935,16,44791001141,2496006,0
44.7964,16,44793855147,2496006,0
44.7989,18,44796378153,2496006,0
44.8014,17,44798901159,2496006,0
44.8039,9,44801433165,2496006,0
44.8065,21,44803956171,2496006,0
44.809,1,44806488177,2496006,0
44.8115,21,44809011183,2496006,0
44.814,9,44811543189,2496006,0
44.8165,1,44814066195,2469000,1
44.8165,21,44814066195,2469000,1
44.819,17,44816533195,2469000,1
44.819,16,44816533195,2469000,1
44.819,20,44816533195,2469000,1
44.8215,22,44819009195,2469000,1
44.8239,9,44821476195,2469000,1
44.8239,10,44821476195,2469000,1
44.8239,18,44821476195,2469000,1
44.8268,18,44824274201,2496006,0
44.8293,2,44826842207,2469000,1
44.8293,16,44826842207,2469000,1
44.8318,16,44829327207,2496006,0
44.8344,18,44831877213,2496006,0
44.8369,1,44834400219,2496006,0
44.8394,16,44836932225,2469000,1
44.8394,18,44836932225,2469000,1
44.8419,1,44839426225,2469000,1
44.8419,23,44839426225,2469000,1
44.8444,20,44841902225,2469000,1
44.8444,9,44841902225,2469000,1
44.8494,21,44846901231,2469000,1
44.8494,17,44846901231,2469000,1
44.8519,14,44849377231,2496006,0
44.8544,18,44851900237,2496006,0
44.8569,16,44854450243,2496006,0
44.8595,22,44857000249,2469000,1
44.8595,16,44857000249,2469000,1
44.862,14,44859467249,2496006,0
44.8645,18,44861999255,2496006,0
44.867,19,44864522261,2496006,0
44.8695,1,44867054267,2469000,1
44.8695,21,44867054267,2469000,1
44.872,8,44869548267,2469000,1
44.8745,18,44872015267,2496006,0
44.877,10,44874565273,2469000,1
44.877,14,44874565273,2469000,1
44.8795,6,44877041273,2496006,0
44.882,18,44879564279,2469000,1
44.882,19,44879564279,2469000,1
44.8845,16,44882049279,2496006,0
44.8871,16,44884581285,2496006,0
44.8896,10,44887104291,2496006,0
44.8922,9,44889654297,2496006,0
44.8947,6,44892177303,2496006,0
44.8972,19,44894709309,2496006,0
44.9026,10,44900068321,2496006,0
44.9051,19,44902600327,2496006,0
44.9076,9,44905123333,2496006,0
44.9101,19,44907646339,2496006,0
44.9127,17,44910169345,2496006,0
44.9152,16,44912692351,2496006,0
44.9177,19,44915224357,2496006,0
44.9202,22,44917765363,2469000,1
44.9202,14,44917765363,2469000,1
44.9227,18,44920232363,2469000,1
44.9227,6,44920232363,2469000,1
44.9227,19,44920232363,2469000,1
44.9252,2,44922699363,2496006,0
44.928,10,44925553369,2496006,0
44.9306,9,44928076375,2496006,0
44.9331,9,44930599381,2496006,0
44.9356,17,44933122387,2496006,0
44.9381,16,44935645393,2496006,0
44.9407,10,44938186399,2469000,1
44.9431,9,44940653399,2496006,0
44.9457,17,44943185405,2469000,1
44.9457,2,44943185405,2469000,1
44.9482,6,44945688405,2469000,1
44.9482,16,44945688405,2469000,1
44.9506,1,44948164405,2469000,1
44.9506,17,44948164405,2469000,1
44.9532,19,44950676405,2496006,0
44.9557,9,44953199411,2469000,1
44.9557,19,44953199411,2469000,1
44.9581,18,44955666411,2469000,1
44.9581,16,44955666411,2469000,1
44.9606,10,44958133411,2496006,0
44.9632,4,44960683417,2496006,0
44.9657,10,44963233423,2469000,1
44.9657,19,44963233423,2469000,1
44.9708,2,44968259429,2496006,0
44.9733,4,44970809435,2496006,0
44.9758,2,44973332441,2469000,1
44.9758,14,44973332441,2469000,1
44.9783,17,44975799441,2496006,0
44.9808,4,44978331447,2469000,1
44.9808,2,44978331447,2469000,1
44.9833,10,44980852447,2469000,1
44.9833,2,44980852447,2469000,1
44.9858,9,44983319447,2469000,1
44.9858,4,44983319447,2469000,1
44.9883,17,44985813447,2496006,0
44.9908,17,44988345453,2469000,1
44.9933,21,44990857453,2469000,1
44.9933,14,44990857453,2469000,1
44.9958,6,44993324453,2496006,0
44.9983,19,44995847459,2496006,0
45.0012,9,44998701465,2496006,0
45.0037,9,45001251471,2496006,0
45.0063,19,45003783477,2496006,0
45.0088,9,45006333483,2469000,1
45.0113,14,45008800483,2496006,0
45.0138,17,45011323489,2469000,1
45.0138,6,45011323489,2469000,1
45.0138,14,45011323489,2469000,1
45.0163,10,45013790489,2496006,0
45.0188,19,45016313495,2469000,1
45.0188,1,45016313495,2469000,1
45.0213,16,45018789495,2496006,0
45.0238,12,45021330501,2496006,0
45.0263,9,45023853507,2496006,0
45.0289,10,45026376513,2496006,0
45.0317,16,45029212519,2496006,0
45.0342,19,45031744525,2496006,0
45.0368,12,45034276531,2496006,0
45.0393,12,45036799537,2496006,0
45.0418,16,45039322543,2469000,1
45.0418,19,45039322543,2469000,1
45.0443,10,45041825543,2496006,0
45.0468,9,45044357549,2469000,1
45.0493,14,45046824549,2496006,0
45.0518,4,45049347555,2496006,0
45.0544,12,45051888561,2496006,0
45.0569,6,45054420567,2469000,1
45.0619,10,45059446573,2496006,0
45.0645,15,45061978579,2496006,0
45.067,10,45064501585,2469000,1
45.067,15,45064501585,2469000,1
45.0695,14,45066968585,2496006,0
45.072,4,45069491591,2496006,0
45.0745,16,45072014597,2469000,1
45.0745,19,45072014597,2469000,1
45.077,12,45074490597,2469000,1
45.077,4,45074490597,2469000,1
45.0795,20,45076957597,2496006,0
45.082,9,45079489603,2496006,0
45.0846,14,45082066609,2496006,0
45.0871,9,45084589615,2469000,1
45.0871,15,45084589615,2469000,1
45.0896,6,45087065615,2496006,0
45.0921,17,45089588621,2496006,0
45.0946,17,45092111627,2496006,0
45.0971,10,45094634633,2496006,0
45.0996,20,45097157639,2469000,1
45.1021,18,45099633639,2469000,1
45.1021,2,45099633639,2469000,1
45.1021,17,45099633639,2469000,1
45.1049,10,45102413645,2496006,0
45.1074,20,45104936651,2496006,0
45.11,4,45107459657,2496006,0
45.1125,6,45109991663,2469000,1
45.1125,14,45109991663,2469000,1
45.115,19,45112458663,2496006,0
45.1175,14,45114981669,2496006,0
45.12,12,45117513675,2496006,0
45.1225,20,45120045681,2469000,1
45.1225,12,45120045681,2469000,1
45.125,9,45122512681,2469000,1
45.125,4,45122512681,2469000,1
45.1275,19,45124979681,2496006,0
45.13,16,45127502687,2469000,1
45.13,10,45127502687,2469000,1
45.1328,10,45130282693,2496006,0
45.1353,6,45132850699,2496006,0
45.1379,14,45135382705,2496006,0
45.1404,17,45137914711,2469000,1
45.1404,19,45137914711,2469000,1
45.1429,4,45140399711,2496006,0
45.1479,10,45145454723,2469000,1
45.1479,4,45145454723,2469000,1
45.1504,6,45147921723,2496006,0
45.1529,14,45150444729,2496006,0
45.1555,20,45152976735,2496006,0
45.158,4,45155508741,2496006,0
45.1605,12,45158040747,2496006,0
45.1631,10,45160581753,2496006,0
45.1656,6,45163104759,2469000,1
45.1656,12,45163104759,2469000,1
45.1681,20,45165580759,2496006,0
45.1706,4,45168121765,2469000,1
45.1706,9,45168121765,2469000,1
45.1706,14,45168121765,2469000,1
45.1731,15,45170588765,2496006,0
45.1756,15,45173120771,2496006,0
45.1781,10,45175643777,2496006,0
45.1807,14,45178166783,2496006,0
45.1832,20,45180689789,2496006,0
45.1857,19,45183221795,2496006,0
45.1882,10,45185753801,2496006,0
45.1908,18,45188285807,2469000,1
45.1908,12,45188285807,2469000,1
45.1932,20,45190752807,2469000,1
45.1932,6,45190752807,2469000,1
45.1957,15,45193219807,2469000,1
45.1957,13,45193219807,2469000,1
45.1957,4,45193219807,2469000,1
45.1982,13,45195688807,2469000,1
45.2007,14,45198155807,2496006,0
45.2032,19,45200678813,2496006,0
45.206,19,45203514819,2496006,0
45.2085,10,45206037825,2496006,0
45.2111,14,45208578831,2496006,0
45.2136,10,45211119837,2496006,0
45.2162,17,45213660843,2496006,0
45.2187,4,45216192849,2496006,0
45.2212,14,45218715855,2469000,1
45.2212,20,45218715855,2469000,1
45.2212,4,45218715855,2469000,1
45.2237,19,45221191855,2496006,0
45.2262,4,45223723861,2496006,0
45.2287,6,45226246867,2496006,0
45.2313,3,45228769873,2496006,0
45.2338,15,45231292879,2496006,0
45.2366,10,45234137885,2469000,1
45.2366,3,45234137885,2469000,1
45.2391,22,45236613885,2469000,1
45.2391,13,45236613885,2469000,1
45.2391,17,45236613885,2469000,1
45.2391,10,45236613885,2469000,1
45.2416,4,45239089885,2469000,1
45.2416,3,45239089885,2469000,1
45.2441,6,45241556885,2496006,0
45.2466,14,45244079891,2496006,0
45.2491,14,45246602897,2496006,0
45.2516,16,45249125903,2496006,0
45.2541,19,45251648909,2496006,0
45.2567,14,45254171915,2496006,0
45.2592,15,45256703921,2496006,0
45.2617,14,45259226927,2496006,0
45.2642,4,45261749933,2469000,1
45.2667,6,45264225933,2496006,0
45.2692,17,45266748939,2496006,0
45.2717,13,45269280945,2469000,1
45.2717,10,45269280945,2469000,1
45.2742,6,45271756945,2469000,1
45.2742,16,45271756945,2469000,1
45.2742,17,45271756945,2469000,1
45.2767,15,45274232945,2496006,0
45.2792,19,45276755951,2469000,1
45.2792,15,45276755951,2469000,1
45.2817,6,45279222951,2496006,0
45.2843,14,45281763957,2496006,0
45.2868,9,45284304963,2496006,0
45.2893,12,45286845969,2496006,0
45.2919,20,45289368975,2496006,0
45.2944,14,45291909981,2496006,0
45.2969,20,45294441987,2469000,1
45.2969,16,45294441987,2469000,1
45.2994,6,45296908987,2496006,0
45.3019,12,45299449993,2469000,1
45.3019,4,45299449993,2469000,1
45.3019,15,45299449993,2469000,1
45.3044,14,45301916993,2469000,1
45.3044,9,45301916993,2469000,1
45.3069,17,45304383993,2496006,0
45.3097,17,45307219999,2496006,0
45.3122,13,45309743005,2496006,0
45.3148,19,45312284011,2469000,1
45.3148,16,45312284011,2469000,1
45.3148,9,45312284011,2469000,1
45.3173,14,45314760011,2496006,0
45.3198,17,45317283017,2496006,0
45.3223,6,45319824023,2469000,1
45.3223,12,45319824023,2469000,1
45.3248,13,45322291023,2496006,0
45.3273,13,45324823029,2469000,1
45.3298,3,45327299029,2496006,0
45.3323,3,45329831035,2469000,1
45.3348,20,45332298035,2469000,1
45.3376,14,45335089041,2496006,0
45.3401,17,45337612047,2496006,0
45.3426,13,45340144053,2496006,0
45.3477,15,45345208065,2496006,0
45.3502,20,45347731071,2496006,0
45.3528,21,45350254077,2496006,0
45.3553,14,45352795083,2469000,1
45.3553,1,45352795083,2469000,1
45.3577,7,45355271083,2469000,1
45.3577,6,45355271083,2469000,1
45.3602,15,45357756083,2469000,1
45.3602,17,45357756083,2469000,1
45.3627,13,45360232083,2469000,1
45.3627,14,45360232083,2469000,1
45.3627,7,45360232083,2469000,1
45.3652,20,45362699083,2496006,0
45.3677,22,45365231089,2469000,1
45.3677,14,45365231089,2469000,1
45.3702,21,45367707089,2496006,0
45.3727,12,45370230095,2496006,0
45.3752,20,45372762101,2469000,1
45.3752,17,45372762101,2469000,1
45.3752,21,45372762101,2469000,1
45.3777,3,45375238101,2496006,0
45.3803,7,45377770107,2496006,0
45.3828,12,45380302113,2496006,0
45.3853,3,45382825119,2469000,1
45.3853,20,45382825119,2469000,1
45.3878,2,45385301119,2469000,1
45.3878,12,45385301119,2469000,1
45.3902,9,45387768119,2469000,1
45.3902,15,45387768119,2469000,1
45.3927,19,45390235119,2496006,0
45.3953,7,45392767125,2496006,0
45.3978,8,45395290131,2469000,1
45.3978,21,45395290131,2469000,1
45.4003,13,45397775131,2496006,0
45.4028,19,45400325137,2469000,1
45.4028,7,45400325137,2469000,1
45.4053,18,45402792137,2469000,1
45.4053,20,45402792137,2469000,1
45.4077,10,45405277137,2469000,1
45.4077,21,45405277137,2469000,1
45.4106,3,45408057143,2496006,0
45.4131,16,45410589149,2496006,0
45.4156,3,45413112155,2496006,0
45.4181,13,45415635161,2496006,0
45.4207,19,45418158167,2496006,0
45.4232,7,45420690173,2496006,0
45.4257,19,45423213179,2496006,0
45.4282,3,45425736185,2469000,1
45.4282,19,45425736185,2469000,1
45.4307,12,45428212185,2496006,0
45.4332,7,45430744191,2469000,1
45.4332,16,45430744191,2469000,1
45.4357,13,45433211191,2496006,0
45.4382,3,45435734197,2496006,0
45.4411,13,45438597203,2469000,1
45.4411,6,45438597203,2469000,1
45.4436,17,45441064203,2496006,0
45.4461,3,45443587209,2496006,0
45.4486,15,45446119215,2469000,1
45.4486,19,45446119215,2469000,1
45.4486,12,45446119215,2469000,1
45.4511,17,45448595215,2496006,0
45.4536,12,45451118221,2496006,0
45.4562,11,45453668227,2496006,0
45.4587,11,45456191233,2496006,0
45.4612,12,45458714239,2469000,1
45.4612,14,45458714239,2469000,1
45.4612,16,45458714239,2469000,1
45.4612,11,45458714239,2469000,1
45.4637,3,45461208239,2469000,1
45.4637,16,45461208239,2469000,1
45.4637,11,45461208239,2469000,1
45.4661,17,45463675239,2469000,1
45.4661,10,45463675239,2469000,1
45.4661,13,45463675239,2469000,1
45.4661,16,45463677239,2469000,1
45.4686,8,45466153239,2469000,1
45.4711,7,45468620239,2496006,0
45.4737,7,45471161245,2496006,0
45.4762,4,45473684251,2496006,0
45.4787,3,45476207257,2496006,0
45.4812,4,45478757263,2469000,1
45.4812,19,45478757263,2469000,1
45.4837,22,45481224263,2469000,1
45.4837,11,45481224263,2469000,1
45.4862,2,45483718263,2496006,0
45.4887,3,45486250269,2496006,0
45.4913,17,45488773275,2496006,0
45.4938,12,45491296281,2469000,1
45.4938,7,45491296281,2469000,1
45.4963,2,45493763281,2496006,0
45.4988,7,45496286287,2496006,0
45.5013,6,45498818293,2469000,1
45.5013,7,45498818293,2469000,1
45.5038,17,45501285293,2469000,1
45.5038,2,45501285293,2469000,1
45.5063,17,45503770293,2496006,0
45.5088,13,45506320299,2496006,0
45.5113,3,45508843305,2469000,1
45.5113,2,45508843305,2469000,1
45.5142,7,45511668311,2496006,0
45.5167,4,45514191317,2496006,0
45.5192,17,45516714323,2469000,1
45.5192,11,45516714323,2469000,1
45.5192,4,45516714323,2469000,1
45.5217,13,45519190323,2469000,1
45.5217,7,45519190323,2469000,1
45.5242,21,45521657323,2496006,0
45.5292,13,45526712335,2496006,0
45.5317,15,45529253341,2469000,1
45.5317,13,45529253341,2469000,1
45.5342,6,45531720341,2469000,1
45.5342,3,45531720341,2469000,1
45.5367,9,45534196341,2496006,0
45.5392,17,45536719347,2469000,1
45.5392,4,45536719347,2469000,1
45.5417,21,45539186347,2496006,0
45.5445,12,45542022353,2496006,0
45.5471,13,45544554359,2496006,0
45.5496,12,45547086365,2496006,0
45.5521,7,45549609371,2469000,1
45.5521,4,45549609371,2469000,1
45.5521,13,45549609371,2469000,1
45.5546,20,45552103371,2496006,0
45.5571,9,45554626377,2496006,0
45.5596,21,45557167383,2469000,1
45.5596,13,45557167383,2469000,1
45.5621,9,45559634383,2496006,0
45.5647,17,45562175389,2496006,0
45.5672,9,45564707395,2496006,0
45.5697,19,45567230401,2469000,1
45.5697,12,45567230401,2469000,1
45.5722,20,45569724401,2496006,0
45.5747,14,45572247407,2496006,0
45.5773,21,45574770413,2496006,0
45.5798,17,45577293419,2496006,0
45.5823,20,45579816425,2496006,0
45.5848,20,45582339431,2496006,0
45.5873,9,45584862437,2469000,1
45.5873,12,45584862437,2469000,1
45.5924,13,45589870443,2496006,0
45.5949,3,45592393449,2496006,0
45.5974,14,45594916455,2496006,0
45.5999,17,45597439461,2469000,1
45.5999,2,45597439461,2469000,1
45.5999,20,45597439461,2469000,1
45.6024,3,45599906461,2496006,0
45.6049,7,45602447467,2496006,0
45.6075,21,45604970473,2496006,0
45.61,13,45607502479,2469000,1
45.61,17,45607502479,2469000,1
45.6125,7,45609969479,2496006,0
45.6153,3,45612805485,2496006,0
45.6178,21,45615328491,2469000,1
45.6178,7,45615328491,2469000,1
45.6203,7,45617804491,2496006,0
45.6228,11,45620327497,2469000,1
45.6228,3,45620327497,2469000,1
45.6253,12,45622794497,2469000,1
45.6253,14,45622794497,2469000,1
45.6278,7,45625306497,2496006,0
45.6303,3,45627829503,2496006,0
45.6328,14,45630352509,2496006,0
45.6354,14,45632875515,2496006,0
45.6379,9,45635398521,2469000,1
45.6379,20,45635398521,2469000,1
45.6379,21,45635398521,2469000,1
45.6404,3,45637892521,2469000,1
45.6404,16,45637892521,2469000,1
45.6429,4,45640368521,2496006,0
45.6457,17,45643204527,2496006,0
45.6482,14,45645727533,2496006,0
45.6507,13,45648250539,2496006,0
45.6533,7,45650773545,2496006,0
45.6558,3,45653296551,2496006,0
45.6583,17,45655855557,2469000,1
45.6608,9,45658322557,2496006,0
45.6633,4,45660845563,2496006,0
45.6659,13,45663368569,2496006,0
45.6684,3,45665900575,2469000,1
45.6684,7,45665900575,2469000,1
45.6684,4,45665900575,2469000,1
45.6709,14,45668385575,2496006,0
45.6734,13,45670917581,2496006,0
45.676,17,45673485587,2496006,0
45.6785,2,45676008593,2469000,1
45.6785,9,45676008593,2469000,1
45.681,13,45678493593,2469000,1
45.681,9,45678493593,2469000,1
45.6834,6,45680969593,2469000,1
45.6834,14,45680969593,2469000,1
45.6859,7,45683445593,2469000,1
45.6859,17,45683445593,2469000,1
45.6884,13,45685930593,2496006,0
45.6909,21,45688453599,2496006,0
45.6935,13,45690976605,2496006,0
45.696,4,45693508611,2496006,0
45.6986,21,45696067617,2496006,0
45.7011,3,45698590623,2496006,0
45.7036,13,45701131629,2496006,0
45.7062,13,45703654635,2496006,0
45.7087,13,45706195641,2496006,0
45.7112,4,45708718647,2469000,1
45.7112,20,45708718647,2469000,1
45.7162,21,45713744653,2469000,1
45.7162,4,45713744653,2469000,1
45.719,14,45716524659,2469000,1
45.719,3,45716524659,2469000,1
45.719,20,45716524659,2469000,1
45.7215,17,45719018659,2496006,0
45.724,17,45721541665,2496006,0
45.7266,17,45724073671,2496006,0
45.7291,13,45726596677,2496006,0
45.7316,13,45729119683,2496006,0
45.7341,9,45731642689,2469000,1
45.7341,14,45731642689,2469000,1
45.7366,3,45734109689,2496006,0
45.7391,13,45736650695,2496006,0
45.7417,17,45739191701,2496006,0
45.7442,12,45741723707,2496006,0
45.7471,13,45744568713,2496006,0
45.7496,7,45747100719,2496006,0
45.7521,2,45749632725,2496006,0
45.7547,3,45752164731,2496006,0
45.7572,21,45754687737,2469000,1
45.7572,14,45754687737,2469000,1
45.7597,15,45757154737,2496006,0
45.7622,17,45759677743,2496006,0
45.7647,9,45762200749,2496006,0
45.7672,7,45764741755,2469000,1
45.7672,12,45764741755,2469000,1
45.7672,9,45764741755,2469000,1
45.7697,17,45767208755,2469000,1
45.7697,13,45767208755,2469000,1
45.7721,3,45769675755,2469000,1
45.7746,2,45772142755,2496006,0
45.7771,5,45774674761,2469000,1
45.7771,2,45774674761,2469000,1
45.7796,15,45777150761,2496006,0
45.7822,7,45779682767,2496006,0
45.7847,15,45782205773,2496006,0
45.7872,12,45784746779,2496006,0
45.7898,15,45787278785,2496006,0
45.7923,13,45789801791,2496006,0
45.7948,7,45792324797,2496006,0
45.7973,4,45794865803,2469000,1
45.7973,17,45794865803,2469000,1
45.7999,1,45797359803,2496006,0
45.8024,15,45799882809,2469000,1
45.8024,9,45799882809,2469000,1
45.8048,12,45802349809,2496006,0
45.8074,13,45804881815,2496006,0
45.8099,3,45807431821,2496006,0
45.8125,7,45809954827,2496006,0
45.815,13,45812486833,2469000,1
45.815,14,45812486833,2469000,1
45.815,1,45812486833,2469000,1
45.8175,2,45814962833,2496006,0
45.8203,12,45817834839,2496006,0
45.8229,17,45820357845,2496006,0
45.8253,2,45822880851,2469000,1
45.8278,9,45825347851,2496006,0
45.8303,3,45827870857,2469000,1
45.8303,12,45827870857,2469000,1
45.8328,7,45830337857,2496006,0
45.8354,21,45832896863,2496006,0
45.8379,15,45835437869,2469000,1
45.8379,17,45835437869,2469000,1
45.8404,9,45837904869,2496006,0
45.8429,13,45840427875,2496006,0
45.8454,21,45842950881,2469000,1
45.8454,1,45842950881,2469000,1
45.8454,12,45842950881,2469000,1
45.8479,7,45845444881,2469000,1
45.8479,3,45845444881,2469000,1
45.8508,13,45848260887,2496006,0
45.8533,13,45850783893,2496006,0
45.8558,2,45853315899,2469000,1
45.8558,17,45853315899,2469000,1
45.8583,5,45855791899,2469000,1
45.8583,9,45855791899,2469000,1
45.8608,7,45858258899,2496006,0
45.8633,4,45860799905,2496006,0
45.8658,7,45863340911,2496006,0
45.8684,2,45865863917,2496006,0
45.8709,21,45868386923,2496006,0
45.8759,13,45873441935,2469000,1
45.8759,9,45873441935,2469000,1
45.8784,5,45875908935,2496006,0
45.8809,10,45878440941,2469000,1
45.8809,13,45878440941,2469000,1
45.8834,7,45880907941,2469000,1
45.8834,1,45880907941,2469000,1
45.8859,4,45883374941,2496006,0
45.8884,2,45885906947,2469000,1
45.8884,19,45885906947,2469000,1
45.8909,21,45888400947,2496006,0
45.8934,15,45890932953,2469000,1
45.8934,21,45890932953,2469000,1
45.8959,5,45893408953,2496006,0
45.8984,4,45895949959,2496006,0
45.901,21,45898472965,2496006,0
45.9035,4,45900995971,2496006,0
45.906,21,45903545977,2469000,1
45.906,20,45903545977,2469000,1
45.906,12,45903545977,2469000,1
45.906,2,45903545977,2469000,1
45.9085,5,45906039977,2496006,0
45.9111,4,45908580983,2496006,0
45.9136,3,45911121989,2469000,1
45.9136,21,45911121989,2469000,1
45.9161,7,45913588989,2469000,1
45.9185,5,45916055989,2469000,1
45.9185,23,45916055989,2469000,1
45.921,19,45918549989,2496006,0
45.9239,5,45921385995,2496006,0
45.9264,19,45923909001,2496006,0
45.9289,15,45926432007,2496006,0
45.9314,9,45928964013,2469000,1
45.9314,20,45928964013,2469000,1
45.9339,5,45931431013,2469000,1
45.9339,13,45931431013,2469000,1
45.9339,4,45931431013,2469000,1
45.9339,19,45931431013,2469000,1
45.9364,15,45933907013,2496006,0
45.9389,17,45936430019,2496006,0
45.9414,4,45938953025,2496006,0
45.944,15,45941521031,2496006,0
45.9465,2,45944044037,2496006,0
45.9491,21,45946567043,2496006,0
45.9519,2,45949403049,2496006,0
45.9544,21,45951926055,2496006,0
45.9569,5,45954449061,2496006,0
45.9594,15,45956972067,2469000,1
45.9594,5,45956972067,2469000,1
45.9619,17,45959439067,2496006,0
45.9645,17,45961962073,2496006,0
45.967,2,45964485079,2496006,0
45.9695,4,45967008085,2496006,0
45.972,18,45969531091,2469000,1
45.972,7,45969531091,2469000,1
45.972,17,45969531091,2469000,1
45.9745,4,45971998091,2469000,1
45.977,21,45974501091,2496006,0
45.9795,17,45977033097,2496006,0
45.982,19,45979556103,2469000,1
45.982,21,45979556103,2469000,1
45.9845,1,45982023103,2469000,1
45.9845,4,45982023103,2469000,1
45.987,2,45984490103,2496006,0
45.9895,9,45987040109,2496006,0
45.992,2,45989563115,2469000,1
45.992,4,45989563115,2469000,1
45.9945,12,45992039115,2469000,1
45.9945,15,45992039115,2469000,1
45.997,21,45994506115,2496006,0
45.9995,17,45997029121,2496006,0
46.002,9,45999552127,2496006,0
46.0046,9,46002102133,2496006,0
46.0071,5,46004634139,2496006,0
46.0096,21,46007157145,2469000,1
46.0096,9,46007157145,2469000,1
46.0121,17,46009642145,2469000,1
46.0121,5,46009642145,2469000,1
46.0146,4,46012109145,2496006,0
46.0172,4,46014704151,2496006,0
46.0197,2,46017236157,2469000,1
46.0197,17,46017236157,2469000,1
46.0222,9,46019712157,2496006,0
46.0276,5,46025080169,2496006,0
46.0301,5,46027639175,2469000,1
46.0301,3,46027639175,2469000,1
46.0326,21,46030115175,2469000,1
46.0326,4,46030115175,2469000,1
46.0351,9,46032600175,2496006,0
46.0376,19,46035123181,2469000,1
46.0376,5,46035123181,2469000,1
46.0401,9,46037590181,2496006,0
46.0426,9,46040113187,2496006,0
46.0451,8,46042645193,2496006,0
46.0477,21,46045168199,2496006,0
46.0503,9,46047763205,2496006,0
46.0528,11,46050286211,2469000,1
46.0528,3,46050286211,2469000,1
46.0556,8,46053075217,2496006,0
46.0581,17,46055598223,2496006,0
46.0606,21,46058121229,2469000,1
46.0606,4,46058121229,2469000,1
46.0631,16,46060588229,2496006,0
46.0656,15,46063111235,2496006,0
46.0681,9,46065634241,2469000,1
46.0681,17,46065634241,2469000,1
46.0706,6,46068101241,2469000,1
46.0706,14,46068101241,2469000,1
46.0731,15,46070568241,2496006,0
46.0756,13,46073091247,2496006,0
46.0781,16,46075614253,2469000,1
46.0781,2,46075614253,2469000,1
46.0806,8,46078090253,2496006,0
46.0831,21,46080613259,2496006,0
46.0856,13,46083145265,2496006,0
46.0882,5,46085668271,2496006,0
46.0907,9,46088191277,2469000,1
46.0907,21,46088191277,2469000,1
46.0907,5,46088191277,2469000,1
46.0932,17,46090658277,2496006,0
46.0957,13,46093190283,2496006,0
46.0982,8,46095731289,2469000,1
46.0982,9,46095731289,2469000,1
46.1007,15,46098198289,2496006,0
46.1032,13,46100721295,2496006,0
46.1057,17,46103271301,2469000,1
46.1057,16,46103271301,2469000,1
46.1082,15,46105738301,2469000,1
46.1082,21,46105738301,2469000,1
46.1082,17,46105740301,2469000,1
46.1107,8,46108207301,2496006,0
46.1132,7,46110739307,2469000,1
46.1132,4,46110739307,2469000,1
46.1157,5,46113242307,2496006,0
46.1208,13,46118288319,2469000,1
46.1208,5,46118288319,2469000,1
46.1233,17,46120755319,2496006,0
46.1258,16,46123287325,2496006,0
46.1286,8,46126123331,2496006,0
46.1312,5,46128655337,2496006,0
46.1337,16,46131187343,2496006,0
46.1362,15,46133719349,2496006,0
46.1387,16,46136242355,2496006,0
46.1413,17,46138792361,2496006,0
46.1438,8,46141315367,2496006,0
46.1463,5,46143847373,2496006,0
46.1489,5,46146388379,2496006,0
46.1514,15,46148911385,2496006,0
46.1539,17,46151443391,2496006,0
46.1568,16,46154279397,2496006,0
46.1593,17,46156802403,2496006,0
46.1618,13,46159325409,2469000,1
46.1618,16,46159325409,2469000,1
46.1643,23,46161801409,2469000,1
46.1643,21,46161801409,2469000,1
46.1668,13,46164268409,2496006,0
46.1693,8,46166791415,2496006,0
46.1718,15,46169323421,2496006,0
46.1743,5,46171846427,2496006,0
46.1768,12,46174378433,2469000,1
46.1768,23,46174378433,2469000,1
46.1793,15,46176854433,2469000,1
46.1793,17,46176854433,2469000,1
46.1818,5,46179321433,2469000,1
46.1818,8,46179321433,2469000,1
46.1818,1,46179321433,2469000,1
46.1843,13,46181788433,2496006,0
46.1868,17,46184320439,2496006,0
46.1894,23,46186861445,2496006,0
46.1919,13,46189393451,2496006,0
46.1944,13,46191916457,2496006,0
46.1969,19,46194448463,2469000,1
46.1969,9,46194448463,2469000,1
46.1994,16,46196933463,2496006,0
46.202,17,46199465469,2496006,0
46.2045,2,46201988475,2469000,1
46.2045,16,46201988475,2469000,1
46.207,17,46204455475,2496006,0
46.2094,15,46206978481,2469000,1
46.2094,13,46206978481,2469000,1
46.2119,21,46209445481,2496006,0
46.2144,8,46211977487,2469000,1
46.2144,23,46211977487,2469000,1
46.2169,4,46214453487,2496006,0
46.2195,13,46216994493,2496006,0
46.222,5,46219517499,2496006,0
46.2245,17,46222040505,2496006,0
46.2271,13,46224590511,2496006,0
46.2299,21,46227426517,2469000,1
46.2299,23,46227426517,2469000,1
46.2324,4,46229893517,2496006,0
46.2349,5,46232425523,2469000,1
46.2349,19,46232425523,2469000,1
46.2349,15,46232425523,2469000,1
46.2374,17,46234892523,2496006,0
46.2424,16,46239956535,2469000,1
46.2424,13,46239956535,2469000,1
46.245,4,46242459535,2496006,0
46.2475,5,46245009541,2496006,0
46.25,17,46247550547,2496006,0
46.2526,5,46250073553,2496006,0
46.2551,21,46252614559,2496006,0
46.2576,5,46255146565,2496006,0
46.2605,4,46257982571,2496006,0
46.263,4,46260505577,2496006,0
46.2655,21,46263064583,2469000,1
46.2655,8,46263064583,2469000,1
46.268,17,46265531583,2496006,0
46.2706,17,46268090589,2469000,1
46.2706,13,46268090589,2469000,1
46.2706,5,46268090589,2469000,1
46.2731,4,46270593589,2496006,0
46.2756,16,46273116595,2496006,0
46.2781,9,46275648601,2496006,0
46.2807,21,46278189607,2469000,1
46.2832,5,46280656607,2496006,0
46.2857,9,46283179613,2496006,0
46.2882,23,46285711619,2496006,0
46.2907,9,46288252625,2496006,0
46.2932,16,46290775631,2469000,1
46.2932,4,46290775631,2469000,1
46.2957,17,46293251631,2469000,1
46.2957,4,46293251631,2469000,1
46.2982,5,46295727631,2496006,0
46.3007,21,46298250637,2469000,1
46.3007,5,46298250637,2469000,1
46.3032,23,46300726637,2496006,0
46.3058,9,46303276643,2496006,0
46.3083,3,46305817649,2496006,0
46.3108,16,46308349655,2496006,0
46.3134,5,46310872661,2496006,0
46.3159,3,46313404667,2496006,0
46.3184,23,46315927673,2496006,0
46.3209,15,46318450679,2469000,1
46.3209,23,46318450679,2469000,1
46.3234,13,46320917679,2496006,0
46.3285,9,46325963691,2496006,0
46.331,7,46328486697,2496006,0
46.3338,7,46331322703,2496006,0
46.3363,5,46333845709,2469000,1
46.3363,23,46333845709,2469000,1
46.3388,3,46336330709,2469000,1
46.3388,4,46336330709,2469000,1
46.3388,7,46336330709,2469000,1
46.3413,16,46338797709,2496006,0
46.3438,13,46341329715,2496006,0
46.3464,13,46343870721,2496006,0
46.3489,9,46346393727,2496006,0
46.3514,13,46348925733,2496006,0
46.3539,3,46351448739,2496006,0
46.3565,16,46353971745,2496006,0
46.359,9,46356494751,2496006,0
46.3618,13,46359339757,2496006,0
46.3644,17,46361880763,2496006,0
46.3669,9,46364403769,2496006,0
46.3694,2,46366935775,2469000,1
46.3694,23,46366935775,2469000,1
46.3719,13,46369402775,2496006,0
46.3744,7,46371925781,2469000,1
46.3744,9,46371925781,2469000,1
46.3769,16,46374410781,2469000,1
46.3769,13,46374410781,2469000,1
46.3793,5,46376877781,2469000,1
46.3793,3,46376877781,2469000,1
46.3844,9,46381867787,2496006,0
46.3869,17,46384390793,2496006,0
46.3894,21,46386922799,2496006,0
46.3919,17,46389445805,2496006,0
46.3945,22,46391995811,2496006,0
46.397,21,46394518817,2496006,0
46.3995,13,46397050823,2496006,0
46.4021,3,46399573829,2496006,0
46.4046,17,46402096835,2496006,0
46.4071,9,46404628841,2496006,0
46.4096,21,46407151847,2496006,0
46.4122,13,46409692853,2496006,0
46.4147,9,46412215859,2469000,1
46.4147,3,46412215859,2469000,1
46.4172,16,46414682859,2496006,0
46.4197,3,46417205865,2496006,0
46.4222,22,46419728871,2496006,0
46.4247,21,46422251877,2469000,1
46.4247,22,46422251877,2469000,1
46.4272,16,46424727877,2469000,1
46.4272,3,46424727877,2469000,1
46.4297,13,46427194877,2496006,0
46.4322,17,46429717883,2496006,0
46.4351,13,46432562889,2496006,0
46.4376,16,46435094895,2496006,0
46.4401,3,46437617901,2496006,0
46.4426,16,46440140907,2496006,0
46.4452,4,46442663913,2496006,0
46.4477,16,46445186919,2469000,1
46.4477,4,46445186919,2469000,1
46.4501,13,46447671919,2469000,1
46.4526,8,46450165919,2469000,1
46.4526,17,46450165919,2469000,1
46.4551,16,46452641919,2496006,0
46.4576,9,46455173925,2469000,1
46.4576,3,46455173925,2469000,1
46.4601,5,46457640925,2496006,0
46.4627,7,46460163931,2496006,0
46.4655,16,46462999937,2469000,1
46.4655,4,46462999937,2469000,1
46.468,7,46465475937,2496006,0
46.4705,22,46467998943,2496006,0
46.473,5,46470539949,2469000,1
46.473,21,46470539949,2469000,1
46.473,16,46470539949,2469000,1
46.473,7,46470539949,2469000,1
46.4755,3,46473015949,2496006,0
46.478,23,46475538955,2469000,1
46.478,5,46475538955,2469000,1
46.478,21,46475538955,2469000,1
46.478,3,46475538955,2469000,1
46.4806,9,46478059955,2496006,0
46.4831,13,46480582961,2496006,0
46.4856,22,46483105967,2496006,0
46.4881,17,46485637973,2469000,1
46.4881,7,46485637973,2469000,1
46.4906,5,46488104973,2496006,0
46.4931,9,46490636979,2496006,0
46.4957,13,46493168985,2496006,0
46.4982,13,46495709991,2496006,0
46.5007,5,46498232997,2496006,0
46.5032,3,46500756003,2469000,1
46.5032,22,46500756003,2469000,1
46.5057,16,46503223003,2496006,0
46.5082,17,46505746009,2496006,0
46.5133,9,46510828021,2496006,0
46.5159,16,46513369027,2496006,0
46.5184,17,46515910033,2469000,1
46.5184,13,46515910033,2469000,1
46.5184,16,46515910033,2469000,1
46.5209,5,46518377033,2496006,0
46.5234,5,46520918039,2496006,0
46.526,13,46523459045,2496006,0
46.5285,9,46525991051,2496006,0
46.531,5,46528532057,2496006,0
46.5336,9,46531055063,2496006,0
46.5361,3,46533587069,2469000,1
46.5361,22,46533587069,2469000,1
46.5388,15,46536367075,2469000,1
46.5388,9,46536367075,2469000,1
46.5413,13,46538852075,2496006,0
46.5438,4,46541375081,2469000,1
46.5438,16,46541375081,2469000,1
46.5464,17,46543860081,2496006,0
46.5489,13,46546383087,2496006,0
46.5514,17,46548924093,2496006,0
46.5539,7,46551447099,2469000,1
46.5539,5,46551447099,2469000,1
46.5564,20,46553932099,2496006,0
46.559,13,46556455105,2496006,0
46.5614,17,46558978111,2469000,1
46.5614,13,46558978111,2469000,1
46.5668,9,46564308117,2496006,0
46.5694,9,46566894123,2469000,1
46.5694,20,46566894123,2469000,1
46.5719,16,46569361123,2496006,0
46.5744,3,46571893129,2496006,0
46.5769,5,46574434135,2469000,1
46.5769,3,46574434135,2469000,1
46.5794,16,46576919135,2469000,1
46.5794,9,46576919135,2469000,1
46.5819,22,46579404135,2496006,0
46.5844,17,46581936141,2496006,0
46.5869,13,46584468147,2469000,1
46.5869,5,46584468147,2469000,1
46.5895,16,46586962147,2496006,0
46.592,17,46589485153,2469000,1
46.592,21,46589485153,2469000,1
46.592,7,46589485153,2469000,1
46.5944,22,46591952153,2496006,0
46.597,3,46594484159,2469000,1
46.597,22,46594484159,2469000,1
46.5995,22,46596978159,2496006,0
46.6045,20,46602024171,2469000,1
46.6045,16,46602024171,2469000,1
46.607,22,46604491171,2496006,0
46.6095,3,46607023177,2496006,0
46.612,17,46609546183,2496006,0
46.6146,22,46612078189,2496006,0
46.6172,9,46614664195,2496006,0
46.6197,17,46617196201,2496006,0
46.6222,3,46619719207,2469000,1
46.6222,9,46619719207,2469000,1
46.6247,13,46622204207,2496006,0
46.6272,22,46624727213,2469000,1
46.6272,16,46624727213,2469000,1
46.6297,9,46627194213,2496006,0
46.6322,5,46629753219,2496006,0
46.6373,9,46634808231,2469000,1
46.6373,17,46634808231,2469000,1
46.6401,13,46637597237,2469000,1
46.6401,22,46637597237,2469000,1
46.6426,5,46640091237,2496006,0
46.6452,3,46642695243,2469000,1
46.6452,16,46642695243,2469000,1
46.6477,9,46645162243,2496006,0
46.6502,13,46647685249,2496006,0
46.6527,5,46650217255,2469000,1
46.6527,13,46650217255,2469000,1
46.6552,5,46652686255,2496006,0
46.6577,9,46655218261,2469000,1
46.6577,20,46655218261,2469000,1
46.6627,5,46660235267,2496006,0
46.6653,5,46662767273,2496006,0
46.6678,1,46665290279,2469000,1
46.6678,17,46665290279,2469000,1
46.6706,13,46668106285,2496006,0
46.6731,4,46670647291,2496006,0
46.6756,13,46673170297,2469000,1
46.6756,4,46673170297,2469000,1
46.6781,18,46675646297,2496006,0
46.6807,5,46678169303,2496006,0
46.6832,19,46680710309,2496006,0
46.6857,3,46683233315,2496006,0
46.6908,5,46688288327,2469000,1
46.6908,16,46688288327,2469000,1
46.6908,13,46688288327,2469000,1
46.6933,9,46690773327,2496006,0
46.6958,3,46693296333,2496006,0
46.6983,18,46695819339,2496006,0
46.7009,17,46698378345,2496006,0
46.7034,19,46700910351,2496006,0
46.7059,9,46703442357,2469000,1
46.7059,4,46703442357,2469000,1
46.7084,22,46705909357,2496006,0
46.7109,17,46708441363,2496006,0
46.7134,18,46710973369,2469000,1
46.7134,20,46710973369,2469000,1
46.7134,3,46710973369,2469000,1
46.7159,5,46713458369,2469000,1
46.7159,18,46713458369,2469000,1
46.7185,19,46715961369,2496006,0
46.721,22,46718484375,2496006,0
46.7235,9,46721016381,2469000,1
46.7235,17,46721016381,2469000,1
46.726,3,46723483381,2496006,0
46.7285,17,46726006387,2469000,1
46.7285,3,46726006387,2469000,1
46.731,19,46728482387,2496006,0
46.7335,8,46731005393,2496006,0
46.736,16,46733564399,2469000,1
46.736,22,46733564399,2469000,1
46.7385,13,46736040399,2496006,0
46.7411,8,46738581405,2496006,0
46.7464,12,46743940417,2496006,0
46.7489,9,46746463423,2469000,1
46.7489,19,46746463423,2469000,1
46.7515,8,46748975423,2496006,0
46.754,9,46751498429,2469000,1
46.754,8,46751498429,2469000,1
46.7564,22,46753965429,2469000,1
46.7564,12,46753965429,2469000,1
46.7589,5,46756432429,2469000,1
46.7589,13,46756432429,2469000,1
46.7614,3,46758917429,2496006,0
46.7639,12,46761440435,2496006,0
46.7664,19,46763963441,2469000,1
46.7664,12,46763963441,2469000,1
46.7689,23,46766448441,2496006,0
46.7718,3,46769302447,2496006,0
46.7743,4,46771825453,2496006,0
46.7794,15,46776871465,2496006,0
46.7819,21,46779403471,2496006,0
46.7844,4,46781926477,2496006,0
46.787,21,46784458483,2496006,0
46.7895,22,46786981489,2496006,0
46.792,22,46789504495,2496006,0
46.7945,13,46792027501,2496006,0
46.797,15,46794550507,2469000,1
46.797,8,46794550507,2469000,1
46.7995,19,46797017507,2469000,1
46.7995,23,46797017507,2469000,1
46.802,18,46799493507,2469000,1
46.802,17,46799493507,2469000,1
46.802,15,46799493507,2469000,1
46.8044,22,46801960507,2469000,1
46.8044,4,46801960507,2469000,1
46.8044,3,46801960507,2469000,1
46.8069,21,46804427507,2496006,0
46.8094,12,46806950513,2496006,0
46.812,20,46809482519,2496006,0
46.8145,6,46812032525,2469000,1
46.8145,13,46812032525,2469000,1
46.8145,3,46812032525,2469000,1
46.817,6,46814501525,2496006,0
46.8195,21,46817024531,2496006,0
46.8221,20,46819556537,2496006,0
46.8245,20,46822079543,2469000,1
46.8271,12,46824555543,2496006,0
46.8296,20,46827087549,2496006,0
46.8321,6,46829610555,2496006,0
46.8346,13,46832142561,2496006,0
46.8371,23,46834665567,2469000,1
46.8371,4,46834665567,2469000,1
46.8396,21,46837141567,2469000,1
46.8396,8,46837141567,2469000,1
46.8421,22,46839617567,2496006,0
46.8449,16,46842453573,2496006,0
46.8475,15,46844976579,2496006,0
46.85,20,46847508585,2469000,1
46.85,16,46847508585,2469000,1
46.8525,12,46849984585,2496006,0
46.855,6,46852507591,2469000,1
46.855,13,46852507591,2469000,1
46.8575,22,46855028591,2496006,0
46.86,12,46857551597,2496006,0
46.8626,15,46860083603,2469000,1
46.8626,13,46860083603,2469000,1
46.8651,22,46862577603,2496006,0
46.8676,21,46865100609,2496006,0
46.8701,21,46867632615,2469000,1
46.8726,22,46870108615,2469000,1
46.8726,20,46870108615,2469000,1
46.8726,16,46870108615,2469000,1
46.8754,3,46872915621,2496006,0
46.8779,23,46875438627,2469000,1
46.8779,12,46875438627,2469000,1
46.8804,6,46877941627,2469000,1
46.8804,13,46877941627,2469000,1
46.8829,16,46880444627,2469000,1
46.8829,3,46880444627,2469000,1
46.8854,17,46882911627,2496006,0
46.8879,15,46885434633,2469000,1
46.8879,17,46885434633,2469000,1
46.8904,5,46887901633,2496006,0
46.8929,21,46890442639,2496006,0
46.8954,5,46892974645,2469000,1
46.8954,22,46892974645,2469000,1
46.8979,6,46895450645,2496006,0
46.9005,6,46897973651,2496006,0
46.903,18,46900496657,2496006,0
46.9055,7,46903019663,2496006,0
46.908,4,46905569669,2469000,1
46.908,8,46905569669,2469000,1
46.908,12,46905569669,2469000,1
46.908,3,46905569669,2469000,1
46.908,21,46905569669,2469000,1
46.9106,15,46908063669,2496006,0
46.9131,20,46910586675,2496006,0
46.9156,15,46913109681,2469000,1
46.9181,4,46915576681,2496006,0
46.9206,17,46918099687,2469000,1
46.9206,18,46918099687,2469000,1
46.9206,21,46918099687,2469000,1
46.9206,20,46918099687,2469000,1
46.9206,15,46918099687,2469000,1
46.9231,13,46920566687,2496006,0
46.9256,6,46923089693,2469000,1
46.9256,3,46923089693,2469000,1
46.928,19,46925556693,2469000,1
46.928,7,46925556693,2469000,1
46.928,21,46925556693,2469000,1
46.928,13,46925556693,2469000,1
46.928,6,46925558693,2469000,1
46.9305,20,46928025693,2496006,0
46.9331,4,46930557699,2496006,0
46.9356,18,46933080705,2496006,0
46.9381,5,46935603711,2496006,0
46.9431,13,46940649723,2496006,0
46.9456,4,46943172729,2469000,1
46.9456,20,46943172729,2469000,1
46.9456,15,46943172729,2469000,1
46.9484,2,46945952735,2496006,0
46.951,4,46948484741,2496006,0
46.9535,13,46951007747,2496006,0
46.956,5,46953530753,2496006,0
46.9585,22,46956053759,2496006,0
46.9611,14,46958603765,2469000,1
46.9611,18,46958603765,2469000,1
46.9636,5,46961079765,2496006,0
46.9661,4,46963602771,2469000,1
46.9661,18,46963602771,2469000,1
46.9685,13,46966069771,2469000,1
46.9685,2,46966069771,2469000,1
46.971,6,46968545771,2496006,0
46.9735,22,46971077777,2469000,1
46.9735,2,46971077777,2469000,1
46.9763,18,46973857783,2469000,1
46.9763,6,46973857783,2469000,1
46.9788,7,46976324783,2496006,0
46.9814,7,46978856789,2496006,0
46.9839,5,46981379795,2496006,0
46.9864,7,46983902801,2496006,0
46.9889,20,46986425807,2496006,0
46.994,7,46991516819,2496006,0
46.9965,17,46994039825,2496006,0
46.9991,20,46996562831,2496006,0
47.0016,4,46999103837,2469000,1
47.0016,13,46999103837,2469000,1
47.004,6,47001579837,2469000,1
47.004,5,47001579837,2469000,1
47.0065,12,47004046837,2469000,1
47.0065,21,47004046837,2469000,1
47.009,7,47006522837,2469000,1
47.009,22,47006522837,2469000,1
47.0115,9,47008989837,2469000,1
47.0115,5,47008989837,2469000,1
47.014,20,47011465837,2496006,0
47.0165,17,47014015843,2496006,0
47.019,20,47016538849,2496006,0
47.0216,2,47019070855,2496006,0
47.0241,2,47021602861,2496006,0
47.0266,20,47024134867,2496006,0
47.0292,20,47026711873,2469000,1
47.0292,7,47026711873,2469000,1
47.0292,17,47026711873,2469000,1
47.0317,4,47029178873,2496006,0
47.0367,4,47034233885,2496006,0
47.0393,2,47036774891,2496006,0
47.0418,23,47039297897,2496006,0
47.0443,4,47041820903,2469000,1
47.0443,3,47041820903,2469000,1
47.0468,4,47044305903,2496006,0
47.0496,16,47047168909,2469000,1
47.0496,4,47047168909,2469000,1
47.0521,22,47049644909,2469000,1
47.0521,5,47049644909,2469000,1
47.0546,2,47052129909,2469000,1
47.0546,23,47052129909,2469000,1
47.0571,4,47054605909,2496006,0
47.0596,23,47057146915,2469000,1
47.0596,4,47057146915,2469000,1
47.0621,8,47059613915,2469000,1
47.0621,20,47059613915,2469000,1
47.0646,6,47062089915,2469000,1
47.0646,17,47062089915,2469000,1
47.0696,2,47067133921,2496006,0
47.0722,13,47069656927,2496006,0
47.0747,2,47072215933,2496006,0
47.0772,2,47074747939,2496006,0
47.0801,13,47077601945,2496006,0
47.0826,5,47080133951,2496006,0
47.0852,5,47082656957,2496006,0
47.0877,7,47085179963,2496006,0
47.0902,4,47087702969,2496006,0
47.0927,2,47090234975,2496006,0
47.0953,7,47092784981,2469000,1
47.0953,13,47092784981,2469000,1
47.0977,8,47095251981,2496006,0
47.1003,15,47097774987,2496006,0
47.1028,8,47100297993,2469000,1
47.1052,4,47102764993,2469000,1
47.1052,22,47102764993,2469000,1
47.1052,15,47102764993,2469000,1
47.1077,5,47105231993,2496006,0
47.1102,2,47107754999,2469000,1
47.1102,12,47107754999,2469000,1
47.1127,7,47110230999,2496006,0
47.1152,23,47112763005,2469000,1
47.1152,20,47112763005,2469000,1
47.1177,2,47115239005,2496006,0
47.1202,17,47117762011,2469000,1
47.1202,5,47117762011,2469000,1
47.1227,7,47120229011,2496006,0
47.1253,7,47122779017,2496006,0
47.1278,13,47125302023,2496006,0
47.1303,13,47127825029,2496006,0
47.1328,18,47130348035,2469000,1
47.1328,4,47130348035,2469000,1
47.1328,12,47130348035,2469000,1
47.1353,7,47132815035,2496006,0
47.1378,13,47135338041,2496006,0
47.1404,2,47137879047,2496006,0
47.1429,23,47140402053,2496006,0
47.1454,2,47142925059,2496006,0
47.1479,7,47145457065,2469000,1
47.1479,8,47145457065,2469000,1
47.1532,5,47150760071,2469000,1
47.1532,4,47150760071,2469000,1
47.1557,23,47153227071,2469000,1
47.1557,5,47153229071,2469000,1
47.1582,15,47155696071,2496006,0
47.1607,2,47158228077,2496006,0
47.1632,6,47160760083,2469000,1
47.1632,13,47160760083,2469000,1
47.1632,23,47160760083,2469000,1
47.1657,2,47163227083,2496006,0
47.1683,20,47165813089,2496006,0
47.1708,15,47168345095,2469000,1
47.1708,20,47168345095,2469000,1
47.1733,2,47170821095,2496006,0
47.1758,13,47173344101,2496006,0
47.1784,17,47175939107,2496006,0
47.1813,7,47178775113,2496006,0
47.1838,2,47181298119,2469000,1
47.1838,15,47181298119,2469000,1
47.1863,13,47183765119,2496006,0
47.1888,7,47186288125,2496006,0
47.1939,4,47191370137,2496006,0
47.1964,8,47193893143,2469000,1
47.1964,17,47193893143,2469000,1
47.1989,10,47196369143,2496006,0
47.2014,13,47198901149,2469000,1
47.2014,10,47198901149,2469000,1
47.2039,7,47201377149,2496006,0
47.2064,12,47203909155,2469000,1
47.2064,20,47203909155,2469000,1
47.2089,4,47206385155,2469000,1
47.2089,17,47206385155,2469000,1
47.2114,2,47208870155,2496006,0
47.2139,7,47211411161,2496006,0
47.2164,7,47213934167,2496006,0
47.219,19,47216466173,2496006,0
47.2215,10,47218989179,2469000,1
47.2215,4,47218989179,2469000,1
47.224,13,47221474179,2496006,0
47.2265,7,47223997185,2496006,0
47.229,19,47226529191,2469000,1
47.2315,13,47229005191,2469000,1
47.2315,2,47229005191,2469000,1
47.2339,23,47231472191,2469000,1
47.2339,13,47231474191,2469000,1
47.2364,20,47233941191,2496006,0
47.2389,15,47236464197,2469000,1
47.2389,20,47236464197,2469000,1
47.2415,16,47238958197,2496006,0
47.244,7,47241490203,2496006,0
47.2465,20,47244040209,2496006,0
47.2491,7,47246581215,2496006,0
47.2516,16,47249104221,2496006,0
47.2545,7,47251958227,2496006,0
47.257,20,47254481233,2496006,0
47.2595,2,47257004239,2496006,0
47.262,4,47259545245,2469000,1
47.262,20,47259545245,2469000,1
47.2645,19,47262021245,2496006,0
47.267,2,47264544251,2469000,1
47.267,19,47264544251,2469000,1
47.2695,16,47267011251,2496006,0
47.272,7,47269534257,2496006,0
47.2745,17,47272066263,2469000,1
47.2745,7,47272066263,2469000,1
47.2771,13,47274569263,2496006,0
47.2796,5,47277092269,2469000,1
47.2796,13,47277092269,2469000,1
47.2821,16,47279577269,2496006,0
47.2849,2,47282413275,2496006,0
47.2874,19,47284936281,2496006,0
47.2899,9,47287468287,2469000,1
47.2899,10,47287468287,2469000,1
47.2899,16,47287468287,2469000,1
47.2924,19,47289935287,2496006,0
47.295,3,47292458293,2496006,0
47.2975,3,47294990299,2496006,0
47.3,19,47297531305,2496006,0
47.3026,20,47300054311,2496006,0
47.3051,13,47302586317,2469000,1
47.3051,2,47302586317,2469000,1
47.3075,20,47305053317,2496006,0
47.3101,19,47307585323,2469000,1
47.3125,4,47310052323,2496006,0
47.3176,7,47315098335,2496006,0
47.3201,21,47317621341,2496006,0
47.3226,4,47320144347,2496006,0
47.3252,3,47322676353,2496006,0
47.3277,3,47325208359,2496006,0
47.3302,4,47327731365,2469000,1
47.3302,20,47327731365,2469000,1
47.3327,3,47330198365,2496006,0
47.3352,8,47332730371,2469000,1
47.3352,20,47332730371,2469000,1
47.3377,16,47335206371,2496006,0
47.3402,7,47337729377,2496006,0
47.3427,7,47340252383,2496006,0
47.3453,23,47342775389,2496006,0
47.3478,21,47345298395,2496006,0
47.3503,21,47347821401,2496006,0
47.3528,21,47350344407,2496006,0
47.3554,2,47352876413,2496006,0
47.3582,16,47355730419,2469000,1
47.3582,3,47355730419,2469000,1
47.3582,2,47355730419,2469000,1
47.3607,7,47358197419,2469000,1
47.3607,19,47358197419,2469000,1
47.3607,20,47358197419,2469000,1
47.3632,21,47360682419,2469000,1
47.3632,23,47360682419,2469000,1
47.3656,19,47363149419,2496006,0
47.3682,15,47365690425,2496006,0
47.3732,19,47370736437,2469000,1
47.3732,4,47370736437,2469000,1
47.3757,19,47373205437,2496006,0
47.3782,5,47375728443,2469000,1
47.3782,16,47375728443,2469000,1
47.3807,15,47378195443,2496006,0
47.3832,22,47380718449,2496006,0
47.3861,23,47383554455,2496006,0
47.3886,19,47386077461,2496006,0
47.3911,4,47388609467,2496006,0
47.3936,3,47391141473,2469000,1
47.3936,2,47391141473,2469000,1
47.3961,23,47393617473,2469000,1
47.3961,18,47393617473,2469000,1
47.3986,13,47396093473,2496006,0
47.4011,19,47398616479,2496006,0
47.4036,4,47401139485,2469000,1
47.4036,23,47401139485,2469000,1
47.4061,7,47403606485,2469000,1
47.4061,15,47403606485,2469000,1
47.4086,11,47406073485,2496006,0
47.4111,13,47408596491,2496006,0
47.4136,22,47411119497,2496006,0
47.4161,21,47413642503,2469000,1
47.4161,13,47413642503,2469000,1
47.4186,4,47416118503,2496006,0
47.4211,11,47418641509,2496006,0
47.4237,22,47421182515,2496006,0
47.4262,4,47423705521,2469000,1
47.4262,11,47423705521,2469000,1
47.4286,16,47426172521,2469000,1
47.4286,19,47426172521,2469000,1
47.4311,23,47428639521,2469000,1
47.4311,22,47428639521,2469000,1
47.4336,16,47431124521,2496006,0
47.4362,16,47433665527,2496006,0
47.4387,2,47436188533,2469000,1
47.4387,16,47436188533,2469000,1
47.4412,21,47438655533,2496006,0
47.4436,4,47441178539,2469000,1
47.4461,17,47443645539,2496006,0
47.4487,17,47446186545,2496006,0
47.4512,22,47448709551,2496006,0
47.4537,21,47451232557,2496006,0
47.4563,15,47453755563,2496006,0
47.4591,13,47456600569,2469000,1
47.4591,19,47456600569,2469000,1
47.4591,21,47456600569,2469000,1
47.4616,22,47459076569,2496006,0
47.4641,11,47461608575,2469000,1
47.4641,19,47461608575,2469000,1
47.4666,21,47464075575,2496006,0
47.4691,17,47466598581,2469000,1
47.4691,10,47466598581,2469000,1
47.4716,22,47469065581,2496006,0
47.4741,22,47471606587,2496006,0
47.4766,6,47474129593,2496006,0
47.4791,21,47476652599,2496006,0
47.4817,15,47479175605,2496006,0
47.4842,16,47481725611,2496006,0
47.4867,3,47484248617,2496006,0
47.4896,22,47487084623,2469000,1
47.4896,3,47487084623,2469000,1
47.492,13,47489560623,2469000,1
47.492,17,47489560623,2469000,1
47.4945,6,47492045623,2469000,1
47.4945,3,47492045623,2469000,1
47.497,21,47494521623,2496006,0
47.4995,15,47497044629,2496006,0
47.5021,7,47499567635,2496006,0
47.5046,16,47502090641,2469000,1
47.5046,7,47502090641,2469000,1
47.5071,17,47504557641,2496006,0
47.5096,15,47507089647,2469000,1
47.5096,17,47507089647,2469000,1
47.5121,21,47509592647,2469000,1
47.5121,11,47509592647,2469000,1
47.5121,16,47509592647,2469000,1
47.5146,2,47512059647,2496006,0
47.5171,6,47514609653,2469000,1
47.5171,15,47514609653,2469000,1
47.5171,17,47514609653,2469000,1
47.5196,14,47517121653,2496006,0
47.5221,2,47519644659,2496006,0
47.5247,22,47522167665,2496006,0
47.5272,7,47524690671,2496006,0
47.5297,4,47527213677,2496006,0
47.5322,15,47529745683,2496006,0
47.5347,2,47532268689,2469000,1
47.5347,14,47532268689,2469000,1
47.5372,13,47534753689,2469000,1
47.5372,21,47534753689,2469000,1
47.5372,15,47534753689,2469000,1
47.5397,7,47537229689,2469000,1
47.5397,6,47537229689,2469000,1
47.5422,22,47539714689,2496006,0
47.5447,4,47542246695,2469000,1
47.5447,20,47542246695,2469000,1
47.5472,21,47544713695,2496006,0
47.5497,17,47547236701,2469000,1
47.5497,14,47547236701,2469000,1
47.5522,3,47549703701,2496006,0
47.5547,16,47552226707,2496006,0
47.5573,3,47554785713,2496006,0
47.5598,8,47557326719,2496006,0
47.5626,16,47560162725,2469000,1
47.5626,22,47560162725,2469000,1
47.5651,21,47562638725,2496006,0
47.5677,16,47565170731,2496006,0
47.5702,23,47567693737,2496006,0
47.5727,3,47570216743,2469000,1
47.5727,19,47570216743,2469000,1
47.5727,2,47570216743,2469000,1
47.5727,21,47570216743,2469000,1
47.5752,8,47572683743,2496006,0
47.5777,15,47575206749,2469000,1
47.5777,16,47575206749,2469000,1
47.5802,8,47577673749,2496006,0
47.5827,4,47580205755,2496006,0
47.5852,21,47582737761,2496006,0
47.5878,7,47585260767,2496006,0
47.5906,21,47588096773,2469000,1
47.5931,4,47590563773,2496006,0
47.5956,23,47593104779,2496006,0
47.5981,16,47595627785,2469000,1
47.6006,2,47598094785,2496006,0
47.6031,11,47600626791,2469000,1
47.6031,7,47600626791,2469000,1
47.6031,16,47600626791,2469000,1
47.6056,8,47603093791,2469000,1
47.6056,7,47603095791,2469000,1
47.6106,4,47608085797,2496006,0
47.6131,3,47610608803,2469000,1
47.6131,8,47610608803,2469000,1
47.6156,22,47613102803,2496006,0
47.6181,21,47615634809,2496006,0
47.6207,23,47618157815,2496006,0
47.6232,2,47620689821,2496006,0
47.6257,3,47623221827,2496006,0
47.6282,23,47625744833,2469000,1
47.6282,14,47625744833,2469000,1
47.6282,15,47625744833,2469000,1
47.6282,4,47625744833,2469000,1
47.6307,21,47628211833,2496006,0
47.6332,2,47630734839,2496006,0
47.6358,17,47633266845,2496006,0
47.6383,22,47635789851,2469000,1
47.6383,17,47635789851,2469000,1
47.6408,3,47638274851,2496006,0
47.6433,21,47640806857,2469000,1
47.6433,7,47640806857,2469000,1
47.6458,23,47643318857,2496006,0
47.6483,2,47645841863,2496006,0
47.6509,2,47648364869,2496006,0
47.6534,8,47650887875,2469000,1
47.6534,23,47650887875,2469000,1
47.6559,14,47653354875,2496006,0
47.6584,3,47655877881,2496006,0
47.6609,11,47658409887,2469000,1
47.6609,15,47658409887,2469000,1
47.6637,22,47661189893,2469000,1
47.6637,3,47661189893,2469000,1
47.6662,17,47663656893,2496006,0
47.6687,17,47666197899,2496006,0
47.6712,4,47668729905,2469000,1
47.6712,2,47668729905,2469000,1
47.6712,3,47668729905,2469000,1
47.6737,14,47671196905,2469000,1
47.6737,23,47671196905,2469000,1
47.6762,21,47673663905,2496006,0
47.6787,21,47676204911,2496006,0
47.6812,17,47678727917,2496006,0
47.6863,8,47683773929,2496006,0
47.6888,8,47686305935,2496006,0
47.6913,21,47688837941,2496006,0
47.6942,21,47691709947,2496006,0
47.6967,8,47694268953,2469000,1
47.6967,13,47694268953,2469000,1
47.6967,17,47694268953,2469000,1
47.6992,2,47696735953,2496006,0
47.7017,21,47699258959,2469000,1
47.7017,6,47699258959,2469000,1
47.7017,22,47699258959,2469000,1
47.7042,10,47701725959,2496006,0
47.7068,8,47704257965,2496006,0
47.7093,14,47706789971,2496006,0
47.7118,4,47709321977,2496006,0
47.7143,14,47711880983,2469000,1
47.7143,2,47711880983,2469000,1
47.7168,8,47714356983,2469000,1
47.7168,10,47714356983,2469000,1
47.7193,4,47716832983,2496006,0
47.7218,20,47719364989,2469000,1
47.7218,3,47719364989,2469000,1
47.7243,17,47721831989,2496006,0
47.7269,4,47724381995,2469000,1
47.7269,8,47724381995,2469000,1
47.7293,17,47726848995,2496006,0
47.7319,21,47729381001,2496006,0
47.7344,21,47731904007,2496006,0
47.7369,21,47734436013,2496006,0
47.7395,17,47736995019,2496006,0
47.7446,14,47742059031,2496006,0
47.7471,2,47744582037,2496006,0
47.7496,23,47747105043,2496006,0
47.7521,21,47749628049,2496006,0
47.7547,21,47752169055,2496006,0
47.7572,10,47754692061,2496006,0
47.7597,23,47757215067,2496006,0
47.7622,2,47759738073,2496006,0
47.7647,15,47762261079,2469000,1
47.7647,4,47762261079,2469000,1
47.7675,2,47765041085,2496006,0
47.77,16,47767564091,2469000,1
47.77,17,47767564091,2469000,1
47.7725,14,47770031091,2496006,0
47.7751,23,47772581097,2469000,1
47.7751,21,47772581097,2469000,1
47.7776,3,47775057097,2496006,0
47.7801,21,47777580103,2496006,0
47.7826,2,47780103109,2496006,0
47.7851,10,47782635115,2496006,0
47.7877,3,47785176121,2496006,0
47.7902,14,47787699127,2469000,1
47.7902,10,47787699127,2469000,1
47.7926,2,47790166127,2469000,1
47.7926,21,47790166127,2469000,1
47.7955,1,47792982133,2496006,0
47.798,19,47795523139,2469000,1
47.798,7,47795523139,2469000,1
47.8005,17,47797990139,2496006,0
47.803,1,47800513145,2469000,1
47.803,8,47800513145,2469000,1
47.808,3,47805521151,2496006,0
47.8105,10,47808053157,2496006,0
47.8131,9,47810585163,2469000,1
47.8131,23,47810585163,2469000,1
47.8131,14,47810585163,2469000,1
47.8155,3,47813052163,2496006,0
47.8181,17,47815611169,2496006,0
47.8206,3,47818134175,2496006,0
47.8232,22,47820657181,2496006,0
47.8257,22,47823180187,2496006,0
47.8282,10,47825703193,2496006,0
47.8307,23,47828226199,2496006,0
47.8332,17,47830758205,2469000,1
47.8332,2,47830758205,2469000,1
47.8357,21,47833225205,2496006,0
47.8382,23,47835757211,2469000,1
47.8382,1,47835757211,2469000,1
47.8407,16,47838224211,2469000,1
47.8407,14,47838224211,2469000,1
47.8432,4,47840691211,2469000,1
47.8432,21,47840691211,2469000,1
47.8457,3,47843167211,2496006,0
47.8482,10,47845690217,2496006,0
47.8507,22,47848213223,2496006,0
47.8532,5,47850745229,2469000,1
47.8532,22,47850745229,2469000,1
47.8557,3,47853239229,2469000,1
47.8557,17,47853239229,2469000,1
47.8582,18,47855706229,2496006,0
47.8608,10,47858256235,2496006,0
47.8633,18,47860788241,2496006,0
47.8658,23,47863329247,2469000,1
47.8687,2,47866154253,2496006,0
47.8712,10,47868695259,2496006,0
47.8737,21,47871218265,2469000,1
47.8737,3,47871218265,2469000,1
47.8762,4,47873685265,2496006,0
47.8787,18,47876208271,2496006,0
47.8812,22,47878731277,2496006,0
47.8838,2,47881254283,2496006,0
47.8863,18,47883777289,2496006,0
47.8888,23,47886300295,2496006,0
47.8913,2,47888832301,2496006,0
47.8939,10,47891364307,2496006,0
47.8964,4,47893896313,2496006,0
47.8992,2,47896732319,2496006,0
47.9018,22,47899255325,2496006,0
47.9043,23,47901787331,2496006,0
47.9068,22,47904319337,2496006,0
47.9093,10,47906851343,2469000,1
47.9093,18,47906851343,2469000,1
47.9118,23,47909318343,2469000,1
47.9118,4,47909318343,2469000,1
47.9143,23,47911821343,2496006,0
47.9168,2,47914353349,2496006,0
47.9194,17,47916876355,2496006,0
47.9219,23,47919399361,2496006,0
47.9244,1,47921931367,2469000,1
47.9244,23,47921931367,2469000,1
47.9269,22,47924398367,2469000,1
47.9294,17,47926883367,2469000,1
47.9294,2,47926883367,2469000,1
47.9319,14,47929359367,2496006,0
47.9344,2,47931882373,2469000,1
47.9344,14,47931882373,2469000,1
47.9369,23,47934367373,2496006,0
47.9394,14,47936908379,2496006,0
47.9419,14,47939440385,2496006,0
47.9445,3,47941963391,2496006,0
47.947,23,47944486397,2469000,1
47.947,10,47944486397,2469000,1
47.947,18,47944486397,2469000,1
47.947,4,47944486397,2469000,1
47.9495,22,47946971397,2496006,0
47.952,8,47949512403,2469000,1
47.952,21,47949512403,2469000,1
47.9545,23,47951979403,2496006,0
47.957,14,47954502409,2469000,1
47.957,3,47954502409,2469000,1
47.9595,23,47956978409,2496006,0
47.962,10,47959519415,2496006,0
47.9645,3,47962042421,2496006,0
47.9671,17,47964565427,2496006,0
47.9696,22,47967115433,2496006,0
47.9724,17,47969969439,2469000,1
47.9724,23,47969969439,2469000,1
47.9749,10,47972445439,2496006,0
47.9775,10,47974986445,2469000,1
47.98,3,47977462445,2496006,0
47.9825,17,47980003451,2469000,1
47.985,18,47982470451,2496006,0
47.9875,1,47984993457,2469000,1
47.9875,22,47984993457,2469000,1
47.99,10,47987460457,2496006,0
47.9925,3,47989992463,2496006,0
47.995,14,47992515469,2469000,1
47.9975,21,47995000469,2496006,0
48.0003,17,47997836475,2469000,1
48.0003,21,47997836475,2469000,1
48.0028,2,48000303475,2469000,1
48.0028,23,48000303475,2469000,1
48.0053,22,48002779475,2496006,0
48.0078,10,48005302481,2469000,1
48.0078,3,48005302481,2469000,1
48.0103,18,48007769481,2496006,0
48.0153,1,48012824493,2496006,0
48.0178,22,48015356499,2469000,1
48.0178,4,48015356499,2469000,1
48.0203,6,48017823499,2469000,1
48.0203,3,48017823499,2469000,1
48.0228,23,48020290499,2496006,0
48.0253,1,48022831505,2496006,0
48.0279,10,48025354511,2496006,0
48.0304,21,48027895517,2496006,0
48.0329,18,48030427523,2496006,0
48.0354,1,48032950529,2469000,1
48.0354,23,48032950529,2469000,1
48.0354,22,48032950529,2469000,1
48.0379,10,48035417529,2496006,0
48.0405,20,48037967535,2496006,0
48.043,3,48040490541,2496006,0
48.0455,21,48043049547,2469000,1
48.0455,18,48043049547,2469000,1
48.048,10,48045525547,2469000,1
48.048,4,48045525547,2469000,1
48.0505,7,48048001547,2496006,0
48.053,3,48050533553,2469000,1
48.053,20,48050533553,2469000,1
48.0555,23,48053009553,2496006,0
48.0605,7,48058064565,2469000,1
48.0605,14,48058064565,2469000,1
48.063,1,48060540565,2496006,0
48.0656,3,48063063571,2496006,0
48.0681,3,48065586577,2496006,0
48.0706,1,48068109583,2496006,0
48.0735,1,48070963589,2496006,0
48.076,23,48073495595,2496006,0
48.0785,7,48076018601,2496006,0
48.081,7,48078550607,2496006,0
48.0836,23,48081073613,2496006,0
48.0861,21,48083596619,2469000,1
48.0861,10,48083596619,2469000,1
48.0886,22,48086063619,2496006,0
48.0911,18,48088595625,2496006,0
48.0936,3,48091118631,2496006,0
48.0961,1,48093641637,2469000,1
48.0961,20,48093641637,2469000,1
48.0986,7,48096117637,2469000,1
48.0986,14,48096117637,2469000,1
48.1011,21,48098602637,2496006,0
48.1039,17,48101438643,2469000,1
48.1039,1,48101438643,2469000,1
48.1064,3,48103905643,2496006,0
48.1089,18,48106428649,2496006,0
48.1114,22,48108951655,2496006,0
48.114,23,48111474661,2496006,0
48.1165,22,48113997667,2496006,0
48.119,6,48116520673,2496006,0
48.1241,3,48121584685,2469000,1
48.1241,13,48121584685,2469000,1
48.1241,10,48121584685,2469000,1
48.1265,2,48124051685,2469000,1
48.1265,21,48124051685,2469000,1
48.129,2,48126520685,2496006,0
48.1315,18,48129043691,2496006,0
48.134,22,48131566697,2469000,1
48.134,3,48131566697,2469000,1
48.1365,6,48134033697,2496006,0
48.139,2,48136556703,2469000,1
48.139,6,48136556703,2469000,1
48.1415,7,48139032703,2469000,1
48.1415,23,48139032703,2469000,1
48.144,6,48141517703,2496006,0
48.1465,18,48144049709,2496006,0
48.1491,18,48146572715,2496006,0
48.1516,6,48149095721,2496006,0
48.1541,20,48151627727,2469000,1
48.1541,22,48151627727,2469000,1
48.1566,1,48154121727,2469000,1
48.1566,3,48154121727,2469000,1
48.1591,18,48156615727,2496006,0
48.1617,6,48159174733,2496006,0
48.1642,2,48161697739,2496006,0
48.1667,18,48164229745,2469000,1
48.1667,21,48164229745,2469000,1
48.1667,2,48164229745,2469000,1
48.1692,22,48166705745,2496006,0
48.1717,2,48169228751,2496006,0
48.1742,6,48171751757,2469000,1
48.1742,18,48171751757,2469000,1
48.177,20,48174531763,2469000,1
48.177,22,48174531763,2469000,1
48.1795,23,48176998763,2496006,0
48.182,2,48179530769,2496006,0
48.1871,23,48184621781,2496006,0
48.1897,22,48187171787,2496006,0
48.1922,23,48189694793,2496006,0
48.1947,23,48192217799,2496006,0
48.1972,7,48194740805,2469000,1
48.1972,2,48194740805,2469000,1
48.1997,12,48197216805,2496006,0
48.2023,23,48199766811,2496006,0
48.2051,2,48202602817,2496006,0
48.2076,12,48205134823,2496006,0
48.2102,22,48207666829,2496006,0
48.2127,6,48210189835,2469000,1
48.2127,18,48210189835,2469000,1
48.2152,22,48212701835,2469000,1
48.2152,2,48212701835,2469000,1
48.2177,12,48215177835,2496006,0
48.2202,23,48217700841,2496006,0
48.2253,6,48222845853,2469000,1
48.2253,12,48222845853,2469000,1
48.2278,23,48225312853,2496006,0
48.2303,23,48227835859,2496006,0
48.2329,10,48230376865,2496006,0
48.2354,21,48232899871,2496006,0
48.2379,8,48235422877,2496006,0
48.2405,23,48237954883,2496006,0
48.2429,10,48240477889,2469000,1
48.2429,2,48240477889,2469000,1
48.2454,8,48242944889,2496006,0
48.248,23,48245476895,2496006,0
48.2505,22,48248017901,2496006,0
48.253,21,48250540907,2469000,1
48.253,3,48250540907,2469000,1
48.2555,8,48253007907,2496006,0
48.258,12,48255539913,2496006,0
48.2606,23,48258062919,2496006,0
48.2631,22,48260594925,2496006,0
48.2656,10,48263126931,2496006,0
48.2682,8,48265658937,2496006,0
48.2707,8,48268181943,2469000,1
48.2731,23,48270648943,2469000,1
48.2731,12,48270648943,2469000,1
48.2731,10,48270648943,2469000,1
48.2756,10,48273133943,2496006,0
48.2785,12,48275987949,2496006,0
48.281,22,48278528955,2496006,0
48.2836,8,48281060961,2496006,0
48.2861,12,48283619967,2469000,1
48.2861,23,48283619967,2469000,1
48.2861,10,48283619967,2469000,1
48.2886,11,48286086967,2469000,1
48.2886,21,48286086967,2469000,1
48.291,4,48288553967,2496006,0
48.2936,18,48291076973,2496006,0
48.2961,22,48293635979,2469000,1
48.2961,8,48293635979,2469000,1
48.2986,18,48296102979,2496006,0
48.3011,12,48298625985,2496006,0
48.3036,12,48301148991,2496006,0
48.3062,10,48303671997,2496006,0
48.309,1,48306517003,2496006,0
48.3115,18,48309040009,2496006,0
48.3141,4,48311563015,2496006,0
48.3166,18,48314104021,2469000,1
48.319,12,48316571021,2469000,1
48.319,2,48316571021,2469000,1
48.3216,10,48319056021,2496006,0
48.3241,7,48321588027,2496006,0
48.3266,17,48324129033,2496006,0
48.3291,6,48326652039,2469000,1
48.3291,4,48326652039,2469000,1
48.3291,7,48326652039,2469000,1
48.3316,1,48329119039,2469000,1
48.3316,7,48329121039,2469000,1
48.3341,23,48331597039,2469000,1
48.3341,12,48331597039,2469000,1
48.3366,22,48334064039,2496006,0
48.3391,4,48336587045,2469000,1
48.3391,7,48336587045,2469000,1
48.3416,21,48339081045,2469000,1
48.3416,18,48339081045,2469000,1
48.3416,10,48339081045,2469000,1
48.344,8,48341548045,2496006,0
48.3466,17,48344080051,2496006,0
48.3491,22,48346621057,2469000,1
48.3491,17,48346621057,2469000,1
48.3516,1,48349106057,2496006,0
48.3541,4,48351638063,2469000,1
48.3541,10,48351638063,2469000,1
48.3541,17,48351638063,2469000,1
48.3566,9,48354105063,2469000,1
48.3566,3,48354105063,2469000,1
48.3591,8,48356581063,2469000,1
48.3591,22,48356581063,2469000,1
48.3641,1,48361589069,2496006,0
48.3667,9,48364157075,2496006,0
48.3692,14,48366689081,2469000,1
48.3692,12,48366689081,2469000,1
48.3717,1,48369183081,2496006,0
48.3742,15,48371706087,2496006,0
48.3767,17,48374229093,2496006,0
48.3793,17,48376770099,2496006,0
48.3821,18,48379615105,2496006,0
48.3846,3,48382138111,2496006,0
48.3872,1,48384661117,2496006,0
48.3897,9,48387184123,2496006,0
48.3922,8,48389716129,2496006,0
48.3947,15,48392248135,2469000,1
48.3947,9,48392248135,2469000,1
48.3972,8,48394715135,2496006,0
48.3997,8,48397247141,2496006,0
48.4022,17,48399779147,2469000,1
48.4047,18,48402246147,2496006,0
48.4073,18,48404769153,2496006,0
48.4101,19,48407605159,2496006,0
48.4126,3,48410128165,2469000,1
48.4126,1,48410128165,2469000,1
48.4151,7,48412622165,2469000,1
48.4151,10,48412622165,2469000,1
48.4151,22,48412622165,2469000,1
48.4151,9,48412622165,2469000,1
48.4176,8,48415089165,2496006,0
48.4201,21,48417639171,2496006,0
48.4226,3,48420171177,2469000,1
48.4226,21,48420171177,2469000,1
48.4251,2,48422638177,2469000,1
48.4251,18,48422638177,2469000,1
48.4276,19,48425114177,2496006,0
48.4302,8,48427655183,2496006,0
48.4327,15,48430196189,2469000,1
48.4327,8,48430196189,2469000,1
48.4352,17,48432699189,2469000,1
48.4352,21,48432699189,2469000,1
48.4352,18,48432699189,2469000,1
48.4402,19,48437698195,2496006,0
48.4427,1,48440221201,2496006,0
48.4452,1,48442744207,2496006,0
48.4478,3,48445267213,2496006,0
48.4503,1,48447790219,2496006,0
48.4528,1,48450313225,2496006,0
48.4553,20,48452845231,2469000,1
48.4553,3,48452845231,2469000,1
48.4578,19,48455339231,2496006,0
48.4604,3,48457880237,2496006,0
48.4629,19,48460403243,2496006,0
48.4654,23,48462935249,2496006,0
48.468,1,48465458255,2496006,0
48.4705,15,48467990261,2496006,0
48.473,8,48470513267,2469000,1
48.473,17,48470513267,2469000,1
48.4755,1,48472998267,2469000,1
48.4755,19,48472998267,2469000,1
48.4755,15,48472998267,2469000,1
48.4805,3,48478006273,2496006,0
48.4833,23,48480842279,2496006,0
48.4859,19,48483383285,2496006,0
48.4884,20,48485906291,2496006,0
48.4909,23,48488447297,2496006,0
48.4935,3,48490979303,2496006,0
48.496,9,48493502309,2496006,0
48.4985,20,48496034315,2469000,1
48.4985,3,48496034315,2469000,1
48.501,6,48498510315,2469000,1
48.501,2,48498510315,2469000,1
48.5034,19,48500977315,2469000,1
48.5034,16,48500977315,2469000,1
48.5059,23,48503453315,2469000,1
48.5059,4,48503453315,2469000,1
48.5084,15,48505920315,2496006,0
48.5109,8,48508443321,2496006,0
48.5138,8,48511288327,2496006,0
48.5163,18,48513811333,2496006,0
48.5188,1,48516343339,2496006,0
48.5214,9,48518875345,2496006,0
48.5239,18,48521398351,2496006,0
48.5264,21,48523921357,2469000,1
48.5264,23,48523921357,2469000,1
48.5264,1,48523921357,2469000,1
48.5314,17,48528920363,2469000,1
48.5314,15,48528920363,2469000,1
48.5314,1,48528920363,2469000,1
48.5339,8,48531387363,2496006,0
48.5364,9,48533910369,2469000,1
48.5364,20,48533910369,2469000,1
48.5389,18,48536404369,2496006,0
48.5415,3,48538963375,2496006,0
48.544,12,48541486381,2469000,1
48.544,19,48541486381,2469000,1
48.5464,8,48543953381,2496006,0
48.549,10,48546485387,2496006,0
48.5515,18,48549008393,2469000,1
48.5515,8,48549008393,2469000,1
48.554,3,48551511393,2496006,0
48.5565,23,48554052399,2496006,0
48.5591,22,48556584405,2469000,1
48.5591,10,48556584405,2469000,1
48.5615,9,48559051405,2496006,0
48.5641,9,48561574411,2496006,0
48.5666,1,48564097417,2496006,0
48.5691,15,48566629423,2469000,1
48.5691,10,48566629423,2469000,1
48.5716,9,48569114423,2496006,0
48.5741,23,48571637429,2469000,1
48.5766,3,48574104429,2496006,0
48.5791,1,48576627435,2469000,1
48.5791,3,48576627435,2469000,1
48.5816,18,48579103435,2496006,0
48.5841,9,48581635441,2496006,0
48.587,20,48584489447,2496006,0
48.5895,20,48587012453,2496006,0
48.592,8,48589535459,2496006,0
48.5946,23,48592067465,2496006,0
48.5971,1,48594590471,2496006,0
48.5996,8,48597113477,2469000,1
48.5996,23,48597113477,2469000,1
48.6021,20,48599589477,2496006,0
48.6046,1,48602112483,2496006,0
48.6071,18,48604635489,2469000,1
48.6071,20,48604635489,2469000,1
48.6096,9,48607111489,2469000,1
48.6096,18,48607111489,2469000,1
48.6121,1,48609578489,2496006,0
48.6149,18,48612414495,2496006,0
48.6174,3,48614937501,2496006,0
48.62,1,48617460507,2496006,0
48.6225,14,48620010513,2496006,0
48.625,1,48622533519,2469000,1
48.625,18,48622533519,2469000,1
48.625,21,48622533519,2469000,1
48.625,10,48622533519,2469000,1
48.6275,23,48625000519,2496006,0
48.63,23,48627523525,2496006,0
48.6325,8,48630046531,2496006,0
48.635,22,48632569537,2469000,1
48.6375,3,48635036537,2469000,1
48.6375,9,48635036537,2469000,1
48.64,2,48637503537,2496006,0
48.6425,19,48640026543,2496006,0
48.645,23,48642549549,2469000,1
48.645,14,48642549549,2469000,1
48.6475,7,48645016549,2496006,0
48.65,14,48647539555,2496006,0
48.6525,15,48650062561,2469000,1
48.6525,1,48650062561,2469000,1
48.655,18,48652529561,2496006,0
48.6575,2,48655052567,2469000,1
48.6575,20,48655052567,2469000,1
48.66,7,48657519567,2496006,0
48.6626,8,48660060573,2496006,0
48.6651,19,48662592579,2496006,0
48.6676,7,48665115585,2496006,0
48.6701,7,48667638591,2496006,0
48.6727,8,48670161597,2496006,0
48.6752,19,48672684603,2496006,0
48.6777,18,48675207609,2496006,0
48.6802,7,48677730615,2496006,0
48.6827,14,48680253621,2469000,1
48.6827,19,48680253621,2469000,1
48.6852,18,48682720621,2496006,0
48.6881,5,48685574627,2496006,0
48.6906,3,48688115633,2469000,1
48.6906,2,48688115633,2469000,1
48.6931,8,48690591633,2469000,1
48.6931,18,48690591633,2469000,1
48.6956,23,48693076633,2496006,0
48.6981,5,48695599639,2496006,0
48.7006,1,48698122645,2496006,0
48.7031,7,48700645651,2496006,0
48.7057,18,48703168657,2496006,0
48.7082,5,48705691663,2496006,0
48.7107,19,48708214669,2469000,1
48.7107,1,48708214669,2469000,1
48.7132,18,48710681669,2496006,0
48.7186,5,48716058681,2496006,0
48.7211,23,48718581687,2496006,0
48.7236,5,48721104693,2496006,0
48.7261,7,48723627699,2469000,1
48.7261,8,48723627699,2469000,1
48.7286,7,48726103699,2496006,0
48.7311,23,48728626705,2496006,0
48.7336,14,48731149711,2469000,1
48.7336,7,48731149711,2469000,1
48.7361,18,48733616711,2496006,0
48.7386,5,48736148717,2469000,1
48.7386,23,48736148717,2469000,1
48.7411,18,48738642717,2496006,0
48.7437,18,48741183723,2496006,0
48.7462,4,48743706729,2496006,0
48.7487,9,48746229735,2496006,0
48.7513,20,48748761741,2496006,0
48.7538,18,48751284747,2496006,0
48.7563,5,48753807753,2496006,0
48.7588,1,48756330759,2469000,1
48.7588,23,48756330759,2469000,1
48.7588,20,48756330759,2469000,1
48.7613,4,48758797759,2496006,0
48.7638,9,48761320765,2496006,0
48.7664,9,48763870771,2496006,0
48.7689,7,48766393777,2496006,0
48.7714,4,48768916783,2496006,0
48.7739,20,48771439789,2496006,0
48.7765,5,48773962795,2496006,0
48.779,9,48776485801,2469000,1
48.779,14,48776485801,2469000,1
48.779,23,48776485801,2469000,1
48.779,4,48776485801,2469000,1
48.7814,3,48778952801,2469000,1
48.7814,20,48778952801,2469000,1
48.7839,19,48781428801,2469000,1
48.7839,18,48781428801,2469000,1
48.7864,8,48783895801,2496006,0
48.7889,6,48786418807,2496006,0
48.7918,7,48789299813,2469000,1
48.7918,5,48789299813,2469000,1
48.7942,8,48791766813,2469000,1
48.7942,2,48791766813,2469000,1
48.7967,20,48794242813,2496006,0
48.7993,4,48796765819,2496006,0
48.8018,17,48799288825,2469000,1
48.8018,7,48799288825,2469000,1
48.8018,5,48799288825,2469000,1
48.8042,14,48801755825,2469000,1
48.8042,6,48801755825,2469000,1
48.8067,1,48804222825,2469000,1
48.8092,4,48806698825,2496006,0
48.8117,8,48809221831,2496006,0
48.8142,20,48811744837,2496006,0
48.8168,18,48814267843,2496006,0
48.8196,9,48817148849,2496006,0
48.8222,10,48819671855,2496006,0
48.8247,8,48822194861,2496006,0
48.8272,20,48824717867,2496006,0
48.8297,10,48827240873,2496006,0
48.8322,4,48829763879,2469000,1
48.8322,10,48829763879,2469000,1
48.8347,5,48832230879,2496006,0
48.8372,18,48834753885,2496006,0
48.8398,5,48837276891,2496006,0
48.8423,9,48839799897,2469000,1
48.8423,10,48839799897,2469000,1
48.8423,5,48839799897,2469000,1
48.8448,1,48842266897,2496006,0
48.8473,1,48844825903,2496006,0
48.8498,3,48847348909,2469000,1
48.8498,8,48847348909,2469000,1
48.8523,20,48849815909,2496006,0
48.8548,7,48852338915,2496006,0
48.8573,18,48854861921,2469000,1
48.8573,6,48854861921,2469000,1
48.8598,8,48857337921,2469000,1
48.8598,6,48857337921,2469000,1
48.8623,20,48859804921,2469000,1
48.8623,4,48859804921,2469000,1
48.8648,5,48862271921,2496006,0
48.8673,15,48864803927,2496006,0
48.8698,20,48867326933,2496006,0
48.8723,19,48869849939,2469000,1
48.8723,15,48869849939,2469000,1
48.8723,20,48869849939,2469000,1
48.8748,1,48872325939,2469000,1
48.8748,20,48872325939,2469000,1
48.8773,1,48874801939,2496006,0
48.8798,7,48877324945,2469000,1
48.8798,8,48877324945,2469000,1
48.8823,5,48879800945,2496006,0
48.8848,18,48882341951,2469000,1
48.8848,7,48882341951,2469000,1
48.8873,9,48884826951,2496006,0
48.8898,2,48887349957,2469000,1
48.8898,15,48887349957,2469000,1
48.8926,1,48890147963,2496006,0
48.8952,12,48892706969,2496006,0
48.8977,5,48895229975,2469000,1
48.9002,1,48897705975,2469000,1
48.9002,12,48897705975,2469000,1
48.9027,9,48900172975,2496006,0
48.9052,15,48902713981,2496006,0
48.9077,4,48905236987,2496006,0
48.9103,10,48907777993,2496006,0
48.9128,9,48910300999,2496006,0
48.9153,4,48912824005,2496006,0
48.9178,15,48915347011,2469000,1
48.9178,9,48915347011,2469000,1
48.9203,5,48917832011,2496006,0
48.9232,1,48920686017,2496006,0
48.9257,12,48923227023,2496006,0
48.9282,10,48925759029,2469000,1
48.9282,4,48925759029,2469000,1
48.9307,1,48928253029,2469000,1
48.9307,23,48928253029,2469000,1
48.9307,15,48928253029,2469000,1
48.9332,20,48930720029,2496006,0
48.9357,9,48933243035,2496006,0
48.9382,5,48935766041,2469000,1
48.9382,12,48935766041,2469000,1
48.9407,1,48938233041,2496006,0
48.9433,9,48940756047,2496006,0
48.9458,1,48943288053,2496006,0
48.9483,9,48945820059,2496006,0
48.9508,18,48948352065,2469000,1
48.9508,12,48948352065,2469000,1
48.9533,1,48950819065,2469000,1
48.9533,7,48950819065,2469000,1
48.9558,20,48953304065,2496006,0
48.9583,10,48955827071,2496006,0
48.9608,9,48958350077,2469000,1
48.9608,19,48958350077,2469000,1
48.9633,6,48960835077,2496006,0
48.9659,5,48963367083,2496006,0
48.9684,4,48965890089,2496006,0
48.9709,21,48968413095,2496006,0
48.9734,12,48970945101,2496006,0
48.9759,15,48973468107,2469000,1
48.9759,4,48973468107,2469000,1
48.9784,12,48975935107,2496006,0
48.981,12,48978458113,2496006,0
48.9835,10,48980981119,2496006,0
48.986,6,48983504125,2469000,1
48.986,20,48983504125,2469000,1
48.9884,10,48985980125,2469000,1
48.9909,9,48988447125,2469000,1
48.9909,4,48988447125,2469000,1
48.9909,6,48988447125,2469000,1
48.9934,5,48990914125,2496006,0
48.9962,18,48993750131,2469000,1
48.9962,5,48993750131,2469000,1
48.9987,21,48996226131,2496006,0
49.0038,10,49001281143,2496006,0
49.0063,21,49003813149,2469000,1
49.0063,1,49003813149,2469000,1
49.0063,12,49003813149,2469000,1
49.0088,10,49006280149,2496006,0
49.0113,1,49008803155,2496006,0
49.0138,5,49011335161,2469000,1
49.0138,10,49011335161,2469000,1
49.0163,11,49013820161,2496006,0
49.0189,14,49016388167,2496006,0
49.0214,6,49018911173,2469000,1
49.0214,1,49018911173,2469000,1
49.0242,11,49021691179,2496006,0
49.0267,11,49024214185,2496006,0
49.0292,20,49026737191,2496006,0
49.0317,10,49029260197,2469000,1
49.0317,1,49029260197,2469000,1
49.0342,11,49031736197,2496006,0
49.0368,1,49034259203,2496006,0
49.0393,20,49036791209,2469000,1
49.0393,12,49036791209,2469000,1
49.0393,14,49036791209,2469000,1
49.0417,15,49039258209,2469000,1
49.0417,9,49039258209,2469000,1
49.0442,4,49041725209,2469000,1
49.0442,1,49041725209,2469000,1
49.0442,14,49041725209,2469000,1
49.0467,5,49044210209,2496006,0
49.0492,14,49046733215,2496006,0
49.0518,21,49049256221,2496006,0
49.0543,14,49051779227,2496006,0
49.0568,11,49054302233,2469000,1
49.0568,20,49054302233,2469000,1
49.0593,8,49056787233,2469000,1
49.0593,9,49056787233,2469000,1
49.0593,11,49056787233,2469000,1
49.0617,14,49059272233,2469000,1
49.0617,20,49059272233,2469000,1
49.0642,5,49061739233,2469000,1
49.0642,11,49061739233,2469000,1
49.0667,10,49064233233,2496006,0
49.0693,21,49066765239,2496006,0
49.0718,23,49069288245,2496006,0
49.0743,6,49071865251,2469000,1
49.0743,14,49071865251,2469000,1
49.0768,1,49074332251,2496006,0
49.0794,21,49076864257,2496006,0
49.0819,1,49079387263,2469000,1
49.0844,10,49081854263,2496006,0
49.0869,23,49084377269,2496006,0
49.0895,21,49086972275,2496006,0
49.092,10,49089504281,2496006,0
49.0945,5,49092027287,2469000,1
49.0945,21,49092027287,2469000,1
49.0973,23,49094834293,2496006,0
49.0999,10,49097375299,2496006,0
49.1024,1,49099898305,2496006,0
49.1049,12,49102421311,2496006,0
49.1074,23,49104944317,2469000,1
49.1074,12,49104944317,2469000,1
49.1099,23,49107420317,2496006,0
49.1124,23,49109952323,2496006,0
49.115,7,49112475329,2496006,0
49.1175,1,49115016335,2469000,1
49.1175,7,49115016335,2469000,1
49.12,10,49117492335,2496006,0
49.1225,23,49120024341,2469000,1
49.1225,7,49120024341,2469000,1
49.125,2,49122509341,2469000,1
49.125,11,49122509341,2469000,1
49.1278,14,49125289347,2496006,0
49.1303,10,49127812353,2469000,1
49.1303,21,49127812353,2469000,1
49.1328,12,49130279353,2496006,0
49.1353,14,49132811359,2496006,0
49.1379,14,49135361365,2496006,0
49.1404,1,49137884371,2469000,1
49.1404,14,49137884371,2469000,1
49.1428,8,49140351371,2496006,0
49.1454,10,49142874377,2496006,0
49.1479,12,49145397383,2496006,0
49.1529,3,49150470395,2469000,1
49.1529,21,49150470395,2469000,1
49.1554,10,49152937395,2496006,0
49.158,20,49155496401,2469000,1
49.158,14,49155496401,2469000,1
49.158,8,49155496401,2469000,1
49.1604,13,49157963401,2469000,1
49.1604,14,49157965401,2469000,1
49.1629,23,49160459401,2469000,1
49.1629,12,49160459401,2469000,1
49.1654,4,49162926401,2496006,0
49.1679,5,49165458407,2469000,1
49.1679,10,49165458407,2469000,1
49.1704,10,49167927407,2496006,0
49.173,10,49170504413,2469000,1
49.173,8,49170504413,2469000,1
49.1755,3,49172971413,2496006,0
49.178,4,49175512419,2496006,0
49.1805,7,49178035425,2496006,0
49.1831,4,49180567431,2496006,0
49.1856,3,49183099437,2496006,0
49.1881,3,49185622443,2496006,0
49.1906,18,49188145449,2469000,1
49.1906,12,49188145449,2469000,1
49.1931,7,49190612449,2496006,0
49.1956,4,49193144455,2469000,1
49.1956,3,49193144455,2469000,1
49.1982,6,49195665455,2496006,0
49.201,10,49198510461,2496006,0
49.2035,14,49201033467,2469000,1
49.206,7,49203509467,2496006,0
49.2085,1,49206032473,2496006,0
49.2111,6,49208555479,2496006,0
49.2136,7,49211105485,2496006,0
49.2161,8,49213637491,2496006,0
49.2186,16,49216169497,2469000,1
49.2186,3,49216169497,2469000,1
49.2211,10,49218645497,2496006,0
49.2237,10,49221177503,2496006,0
49.2262,21,49223700509,2496006,0
49.229,5,49226536515,2469000,1
49.229,1,49226536515,2469000,1
49.2315,6,49229003515,2496006,0
49.234,15,49231526521,2496006,0
49.2365,7,49234049527,2469000,1
49.2365,23,49234049527,2469000,1
49.239,4,49236516527,2496006,0
49.2415,15,49239039533,2496006,0
49.244,10,49241580539,2469000,1
49.244,8,49241580539,2469000,1
49.2466,8,49244056539,2496006,0
49.249,6,49246579545,2469000,1
49.249,21,49246579545,2469000,1
49.2515,6,49249048545,2496006,0
49.2541,1,49251571551,2496006,0
49.2566,15,49254103557,2496006,0
49.2591,4,49256626563,2496006,0
49.2616,6,49259149569,2469000,1
49.2616,8,49259149569,2469000,1
49.2641,10,49261625569,2496006,0
49.2666,15,49264148575,2496006,0
49.2691,15,49266671581,2469000,1
49.2716,1,49269138581,2469000,1
49.2716,15,49269140581,2469000,1
49.2741,10,49271616581,2496006,0
49.2766,9,49274139587,2496006,0
49.2792,15,49276680593,2496006,0
49.2817,9,49279203599,2496006,0
49.2842,12,49281735605,2469000,1
49.2842,21,49281735605,2469000,1
49.2842,9,49281735605,2469000,1
49.2867,4,49284202605,2496006,0
49.2892,15,49286725611,2496006,0
49.2917,7,49289248617,2496006,0
49.2942,10,49291771623,2469000,1
49.2942,9,49291771623,2469000,1
49.2967,15,49294247623,2496006,0
49.2993,3,49296806629,2469000,1
49.2993,6,49296806629,2469000,1
49.3021,10,49299595635,2496006,0
49.3046,8,49302127641,2469000,1
49.3046,4,49302127641,2469000,1
49.3071,1,49304612641,2469000,1
49.3071,7,49304612641,2469000,1
49.3096,10,49307097641,2496006,0
49.3121,5,49309620647,2469000,1
49.3121,15,49309620647,2469000,1
49.3146,4,49312105647,2469000,1
49.3146,10,49312105647,2469000,1
49.3171,7,49314572647,2496006,0
49.3196,9,49317131653,2496006,0
49.3222,17,49319663659,2496006,0
49.3272,9,49324745671,2469000,1
49.3272,2,49324745671,2469000,1
49.3297,4,49327212671,2496006,0
49.3325,22,49330048677,2469000,1
49.3325,23,49330048677,2469000,1
49.3325,1,49330048677,2469000,1
49.335,7,49332515677,2469000,1
49.335,15,49332515677,2469000,1
49.335,4,49332515677,2469000,1
49.3375,11,49334991677,2469000,1
49.3375,21,49334991677,2469000,1
49.34,8,49337458677,2496006,0
49.3425,17,49339981683,2469000,1
49.3425,6,49339981683,2469000,1
49.3449,5,49342448683,2496006,0
49.3475,21,49344971689,2496006,0
49.35,4,49347503695,2496006,0
49.3525,21,49350026701,2496006,0
49.3551,11,49352567707,2496006,0
49.3576,4,49355090713,2496006,0
49.3601,10,49357613719,2469000,1
49.3601,8,49357613719,2469000,1
49.3601,4,49357613719,2469000,1
49.3626,11,49360080719,2496006,0
49.3651,5,49362621725,2496006,0
49.3676,9,49365144731,2496006,0
49.3702,20,49367667737,2496006,0
49.3727,5,49370208743,2496006,0
49.3752,21,49372731749,2469000,1
49.3752,10,49372731749,2469000,1
49.3777,7,49375216749,2496006,0
49.3802,11,49377748755,2469000,1
49.3802,3,49377748755,2469000,1
49.3827,9,49380224755,2469000,1
49.3827,17,49380224755,2469000,1
49.3852,7,49382691755,2496006,0
49.3877,5,49385223761,2469000,1
49.3902,8,49387690761,2469000,1
49.3902,20,49387690761,2469000,1
49.3927,9,49390166761,2496006,0
49.3952,21,49392707767,2469000,1
49.3952,11,49392707767,2469000,1
49.3977,7,49395183767,2469000,1
49.3977,5,49395183767,2469000,1
49.4001,1,49397659767,2469000,1
49.4001,4,49397659767,2469000,1
49.4026,9,49400135767,2496006,0
49.4055,17,49402998773,2469000,1
49.4055,20,49402998773,2469000,1
49.408,15,49405483773,2496006,0
49.4105,11,49408015779,2496006,0
49.4131,10,49410556785,2496006,0
49.4156,7,49413088791,2469000,1
49.4156,9,49413088791,2469000,1
49.4181,15,49415573791,2496006,0
49.4206,11,49418096797,2469000,1
49.4206,15,49418096797,2469000,1
49.4231,9,49420581797,2496006,0
49.4256,10,49423104803,2496006,0
49.4281,19,49425672809,2469000,1
49.4281,11,49425672809,2469000,1
49.4306,5,49428139809,2496006,0
49.4335,21,49430984815,2469000,1
49.4335,4,49430984815,2469000,1
49.4335,15,49430984815,2469000,1
49.4385,10,49435983821,2496006,0
49.441,5,49438506827,2496006,0
49.4435,17,49441038833,2469000,1
49.4435,9,49441038833,2469000,1
49.446,12,49443514833,2469000,1
49.446,11,49443514833,2469000,1
49.4485,23,49446017833,2496006,0
49.451,10,49448540839,2496006,0
49.4535,14,49451063845,2469000,1
49.4535,7,49451063845,2469000,1
49.4535,5,49451063845,2469000,1
49.456,23,49453539845,2496006,0
49.4585,8,49456071851,2469000,1
49.4585,9,49456071851,2469000,1
49.4611,10,49458556851,2496006,0
49.4636,23,49461079857,2496006,0
49.4661,4,49463611863,2469000,1
49.4661,23,49463611863,2469000,1
49.4686,6,49466105863,2496006,0
49.4711,21,49468637869,2496006,0
49.4737,23,49471160875,2496006,0
49.4762,6,49473683881,2469000,1
49.4762,23,49473683881,2469000,1
49.4786,10,49476150881,2469000,1
49.4786,20,49476150881,2469000,1
49.4837,21,49481185887,2496006,0
49.4862,23,49483726893,2496006,0
49.4888,5,49486258899,2496006,0
49.4913,21,49488790905,2496006,0
49.4938,21,49491313911,2496006,0
49.4963,23,49493836917,2469000,1
49.4963,7,49493836917,2469000,1
49.4988,21,49496303917,2496006,0
49.5013,18,49498835923,2496006,0
49.5039,21,49501367929,2496006,0
49.5067,18,49504221935,2469000,1
49.5067,23,49504221935,2469000,1
49.5092,1,49506706935,2469000,1
49.5092,15,49506706935,2469000,1
49.5116,9,49509173935,2469000,1
49.5116,10,49509173935,2469000,1
49.5116,5,49509173935,2469000,1
49.5141,6,49511649935,2469000,1
49.5141,10,49511649935,2469000,1
49.5167,21,49514170935,2496006,0
49.5217,18,49519225947,2496006,0
49.5243,9,49521793953,2496006,0
49.5268,21,49524325959,2496006,0
49.5293,21,49526848965,2496006,0
49.5319,3,49529371971,2496006,0
49.5344,20,49531894977,2496006,0
49.5372,9,49534730983,2469000,1
49.5372,5,49534730983,2469000,1
49.5397,18,49537197983,2496006,0
49.5422,23,49539720989,2496006,0
49.5448,21,49542261995,2496006,0
49.5473,6,49544785001,2496006,0
49.5498,23,49547317007,2496006,0
49.5523,18,49549840013,2469000,1
49.5523,3,49549840013,2469000,1
49.5523,20,49549840013,2469000,1
49.5548,23,49552343013,2469000,1
49.5548,9,49552343013,2469000,1
49.5573,21,49554810013,2496006,0
49.5598,6,49557333019,2469000,1
49.5598,17,49557333019,2469000,1
49.5623,23,49559809019,2496006,0
49.5648,23,49562332025,2496006,0
49.5673,21,49564864031,2469000,1
49.5673,20,49564864031,2469000,1
49.5699,10,49567367031,2496006,0
49.5724,5,49569890037,2496006,0
49.5749,20,49572413043,2496006,0
49.5774,23,49574936049,2496006,0
49.58,20,49577486055,2496006,0
49.5825,10,49580009061,2496006,0
49.585,3,49582532067,2469000,1
49.585,21,49582532067,2469000,1
49.5875,10,49584999067,2496006,0
49.59,18,49587522073,2469000,1
49.59,3,49587522073,2469000,1
49.5925,6,49589989073,2496006,0
49.595,23,49592512079,2496006,0
49.5975,11,49595035085,2496006,0
49.6,8,49597567091,2469000,1
49.6,11,49597567091,2469000,1
49.6025,6,49600034091,2469000,1
49.6025,5,49600034091,2469000,1
49.605,20,49602510091,2496006,0
49.6075,15,49605042097,2469000,1
49.6103,10,49607822103,2469000,1
49.6103,5,49607822103,2469000,1
49.6128,23,49610334103,2496006,0
49.6154,11,49612866109,2496006,0
49.6179,20,49615389115,2496006,0
49.6204,9,49617930121,2496006,0
49.6229,18,49620453127,2496006,0
49.6254,20,49622976133,2469000,1
49.6254,23,49622976133,2469000,1
49.6254,5,49622976133,2469000,1
49.628,23,49625497133,2496006,0
49.6305,9,49628020139,2469000,1
49.6305,13,49628020139,2469000,1
49.6305,12,49628020139,2469000,1
49.633,11,49630496139,2469000,1
49.633,23,49630496139,2469000,1
49.6354,18,49632963139,2469000,1
49.6354,11,49632965139,2469000,1
49.6382,9,49635745145,2496006,0
49.6408,6,49638268151,2496006,0
49.6433,18,49640818157,2496006,0
49.6458,6,49643341163,2469000,1
49.6458,10,49643341163,2469000,1
49.6483,9,49645808163,2496006,0
49.6534,13,49650872175,2496006,0
49.6559,21,49653395181,2496006,0
49.6584,23,49655918187,2496006,0
49.6609,21,49658450193,2496006,0
49.6635,9,49660973199,2496006,0
49.666,18,49663496205,2496006,0
49.6685,18,49666019211,2496006,0
49.671,20,49668551217,2496006,0
49.6736,9,49671074223,2496006,0
49.6761,6,49673597229,2496006,0
49.6786,23,49676120235,2469000,1
49.6786,13,49676120235,2469000,1
49.6811,20,49678587235,2496006,0
49.6836,9,49681110241,2496006,0
49.6861,9,49683633247,2496006,0
49.6886,6,49686174253,2469000,1
49.6886,21,49686174253,2469000,1
49.6911,20,49688650253,2469000,1
49.6911,18,49688650253,2469000,1
49.6911,4,49688650253,2469000,1
49.6936,11,49691144253,2496006,0
49.6962,11,49693676259,2496006,0
49.6987,9,49696199265,2496006,0
49.7038,9,49701272277,2496006,0
49.7063,11,49703822283,2469000,1
49.7063,3,49703822283,2469000,1
49.7063,23,49703822283,2469000,1
49.7088,11,49706291283,2496006,0
49.7116,18,49709127289,2469000,1
49.7116,11,49709127289,2469000,1
49.7141,9,49711603289,2496006,0
49.7166,10,49714126295,2469000,1
49.7166,13,49714126295,2469000,1
49.7166,6,49714126295,2469000,1
49.7191,21,49716593295,2496006,0
49.7216,9,49719152301,2496006,0
49.7242,21,49721675307,2496006,0
49.7267,20,49724198313,2496006,0
49.7292,5,49726721319,2496006,0
49.7318,5,49729271325,2496006,0
49.7343,21,49731803331,2469000,1
49.7343,5,49731803331,2469000,1
49.7368,9,49734288331,2469000,1
49.7368,11,49734288331,2469000,1
49.7392,18,49736773331,2469000,1
49.7392,20,49736773331,2469000,1
49.742,9,49739553337,2496006,0
49.7446,9,49742085343,2496006,0
49.7471,6,49744617349,2496006,0
49.7522,13,49749672361,2496006,0
49.7547,9,49752240367,2469000,1
49.7547,15,49752240367,2469000,1
49.7572,5,49754707367,2469000,1
49.7572,20,49754707367,2469000,1
49.7597,9,49757192367,2496006,0
49.7622,21,49759715373,2496006,0
49.7647,6,49762238379,2469000,1
49.7647,9,49762238379,2469000,1
49.7672,13,49764714379,2496006,0
49.7697,5,49767246385,2496006,0
49.7723,8,49769787391,2469000,1
49.7723,9,49769787391,2469000,1
49.7747,5,49772263391,2469000,1
49.7747,13,49772263391,2469000,1
49.7772,23,49774739391,2496006,0
49.7798,21,49777271397,2496006,0
49.7823,7,49779803403,2469000,1
49.7823,21,49779803403,2469000,1
49.7848,9,49782279403,2496006,0
49.7873,10,49784811409,2496006,0
49.7898,13,49787343415,2469000,1
49.7898,9,49787343415,2469000,1
49.7923,6,49789810415,2469000,1
49.7948,23,49792277415,2496006,0
49.7973,21,49794818421,2496006,0
49.7998,23,49797368427,2469000,1
49.7998,10,49797368427,2469000,1
49.8024,9,49799871427,2496006,0
49.8049,5,49802403433,2496006,0
49.8074,13,49804926439,2469000,1
49.8074,5,49804926439,2469000,1
49.8099,11,49807402439,2496006,0
49.8124,9,49809925445,2469000,1
49.8124,20,49809925445,2469000,1
49.8124,6,49809925445,2469000,1
49.8124,21,49809925445,2469000,1
49.8152,14,49812723451,2469000,1
49.8152,21,49812723451,2469000,1
49.8177,15,49815190451,2496006,0
49.8202,9,49817740457,2496006,0
49.8228,11,49820263463,2496006,0
49.8253,5,49822795469,2496006,0
49.8278,15,49825318475,2496006,0
49.8303,9,49827850481,2469000,1
49.8303,10,49827850481,2469000,1
49.8328,5,49830317481,2496006,0
49.8353,23,49832849487,2469000,1
49.8353,5,49832849487,2469000,1
49.8378,15,49835316487,2496006,0
49.8403,11,49837839493,2496006,0
49.8432,11,49840729499,2469000,1
49.8432,18,49840729499,2469000,1
49.8457,9,49843205499,2496006,0
49.8482,15,49845728505,2496006,0
49.8507,15,49848251511,2496006,0
49.8533,10,49850792517,2496006,0
49.8558,22,49853324523,2469000,1
49.8558,10,49853324523,2469000,1
49.8583,11,49855800523,2496006,0
49.8608,10,49858323529,2496006,0
49.8633,9,49860855535,2469000,1
49.8633,8,49860855535,2469000,1
49.8633,11,49860855535,2469000,1
49.8658,15,49863322535,2496006,0
49.8683,10,49865845541,2469000,1
49.8683,11,49865845541,2469000,1
49.8734,5,49870880547,2496006,0
49.8759,9,49873403553,2469000,1
49.8759,15,49873403553,2469000,1
49.8783,21,49875879553,2469000,1
49.8783,10,49875879553,2469000,1
49.8809,5,49878364553,2496006,0
49.8834,4,49880887559,2496006,0
49.8859,13,49883419565,2496006,0
49.8884,10,49885951571,2469000,1
49.8884,13,49885951571,2469000,1
49.8909,18,49888418571,2496006,0
49.8934,23,49890941577,2496006,0
49.8959,4,49893464583,2469000,1
49.8959,11,49893464583,2469000,1
49.8985,18,49895958583,2496006,0
49.901,23,49898481589,2469000,1
49.901,5,49898481589,2469000,1
49.9035,4,49900957589,2496006,0
49.906,18,49903507595,2496006,0
49.9085,15,49906030601,2469000,1
49.911,9,49908515601,2469000,1
49.911,5,49908515601,2469000,1
49.9135,4,49911009601,2496006,0
49.9163,18,49913845607,2496006,0
49.9189,13,49916377613,2496006,0
49.9214,13,49918909619,2496006,0
49.9239,18,49921459625,2469000,1
49.9239,3,49921459625,2469000,1
49.9239,5,49921459625,2469000,1
49.9264,9,49923935625,2496006,0
49.929,4,49926458631,2496006,0
49.9315,13,49928999637,2496006,0
49.934,6,49931522643,2469000,1
49.934,23,49931522643,2469000,1
49.9365,11,49934007643,2469000,1
49.9365,5,49934007643,2469000,1
49.939,15,49936483643,2496006,0
49.9415,4,49939006649,2496006,0
49.944,4,49941529655,2469000,1
49.9468,9,49944318661,2496006,0
49.9494,13,49946859667,2496006,0
49.9519,15,49949409673,2469000,1
49.9519,5,49949409673,2469000,1
49.9544,18,49951894673,2496006,0
49.9569,18,49954435679,2496006,0
49.9594,20,49956976685,2469000,1
49.9594,4,49956976685,2469000,1
49.9594,9,49956976685,2469000,1
49.9619,13,49959452685,2496006,0
49.9645,13,49961984691,2496006,0
49.9696,9,49967084703,2496006,0
49.9721,13,49969607709,2469000,1
49.9721,18,49969607709,2469000,1
49.9746,4,49972074709,2496006,0
49.9771,15,49974624715,2496006,0
49.9797,23,49977165721,2496006,0
49.9822,4,49979706727,2496006,0
49.9847,9,49982247733,2496006,0
49.9873,15,49984779739,2496006,0
49.9898,4,49987311745,2469000,1
49.9898,6,49987311745,2469000,1
49.9898,13,49987311745,2469000,1
49.9923,23,49989778745,2496006,0
49.9948,15,49992301751,2496006,0
49.9974,9,49994887757,2496006,0
49.9999,23,49997410763,2496006,0
50.0024,18,49999942769,2496006,0
50.005,21,50002483775,2469000,1
50.005,4,50002483775,2469000,1
50.005,18,50002483775,2469000,1
50.0074,9,50004959775,2469000,1
50.0074,15,50004959775,2469000,1
50.0099,13,50007435775,2496006,0
50.015,23,50012490787,2496006,0
50.0175,23,50015022793,2496006,0
50.0203,19,50017876799,2469000,1
50.0203,9,50017876799,2469000,1
50.0228,23,50020361799,2469000,1
50.0228,1,50020361799,2469000,1
50.0228,10,50020361799,2469000,1
50.0253,13,50022828799,2496006,0
50.0278,18,50025351805,2496006,0
50.0304,13,50027892811,2496006,0
50.0355,17,50032992823,2496006,0
50.038,18,50035515829,2496006,0
50.0405,13,50038056835,2469000,1
50.0405,15,50038056835,2469000,1
50.043,17,50040523835,2496006,0
50.0456,18,50043118841,2496006,0
50.0485,13,50045954847,2496006,0
50.051,17,50048486853,2469000,1
50.051,23,50048486853,2469000,1
50.0535,17,50050955853,2496006,0
50.056,4,50053487859,2496006,0
50.0585,17,50056010865,2496006,0
50.0611,13,50058569871,2496006,0
50.0636,18,50061110877,2496006,0
50.0661,4,50063642883,2469000,1
50.0661,18,50063642883,2469000,1
50.0686,17,50066109883,2496006,0
50.0711,13,50068632889,2496006,0
50.0736,13,50071164895,2469000,1
50.0761,12,50073649895,2496006,0
50.0787,17,50076199901,2496006,0
50.0812,18,50078740907,2469000,1
50.0812,13,50078740907,2469000,1
50.0837,9,50081225907,2496006,0
50.0862,17,50083748913,2496006,0
50.0888,17,50086280919,2496006,0
50.0913,12,50088812925,2496006,0
50.0938,11,50091344931,2496006,0
50.0989,11,50096399943,2496006,0
50.1014,15,50098922949,2469000,1
50.1014,4,50098922949,2469000,1
50.1014,13,50098922949,2469000,1
50.1039,9,50101398949,2496006,0
50.1064,12,50103921955,2496006,0
50.1089,17,50106444961,2496006,0
50.1115,18,50108976967,2496006,0
50.114,20,50111544973,2496006,0
50.1166,9,50114067979,2496006,0
50.1191,11,50116590985,2496006,0
50.1219,23,50119426991,2496006,0
50.1244,12,50121949997,2496006,0
50.1269,17,50124473003,2469000,1
50.1269,12,50124473003,2469000,1
50.1294,7,50126940003,2469000,1
50.1319,18,50129416003,2496006,0
50.1345,20,50131957009,2496006,0
50.137,11,50134489015,2496006,0
50.1395,9,50137012021,2496006,0
50.142,11,50139544027,2496006,0
50.1446,12,50142076033,2496006,0
50.1471,18,50144599039,2469000,1
50.1471,23,50144599039,2469000,1
50.1496,9,50147102039,2469000,1
50.1496,20,50147102039,2469000,1
50.1496,4,50147102039,2469000,1
50.1524,12,50149882045,2496006,0
50.1549,11,50152423051,2469000,1
50.1549,20,50152423051,2469000,1
50.1574,23,50154917051,2496006,0
50.1625,21,50159963063,2496006,0
50.165,17,50162504069,2469000,1
50.165,9,50162504069,2469000,1
50.1675,23,50164980069,2496006,0
50.17,12,50167512075,2496006,0
50.1725,18,50170035081,2496006,0
50.1751,21,50172558087,2496006,0
50.1776,12,50175117093,2469000,1
50.1776,23,50175117093,2469000,1
50.1776,9,50175117093,2469000,1
50.1801,11,50177629093,2496006,0
50.1827,12,50180161099,2496006,0
50.1852,18,50182693105,2469000,1
50.1877,21,50185160105,2496006,0
50.1902,11,50187728111,2496006,0
50.1928,6,50190260117,2496006,0
50.1953,12,50192792123,2496006,0
50.1978,21,50195315129,2469000,1
50.1978,6,50195315129,2469000,1
50.2003,11,50197782129,2496006,0
50.2028,23,50200341135,2496006,0
50.2054,12,50202873141,2496006,0
50.2104,23,50207937153,2496006,0
50.213,21,50210460159,2496006,0
50.2155,12,50212992165,2469000,1
50.2155,6,50212992165,2469000,1
50.2179,11,50215468165,2469000,1
50.2179,18,50215468165,2469000,1
50.2204,20,50217953165,2496006,0
50.2233,15,50220816171,2496006,0
50.2258,20,50223339177,2496006,0
50.2284,17,50225862183,2496006,0
50.2309,20,50228385189,2469000,1
50.2309,17,50228385189,2469000,1
50.2333,23,50230852189,2469000,1
50.2333,21,50230852189,2469000,1
50.2333,11,50230852189,2469000,1
50.2333,15,50230852189,2469000,1
50.2384,13,50235860195,2496006,0
50.2409,20,50238401201,2496006,0
50.2434,13,50240942207,2469000,1
50.2434,21,50240942207,2469000,1
50.2459,12,50243418207,2496006,0
50.2484,11,50245941213,2469000,1
50.2484,15,50245941213,2469000,1
50.2509,20,50248408213,2496006,0
50.2538,18,50251298219,2496006,0
50.2563,16,50253821225,2496006,0
50.2588,17,50256353231,2496006,0
50.2614,18,50258894237,2469000,1
50.2614,12,50258894237,2469000,1
50.2638,4,50261361237,2469000,1
50.2638,23,50261361237,2469000,1
50.2638,20,50261361237,2469000,1
50.2663,9,50263828237,2469000,1
50.2663,15,50263828237,2469000,1
50.2688,13,50266313237,2496006,0
50.2713,16,50268836243,2496006,0
50.2738,18,50271368249,2469000,1
50.2738,16,50271368249,2469000,1
50.2763,16,50273844249,2496006,0
50.2789,17,50276367255,2496006,0
50.2814,16,50278890261,2496006,0
50.2839,6,50281422267,2496006,0
50.2864,16,50283945273,2496006,0
50.289,13,50286468279,2496006,0
50.2915,21,50288991285,2496006,0
50.2965,17,50294073297,2469000,1
50.2965,20,50294073297,2469000,1
50.299,13,50296540297,2496006,0
50.3016,18,50299072303,2496006,0
50.3041,21,50301595309,2469000,1
50.3041,6,50301595309,2469000,1
50.3066,17,50304062309,2496006,0
50.3091,16,50306585315,2496006,0
50.3116,12,50309126321,2496006,0
50.3141,16,50311649327,2496006,0
50.3167,21,50314181333,2496006,0
50.3192,13,50316704339,2496006,0
50.3217,17,50319227345,2469000,1
50.3217,6,50319227345,2469000,1
50.3242,18,50321694345,2496006,0
50.327,13,50324539351,2496006,0
50.3295,21,50327062357,2469000,1
50.3295,16,50327062357,2469000,1
50.332,12,50329529357,2496006,0
50.3345,10,50332052363,2469000,1
50.3345,6,50332052363,2469000,1
50.3345,12,50332052363,2469000,1
50.337,6,50334537363,2496006,0
50.3396,13,50337069369,2496006,0
50.3421,22,50339592375,2469000,1
50.3421,18,50339592375,2469000,1
50.3446,17,50342068375,2496006,0
50.3471,16,50344618381,2496006,0
50.3496,21,50347141387,2496006,0
50.3522,22,50349664393,2496006,0
50.355,6,50352500399,2496006,0
50.3575,23,50355032405,2469000,1
50.3575,12,50355032405,2469000,1
50.36,13,50357499405,2469000,1
50.36,22,50357499405,2469000,1
50.3625,17,50359966405,2496006,0
50.365,21,50362489411,2469000,1
50.365,16,50362489411,2469000,1
50.3675,18,50364974411,2496006,0
50.37,16,50367506417,2496006,0
50.3725,6,50370038423,2496006,0
50.3751,20,50372570429,2496006,0
50.3776,22,50375111435,2496006,0
50.3801,18,50377634441,2469000,1
50.3801,22,50377634441,2469000,1
50.3826,17,50380101441,2496006,0
50.3851,16,50382624447,2496006,0
50.3876,6,50385147453,2496006,0
50.3902,13,50387706459,2496006,0
50.3927,12,50390229465,2469000,1
50.3952,17,50392696465,2469000,1
50.3952,20,50392696465,2469000,1
50.3952,13,50392696465,2469000,1
50.3977,16,50395172465,2496006,0
50.4002,20,50397695471,2496006,0
50.4027,21,50400218477,2496006,0
50.4052,13,50402741483,2496006,0
50.4077,6,50405264489,2469000,1
50.4077,17,50405264489,2469000,1
50.4102,21,50407731489,2496006,0
50.4128,21,50410254495,2496006,0
50.4153,20,50412777501,2496006,0
50.4178,20,50415318507,2496006,0
50.4203,18,50417850513,2469000,1
50.4203,13,50417850513,2469000,1
50.4203,6,50417850513,2469000,1
50.4228,16,50420317513,2469000,1
50.4228,18,50420319513,2469000,1
50.4253,21,50422786513,2496006,0
50.4281,20,50425622519,2496006,0
50.4306,22,50428145525,2496006,0
50.4332,11,50430668531,2496006,0
50.4357,21,50433200537,2469000,1
50.4357,20,50433200537,2469000,1
50.4382,6,50435667537,2496006,0
50.4407,20,50438208543,2496006,0
50.4432,18,50440731549,2496006,0
50.4458,6,50443254555,2496006,0
50.4482,22,50445777561,2469000,1
50.4482,11,50445777561,2469000,1
50.4508,15,50448262561,2496006,0
50.4533,20,50450794567,2469000,1
50.4533,23,50450794567,2469000,1
50.4533,15,50450794567,2469000,1
50.4558,20,50453263567,2496006,0
50.4586,6,50456108573,2469000,1
50.4586,11,50456108573,2469000,1
50.4611,13,50458593573,2496006,0
50.4636,20,50461116579,2469000,1
50.4636,16,50461116579,2469000,1
50.4661,18,50463583579,2469000,1
50.4711,20,50468584585,2496006,0
50.4736,11,50471107591,2496006,0
50.4761,20,50473639597,2496006,0
50.4787,20,50476162603,2496006,0
50.4812,6,50478685609,2469000,1
50.4812,18,50478685609,2469000,1
50.4837,13,50481161609,2496006,0
50.4862,21,50483684615,2469000,1
50.4862,15,50483684615,2469000,1
50.4862,20,50483684615,2469000,1
50.4887,13,50486178615,2496006,0
50.4912,11,50488710621,2469000,1
50.4912,22,50488710621,2469000,1
50.4937,13,50491213621,2496006,0
50.4962,17,50493745627,2496006,0
50.4988,13,50496286633,2496006,0
50.5013,17,50498818639,2469000,1
50.5013,20,50498818639,2469000,1
50.5013,13,50498818639,2469000,1
50.5038,11,50501294639,2496006,0
50.5064,6,50503889645,2496006,0
50.5089,4,50506430651,2469000,1
50.5089,21,50506430651,2469000,1
50.5114,3,50508906651,2496006,0
50.5139,11,50511429657,2496006,0
50.519,6,50516475669,2496006,0
50.5215,16,50519007675,2469000,1
50.5215,6,50519007675,2469000,1
50.524,17,50521474675,2496006,0
50.5265,6,50523997681,2496006,0
50.529,17,50526520687,2496006,0
50.5319,9,50529356693,2496006,0
50.5343,3,50531879699,2469000,1
50.5343,9,50531879699,2469000,1
50.5369,13,50534355699,2496006,0
50.5394,9,50536887705,2496006,0
50.5419,9,50539410711,2496006,0
50.5444,11,50541933717,2469000,1
50.5444,9,50541933717,2469000,1
50.5469,18,50544427717,2496006,0
50.5495,6,50546959723,2496006,0
50.552,22,50549482729,2469000,1
50.552,11,50549482729,2469000,1
50.5544,17,50551949729,2496006,0
50.557,13,50554472735,2496006,0
50.5598,15,50557326741,2496006,0
50.5624,11,50559858747,2496006,0
50.5649,12,50562390753,2469000,1
50.5649,20,50562390753,2469000,1
50.5673,18,50564857753,2469000,1
50.5673,3,50564857753,2469000,1
50.5698,15,50567333753,2496006,0
50.5724,17,50569856759,2496006,0
50.5748,6,50572379765,2469000,1
50.5748,13,50572379765,2469000,1
50.5773,11,50574846765,2469000,1
50.5798,9,50577313765,2496006,0
50.5823,17,50579836771,2496006,0
50.5849,9,50582386777,2469000,1
50.5849,17,50582386777,2469000,1
50.5873,6,50584853777,2496006,0
50.5899,15,50587376783,2496006,0
50.5924,6,50589908789,2496006,0
50.5949,13,50592440795,2496006,0
50.5975,18,50594963801,2496006,0
50.6,15,50597486807,2469000,1
50.6,9,50597486807,2469000,1
50.6024,17,50599953807,2469000,1
50.6024,13,50599953807,2469000,1
50.6049,6,50602420807,2496006,0
50.6074,5,50604943813,2469000,1
50.6074,2,50604943813,2469000,1
50.61,6,50607455813,2496006,0
50.6125,18,50609996819,2469000,1
50.6125,15,50609996819,2469000,1
50.615,11,50612472819,2496006,0
50.6175,9,50615013825,2469000,1
50.6175,11,50615013825,2469000,1
50.62,13,50617480825,2496006,0
50.6225,6,50620039831,2496006,0
50.625,16,50622580837,2469000,1
50.625,11,50622580837,2469000,1
50.6276,13,50625056837,2496006,0
50.63,12,50627579843,2469000,1
50.6329,15,50630359849,2496006,0
50.6354,18,50632882855,2469000,1
50.6354,15,50632882855,2469000,1
50.6378,3,50635349855,2496006,0
50.6403,22,50637872861,2469000,1
50.6403,6,50637872861,2469000,1
50.6428,15,50640348861,2496006,0
50.6454,13,50642880867,2496006,0
50.6479,15,50645421873,2496006,0
50.6505,3,50647989879,2496006,0
50.653,13,50650530885,2469000,1
50.653,21,50650530885,2469000,1
50.6555,18,50653006885,2496006,0
50.658,15,50655529891,2496006,0
50.6605,13,50658052897,2469000,1
50.6605,21,50658052897,2469000,1
50.6633,20,50660832903,2496006,0
50.6659,17,50663382909,2496006,0
50.6684,3,50665914915,2469000,1
50.6684,15,50665914915,2469000,1
50.6709,18,50668381915,2496006,0
50.6734,11,50670913921,2469000,1
50.6734,18,50670913921,2469000,1
50.6759,6,50673380921,2496006,0
50.6784,20,50675912927,2469000,1
50.6784,6,50675912927,2469000,1
50.6834,17,50680938933,2496006,0
50.6859,18,50683461939,2469000,1
50.6859,20,50683461939,2469000,1
50.6884,17,50685937939,2496006,0
50.691,6,50688487945,2469000,1
50.691,17,50688487945,2469000,1
50.6935,17,50690981945,2496006,0
50.696,6,50693513951,2496006,0
50.6985,17,50696036957,2496006,0
50.701,3,50698577963,2469000,1
50.701,6,50698577963,2469000,1
50.7035,15,50701044963,2496006,0
50.7061,20,50703567969,2496006,0
50.7086,20,50706126975,2496006,0
50.7111,20,50708649981,2496006,0
50.7137,17,50711172987,2496006,0
50.7162,17,50713704993,2496006,0
50.7187,6,50716227999,2496006,0
50.7212,15,50718760005,2469000,1
50.7212,17,50718760005,2469000,1
50.7212,6,50718760005,2469000,1
50.7262,20,50723759011,2469000,1
50.7262,16,50723759011,2469000,1
50.7288,20,50726262011,2496006,0
50.7313,13,50728794017,2496006,0
50.7338,20,50731317023,2496006,0
50.7367,4,50734189029,2496006,0
50.7392,13,50736712035,2469000,1
50.7392,5,50736712035,2469000,1
50.7417,13,50739181035,2496006,0
50.7442,6,50741713041,2496006,0
50.7468,13,50744254047,2496006,0
50.7493,20,50746795053,2496006,0
50.7518,17,50749318059,2469000,1
50.7518,4,50749318059,2469000,1
50.7543,15,50751785059,2496006,0
50.7568,20,50754317065,2496006,0
50.7593,23,50756840071,2496006,0
50.7618,18,50759363077,2469000,1
50.7618,15,50759363077,2469000,1
50.7646,13,50762152083,2469000,1
50.7646,4,50762152083,2469000,1
50.7646,23,50762152083,2469000,1
50.7671,9,50764619083,2469000,1
50.7671,6,50764619083,2469000,1
50.7696,20,50767086083,2496006,0
50.7721,3,50769609089,2496006,0
50.7746,13,50772132095,2496006,0
50.7772,20,50774664101,2496006,0
50.7797,13,50777205107,2469000,1
50.7797,15,50777205107,2469000,1
50.7822,17,50779681107,2469000,1
50.7822,6,50779681107,2469000,1
50.7846,20,50782148107,2469000,1
50.7846,3,50782148107,2469000,1
50.7871,13,50784651107,2496006,0
50.7897,23,50787183113,2496006,0
50.7922,8,50789706119,2469000,1
50.7922,11,50789706119,2469000,1
50.7948,13,50792263119,2496006,0
50.7998,23,50797327131,2496006,0
50.8023,4,50799850137,2469000,1
50.8023,6,50799850137,2469000,1
50.8048,20,50802317137,2496006,0
50.8074,15,50804858143,2496006,0
50.8099,13,50807381149,2469000,1
50.8099,3,50807381149,2469000,1
50.8123,20,50809848149,2496006,0
50.8149,15,50812389155,2496006,0
50.8174,23,50814912161,2496006,0
50.8199,23,50817435167,2496006,0
50.8225,20,50819976173,2496006,0
50.825,13,50822508179,2496006,0
50.8275,15,50825031185,2496006,0
50.8301,17,50827581191,2496006,0
50.8326,20,50830104197,2496006,0
50.8379,23,50835463209,2469000,1
50.8379,3,50835463209,2469000,1
50.8404,6,50837948209,2496006,0
50.843,13,50840489215,2496006,0
50.8455,13,50843012221,2496006,0
50.848,15,50845544227,2496006,0
50.8506,17,50848085233,2496006,0
50.8531,13,50850608239,2496006,0
50.8556,20,50853131245,2496006,0
50.8581,17,50855672251,2469000,1
50.8581,15,50855672251,2469000,1
50.8606,10,50858139251,2469000,1
50.8606,20,50858139251,2469000,1
50.8631,6,50860606251,2496006,0
50.8656,15,50863138257,2496006,0
50.8685,3,50865983263,2496006,0
50.871,17,50868506269,2496006,0
50.8735,23,50871029275,2496006,0
50.876,13,50873552281,2469000,1
50.876,20,50873552281,2469000,1
50.8785,15,50876028281,2469000,1
50.8785,17,50876028281,2469000,1
50.881,13,50878495281,2469000,1
50.8835,6,50880962281,2496006,0
50.886,23,50883503287,2496006,0
50.8885,3,50886044293,2496006,0
50.8911,17,50888594299,2469000,1
50.8911,3,50888594299,2469000,1
50.8936,15,50891070299,2496006,0
50.8961,15,50893602305,2496006,0
50.8986,15,50896125311,2496006,0
50.9011,6,50898648317,2496006,0
50.9037,23,50901171323,2496006,0
50.9062,7,50903730329,2496006,0
50.9088,23,50906307335,2469000,1
50.9088,15,50906307335,2469000,1
50.9113,18,50908774335,2496006,0
50.9138,6,50911297341,2469000,1
50.9138,23,50911297341,2469000,1
50.9163,18,50913764341,2496006,0
50.9213,22,50918810353,2496006,0
50.9238,7,50921333359,2496006,0
50.9264,20,50923856365,2496006,0
50.9289,5,50926379371,2496006,0
50.9314,3,50928911377,2496006,0
50.9339,18,50931434383,2469000,1
50.9339,4,50931434383,2469000,1
50.9364,5,50933919383,2469000,1
50.9364,9,50933919383,2469000,1
50.9389,13,50936395383,2496006,0
50.9417,18,50939231389,2496006,0
50.9442,22,50941772395,2469000,1
50.9442,20,50941772395,2469000,1
50.9442,3,50941772395,2469000,1
50.9467,6,50944248395,2469000,1
50.9467,23,50944248395,2469000,1
50.9467,7,50944248395,2469000,1
50.9467,3,50944248395,2469000,1
50.9492,17,50946724395,2469000,1
50.9492,15,50946724395,2469000,1
50.9517,5,50949191395,2469000,1
50.9517,23,50949191395,2469000,1
50.9542,13,50951667395,2496006,0
50.9567,15,50954190401,2496006,0
50.9592,20,50956722407,2496006,0
50.9617,18,50959245413,2496006,0
50.9642,23,50961768419,2469000,1
50.9642,18,50961768419,2469000,1
50.9667,22,50964244419,2469000,1
50.9695,18,50967033425,2496006,0
50.9721,7,50969592431,2496006,0
50.9746,13,50972115437,2469000,1
50.9746,15,50972115437,2469000,1
50.9771,20,50974582437,2469000,1
50.9771,7,50974582437,2469000,1
50.9796,15,50977076437,2496006,0
50.9821,18,50979599443,2469000,1
50.9821,6,50979599443,2469000,1
50.9821,15,50979599443,2469000,1
50.9845,13,50982075443,2469000,1
50.9845,18,50982075443,2469000,1
50.9871,22,50984596443,2496006,0
50.9897,20,50987173449,2496006,0
50.9922,5,50989723455,2496006,0
50.9947,7,50992255461,2469000,1
50.9972,22,50994722461,2469000,1
50.9972,3,50994722461,2469000,1
50.9997,15,50997189461,2469000,1
50.9997,5,50997189461,2469000,1
51.0022,20,50999674461,2496006,0
51.0047,20,51002197467,2496006,0
51.0073,22,51004756473,2496006,0
51.0098,22,51007288479,2496006,0
51.0123,13,51009811485,2496006,0
51.0149,20,51012370491,2496006,0
51.0174,22,51014920497,2496006,0
51.0199,20,51017443503,2469000,1
51.0224,22,51019910503,2496006,0
51.0274,13,51024956515,2469000,1
51.0274,15,51024956515,2469000,1
51.0299,5,51027450515,2496006,0
51.0325,19,51029991521,2496006,0
51.035,18,51032523527,2496006,0
51.0375,19,51035046533,2496006,0
51.0401,22,51037587539,2496006,0
51.0429,20,51040432545,2496006,0
51.0455,5,51042955551,2496006,0
51.048,19,51045505557,2496006,0
51.0505,22,51048028563,2469000,1
51.053,19,51050495563,2496006,0
51.0555,7,51053018569,2496006,0
51.058,20,51055541575,2496006,0
51.0606,18,51058064581,2496006,0
51.0631,5,51060596587,2469000,1
51.0631,20,51060596587,2469000,1
51.0656,18,51063081587,2496006,0
51.0681,13,51065604593,2469000,1
51.0681,22,51065604593,2469000,1
51.0705,19,51068071593,2469000,1
51.0705,22,51068073593,2469000,1
51.0733,7,51070853599,2496006,0
51.0759,14,51073385605,2496006,0
51.0784,7,51075917611,2496006,0
51.0809,17,51078476617,2469000,1
51.0809,18,51078476617,2469000,1
51.0834,14,51080943617,2469000,1
51.0859,17,51083410617,2496006,0
51.0884,11,51085951623,2496006,0
51.091,7,51088474629,2496006,0
51.0935,19,51091015635,2469000,1
51.0935,18,51091015635,2469000,1
51.096,3,51093500635,2496006,0
51.0985,5,51096023641,2496006,0
51.101,7,51098546647,2469000,1
51.101,11,51098546647,2469000,1
51.1035,17,51101013647,2469000,1
51.1035,14,51101013647,2469000,1
51.106,20,51103489647,2496006,0
51.1085,3,51106021653,2496006,0
51.111,17,51108544659,2469000,1
51.111,14,51108544659,2469000,1
51.1135,6,51111011659,2469000,1
51.1135,20,51111011659,2469000,1
51.116,17,51113487659,2496006,0
51.1185,7,51116028665,2496006,0
51.121,5,51118551671,2496006,0
51.1235,17,51121074677,2469000,1
51.1235,19,51121074677,2469000,1
51.126,3,51123541677,2496006,0
51.1286,15,51126064683,2496006,0
51.1311,3,51128605689,2496006,0
51.1336,15,51131137695,2469000,1
51.1386,13,51136136701,2469000,1
51.1386,5,51136136701,2469000,1
51.1411,11,51138603701,2496006,0
51.1436,14,51141126707,2469000,1
51.1436,7,51141126707,2469000,1
51.1464,3,51143906713,2496006,0
51.1489,11,51146465719,2469000,1
51.1489,20,51146465719,2469000,1
51.1514,3,51148950719,2496006,0
51.1539,22,51151473725,2469000,1
51.1539,5,51151473725,2469000,1
51.1564,17,51153958725,2469000,1
51.1564,19,51153958725,2469000,1
51.1589,3,51156425725,2496006,0
51.1615,3,51158957731,2496006,0
51.164,23,51161480737,2496006,0
51.1665,4,51164012743,2469000,1
51.1665,23,51164012743,2469000,1
51.169,23,51166488743,2496006,0
51.1715,23,51169011749,2496006,0
51.1743,15,51171847755,2496006,0
51.1769,3,51174370761,2496006,0
51.1794,17,51176893767,2496006,0
51.1819,1,51179416773,2496006,0
51.1844,15,51181939779,2469000,1
51.1844,17,51181939779,2469000,1
51.1894,18,51186929785,2469000,1
51.1894,7,51186929785,2469000,1
51.1919,17,51189396785,2496006,0
51.1944,21,51191919791,2496006,0
51.1969,11,51194442797,2496006,0
51.1995,23,51196965803,2496006,0
51.202,17,51199497809,2496006,0
51.2045,3,51202029815,2469000,1
51.2045,15,51202029815,2469000,1
51.2045,17,51202029815,2469000,1
51.207,1,51204523815,2496006,0
51.2096,21,51207055821,2496006,0
51.2121,23,51209587827,2469000,1
51.2121,21,51209587827,2469000,1
51.2146,20,51212054827,2496006,0
51.2171,20,51214577833,2496006,0
51.2196,5,51217100839,2469000,1
51.2196,11,51217100839,2469000,1
51.2196,21,51217100839,2469000,1
51.2221,20,51219576839,2496006,0
51.2246,21,51222099845,2496006,0
51.2271,20,51224622851,2496006,0
51.2296,19,51227145857,2496006,0
51.2322,21,51229677863,2496006,0
51.2347,16,51232209869,2469000,1
51.2347,1,51232209869,2469000,1
51.2372,17,51234694869,2496006,0
51.2397,17,51237244875,2496006,0
51.2422,19,51239767881,2469000,1
51.2447,3,51242234881,2469000,1
51.2447,17,51242234881,2469000,1
51.2475,20,51245023887,2496006,0
51.2501,21,51247555893,2496006,0
51.2526,17,51250078899,2496006,0
51.2551,11,51252619905,2496006,0
51.2576,7,51255142911,2469000,1
51.2576,11,51255142911,2469000,1
51.2601,12,51257609911,2469000,1
51.2601,1,51257609911,2469000,1
51.2625,20,51260076911,2469000,1
51.2625,23,51260076911,2469000,1
51.2625,7,51260076911,2469000,1
51.265,17,51262543911,2496006,0
51.2676,17,51265093917,2496006,0
51.2701,20,51267616923,2496006,0
51.2726,21,51270148929,2496006,0
51.2752,17,51272671935,2496006,0
51.278,19,51275516941,2496006,0
51.2806,17,51278075947,2496006,0
51.2831,21,51280607953,2469000,1
51.2831,23,51280607953,2469000,1
51.2856,13,51283083953,2496006,0
51.2881,19,51285606959,2469000,1
51.2881,15,51285606959,2469000,1
51.2881,20,51285606959,2469000,1
51.2906,13,51288082959,2496006,0
51.2931,17,51290605965,2469000,1
51.2931,13,51290605965,2469000,1
51.2956,11,51293081965,2496006,0
51.3007,1,51298172977,2496006,0
51.3032,23,51300704983,2496006,0
51.3057,3,51303227989,2496006,0
51.3082,1,51305777995,2469000,1
51.3082,12,51305777995,2469000,1
51.3082,11,51305777995,2469000,1
51.3108,20,51308262995,2496006,0
51.3133,23,51310786001,2469000,1
51.3133,11,51310786001,2469000,1
51.3157,20,51313280001,2469000,1
51.3157,18,51313280001,2469000,1
51.3182,21,51315756001,2469000,1
51.3182,3,51315756001,2469000,1
51.3207,17,51318232001,2469000,1
51.3207,13,51318232001,2469000,1
51.3232,19,51320699001,2496006,0
51.3257,1,51323267007,2469000,1
51.3257,23,51323267007,2469000,1
51.3282,7,51325743007,2496006,0
51.3308,19,51328284013,2496006,0
51.3333,1,51330807019,2496006,0
51.3358,7,51333330025,2496006,0
51.3383,9,51335862031,2469000,1
51.3408,1,51338338031,2496006,0
51.3434,1,51340897037,2469000,1
51.3434,20,51340897037,2469000,1
51.3458,11,51343364037,2469000,1
51.3458,3,51343364037,2469000,1
51.3483,7,51345831037,2496006,0
51.3512,19,51348685043,2496006,0
51.3537,19,51351244049,2496006,0
51.3563,7,51353794055,2496006,0
51.3588,5,51356317061,2496006,0
51.3613,1,51358840067,2496006,0
51.3639,23,51361363073,2496006,0
51.3664,1,51363886079,2496006,0
51.3689,19,51366409085,2496006,0
51.3714,14,51368950091,2496006,0
51.3739,5,51371473097,2469000,1
51.3739,6,51371473097,2469000,1
51.3739,19,51371473097,2469000,1
51.3793,23,51376776103,2496006,0
51.3818,13,51379299109,2496006,0
51.3843,7,51381831115,2469000,1
51.3843,13,51381831115,2469000,1
51.3868,21,51384298115,2496006,0
51.3893,19,51386830121,2496006,0
51.3918,1,51389353127,2496006,0
51.3944,20,51391885133,2496006,0
51.3969,23,51394426139,2496006,0
51.3994,15,51396949145,2469000,1
51.3994,14,51396949145,2469000,1
51.4019,17,51399416145,2496006,0
51.4044,1,51401939151,2496006,0
51.4069,23,51404480157,2469000,1
51.4069,5,51404480157,2469000,1
51.4069,17,51404480157,2469000,1
51.4094,21,51406947157,2496006,0
51.412,20,51409488163,2469000,1
51.412,19,51409488163,2469000,1
51.4144,21,51411955163,2469000,1
51.4144,20,51411957163,2469000,1
51.4169,3,51414451163,2469000,1
51.4169,17,51414451163,2469000,1
51.4194,1,51416918163,2496006,0
51.4219,13,51419441169,2469000,1
51.4219,23,51419441169,2469000,1
51.4219,17,51419441169,2469000,1
51.4244,17,51421910169,2496006,0
51.427,7,51424460175,2496006,0
51.4295,19,51426992181,2496006,0
51.432,23,51429515187,2496006,0
51.4345,14,51432038193,2496006,0
51.437,17,51434570199,2469000,1
51.437,5,51434570199,2469000,1
51.437,13,51434570199,2469000,1
51.4395,1,51437046199,2496006,0
51.4421,11,51439569205,2496006,0
51.4446,14,51442092211,2496006,0
51.4471,7,51444615217,2496006,0
51.4497,23,51447156223,2496006,0
51.4525,21,51450010229,2496006,0
51.455,19,51452533235,2496006,0
51.4576,19,51455065241,2496006,0
51.4601,7,51457588247,2496006,0
51.4626,1,51460111253,2496006,0
51.4651,11,51462634259,2496006,0
51.4676,14,51465157265,2469000,1
51.4676,19,51465157265,2469000,1
51.4701,17,51467624265,2469000,1
51.4701,23,51467624265,2469000,1
51.4701,14,51467626265,2469000,1
51.4751,7,51472661271,2469000,1
51.4751,17,51472661271,2469000,1
51.4776,21,51475128271,2496006,0
51.4801,11,51477651277,2496006,0
51.483,7,51480496283,2496006,0
51.4855,1,51483019289,2496006,0
51.488,23,51485542295,2496006,0
51.4906,21,51488083301,2469000,1
51.4906,20,51488083301,2469000,1
51.4931,1,51490577301,2496006,0
51.4956,23,51493100307,2496006,0
51.4981,19,51495623313,2469000,1
51.4981,17,51495623313,2469000,1
51.4981,11,51495623313,2469000,1
51.5006,1,51498090313,2496006,0
51.5031,7,51500622319,2469000,1
51.5031,21,51500622319,2469000,1
51.5056,22,51503125319,2469000,1
51.5056,14,51503125319,2469000,1
51.5081,23,51505592319,2496006,0
51.5106,23,51508133325,2496006,0
51.5132,1,51510656331,2496006,0
51.5157,1,51513206337,2496006,0
51.5207,23,51518270349,2469000,1
51.5207,21,51518270349,2469000,1
51.5232,23,51520746349,2496006,0
51.5258,14,51523269355,2496006,0
51.5283,3,51525810361,2496006,0
51.5308,1,51528342367,2496006,0
51.5333,23,51530865373,2469000,1
51.5333,1,51530865373,2469000,1
51.5358,11,51533341373,2496006,0
51.5383,14,51535864379,2469000,1
51.5383,4,51535864379,2469000,1
51.5408,3,51538331379,2469000,1
51.5408,7,51538331379,2469000,1
51.5408,1,51538331379,2469000,1
51.5433,18,51540798379,2469000,1
51.5433,11,51540798379,2469000,1
51.5458,21,51543265379,2496006,0
51.5483,5,51545797385,2496006,0
51.5508,13,51548329391,2496006,0
51.5534,13,51550870397,2496006,0
51.5562,13,51553715403,2496006,0
51.5588,5,51556256409,2496006,0
51.5613,3,51558779415,2496006,0
51.5638,13,51561302421,2469000,1
51.5638,21,51561302421,2469000,1
51.5638,5,51561302421,2469000,1
51.5638,3,51561302421,2469000,1
51.5662,23,51563778421,2469000,1
51.5662,5,51563778421,2469000,1
51.5713,13,51568768427,2496006,0
51.5738,11,51571300433,2496006,0
51.5763,14,51573823439,2469000,1
51.5763,13,51573823439,2469000,1
51.5788,18,51576290439,2496006,0
51.5813,11,51578831445,2496006,0
51.5842,19,51581667451,2496006,0
51.5867,7,51584199457,2496006,0
51.5892,18,51586731463,2496006,0
51.5918,11,51589272469,2496006,0
51.5943,19,51591795475,2496006,0
51.5968,15,51594327481,2469000,1
51.5968,23,51594327481,2469000,1
51.5968,14,51594327481,2469000,1
51.5968,13,51594327481,2469000,1
51.5968,19,51594327481,2469000,1
51.5993,5,51596794481,2496006,0
51.6018,18,51599317487,2496006,0
51.6043,7,51601840493,2469000,1
51.6043,1,51601840493,2469000,1
51.6068,5,51604307493,2496006,0
51.6093,3,51606839499,2496006,0
51.6118,11,51609362505,2469000,1
51.6118,7,51609362505,2469000,1
51.6143,5,51611829505,2496006,0
51.6168,21,51614352511,2496006,0
51.6194,19,51616875517,2496006,0
51.6219,19,51619398523,2496006,0
51.6244,3,51621921529,2469000,1
51.6244,6,51621921529,2469000,1
51.6244,7,51621921529,2469000,1
51.6269,18,51624406529,2496006,0
51.6294,3,51626947535,2469000,1
51.6294,18,51626947535,2469000,1
51.6319,21,51629414535,2496006,0
51.6344,5,51631946541,2469000,1
51.6344,19,51631946541,2469000,1
51.6369,21,51634413541,2496006,0
51.6395,11,51636999547,2496006,0
51.642,11,51639540553,2496006,0
51.6446,19,51642081559,2496006,0
51.6471,21,51644604565,2496006,0
51.6496,11,51647136571,2469000,1
51.6496,13,51647136571,2469000,1
51.6496,3,51647136571,2469000,1
51.6496,21,51647136571,2469000,1
51.6521,5,51649630571,2496006,0
51.6546,20,51652162577,2469000,1
51.6546,5,51652162577,2469000,1
51.6575,19,51654960583,2496006,0
51.66,18,51657483589,2496006,0
51.6625,19,51660015595,2496006,0
51.665,21,51662547601,2496006,0
51.6676,21,51665079607,2496006,0
51.6701,5,51667602613,2496006,0
51.6726,18,51670152619,2469000,1
51.6726,7,51670152619,2469000,1
51.6751,21,51672619619,2469000,1
51.6751,11,51672619619,2469000,1
51.6776,19,51675095619,2496006,0
51.6801,5,51677627625,2496006,0
51.6826,1,51680150631,2469000,1
51.6826,19,51680150631,2469000,1
51.6851,11,51682635631,2469000,1
51.6851,5,51682635631,2469000,1
51.688,18,51685469637,2496006,0
51.6905,18,51688010643,2496006,0
51.693,3,51690542649,2496006,0
51.6956,21,51693083655,2496006,0
51.6981,11,51695624661,2496006,0
51.7007,18,51698156667,2496006,0
51.7031,3,51700679673,2469000,1
51.7031,7,51700679673,2469000,1
51.7056,5,51703146673,2496006,0
51.7082,19,51705669679,2496006,0
51.7107,12,51708192685,2496006,0
51.7132,5,51710715691,2496006,0
51.7157,5,51713238697,2469000,1
51.7182,21,51715723697,2496006,0
51.7207,18,51718246703,2496006,0
51.7258,11,51723292715,2496006,0
51.7283,11,51725824721,2496006,0
51.7308,18,51728347727,2469000,1
51.7308,3,51728347727,2469000,1
51.7333,12,51730832727,2496006,0
51.7359,19,51733355733,2496006,0
51.7383,21,51735878739,2469000,1
51.7383,5,51735878739,2469000,1
51.7409,11,51738372739,2496006,0
51.7434,21,51740895745,2496006,0
51.7459,5,51743427751,2469000,1
51.7459,21,51743427751,2469000,1
51.7484,19,51745903751,2496006,0
51.7509,21,51748426757,2496006,0
51.7534,11,51750949763,2469000,1
51.7534,1,51750949763,2469000,1
51.7559,12,51753416763,2469000,1
51.7559,21,51753416763,2469000,1
51.7584,19,51755910763,2469000,1
51.7584,23,51755910763,2469000,1
51.7584,18,51755910763,2469000,1
51.7612,15,51758690769,2469000,1
51.7612,13,51758690769,2469000,1
51.7637,14,51761157769,2496006,0
51.7662,11,51763680775,2496006,0
51.7687,3,51766212781,2469000,1
51.7687,12,51766212781,2469000,1
51.7711,4,51768679781,2469000,1
51.7737,14,51771182781,2496006,0
51.7762,5,51773705787,2496006,0
51.7787,11,51776228793,2496006,0
51.7812,14,51778751799,2496006,0
51.7838,21,51781292805,2496006,0
51.7863,21,51783824811,2496006,0
51.7892,5,51786678817,2496006,0
51.7917,14,51789228823,2469000,1
51.7917,19,51789228823,2469000,1
51.7917,11,51789228823,2469000,1
51.7917,5,51789228823,2469000,1
51.7942,21,51791731823,2496006,0
51.7968,4,51794290829,2496006,0
51.7993,19,51796822835,2496006,0
51.8018,21,51799345841,2496006,0
51.8043,2,51801868847,2469000,1
51.8043,17,51801868847,2469000,1
51.8043,21,51801868847,2469000,1
51.8068,14,51804344847,2469000,1
51.8093,19,51806820847,2469000,1
51.8093,21,51806820847,2469000,1
51.8118,5,51809287847,2496006,0
51.8143,11,51811828853,2496006,0
51.8169,2,51814369859,2496006,0
51.8194,4,51816892865,2469000,1
51.8194,19,51816892865,2469000,1
51.8219,2,51819386865,2469000,1
51.8219,18,51819386865,2469000,1
51.8243,5,51821853865,2496006,0
51.8269,2,51824394871,2496006,0
51.8294,14,51826935877,2469000,1
51.8294,11,51826935877,2469000,1
51.8319,12,51829402877,2496006,0
51.8344,5,51831943883,2496006,0
51.837,14,51834466889,2496006,0
51.842,2,51839521901,2496006,0
51.8445,18,51842044907,2496006,0
51.8471,12,51844567913,2496006,0
51.8496,14,51847090919,2469000,1
51.8496,2,51847090919,2469000,1
51.8521,18,51849557919,2496006,0
51.8546,21,51852080925,2496006,0
51.8571,5,51854621931,2496006,0
51.8596,21,51857153937,2469000,1
51.8596,20,51857153937,2469000,1
51.8596,11,51857153937,2469000,1
51.8624,4,51859942943,2496006,0
51.865,12,51862501949,2469000,1
51.865,18,51862501949,2469000,1
51.8674,5,51864968949,2469000,1
51.8674,18,51864970949,2469000,1
51.8699,4,51867446949,2496006,0
51.8725,14,51869996955,2496006,0
51.875,4,51872519961,2496006,0
51.8801,5,51877565973,2496006,0
51.8826,4,51880106979,2496006,0
51.8851,2,51882638985,2496006,0
51.8876,5,51885170991,2469000,1
51.8876,14,51885170991,2469000,1
51.8902,21,51887655991,2496006,0
51.893,4,51890518997,2469000,1
51.893,21,51890518997,2469000,1
51.8955,2,51892994997,2469000,1
51.8955,5,51892994997,2469000,1
51.898,19,51895461997,2496006,0
51.9005,23,51898003003,2469000,1
51.9005,12,51898003003,2469000,1
51.903,14,51900488003,2496006,0
51.9055,4,51903011009,2469000,1
51.9055,21,51903011009,2469000,1
51.908,11,51905478009,2496006,0
51.9105,3,51908028015,2469000,1
51.913,19,51910522015,2496006,0
51.9155,14,51913045021,2496006,0
51.9181,12,51915577027,2496006,0
51.9206,11,51918136033,2496006,0
51.9232,11,51920668039,2496006,0
51.9257,14,51923191045,2496006,0
51.9282,12,51925723051,2469000,1
51.9282,18,51925723051,2469000,1
51.9307,2,51928190051,2469000,1
51.9307,19,51928190051,2469000,1
51.9332,11,51930657051,2496006,0
51.9357,11,51933180057,2496006,0
51.9382,1,51935703063,2496006,0
51.9407,21,51938226069,2496006,0
51.9432,1,51940749075,2496006,0
51.9458,13,51943281081,2496006,0
51.9483,5,51945813087,2469000,1
51.9508,7,51948280087,2496006,0
51.9533,14,51950812093,2496006,0
51.9558,13,51953344099,2469000,1
51.9558,11,51953344099,2469000,1
51.9558,14,51953344099,2469000,1
51.9583,11,51955813099,2496006,0
51.9608,1,51958336105,2496006,0
51.9634,19,51960868111,2496006,0
51.9662,3,51963704117,2469000,1
51.9662,21,51963704117,2469000,1
51.9687,7,51966198117,2496006,0
51.9712,13,51968748123,2496006,0
51.9737,1,51971271129,2469000,1
51.9737,21,51971271129,2469000,1
51.9762,11,51973738129,2469000,1
51.9762,1,51973740129,2469000,1
51.9787,12,51976207129,2496006,0
51.9812,7,51978739135,2496006,0
51.9838,19,51981271141,2496006,0
51.9863,14,51983794147,2469000,1
51.9863,11,51983794147,2469000,1
51.9888,13,51986288147,2469000,1
51.9913,16,51988755147,2496006,0
51.9941,4,51991591153,2496006,0
51.9966,12,51994123159,2469000,1
51.9966,16,51994123159,2469000,1
51.9991,19,51996590159,2496006,0
52.0016,7,51999113165,2496006,0
52.0067,19,52004177177,2496006,0
52.0092,7,52006700183,2496006,0
52.0117,13,52009241189,2496006,0
52.0142,6,52011773195,2469000,1
52.0142,4,52011773195,2469000,1
52.0167,7,52014249195,2496006,0
52.0193,16,52016772201,2496006,0
52.0218,19,52019295207,2469000,1
52.0218,11,52019295207,2469000,1
52.0243,2,52021762207,2496006,0
52.0268,16,52024294213,2496006,0
52.0293,13,52026817219,2496006,0
52.0318,7,52029349225,2496006,0
52.0344,2,52031890231,2496006,0
52.0369,10,52034422237,2496006,0
52.0394,2,52036945243,2496006,0
52.0419,14,52039477249,2469000,1
52.0419,12,52039477249,2469000,1
52.0419,4,52039477249,2469000,1
52.0444,16,52041944249,2496006,0
52.047,13,52044476255,2496006,0
52.0495,7,52047008261,2469000,1
52.0519,3,52049475261,2469000,1
52.0519,19,52049475261,2469000,1
52.0544,13,52051942261,2496006,0
52.0569,21,52054465267,2469000,1
52.0569,7,52054465267,2469000,1
52.0594,10,52056932267,2496006,0
52.062,2,52059455273,2496006,0
52.0645,10,52061978279,2496006,0
52.0673,2,52064832285,2496006,0
52.0698,1,52067355291,2469000,1
52.0698,2,52067355291,2469000,1
52.0723,4,52069831291,2469000,1
52.0723,16,52069831291,2469000,1
52.0748,5,52072307291,2496006,0
52.0773,13,52074830297,2496006,0
52.0799,10,52077389303,2496006,0
52.0824,19,52079921309,2496006,0
52.085,2,52082462315,2496006,0
52.0875,13,52084985321,2469000,1
52.0875,7,52084985321,2469000,1
52.09,10,52087461321,2496006,0
52.0925,5,52089984327,2496006,0
52.095,7,52092516333,2496006,0
52.0978,12,52095352339,2496006,0
52.1003,19,52097875345,2469000,1
52.1003,18,52097875345,2469000,1
52.1028,16,52100342345,2469000,1
52.1053,10,52102818345,2469000,1
52.1053,23,52102818345,2469000,1
52.1078,5,52105312345,2496006,0
52.1103,2,52107835351,2469000,1
52.1103,12,52107835351,2469000,1
52.1128,7,52110302351,2496006,0
52.1153,5,52112843357,2496006,0
52.1179,5,52115384363,2496006,0
52.1204,13,52117916369,2469000,1
52.1204,2,52117916369,2469000,1
52.1229,7,52120392369,2496006,0
52.1254,5,52122915375,2496006,0
52.1279,13,52125438381,2496006,0
52.1305,19,52127979387,2496006,0
52.133,5,52130520393,2469000,1
52.133,7,52130520393,2469000,1
52.133,12,52130520393,2469000,1
52.1355,14,52132987393,2496006,0
52.138,10,52135510399,2469000,1
52.138,14,52135510399,2469000,1
52.1405,7,52137977399,2496006,0
52.143,5,52140500405,2496006,0
52.1455,8,52143023411,2469000,1
52.1455,16,52143023411,2469000,1
52.148,8,52145492411,2496006,0
52.1505,13,52148015417,2469000,1
52.1505,7,52148015417,2469000,1
52.153,19,52150482417,2469000,1
52.153,7,52150484417,2469000,1
52.1554,10,52152951417,2496006,0
52.158,8,52155501423,2469000,1
52.158,19,52155501423,2469000,1
52.1604,11,52157968423,2469000,1
52.163,5,52160455423,2496006,0
52.1655,10,52162987429,2469000,1
52.1708,2,52168299435,2496006,0
52.1733,2,52170822441,2496006,0
52.1759,5,52173354447,2496006,0
52.1784,2,52175877453,2496006,0
52.1809,14,52178400459,2469000,1
52.1809,13,52178400459,2469000,1
52.1834,5,52180921459,2496006,0
52.1859,21,52183444465,2469000,1
52.1859,5,52183444465,2469000,1
52.1884,22,52185938465,2496006,0
52.1909,15,52188461471,2469000,1
52.1909,1,52188461471,2469000,1
52.1909,8,52188461471,2469000,1
52.1934,2,52190928471,2496006,0
52.196,17,52193460477,2496006,0
52.1988,7,52196296483,2496006,0
52.2013,10,52198819489,2496006,0
52.2039,22,52201360495,2496006,0
52.2064,7,52203883501,2496006,0
52.2089,13,52206406507,2496006,0
52.2114,10,52208929513,2469000,1
52.2114,12,52208929513,2469000,1
52.2114,13,52208929513,2469000,1
52.2139,16,52211405513,2469000,1
52.2139,19,52211405513,2469000,1
52.2139,11,52211405513,2469000,1
52.2164,2,52213890513,2469000,1
52.2164,17,52213890513,2469000,1
52.2189,22,52216357513,2496006,0
52.2214,6,52218880519,2496006,0
52.2239,4,52221421525,2469000,1
52.2239,5,52221421525,2469000,1
52.2264,21,52223888525,2496006,0
52.2289,7,52226420531,2469000,1
52.2289,2,52226420531,2469000,1
52.2314,22,52228914531,2496006,0
52.2339,6,52231437537,2496006,0
52.2364,10,52233960543,2469000,1
52.2364,5,52233960543,2469000,1
52.2389,6,52236436543,2496006,0
52.2415,6,52238986549,2496006,0
52.244,22,52241509555,2469000,1
52.244,21,52241509555,2469000,1
52.2464,13,52243976555,2469000,1
52.2464,6,52243976555,2469000,1
52.2489,17,52246443555,2496006,0
52.2515,6,52249002561,2496006,0
52.254,4,52251525567,2496006,0
52.2566,19,52254057573,2496006,0
52.2591,17,52256589579,2469000,1
52.2591,14,52256589579,2469000,1
52.2591,8,52256589579,2469000,1
52.2615,7,52259056579,2469000,1
52.2615,22,52259056579,2469000,1
52.264,7,52261525579,2496006,0
52.2665,4,52264048585,2496006,0
52.2691,6,52266571591,2496006,0
52.2719,7,52269407597,2496006,0
52.2744,21,52271939603,2496006,0
52.277,19,52274480609,2496006,0
52.282,7,52279544621,2496006,0
52.2845,6,52282067627,2469000,1
52.2845,7,52282067627,2469000,1
52.287,21,52284534627,2496006,0
52.2896,12,52287057633,2496006,0
52.2921,19,52289580639,2496006,0
52.2946,4,52292103645,2496006,0
52.2972,4,52294671651,2496006,0
52.2997,19,52297194657,2496006,0
52.3025,22,52300030663,2496006,0
52.3051,17,52302562669,2496006,0
52.3076,1,52305085675,2469000,1
52.3076,12,52305085675,2469000,1
52.31,19,52307552675,2469000,1
52.31,21,52307552675,2469000,1
52.31,22,52307552675,2469000,1
52.3125,10,52310019675,2496006,0
52.3151,6,52312569681,2496006,0
52.3176,17,52315092687,2496006,0
52.3201,2,52317615693,2496006,0
52.3226,4,52320138699,2469000,1
52.3226,22,52320138699,2469000,1
52.3251,7,52322614699,2469000,1
52.3251,12,52322614699,2469000,1
52.3276,6,52325090699,2469000,1
52.3276,10,52325090699,2469000,1
52.3301,17,52327557699,2496006,0
52.3325,2,52330080705,2469000,1
52.3325,13,52330080705,2469000,1
52.3325,4,52330080705,2469000,1
52.3351,21,52332556705,2496006,0
52.3376,4,52335088711,2496006,0
52.3401,19,52337620717,2496006,0
52.3426,21,52340143723,2469000,1
52.3451,6,52342619723,2469000,1
52.3451,10,52342619723,2469000,1
52.3476,4,52345086723,2496006,0
52.3501,17,52347627729,2496006,0
52.3527,17,52350159735,2496006,0
52.3552,4,52352691741,2496006,0
52.3577,12,52355214747,2496006,0
52.3602,17,52357755753,2469000,1
52.3602,14,52357755753,2469000,1
52.3627,13,52360222753,2469000,1
52.3627,19,52360222753,2469000,1
52.3652,6,52362689753,2496006,0
52.3677,12,52365221759,2469000,1
52.3677,5,52365221759,2469000,1
52.3702,20,52367697759,2469000,1
52.3702,2,52367697759,2469000,1
52.3727,4,52370164759,2496006,0
52.3755,6,52373000765,2469000,1
52.3755,21,52373000765,2469000,1
52.378,12,52375485765,2496006,0
52.3805,4,52378017771,2469000,1
52.3805,16,52378017771,2469000,1
52.383,17,52380511771,2469000,1
52.383,2,52380511771,2469000,1
52.3855,12,52382978771,2496006,0
52.388,10,52385501777,2496006,0
52.3905,21,52388033783,2496006,0
52.393,10,52390574789,2469000,1
52.393,7,52390574789,2469000,1
52.3956,12,52393059789,2496006,0
52.3981,8,52395582795,2496006,0
52.4006,22,52398114801,2469000,1
52.4006,19,52398114801,2469000,1
52.4059,12,52403426813,2469000,1
52.4059,21,52403426813,2469000,1
52.4084,6,52405929813,2469000,1
52.4084,8,52405929813,2469000,1
52.4109,4,52408405813,2496006,0
52.4135,22,52410982819,2496006,0
52.416,21,52413541825,2469000,1
52.416,8,52413541825,2469000,1
52.4185,4,52416017825,2496006,0
52.421,10,52418549831,2496006,0
52.4236,12,52421090837,2496006,0
52.4261,4,52423622843,2469000,1
52.4261,22,52423622843,2469000,1
52.4286,12,52426116843,2469000,1
52.4286,19,52426116843,2469000,1
52.4311,17,52428583843,2496006,0
52.4336,10,52431106849,2469000,1
52.4336,18,52431106849,2469000,1
52.4361,21,52433591849,2496006,0
52.4386,4,52436114855,2496006,0
52.4411,17,52438646861,2496006,0
52.4462,17,52443710873,2496006,0
52.4487,4,52446260879,2469000,1
52.4487,6,52446260879,2469000,1
52.4512,22,52448736879,2496006,0
52.4538,21,52451259885,2496006,0
52.4563,17,52453791891,2469000,1
52.4563,12,52453791891,2469000,1
52.4563,4,52453791891,2469000,1
52.4588,22,52456294891,2496006,0
52.4613,10,52458835897,2469000,1
52.4613,6,52458835897,2469000,1
52.4638,21,52461329897,2496006,0
52.4663,19,52463852903,2496006,0
52.4689,8,52466384909,2496006,0
52.4714,22,52468916915,2496006,0
52.4739,8,52471439921,2496006,0
52.4793,19,52476807933,2469000,1
52.4793,12,52476807933,2469000,1
52.4818,8,52479292933,2496006,0
52.4843,17,52481815939,2469000,1
52.4843,21,52481815939,2469000,1
52.4868,22,52484300939,2469000,1
52.4868,17,52484300939,2469000,1
52.4893,8,52486776939,2496006,0
52.4918,10,52489371945,2469000,1
52.4918,19,52489371945,2469000,1
52.4943,8,52491838945,2469000,1
52.4943,4,52491838945,2469000,1
52.4968,21,52494323945,2496006,0
52.5019,21,52499405957,2469000,1
52.5019,22,52499405957,2469000,1
52.5019,4,52499405957,2469000,1
52.5044,8,52501890957,2496006,0
52.5072,2,52504726963,2496006,0
52.5097,2,52507249969,2496006,0
52.5123,2,52509790975,2496006,0
52.5148,19,52512322981,2496006,0
52.5174,2,52514854987,2496006,0
52.5199,8,52517386993,2496006,0
52.5224,7,52519909999,2496006,0
52.5275,2,52524974011,2496006,0
52.53,2,52527515017,2496006,0
52.5325,23,52530038023,2496006,0
52.535,8,52532561029,2469000,1
52.535,17,52532561029,2469000,1
52.5375,19,52535028029,2496006,0
52.5401,21,52537560035,2496006,0
52.5426,2,52540083041,2496006,0
52.5451,7,52542624047,2496006,0
52.5476,9,52545156053,2469000,1
52.5476,8,52545156053,2469000,1
52.5501,23,52547641053,2496006,0
52.5526,7,52550164059,2469000,1
52.5526,22,52550164059,2469000,1
52.5551,19,52552649059,2469000,1
52.5576,21,52555134059,2469000,1
52.5576,2,52555134059,2469000,1
52.5601,8,52557610059,2496006,0
52.5627,23,52560169065,2496006,0
52.5652,8,52562692071,2469000,1
52.5652,1,52562692071,2469000,1
52.5677,23,52565186071,2469000,1
52.5677,12,52565186071,2469000,1
52.5677,7,52565186071,2469000,1
52.5701,4,52567653071,2496006,0
52.5727,8,52570176077,2496006,0
52.5752,2,52572708083,2496006,0
52.5777,21,52575240089,2496006,0
52.5806,19,52578085095,2469000,1
52.5806,2,52578085095,2469000,1
52.583,21,52580552095,2496006,0
52.5855,8,52583075101,2469000,1
52.5881,4,52585560101,2496006,0
52.5906,14,52588137107,2469000,1
52.5906,21,52588137107,2469000,1
52.5931,4,52590604107,2496006,0
52.5957,2,52593154113,2496006,0
52.5982,14,52595677119,2496006,0
52.6007,5,52598200125,2496006,0
52.6032,23,52600723131,2496006,0
52.6057,2,52603246137,2496006,0
52.6086,21,52606091143,2469000,1
52.6086,5,52606091143,2469000,1
52.6086,2,52606091143,2469000,1
52.6111,8,52608558143,2496006,0
52.6136,8,52611099149,2469000,1
52.6161,14,52613566149,2496006,0
52.6186,4,52616089155,2469000,1
52.6186,8,52616089155,2469000,1
52.6236,5,52621115161,2496006,0
52.6261,23,52623638167,2496006,0
52.6287,7,52626161173,2496006,0
52.6312,5,52628693179,2496006,0
52.6337,5,52631216185,2496006,0
52.6362,5,52633739191,2496006,0
52.6388,14,52636262197,2496006,0
52.6413,7,52638803203,2496006,0
52.6438,2,52641326209,2496006,0
52.6464,23,52643867215,2496006,0
52.6489,10,52646390221,2496006,0
52.6514,11,52648913227,2469000,1
52.6514,10,52648913227,2469000,1
52.6539,4,52651389227,2496006,0
52.6564,2,52653921233,2469000,1
52.6564,7,52653921233,2469000,1
52.6564,13,52653921233,2469000,1
52.6589,5,52656388233,2469000,1
52.6614,4,52658855233,2496006,0
52.6638,8,52661378239,2469000,1
52.6638,14,52661378239,2469000,1
52.6664,18,52663854239,2496006,0
52.6689,21,52666377245,2496006,0
52.6714,19,52668900251,2496006,0
52.6739,23,52671423257,2496006,0
52.6764,7,52673946263,2469000,1
52.6764,18,52673946263,2469000,1
52.6789,19,52676431263,2469000,1
52.6789,23,52676431263,2469000,1
52.6817,23,52679220269,2496006,0
52.6842,5,52681761275,2469000,1
52.6842,4,52681761275,2469000,1
52.6867,21,52684228275,2496006,0
52.6892,13,52686751281,2496006,0
52.6918,2,52689283287,2496006,0
52.6943,21,52691815293,2496006,0
52.6968,18,52694347299,2496006,0
52.6994,13,52696870305,2496006,0
52.7019,14,52699393311,2496006,0
52.7044,10,52701916317,2469000,1
52.7044,23,52701916317,2469000,1
52.7069,21,52704383317,2469000,1
52.7069,6,52704383317,2469000,1
52.7122,2,52709704323,2469000,1
52.7122,5,52709704323,2469000,1
52.7147,14,52712171323,2496006,0
52.7172,21,52714712329,2496006,0
52.7197,2,52717235335,2496006,0
52.7222,4,52719758341,2469000,1
52.7222,13,52719758341,2469000,1
52.7247,19,52722225341,2469000,1
52.7247,21,52722225341,2469000,1
52.7272,18,52724692341,2496006,0
52.7297,2,52727224347,2496006,0
52.7323,14,52729765353,2496006,0
52.7348,22,52732288359,2496006,0
52.7373,7,52734811365,2496006,0
52.7398,7,52737334371,2496006,0
52.7424,7,52739857377,2496006,0
52.7449,14,52742380383,2496006,0
52.7474,2,52744903389,2469000,1
52.7474,10,52744903389,2469000,1
52.7474,23,52744903389,2469000,1
52.7498,18,52747370389,2469000,1
52.7498,21,52747370389,2469000,1
52.7523,7,52749864389,2469000,1
52.7523,22,52749864389,2469000,1
52.7548,5,52752331389,2496006,0
52.7574,13,52754872395,2496006,0
52.7599,18,52757395401,2496006,0
52.7624,14,52759936407,2469000,1
52.7624,18,52759936407,2469000,1
52.7649,5,52762412407,2496006,0
52.77,2,52767476419,2496006,0
52.7725,10,52770026425,2469000,1
52.7725,13,52770026425,2469000,1
52.775,5,52772493425,2496006,0
52.7775,18,52775016431,2496006,0
52.78,8,52777557437,2469000,1
52.78,7,52777557437,2469000,1
52.7826,23,52780060437,2496006,0
52.7854,23,52782896443,2496006,0
52.7879,2,52785419449,2469000,1
52.7879,18,52785419449,2469000,1
52.7904,5,52787886449,2469000,1
52.7904,7,52787886449,2469000,1
52.7928,22,52790353449,2496006,0
52.7954,21,52792876455,2496006,0
52.7979,8,52795399461,2496006,0
52.8004,4,52797922467,2469000,1
52.8004,13,52797922467,2469000,1
52.8029,19,52800389467,2496006,0
52.8054,14,52802912473,2469000,1
52.8054,23,52802912473,2469000,1
52.8079,18,52805379473,2496006,0
52.8104,22,52807902479,2469000,1
52.8104,5,52807902479,2469000,1
52.8132,12,52810682485,2496006,0
52.8157,21,52813205491,2496006,0
52.8182,22,52815737497,2496006,0
52.8208,14,52818260503,2496006,0
52.8233,8,52820783509,2469000,1
52.8233,19,52820783509,2469000,1
52.8257,12,52823250509,2469000,1
52.8257,14,52823250509,2469000,1
52.8282,18,52825735509,2496006,0
52.8308,5,52828258515,2496006,0
52.8333,2,52830781521,2469000,1
52.8333,23,52830781521,2469000,1
52.8357,12,52833257521,2469000,1
52.8357,14,52833257521,2469000,1
52.8382,12,52835726521,2496006,0
52.8407,21,52838267527,2469000,1
52.8407,22,52838267527,2469000,1
52.8432,19,52840734527,2469000,1
52.8432,2,52840734527,2469000,1
52.8457,18,52843219527,2469000,1
52.8457,17,52843219527,2469000,1
52.8482,12,52845686527,2469000,1
52.8482,5,52845686527,2469000,1
52.8506,21,52848153527,2496006,0
52.8532,21,52850694533,2496006,0
52.8557,22,52853217539,2496006,0
52.8582,12,52855740545,2496006,0
52.8607,13,52858272551,2469000,1
52.8607,8,52858272551,2469000,1
52.8632,21,52860739551,2496006,0
52.8658,12,52863298557,2496006,0
52.8683,18,52865821563,2496006,0
52.8708,7,52868344569,2469000,1
52.8708,18,52868344569,2469000,1
52.8733,22,52870820569,2496006,0
52.8759,21,52873361575,2496006,0
52.8784,5,52875893581,2496006,0
52.8809,5,52878425587,2496006,0
52.8835,5,52880957593,2496006,0
52.8863,12,52883811599,2496006,0
52.8888,21,52886334605,2496006,0
52.8913,22,52888857611,2469000,1
52.8913,18,52888857611,2469000,1
52.8938,21,52891342611,2496006,0
52.8964,8,52893892617,2469000,1
52.8988,5,52896359617,2469000,1
52.8988,22,52896359617,2469000,1
52.9013,14,52898826617,2496006,0
52.9038,4,52901349623,2469000,1
52.9038,23,52901349623,2469000,1
52.9063,12,52903816623,2496006,0
52.9088,12,52906339629,2496006,0
52.9114,14,52908871635,2496006,0
52.9139,21,52911430641,2496006,0
52.9167,12,52914266647,2469000,1
52.9167,19,52914266647,2469000,1
52.9192,16,52916751647,2496006,0
52.9217,18,52919274653,2469000,1
52.9217,5,52919274653,2469000,1
52.9242,2,52921750653,2496006,0
52.9268,14,52924291659,2469000,1
52.9268,15,52924291659,2469000,1
52.9292,2,52926776659,2469000,1
52.9292,21,52926776659,2469000,1
52.9318,16,52929288659,2496006,0
52.9343,14,52931820665,2496006,0
52.9368,14,52934343671,2496006,0
52.9393,5,52936875677,2469000,1
52.9393,15,52936875677,2469000,1
52.9419,14,52939360677,2496006,0
52.9444,16,52941883683,2469000,1
52.9444,8,52941883683,2469000,1
52.9468,12,52944368683,2469000,1
52.9493,2,52946844683,2496006,0
52.9519,21,52949385689,2469000,1
52.9544,14,52951861689,2496006,0
52.9569,15,52954384695,2496006,0
52.962,5,52959484707,2469000,1
52.962,2,52959484707,2469000,1
52.9644,14,52961969707,2469000,1
52.9644,22,52961969707,2469000,1
52.9644,16,52961969707,2469000,1
52.9669,15,52964436707,2496006,0
52.9695,15,52966968713,2496006,0
52.972,14,52969491719,2496006,0
52.9745,15,52972023725,2496006,0
52.9771,15,52974600731,2469000,1
52.9771,14,52974600731,2469000,1
52.9771,16,52974600731,2469000,1
52.9796,13,52977103731,2469000,1
52.9796,21,52977103731,2469000,1
52.9821,18,52979570731,2496006,0
52.9846,18,52982102737,2496006,0
52.9871,18,52984625743,2496006,0
52.99,14,52987479749,2496006,0
52.9925,2,52990020755,2469000,1
52.995,21,52992505755,2496006,0
52.9975,21,52995037761,2496006,0
53.0001,10,52997560767,2496006,0
53.0026,18,53000092773,2469000,1
53.0026,14,53000092773,2469000,1
53.0051,21,53002559773,2496006,0
53.0076,15,53005082779,2496006,0
53.0101,10,53007623785,2496006,0
53.0126,2,53010155791,2469000,1
53.0126,10,53010155791,2469000,1
53.0151,12,53012622791,2496006,0
53.0179,23,53015467797,2469000,1
53.0179,12,53015467797,2469000,1
53.0204,15,53017961797,2469000,1
53.0204,21,53017961797,2469000,1
53.0229,18,53020455797,2469000,1
53.0229,15,53020455797,2469000,1
53.028,12,53025526803,2496006,0
53.0305,14,53028049809,2496006,0
53.0331,14,53030572815,2496006,0
53.0356,21,53033095821,2469000,1
53.0356,15,53033095821,2469000,1
53.0381,10,53035562821,2496006,0
53.0406,12,53038085827,2496006,0
53.0431,10,53040644833,2496006,0
53.0457,5,53043167839,2496006,0
53.0482,10,53045690845,2496006,0
53.0507,18,53048213851,2469000,1
53.0507,5,53048213851,2469000,1
53.0532,19,53050680851,2496006,0
53.0557,14,53053203857,2496006,0
53.0608,10,53058258869,2496006,0
53.0633,14,53060781875,2496006,0
53.0658,12,53063304881,2469000,1
53.0658,16,53063304881,2469000,1
53.0658,14,53063304881,2469000,1
53.0683,20,53065780881,2496006,0
53.0708,19,53068321887,2496006,0
53.0733,5,53070853893,2496006,0
53.0759,5,53073376899,2496006,0
53.0784,14,53075917905,2469000,1
53.0784,5,53075917905,2469000,1
53.0809,10,53078384905,2496006,0
53.0834,20,53080934911,2496006,0
53.086,20,53083457917,2496006,0
53.0885,22,53085989923,2469000,1
53.0885,12,53085989923,2469000,1
53.0885,20,53085989923,2469000,1
53.0913,19,53088778929,2496006,0
53.0938,10,53091310935,2496006,0
53.0963,19,53093833941,2469000,1
53.0988,5,53096318941,2496006,0
53.1013,10,53098841947,2469000,1
53.1013,21,53098841947,2469000,1
53.1038,5,53101335947,2496006,0
53.1064,5,53103858953,2496006,0
53.1089,19,53106435959,2496006,0
53.1115,10,53108958965,2496006,0
53.114,20,53111490971,2496006,0
53.1165,10,53114031977,2469000,1
53.1165,5,53114031977,2469000,1
53.119,19,53116498977,2496006,0
53.1218,19,53119343983,2496006,0
53.1244,4,53121875989,2496006,0
53.1269,12,53124407995,2469000,1
53.1269,5,53124407995,2469000,1
53.1269,4,53124407995,2469000,1
53.1319,20,53129416001,2496006,0
53.1344,2,53131939007,2496006,0
53.137,3,53134471013,2496006,0
53.1395,19,53136994019,2469000,1
53.1395,14,53136994019,2469000,1
53.1419,7,53139461019,2469000,1
53.1419,2,53139461019,2469000,1
53.1444,20,53141928019,2469000,1
53.1444,5,53141928019,2469000,1
53.1469,5,53144397019,2496006,0
53.1494,6,53146920025,2469000,1
53.1494,12,53146920025,2469000,1
53.1519,4,53149396025,2469000,1
53.1519,14,53149396025,2469000,1
53.1544,3,53151863025,2496006,0
53.1569,15,53154422031,2469000,1
53.1569,10,53154422031,2469000,1
53.1594,18,53156889031,2469000,1
53.1594,5,53156889031,2469000,1
53.1619,10,53159374031,2496006,0
53.1644,8,53161897037,2469000,1
53.1644,19,53161897037,2469000,1
53.1644,2,53161897037,2469000,1
53.1669,3,53164373037,2496006,0
53.1719,3,53169428049,2496006,0
53.1745,19,53171960055,2496006,0
53.177,10,53174492061,2496006,0
53.1795,3,53177015067,2496006,0
53.1821,10,53179556073,2496006,0
53.1846,20,53182088079,2496006,0
53.1871,2,53184611085,2496006,0
53.1896,20,53187161091,2469000,1
53.1896,2,53187161091,2469000,1
53.1921,19,53189628091,2496006,0
53.1949,3,53192473097,2469000,1
53.1949,4,53192473097,2469000,1
53.1974,13,53194967097,2469000,1
53.1974,10,53194967097,2469000,1
53.1999,5,53197434097,2496006,0
53.2025,19,53200002103,2469000,1
53.205,20,53202478103,2496006,0
53.2075,10,53205001109,2496006,0
53.21,19,53207524115,2469000,1
53.21,10,53207524115,2469000,1
53.2125,5,53210000115,2469000,1
53.2125,21,53210000115,2469000,1
53.2125,3,53210000115,2469000,1
53.2125,20,53210000115,2469000,1
53.215,14,53212467115,2496006,0
53.2175,21,53215026121,2496006,0
53.2201,2,53217567127,2496006,0
53.2229,14,53220421133,2496006,0
53.2254,21,53222944139,2469000,1
53.2254,7,53222944139,2469000,1
53.2254,10,53222944139,2469000,1
53.2279,12,53225429139,2469000,1
53.2279,3,53225429139,2469000,1
53.2279,14,53225429139,2469000,1
53.2304,5,53227932139,2469000,1
53.2304,2,53227932139,2469000,1
53.2329,2,53230444139,2496006,0
53.2355,19,53232967145,2496006,0
53.238,20,53235490151,2496006,0
53.2405,20,53238031157,2496006,0
53.2431,2,53240554163,2496006,0
53.2456,19,53243086169,2496006,0
53.2481,2,53245609175,2496006,0
53.2506,21,53248132181,2496006,0
53.2532,1,53250655187,2496006,0
53.2557,21,53253178193,2496006,0
53.2582,20,53255728199,2496006,0
53.2607,1,53258260205,2469000,1
53.2607,2,53258260205,2469000,1
53.2632,21,53260727205,2496006,0
53.2657,2,53263250211,2496006,0
53.2682,14,53265773217,2469000,1
53.2682,21,53265773217,2469000,1
53.2707,20,53268240217,2469000,1
53.2707,19,53268240217,2469000,1
53.2757,19,53273248223,2496006,0
53.2783,2,53275780229,2496006,0
53.2808,1,53278303235,2469000,1
53.2808,14,53278303235,2469000,1
53.2808,2,53278303235,2469000,1
53.2832,21,53280779235,2469000,1
53.2832,2,53280779235,2469000,1
53.2858,17,53283255235,2496006,0
53.2883,4,53285796241,2469000,1
53.2883,20,53285796241,2469000,1
53.2908,17,53288263241,2496006,0
53.2933,19,53290795247,2496006,0
53.2961,17,53293631253,2496006,0
53.2987,17,53296154259,2496006,0
53.3012,10,53298686265,2469000,1
53.3012,17,53298686265,2469000,1
53.3037,5,53301171265,2496006,0
53.3087,23,53306271277,2469000,1
53.3087,19,53306271277,2469000,1
53.3112,5,53308738277,2469000,1
53.3112,19,53308740277,2469000,1
53.3137,4,53311225277,2496006,0
53.3162,19,53313748283,2496006,0
53.3188,17,53316280289,2496006,0
53.3213,4,53318821295,2496006,0
53.3239,4,53321362301,2496006,0
53.3267,17,53324216307,2496006,0
53.3292,19,53326748313,2469000,1
53.3292,21,53326748313,2469000,1
53.3317,4,53329224313,2496006,0
53.3368,2,53334288325,2496006,0
53.3393,22,53336820331,2496006,0
53.3418,20,53339343337,2469000,1
53.3418,17,53339343337,2469000,1
53.3443,4,53341819337,2469000,1
53.3443,1,53341819337,2469000,1
53.3443,5,53341819337,2469000,1
53.3468,19,53344286337,2496006,0
53.3493,17,53346845343,2496006,0
53.3519,4,53349377349,2496006,0
53.3544,19,53351909355,2496006,0
53.3569,2,53354432361,2496006,0
53.3595,22,53356955367,2496006,0
53.362,22,53359523373,2469000,1
53.362,15,53359523373,2469000,1
53.362,20,53359523373,2469000,1
53.3645,17,53362008373,2496006,0
53.367,2,53364531379,2496006,0
53.3695,16,53367054385,2469000,1
53.3695,10,53367054385,2469000,1
53.3695,4,53367054385,2469000,1
53.3695,2,53367054385,2469000,1
53.372,22,53369521385,2496006,0
53.3745,3,53372044391,2469000,1
53.3745,19,53372044391,2469000,1
53.3771,2,53374565391,2496006,0
53.3796,17,53377106397,2496006,0
53.3821,22,53379629403,2496006,0
53.3847,19,53382170409,2496006,0
53.3872,18,53384702415,2496006,0
53.3922,17,53389748427,2469000,1
53.3922,19,53389748427,2469000,1
53.3947,4,53392251427,2469000,1
53.3947,2,53392251427,2469000,1
53.3972,3,53394718427,2496006,0
53.4001,22,53397554433,2496006,0
53.4026,3,53400095439,2496006,0
53.4051,5,53402636445,2496006,0
53.4077,18,53405159451,2496006,0
53.4102,2,53407691457,2496006,0
53.4127,18,53410214463,2496006,0
53.4152,2,53412737469,2496006,0
53.4178,5,53415260475,2496006,0
53.4203,22,53417810481,2469000,1
53.4228,4,53420286481,2496006,0
53.4253,17,53422809487,2469000,1
53.4253,3,53422809487,2469000,1
53.4281,4,53425607493,2496006,0
53.4306,14,53428130499,2469000,1
53.4306,19,53428130499,2469000,1
53.4331,18,53430597499,2496006,0
53.4356,2,53433120505,2469000,1
53.4356,5,53433120505,2469000,1
53.4381,4,53435605505,2469000,1
53.4381,3,53435605505,2469000,1
53.4406,1,53438072505,2496006,0
53.4431,1,53440622511,2496006,0
53.4457,21,53443154517,2496006,0
53.4482,1,53445686523,2496006,0
53.4507,1,53448209529,2496006,0
53.4532,22,53450732535,2469000,1
53.4532,5,53450732535,2469000,1
53.4557,18,53453199535,2496006,0
53.4608,5,53458254547,2496006,0
53.4633,1,53460795553,2496006,0
53.4658,21,53463318559,2496006,0
53.4683,4,53465841565,2496006,0
53.4708,5,53468364571,2469000,1
53.4708,18,53468364571,2469000,1
53.4733,1,53470831571,2496006,0
53.4759,2,53473363577,2496006,0
53.4784,21,53475895583,2496006,0
53.4809,4,53478436589,2496006,0
53.4835,21,53480986595,2496006,0
53.486,2,53483509601,2496006,0
53.4885,5,53486032607,2496006,0
53.491,4,53488564613,2469000,1
53.491,1,53488564613,2469000,1
53.4935,21,53491049613,2469000,1
53.4935,17,53491049613,2469000,1
53.496,2,53493525613,2469000,1
53.496,18,53493525613,2469000,1
53.4985,10,53495992613,2469000,1
53.5013,21,53498781619,2496006,0
53.5038,4,53501304625,2469000,1
53.5038,21,53501304625,2469000,1
53.5063,3,53503789625,2469000,1
53.5063,5,53503789625,2469000,1
53.5088,22,53506256625,2496006,0
53.5113,4,53508824631,2469000,1
53.5113,5,53508824631,2469000,1
53.5138,22,53511300631,2496006,0
53.5163,19,53513823637,2469000,1
53.5163,21,53513823637,2469000,1
53.5188,20,53516290637,2496006,0
53.5213,1,53518858643,2469000,1
53.5213,2,53518858643,2469000,1
53.5213,22,53518858643,2469000,1
53.5238,20,53521352643,2496006,0
53.5264,22,53523884649,2496006,0
53.5317,20,53529252661,2496006,0
53.5343,17,53531775667,2496006,0
53.5368,13,53534307673,2496006,0
53.5394,22,53536875679,2496006,0
53.5419,19,53539416685,2496006,0
53.5444,13,53541939691,2469000,1
53.5444,20,53541939691,2469000,1
53.5469,18,53544406691,2469000,1
53.5469,21,53544406691,2469000,1
53.5469,13,53544408691,2469000,1
53.5494,17,53546875691,2496006,0
53.5519,17,53549416697,2496006,0
53.5545,22,53551957703,2496006,0
53.557,19,53554498709,2469000,1
53.5595,2,53556965709,2496006,0
53.562,19,53559488715,2469000,1
53.562,2,53559488715,2469000,1
53.5645,1,53562009715,2469000,1
53.5645,17,53562009715,2469000,1
53.567,21,53564485715,2469000,1
53.567,2,53564485715,2469000,1
53.5695,22,53566961715,2496006,0
53.572,9,53569511721,2496006,0
53.5745,20,53572034727,2496006,0
53.5771,22,53574557733,2496006,0
53.5796,5,53577089739,2496006,0
53.5846,22,53582171751,2469000,1
53.5846,20,53582171751,2469000,1
53.5846,9,53582171751,2469000,1
53.5872,5,53584665751,2496006,0
53.5897,3,53587197757,2469000,1
53.5897,2,53587197757,2469000,1
53.5922,5,53589664757,2496006,0
53.5947,17,53592232763,2469000,1
53.5947,9,53592232763,2469000,1
53.5972,20,53594726763,2496006,0
53.6026,5,53600121775,2496006,0
53.6051,20,53602653781,2496006,0
53.6076,13,53605176787,2469000,1
53.6076,22,53605176787,2469000,1
53.6102,5,53607661787,2496006,0
53.6127,4,53610184793,2496006,0
53.6152,14,53612707799,2469000,1
53.6152,1,53612707799,2469000,1
53.6176,17,53615174799,2469000,1
53.6176,5,53615174799,2469000,1
53.6201,19,53617659799,2469000,1
53.6201,20,53617659799,2469000,1
53.6226,22,53620135799,2469000,1
53.6226,5,53620135799,2469000,1
53.6251,20,53622611799,2496006,0
53.6276,4,53625134805,2496006,0
53.6302,4,53627702811,2496006,0
53.633,20,53630574817,2469000,1
53.633,5,53630574817,2469000,1
53.6355,5,53633050817,2496006,0
53.6381,4,53635582823,2496006,0
53.6406,2,53638105829,2496006,0
53.6457,5,53643169841,2496006,0
53.6482,5,53645692847,2496006,0
53.6507,9,53648233853,2496006,0
53.6533,5,53650765859,2496006,0
53.6558,5,53653288865,2496006,0
53.6583,4,53655820871,2496006,0
53.6608,2,53658352877,2496006,0
53.6634,2,53660884883,2496006,0
53.6659,9,53663407889,2496006,0
53.6684,4,53665930895,2496006,0
53.6709,9,53668453901,2496006,0
53.676,5,53673499913,2496006,0
53.6785,5,53676031919,2496006,0
53.6811,9,53678554925,2496006,0
53.6835,13,53681077931,2469000,1
53.6835,9,53681077931,2469000,1
53.686,4,53683544931,2469000,1
53.686,20,53683544931,2469000,1
53.6886,2,53686056931,2496006,0
53.6911,18,53688588937,2469000,1
53.6911,2,53688588937,2469000,1
53.6936,5,53691082937,2469000,1
53.6936,20,53691082937,2469000,1
53.6961,5,53693567937,2496006,0
53.7011,9,53698649949,2496006,0
53.7037,20,53701199955,2496006,0
53.7065,9,53704044961,2469000,1
53.7065,4,53704044961,2469000,1
53.709,5,53706520961,2469000,1
53.709,8,53706520961,2469000,1
53.7115,23,53708987961,2469000,1
53.7115,9,53708987961,2469000,1
53.714,9,53711508961,2496006,0
53.7165,2,53714049967,2496006,0
53.719,20,53716572973,2469000,1
53.7216,9,53719057973,2496006,0
53.7241,9,53721625979,2469000,1
53.7241,5,53721625979,2469000,1
53.7241,20,53721625979,2469000,1
53.7266,4,53724092979,2496006,0
53.7291,4,53726651985,2469000,1
53.7291,2,53726651985,2469000,1
53.7316,17,53729127985,2496006,0
53.737,4,53734531997,2496006,0
53.7396,19,53737055003,2496006,0
53.7421,9,53739596009,2469000,1
53.7421,17,53739596009,2469000,1
53.7446,3,53742063009,2496006,0
53.7471,19,53744595015,2469000,1
53.7471,4,53744595015,2469000,1
53.7521,3,53749612021,2496006,0
53.7546,22,53752144027,2496006,0
53.7572,22,53754703033,2496006,0
53.7597,10,53757226039,2496006,0
53.7622,3,53759749045,2496006,0
53.7647,2,53762272051,2469000,1
53.7647,22,53762272051,2469000,1
53.7698,17,53767298057,2469000,1
53.7698,19,53767298057,2469000,1
53.7723,10,53769783057,2469000,1
53.7723,1,53769783057,2469000,1
53.7723,4,53769783057,2469000,1
53.7747,11,53772250057,2496006,0
53.7773,20,53774791063,2469000,1
53.7773,3,53774791063,2469000,1
53.7798,12,53777276063,2496006,0
53.7823,18,53779808069,2496006,0
53.7848,19,53782331075,2469000,1
53.7848,12,53782331075,2469000,1
53.7873,17,53784816075,2496006,0
53.7924,5,53789862087,2496006,0
53.7949,19,53792385093,2496006,0
53.7974,11,53794908099,2469000,1
53.7974,18,53794908099,2469000,1
53.7999,22,53797384099,2496006,0
53.8024,21,53799907105,2469000,1
53.8024,18,53799907105,2469000,1
53.8049,10,53802374105,2496006,0
53.8077,11,53805210111,2496006,0
53.8102,5,53807742117,2469000,1
53.8102,17,53807742117,2469000,1
53.8102,11,53807742117,2469000,1
53.8127,3,53810218117,2496006,0
53.8152,19,53812750123,2469000,1
53.8152,18,53812750123,2469000,1
53.8177,3,53815217123,2496006,0
53.8202,12,53817749129,2469000,1
53.8202,10,53817749129,2469000,1
53.8227,22,53820216129,2496006,0
53.8252,19,53822739135,2469000,1
53.8252,22,53822739135,2469000,1
53.8277,9,53825206135,2469000,1
53.8277,10,53825206135,2469000,1
53.8301,15,53827673135,2469000,1
53.8326,22,53830149135,2496006,0
53.8352,22,53832717141,2469000,1
53.8352,3,53832717141,2469000,1
53.838,11,53835497147,2469000,1
53.838,3,53835497147,2469000,1
53.8405,17,53838018147,2496006,0
53.843,13,53840541153,2496006,0
53.8456,2,53843073159,2496006,0
53.8481,5,53845596165,2496006,0
53.8506,9,53848119171,2496006,0
53.8532,13,53850660177,2496006,0
53.8557,4,53853183183,2469000,1
53.8557,22,53853183183,2469000,1
53.8582,2,53855677183,2496006,0
53.8607,11,53858209189,2469000,1
53.8632,17,53860676189,2496006,0
53.8657,9,53863199195,2496006,0
53.8682,2,53865731201,2469000,1
53.8682,5,53865731201,2469000,1
53.8707,9,53868198201,2496006,0
53.8732,10,53870721207,2496006,0
53.8757,13,53873244213,2496006,0
53.8783,10,53875776219,2496006,0
53.8808,9,53878299225,2469000,1
53.8808,2,53878299225,2469000,1
53.8833,12,53880766225,2496006,0
53.8858,5,53883307231,2496006,0
53.8883,17,53885839237,2496006,0
53.8909,10,53888371243,2496006,0
53.8934,19,53890912249,2469000,1
53.8934,10,53890912249,2469000,1
53.8959,10,53893381249,2496006,0
53.8984,13,53895904255,2469000,1
53.8984,9,53895904255,2469000,1
53.9009,17,53898371255,2496006,0
53.9059,10,53903426267,2469000,1
53.9059,12,53903426267,2469000,1
53.9084,5,53905893267,2496006,0
53.9112,17,53908729273,2496006,0
53.9137,3,53911270279,2469000,1
53.9137,22,53911270279,2469000,1
53.9137,17,53911270279,2469000,1
53.9163,10,53913773279,2496006,0
53.9188,9,53916305285,2496006,0
53.9213,10,53918828291,2496006,0
53.9238,18,53921351297,2469000,1
53.9238,2,53921351297,2469000,1
53.9238,17,53921351297,2469000,1
53.9263,16,53923836297,2469000,1
53.9263,5,53923836297,2469000,1
53.9288,9,53926330297,2496006,0
53.9314,13,53928862303,2496006,0
53.9339,10,53931412309,2496006,0
53.9364,20,53933935315,2496006,0
53.9393,13,53936771321,2496006,0
53.9418,12,53939303327,2469000,1
53.9442,10,53941770327,2469000,1
53.9442,20,53941770327,2469000,1
53.9467,22,53944246327,2496006,0
53.9493,9,53946769333,2496006,0
53.9518,17,53949301339,2469000,1
53.9518,9,53949301339,2469000,1
53.9542,5,53951768339,2469000,1
53.9542,22,53951768339,2469000,1
53.9567,10,53954244339,2496006,0
53.9593,13,53956776345,2496006,0
53.9618,13,53959335351,2496006,0
53.9644,13,53961867357,2496006,0
53.9669,5,53964399363,2496006,0
53.9694,11,53966922369,2469000,1
53.9694,20,53966922369,2469000,1
53.9694,5,53966922369,2469000,1
53.9719,10,53969389369,2496006,0
53.9744,5,53971930375,2496006,0
53.9769,16,53974453381,2496006,0
53.9795,10,53976985387,2496006,0
53.982,9,53979508393,2469000,1
53.982,5,53979508393,2469000,1
53.9844,16,53981975393,2469000,1
53.9869,22,53984442393,2496006,0
53.9895,13,53986983399,2496006,0
53.992,13,53989533405,2496006,0
53.9946,10,53992056411,2496006,0
53.9971,13,53994597417,2496006,0
53.9996,4,53997120423,2469000,1
53.9996,10,53997120423,2469000,1
54.0021,22,53999596423,2469000,1
54.0021,3,53999596423,2469000,1
54.0021,5,53999596423,2469000,1
54.0021,13,53999596423,2469000,1
54.0046,12,54002063423,2496006,0
54.0071,12,54004586429,2496006,0
54.0097,12,54007163435,2496006,0
54.0125,12,54010044441,2496006,0
54.015,16,54012567447,2469000,1
54.015,22,54012567447,2469000,1
54.0175,19,54015034447,2469000,1
54.0175,20,54015034447,2469000,1
54.0225,2,54020024453,2496006,0
54.025,10,54022547459,2496006,0
54.0276,2,54025070465,2496006,0
54.0301,5,54027593471,2496006,0
54.0326,12,54030125477,2469000,1
54.0326,16,54030125477,2469000,1
54.0351,2,54032610477,2469000,1
54.0351,13,54032610477,2469000,1
54.0376,10,54035077477,2496006,0
54.0401,22,54037618483,2496006,0
54.043,10,54040481489,2469000,1
54.043,2,54040481489,2469000,1
54.0454,17,54042948489,2496006,0
54.048,5,54045471495,2496006,0
54.0505,12,54047994501,2496006,0
54.053,5,54050544507,2469000,1
54.053,10,54050544507,2469000,1
54.0555,22,54053011507,2496006,0
54.058,9,54055543513,2496006,0
54.0631,12,54060589525,2469000,1
54.0631,17,54060589525,2469000,1
54.0656,22,54063092525,2496006,0
54.0682,9,54065660531,2496006,0
54.0707,9,54068210537,2496006,0
54.0732,10,54070733543,2496006,0
54.0758,22,54073274549,2496006,0
54.0783,3,54075824555,2496006,0
54.0808,22,54078365561,2469000,1
54.0808,5,54078365561,2469000,1
54.0808,12,54078365561,2469000,1
54.0808,17,54078365561,2469000,1
54.0833,16,54080832561,2496006,0
54.0858,3,54083355567,2469000,1
54.0858,9,54083355567,2469000,1
54.0883,10,54085831567,2469000,1
54.0883,18,54085831567,2469000,1
54.0908,17,54088316567,2469000,1
54.0908,10,54088316567,2469000,1
54.0933,16,54090783567,2469000,1
54.0933,5,54090783567,2469000,1
54.0958,13,54093259567,2496006,0
54.0983,10,54095782573,2496006,0
54.1008,20,54098314579,2469000,1
54.1008,13,54098314579,2469000,1
54.1033,17,54100781579,2496006,0
54.1058,9,54103313585,2496006,0
54.1083,16,54105845591,2469000,1
54.1083,17,54105845591,2469000,1
54.1108,18,54108321591,2496006,0
54.1133,12,54110844597,2496006,0
54.1162,9,54113698603,2496006,0
54.1187,22,54116221609,2469000,1
54.1187,13,54116221609,2469000,1
54.1212,2,54118688609,2496006,0
54.1237,10,54121211615,2469000,1
54.1237,17,54121211615,2469000,1
54.1237,9,54121211615,2469000,1
54.1287,18,54126210621,2496006,0
54.1312,3,54128733627,2496006,0
54.1338,2,54131265633,2496006,0
54.1363,12,54133788639,2469000,1
54.1363,22,54133788639,2469000,1
54.1388,2,54136264639,2496006,0
54.1413,4,54138814645,2469000,1
54.1413,19,54138814645,2469000,1
54.1441,3,54141612651,2496006,0
54.1466,18,54144135657,2496006,0
54.1492,12,54146667663,2496006,0
54.1517,9,54149199669,2496006,0
54.1542,10,54151731675,2496006,0
54.1568,18,54154254681,2496006,0
54.1593,2,54156777687,2496006,0
54.1618,2,54159300693,2496006,0
54.1643,3,54161850699,2496006,0
54.1668,5,54164373705,2469000,1
54.1693,3,54166840705,2496006,0
54.1719,3,54169363711,2496006,0
54.1744,9,54171886717,2496006,0
54.1769,18,54174409723,2469000,1
54.1769,12,54174409723,2469000,1
54.1769,9,54174409723,2469000,1
54.1794,2,54176876723,2496006,0
54.1819,10,54179408729,2496006,0
54.1844,2,54181940735,2496006,0
54.187,13,54184463741,2496006,0
54.1895,10,54186986747,2496006,0
54.192,10,54189536753,2496006,0
54.1946,3,54192059759,2496006,0
54.1971,13,54194582765,2469000,1
54.1971,2,54194582765,2469000,1
54.1971,18,54194582765,2469000,1
54.1995,16,54197067765,2469000,1
54.1995,12,54197067765,2469000,1
54.202,11,54199534765,2496006,0
54.2046,3,54202057771,2496006,0
54.2071,10,54204580777,2496006,0
54.2096,6,54207103783,2469000,1
54.2096,20,54207103783,2469000,1
54.2121,9,54209597783,2469000,1
54.2121,13,54209597783,2469000,1
54.2146,2,54212064783,2496006,0
54.2174,10,54214900789,2496006,0
54.2199,3,54217423795,2469000,1
54.2199,17,54217423795,2469000,1
54.2199,22,54217423795,2469000,1
54.2224,11,54219890795,2469000,1
54.2224,19,54219890795,2469000,1
54.2249,18,54222366795,2496006,0
54.2274,18,54224907801,2496006,0
54.2299,18,54227439807,2496006,0
54.2325,10,54229971813,2496006,0
54.235,3,54232494819,2496006,0
54.2375,19,54235017825,2496006,0
54.24,12,54237549831,2469000,1
54.24,9,54237549831,2469000,1
54.24,2,54237549831,2469000,1
54.2425,18,54240016831,2496006,0
54.2451,18,54242584837,2469000,1
54.2451,14,54242584837,2469000,1
54.2479,19,54245364843,2496006,0
54.2504,19,54247887849,2496006,0
54.2529,3,54250410855,2496006,0
54.2554,10,54252942861,2496006,0
54.258,11,54255474867,2496006,0
54.2605,19,54258033873,2496006,0
54.2631,3,54260556879,2496006,0
54.2655,10,54263079885,2469000,1
54.2655,7,54263079885,2469000,1
54.2655,18,54263079885,2469000,1
54.268,3,54265573885,2469000,1
54.2705,3,54268049885,2496006,0
54.2731,10,54270572891,2496006,0
54.2756,19,54273095897,2496006,0
54.2781,11,54275618903,2496006,0
54.2806,2,54278141909,2469000,1
54.2806,3,54278141909,2469000,1
54.2831,10,54280608909,2469000,1
54.2856,19,54283084909,2469000,1
54.2856,11,54283084909,2469000,1
54.2881,5,54285560909,2496006,0
54.2906,9,54288083915,2496006,0
54.2957,13,54293165927,2496006,0
54.2982,9,54295688933,2469000,1
54.2982,5,54295688933,2469000,1
54.3007,5,54298164933,2496006,0
54.3032,3,54300732939,2496006,0
54.3057,5,54303255945,2469000,1
54.3057,10,54303255945,2469000,1
54.3082,2,54305722945,2469000,1
54.3082,11,54305722945,2469000,1
54.3082,13,54305722945,2469000,1
54.3107,19,54308216945,2496006,0
54.3133,13,54310766951,2496006,0
54.3158,10,54313298957,2496006,0
54.3183,3,54315839963,2496006,0
54.3212,19,54318684969,2496006,0
54.3237,9,54321216975,2469000,1
54.3237,3,54321216975,2469000,1
54.3262,13,54323692975,2496006,0
54.3287,9,54326215981,2496006,0
54.3312,5,54328738987,2496006,0
54.3363,13,54333784999,2496006,0
54.3388,10,54336308005,2496006,0
54.3413,18,54338831011,2496006,0
54.3438,9,54341354017,2469000,1
54.3438,17,54341354017,2469000,1
54.3438,12,54341354017,2469000,1
54.3463,19,54343848017,2496006,0
54.3492,3,54346684023,2496006,0
54.3517,5,54349216029,2496006,0
54.3542,10,54351739035,2469000,1
54.3542,13,54351739035,2469000,1
54.3567,11,54354215035,2496006,0
54.3592,19,54356738041,2469000,1
54.3592,5,54356738041,2469000,1
54.3592,10,54356738041,2469000,1
54.3617,3,54359205041,2469000,1
54.3617,9,54359205041,2469000,1
54.3642,18,54361690041,2496006,0
54.3667,19,54364249047,2496006,0
54.3692,18,54366772053,2469000,1
54.3692,16,54366772053,2469000,1
54.3718,11,54369257053,2496006,0
54.3768,5,54374330065,2496006,0
54.3794,13,54376862071,2496006,0
54.3819,3,54379394077,2496006,0
54.3844,11,54381917083,2469000,1
54.3844,3,54381917083,2469000,1
54.3869,5,54384384083,2469000,1
54.3869,19,54384384083,2469000,1
54.3893,9,54386860083,2469000,1
54.3893,19,54386860083,2469000,1
54.3918,5,54389336083,2496006,0
54.3944,11,54391868089,2496006,0
54.3969,13,54394409095,2496006,0
54.3994,3,54396941101,2496006,0
54.402,5,54399464107,2496006,0
54.4045,3,54401996113,2496006,0
54.407,1,54404519119,2469000,1
54.407,18,54404519119,2469000,1
54.4095,13,54406986119,2469000,1
54.4095,3,54406986119,2469000,1
54.412,19,54409471119,2496006,0
54.4145,9,54411994125,2469000,1
54.4145,18,54411994125,2469000,1
54.4169,5,54414470125,2469000,1
54.4169,11,54414470125,2469000,1
54.4223,10,54419800131,2496006,0
54.4248,6,54422323137,2496006,0
54.4273,19,54424846143,2496006,0
54.4299,13,54427378149,2496006,0
54.4324,10,54429919155,2496006,0
54.4349,11,54432451161,2496006,0
54.4374,19,54434974167,2469000,1
54.4374,21,54434974167,2469000,1
54.4374,10,54434974167,2469000,1
54.4399,2,54437450167,2496006,0
54.4425,2,54439973173,2496006,0
54.445,6,54442505179,2496006,0
54.4475,5,54445037185,2496006,0
54.4501,19,54447560191,2496006,0
54.4529,3,54450396197,2469000,1
54.4529,13,54450396197,2469000,1
54.4553,12,54452872197,2469000,1
54.4553,11,54452872197,2469000,1
54.4553,10,54452872197,2469000,1
54.4579,2,54455357197,2496006,0
54.4604,6,54457889203,2496006,0
54.4629,2,54460412209,2496006,0
54.4654,5,54462935215,2496006,0
54.4679,19,54465458221,2469000,1
54.4679,5,54465458221,2469000,1
54.4704,2,54467925221,2469000,1
54.4729,11,54470392221,2496006,0
54.4755,13,54472960227,2496006,0
54.478,6,54475483233,2496006,0
54.4805,5,54478024239,2496006,0
54.483,13,54480547245,2496006,0
54.4855,17,54483079251,2469000,1
54.4855,13,54483079251,2469000,1
54.488,6,54485546251,2496006,0
54.4906,11,54488069257,2496006,0
54.4931,19,54490628263,2496006,0
54.4956,19,54493151269,2496006,0
54.4982,3,54495674275,2496006,0
54.5007,10,54498197281,2469000,1
54.5007,19,54498197281,2469000,1
54.5032,5,54500664281,2496006,0
54.5057,22,54503205287,2469000,1
54.5057,5,54503205287,2469000,1
54.5082,11,54505681287,2496006,0
54.5107,2,54508204293,2469000,1
54.5107,6,54508204293,2469000,1
54.5132,13,54510698293,2469000,1
54.5132,3,54510698293,2469000,1
54.5132,5,54510698293,2469000,1
54.5182,11,54515706299,2496006,0
54.5208,19,54518283305,2496006,0
54.5233,14,54520806311,2496006,0
54.5261,18,54523651317,2469000,1
54.5261,19,54523651317,2469000,1
54.5286,19,54526120317,2496006,0
54.5311,3,54528643323,2496006,0
54.5337,3,54531175329,2496006,0
54.5362,14,54533698335,2496006,0
54.5387,11,54536221341,2496006,0
54.5412,19,54538762347,2469000,1
54.5412,4,54538762347,2469000,1
54.5412,11,54538762347,2469000,1
54.5437,6,54541247347,2496006,0
54.5463,14,54543779353,2496006,0
54.5488,3,54546311359,2469000,1
54.5488,6,54546311359,2469000,1
54.5513,6,54548787359,2496006,0
54.5541,2,54551632365,2496006,0
54.5567,3,54554155371,2496006,0
54.5617,6,54559210383,2496006,0
54.5642,2,54561733389,2469000,1
54.5642,14,54561733389,2469000,1
54.5667,3,54564200389,2496006,0
54.5692,19,54566732395,2496006,0
54.5718,2,54569264401,2496006,0
54.5743,21,54571805407,2496006,0
54.5768,19,54574328413,2496006,0
54.5793,6,54576851419,2496006,0
54.5819,11,54579401425,2496006,0
54.5844,3,54581924431,2496006,0
54.5869,13,54584456437,2469000,1
54.5869,5,54584456437,2469000,1
54.5894,2,54586923437,2496006,0
54.5919,6,54589446443,2469000,1
54.5919,21,54589446443,2469000,1
54.5944,19,54591922443,2469000,1
54.5944,6,54591922443,2469000,1
54.5969,11,54594389443,2469000,1
54.5969,13,54594389443,2469000,1
54.5994,3,54596874443,2496006,0
54.6019,14,54599397449,2496006,0
54.6044,19,54601938455,2496006,0
54.6095,6,54606984467,2496006,0
54.612,3,54609516473,2469000,1
54.612,2,54609516473,2469000,1
54.6145,21,54611983473,2496006,0
54.617,19,54614506479,2496006,0
54.6195,6,54617038485,2496006,0
54.6221,21,54619561491,2496006,0
54.6246,19,54622093497,2469000,1
54.6246,6,54622093497,2469000,1
54.6273,14,54624873503,2469000,1
54.6273,21,54624873503,2469000,1
54.6298,10,54627340503,2496006,0
54.6324,11,54629863509,2496006,0
54.6349,3,54632413515,2496006,0
54.6374,2,54634954521,2469000,1
54.6374,19,54634954521,2469000,1
54.6399,11,54637439521,2496006,0
54.6424,3,54639971527,2469000,1
54.6424,10,54639971527,2469000,1
54.6449,20,54642447527,2496006,0
54.6475,16,54644979533,2496006,0
54.65,11,54647502539,2496006,0
54.6525,16,54650034545,2496006,0
54.6551,11,54652584551,2469000,1
54.6551,21,54652584551,2469000,1
54.6551,16,54652584551,2469000,1
54.6579,14,54655400557,2469000,1
54.6579,20,54655400557,2469000,1
54.6604,6,54657867557,2496006,0
54.6629,14,54660417563,2496006,0
54.6654,14,54662949569,2496006,0
54.668,14,54665481575,2496006,0
54.6705,18,54668022581,2496006,0
54.673,6,54670545587,2469000,1
54.673,19,54670545587,2469000,1
54.673,10,54670545587,2469000,1
54.673,14,54670545587,2469000,1
54.673,18,54670545587,2469000,1
54.6755,5,54673021587,2469000,1
54.6755,3,54673021587,2469000,1
54.6755,20,54673021587,2469000,1
54.678,16,54675497587,2496006,0
54.6805,11,54678029593,2496006,0
54.683,3,54680552599,2496006,0
54.6856,6,54683084605,2469000,1
54.6856,14,54683084605,2469000,1
54.6856,3,54683084605,2469000,1
54.688,18,54685551605,2469000,1
54.688,11,54685551605,2469000,1
54.6905,14,54688018605,2496006,0
54.693,2,54690550611,2496006,0
54.6956,16,54693082617,2469000,1
54.6956,2,54693082617,2469000,1
54.698,14,54695549617,2496006,0
54.7031,10,54700613629,2496006,0
54.7056,3,54703136635,2496006,0
54.7082,2,54705659641,2496006,0
54.7107,14,54708182647,2496006,0
54.7132,6,54710714653,2469000,1
54.7132,2,54710714653,2469000,1
54.7157,3,54713181653,2496006,0
54.7182,19,54715713659,2496006,0
54.7207,10,54718245665,2496006,0
54.7233,10,54720795671,2496006,0
54.7258,3,54723318677,2469000,1
54.7258,11,54723318677,2469000,1
54.7283,14,54725812677,2496006,0
54.7311,10,54728648683,2469000,1
54.7311,19,54728648683,2469000,1
54.7336,16,54731115683,2469000,1
54.7336,6,54731115683,2469000,1
54.7361,18,54733582683,2496006,0
54.7386,21,54736114689,2469000,1
54.7386,6,54736114689,2469000,1
54.7411,5,54738617689,2496006,0
54.7436,2,54741158695,2469000,1
54.7436,21,54741158695,2469000,1
54.7461,14,54743625695,2496006,0
54.7486,5,54746148701,2496006,0
54.7512,13,54748680707,2496006,0
54.7537,18,54751203713,2496006,0
54.7562,9,54753726719,2496006,0
54.7591,18,54756562725,2496006,0
54.7616,14,54759085731,2496006,0
54.7641,11,54761608737,2469000,1
54.7641,9,54761608737,2469000,1
54.7666,20,54764084737,2469000,1
54.7666,3,54764084737,2469000,1
54.7691,13,54766560737,2496006,0
54.7716,14,54769083743,2496006,0
54.7741,5,54771624749,2469000,1
54.7741,14,54771624749,2469000,1
54.7766,18,54774091749,2469000,1
54.7766,10,54774091749,2469000,1
54.779,13,54776558749,2469000,1
54.779,19,54776558749,2469000,1
54.7815,16,54779025749,2496006,0
54.7841,16,54781638755,2496006,0
54.7892,9,54786702767,2496006,0
54.7917,14,54789243773,2496006,0
54.7943,9,54791775779,2496006,0
54.7968,11,54794298785,2496006,0
54.7993,13,54796821791,2496006,0
54.8018,14,54799344797,2469000,1
54.8018,18,54799344797,2469000,1
54.8043,9,54801820797,2469000,1
54.8043,5,54801820797,2469000,1
54.8043,11,54801820797,2469000,1
54.8068,16,54804287797,2496006,0
54.8093,2,54806819803,2496006,0
54.8118,3,54809342809,2496006,0
54.8143,10,54811865815,2469000,1
54.8143,11,54811865815,2469000,1
54.8143,2,54811865815,2469000,1
54.8168,16,54814332815,2496006,0
54.8194,20,54816855821,2496006,0
54.8219,16,54819378827,2496006,0
54.8244,13,54821901833,2496006,0
54.8269,20,54824424839,2496006,0
54.8294,16,54826956845,2469000,1
54.8294,20,54826956845,2469000,1
54.8322,14,54829736851,2496006,0
54.8347,13,54832268857,2469000,1
54.8347,3,54832268857,2469000,1
54.8372,5,54834753857,2496006,0
54.8398,13,54837276863,2496006,0
54.8423,11,54839799869,2496006,0
54.8448,16,54842322875,2469000,1
54.8473,14,54844789875,2496006,0
54.8498,18,54847312881,2496006,0
54.8523,13,54849853887,2496006,0
54.8549,11,54852376893,2496006,0
54.8574,5,54854899899,2469000,1
54.8574,9,54854899899,2469000,1
54.8574,11,54854899899,2469000,1
54.8599,19,54857366899,2496006,0
54.8627,18,54860256905,2469000,1
54.8627,2,54860256905,2469000,1
54.8627,14,54860256905,2469000,1
54.8652,19,54862732905,2469000,1
54.8652,14,54862732905,2469000,1
54.8677,13,54865199905,2496006,0
54.8702,20,54867722911,2496006,0
54.8727,3,54870245917,2469000,1
54.8727,19,54870245917,2469000,1
54.8752,20,54872739917,2469000,1
54.8752,13,54872739917,2469000,1
54.8752,2,54872739917,2469000,1
54.8777,11,54875242917,2496006,0
54.8803,18,54877774923,2496006,0
54.8828,5,54880306929,2496006,0
54.8853,8,54882847935,2496006,0
54.8879,20,54885379941,2496006,0
54.8904,11,54887902947,2496006,0
54.8955,8,54892966959,2496006,0
54.898,18,54895489965,2496006,0
54.9005,9,54898021971,2496006,0
54.903,5,54900544977,2496006,0
54.9056,18,54903067983,2496006,0
54.9081,11,54905599989,2469000,1
54.9081,13,54905599989,2469000,1
54.9106,20,54908075989,2496006,0
54.9131,16,54910607995,2469000,1
54.9131,20,54910607995,2469000,1
54.9156,8,54913101995,2496006,0
54.9181,5,54915625001,2469000,1
54.9181,9,54915625001,2469000,1
54.9206,20,54918101001,2496006,0
54.9231,18,54920624007,2469000,1
54.9231,11,54920624007,2469000,1
54.9256,3,54923145007,2496006,0
54.9282,14,54925668013,2496006,0
54.9307,18,54928191019,2496006,0
54.9332,20,54930714025,2469000,1
54.9332,3,54930714025,2469000,1
54.936,11,54933494031,2496006,0
54.9385,8,54936017037,2496006,0
54.941,20,54938567043,2469000,1
54.9435,18,54941043043,2496006,0
54.9461,14,54943566049,2496006,0
54.9486,11,54946089055,2496006,0
54.9511,5,54948612061,2469000,1
54.9511,18,54948612061,2469000,1
54.9535,19,54951079061,2469000,1
54.9535,11,54951079061,2469000,1
54.956,15,54953546061,2469000,1
54.956,9,54953546061,2469000,1
54.9585,8,54956013061,2496006,0
54.9611,8,54958572067,2496006,0
54.9639,3,54961435073,2496006,0
54.9665,14,54963967079,2496006,0
54.969,14,54966490085,2496006,0
54.9715,11,54969013091,2496006,0
54.9741,8,54971554097,2496006,0
54.9766,8,54974095103,2496006,0
54.9791,10,54976618109,2496006,0
54.9817,13,54979159115,2496006,0
54.9842,3,54981691121,2469000,1
54.9842,14,54981691121,2469000,1
54.9866,23,54984158121,2469000,1
54.9866,18,54984158121,2469000,1
54.9891,12,54986634121,2469000,1
54.9891,11,54986634121,2469000,1
54.9916,20,54989110121,2496006,0
54.9941,10,54991651127,2469000,1
54.9941,13,54991651127,2469000,1
54.9966,21,54994118127,2469000,1
54.9966,19,54994118127,2469000,1
54.9991,8,54996585127,2496006,0
55.0016,20,54999117133,2496006,0
55.0041,22,55001649139,2469000,1
55.0041,5,55001649139,2469000,1
55.0066,10,55004116139,2496006,0
55.0091,8,55006639145,2469000,1
55.0091,10,55006639145,2469000,1
55.0116,10,55009108145,2496006,0
55.0141,9,55011631151,2469000,1
55.0141,14,55011631151,2469000,1
55.0141,10,55011631151,2469000,1
55.0166,3,55014098151,2496006,0
55.0191,3,55016621157,2496006,0
55.0216,2,55019153163,2496006,0
55.0242,11,55021676169,2496006,0
55.0267,2,55024217175,2496006,0
55.0292,20,55026740181,2469000,1
55.0292,11,55026740181,2469000,1
55.0317,19,55029207181,2469000,1
55.0317,10,55029207181,2469000,1
55.0342,3,55031683181,2469000,1
55.0342,20,55031683181,2469000,1
55.037,20,55034472187,2496006,0
55.0395,9,55037013193,2496006,0
55.042,13,55039554199,2469000,1
55.042,2,55039554199,2469000,1
55.042,11,55039554199,2469000,1
55.042,10,55039554199,2469000,1
55.0445,13,55042023199,2469000,1
55.047,20,55044499199,2496006,0
55.0521,14,55049554211,2496006,0
55.0546,8,55052077217,2496006,0
55.0571,20,55054645223,2469000,1
55.0571,18,55054645223,2469000,1
55.0571,9,55054645223,2469000,1
55.0596,5,55057121223,2496006,0
55.0621,14,55059653229,2496006,0
55.0647,3,55062176235,2496006,0
55.0675,5,55065012241,2496006,0
55.07,10,55067553247,2496006,0
55.0726,8,55070076253,2496006,0
55.0751,16,55072608259,2469000,1
55.0751,9,55072608259,2469000,1
55.0776,5,55075084259,2496006,0
55.0801,10,55077607265,2496006,0
55.0826,5,55080130271,2496006,0
55.0851,2,55082662277,2469000,1
55.0851,14,55082662277,2469000,1
55.0876,14,55085131277,2496006,0
55.0902,3,55087663283,2496006,0
55.0927,5,55090195289,2469000,1
55.0927,20,55090195289,2469000,1
55.0951,8,55092671289,2469000,1
55.0951,3,55092671289,2469000,1
55.0977,10,55095156289,2496006,0
55.1027,17,55100229301,2496006,0
55.1052,14,55102752307,2496006,0
55.1078,2,55105275313,2496006,0
55.1103,10,55107834319,2496006,0
55.1128,9,55110366325,2469000,1
55.1128,10,55110366325,2469000,1
55.1153,17,55112842325,2469000,1
55.1153,11,55112842325,2469000,1
55.1178,8,55115318325,2496006,0
55.1203,8,55117841331,2496006,0
55.1229,14,55120373337,2496006,0
55.1254,2,55122896343,2469000,1
55.1254,5,55122896343,2469000,1
55.1279,2,55125365343,2496006,0
55.1304,17,55127888349,2496006,0
55.1329,3,55130411355,2469000,1
55.1329,17,55130411355,2469000,1
55.1354,8,55132878355,2496006,0
55.1379,17,55135410361,2496006,0
55.1407,14,55138255367,2469000,1
55.1407,17,55138255367,2469000,1
55.1432,5,55140722367,2469000,1
55.1432,17,55140724367,2469000,1
55.1457,2,55143191367,2496006,0
55.1482,6,55145732373,2469000,1
55.1482,20,55145732373,2469000,1
55.1507,9,55148199373,2496006,0
55.1532,2,55150731379,2496006,0
55.1558,3,55153254385,2496006,0
55.1582,8,55155777391,2469000,1
55.1582,9,55155777391,2469000,1
55.1607,8,55158246391,2469000,1
55.1632,10,55160731391,2496006,0
55.1658,3,55163290397,2496006,0
55.1686,10,55166153403,2496006,0
55.1711,2,55168676409,2469000,1
55.1711,9,55168676409,2469000,1
55.1737,3,55171161409,2496006,0
55.1762,20,55173684415,2496006,0
55.1787,14,55176225421,2496006,0
55.1812,3,55178748427,2469000,1
55.1812,20,55178748427,2469000,1
55.1837,17,55181215427,2496006,0
55.1862,17,55183747433,2496006,0
55.1888,10,55186288439,2469000,1
55.1888,9,55186288439,2469000,1
55.1913,17,55188755439,2496006,0
55.1938,2,55191314445,2469000,1
55.1938,14,55191314445,2469000,1
55.1963,13,55193790445,2496006,0
55.1988,13,55196313451,2496006,0
55.2014,13,55198854457,2496006,0
55.2039,1,55201386463,2469000,1
55.2039,8,55201386463,2469000,1
55.2039,14,55201386463,2469000,1
55.2063,13,55203853463,2496006,0
55.2088,18,55206376469,2469000,1
55.2088,20,55206376469,2469000,1
55.2088,17,55206376469,2469000,1
55.2113,8,55208852469,2496006,0
55.2139,3,55211402475,2469000,1
55.2139,8,55211402475,2469000,1
55.2163,10,55213878475,2469000,1
55.2163,13,55213878475,2469000,1
55.2163,17,55213878475,2469000,1
55.2189,21,55216363475,2496006,0
55.2214,3,55218886481,2496006,0
55.2239,13,55221409487,2496006,0
55.2264,11,55223932493,2469000,1
55.2264,5,55223932493,2469000,1
55.2289,21,55226408493,2469000,1
55.2289,3,55226408493,2469000,1
55.2314,8,55228884493,2496006,0
55.2339,2,55231407499,2496006,0
55.2365,14,55233993505,2469000,1
55.2365,17,55233993505,2469000,1
55.239,13,55236460505,2496006,0
55.2418,3,55239296511,2496006,0
55.2443,3,55241828517,2496006,0
55.2468,8,55244351523,2496006,0
55.2494,2,55246874529,2496006,0
55.2544,8,55251947541,2496006,0
55.257,14,55254470547,2496006,0
55.2595,3,55257002553,2496006,0
55.262,13,55259534559,2496006,0
55.2646,2,55262057565,2496006,0
55.267,8,55264580571,2469000,1
55.267,10,55264580571,2469000,1
55.2695,14,55267047571,2496006,0
55.2724,21,55269883577,2496006,0
55.2749,21,55272442583,2496006,0
55.2775,3,55274983589,2469000,1
55.2775,2,55274983589,2469000,1
55.2799,13,55277450589,2469000,1
55.2799,3,55277452589,2469000,1
55.2824,14,55279937589,2496006,0
55.285,2,55282460595,2496006,0
55.2875,20,55284992601,2496006,0
55.29,13,55287515607,2496006,0
55.2925,13,55290038613,2496006,0
55.2951,16,55292561619,2496006,0
55.2976,14,55295093625,2469000,1
55.2976,21,55295093625,2469000,1
55.3,2,55297560625,2469000,1
55.3,6,55297560625,2469000,1
55.3025,8,55300027625,2469000,1
55.305,16,55302494625,2496006,0
55.3075,18,55305026631,2469000,1
55.3075,16,55305026631,2469000,1
55.31,13,55307493631,2469000,1
55.31,20,55307493631,2469000,1
55.3125,2,55309960631,2496006,0
55.315,15,55312483637,2496006,0
55.3175,15,55315015643,2496006,0
55.32,16,55317538649,2496006,0
55.3226,15,55320070655,2496006,0
55.3251,16,55322602661,2496006,0
55.3276,20,55325143667,2496006,0
55.3302,9,55327666673,2496006,0
55.3327,2,55330198679,2496006,0
55.3352,21,55332730685,2496006,0
55.3377,21,55335253691,2496006,0
55.3403,5,55337776697,2496006,0
55.3428,9,55340308703,2496006,0
55.3456,16,55343144709,2496006,0
55.3482,15,55345667715,2496006,0
55.3507,14,55348199721,2496006,0
55.3532,13,55350722727,2496006,0
55.3557,20,55353245733,2496006,0
55.3583,8,55355768739,2496006,0
55.3608,2,55358291745,2496006,0
55.3633,5,55360814751,2469000,1
55.3633,9,55360814751,2469000,1
55.3658,13,55363290751,2496006,0
55.3683,4,55365813757,2469000,1
55.3707,23,55368280757,2469000,1
55.3707,21,55368280757,2469000,1
55.3735,20,55371060763,2469000,1
55.3735,16,55371060763,2469000,1
55.3735,13,55371060763,2469000,1
55.376,8,55373527763,2469000,1
55.376,14,55373527763,2469000,1
55.3785,15,55375994763,2496006,0
55.381,3,55378526769,2496006,0
55.3835,13,55381049775,2496006,0
55.3861,20,55383572781,2496006,0
55.3886,2,55386104787,2496006,0
55.3911,2,55388627793,2496006,0
55.3936,17,55391150799,2496006,0
55.3962,14,55393682805,2496006,0
55.3987,13,55396205811,2496006,0
55.4012,21,55398728817,2496006,0
55.4037,15,55401251823,2469000,1
55.4037,23,55401251823,2469000,1
55.4037,13,55401251823,2469000,1
55.4062,3,55403718823,2469000,1
55.4062,8,55403718823,2469000,1
55.4087,16,55406212823,2469000,1
55.4087,20,55406212823,2469000,1
55.4112,10,55408688823,2469000,1
55.4112,5,55408688823,2469000,1
55.4136,17,55411155823,2469000,1
55.4136,2,55411155823,2469000,1
55.4161,8,55413631823,2496006,0
55.4186,9,55416154829,2469000,1
55.4186,3,55416154829,2469000,1
55.4211,21,55418621829,2496006,0
55.4236,14,55421144835,2469000,1
55.4236,13,55421144835,2469000,1
55.4261,16,55423665835,2469000,1
55.4261,8,55423665835,2469000,1
55.4286,15,55426150835,2496006,0
55.4312,14,55428673841,2496006,0
55.4337,9,55431196847,2469000,1
55.4337,21,55431196847,2469000,1
55.4362,5,55433663847,2496006,0
55.4387,17,55436186853,2496006,0
55.4412,10,55438709859,2496006,0
55.4466,23,55444068871,2496006,0
55.4491,17,55446591877,2496006,0
55.4516,14,55449114883,2496006,0
55.4541,20,55451637889,2469000,1
55.4541,13,55451637889,2469000,1
55.4566,15,55454104889,2469000,1
55.4566,23,55454104889,2469000,1
55.4591,15,55456580889,2496006,0
55.4616,3,55459103895,2496006,0
55.4641,14,55461626901,2469000,1
55.4641,2,55461626901,2469000,1
55.4641,21,55461626901,2469000,1
55.4666,5,55464093901,2496006,0
55.4691,17,55466616907,2496006,0
55.4716,10,55469139913,2469000,1
55.4716,17,55469139913,2469000,1
55.4741,3,55471606913,2469000,1
55.4741,15,55471606913,2469000,1
55.4741,14,55471606913,2469000,1
55.4741,10,55471608913,2469000,1
55.4769,5,55474415919,2469000,1
55.4769,3,55474415919,2469000,1
55.4794,8,55476900919,2469000,1
55.4794,5,55476900919,2469000,1
55.4819,23,55479394919,2496006,0
55.4844,10,55481917925,2496006,0
55.487,15,55484458931,2496006,0
55.4895,21,55486981937,2496006,0
55.492,15,55489522943,2496006,0
55.4946,17,55492054949,2496006,0
55.497,10,55494577955,2469000,1
55.497,11,55494577955,2469000,1
55.497,9,55494577955,2469000,1
55.4995,23,55497053955,2496006,0
55.5021,5,55499576961,2496006,0
55.5046,17,55502099967,2496006,0
55.5071,23,55504631973,2496006,0
55.5097,21,55507172979,2496006,0
55.5122,15,55509695985,2469000,1
55.5122,23,55509695985,2469000,1
55.5147,16,55512171985,2496006,0
55.5172,21,55514694991,2496006,0
55.5197,5,55517235997,2496006,0
55.5222,17,55519759003,2469000,1
55.5222,14,55519759003,2469000,1
55.5222,5,55519759003,2469000,1
55.5247,16,55522244003,2496006,0
55.5273,7,55524767009,2496006,0
55.5298,20,55527308015,2469000,1
55.5298,3,55527308015,2469000,1
55.5322,8,55529775015,2469000,1
55.5322,10,55529775015,2469000,1
55.5347,16,55532251015,2469000,1
55.5347,21,55532251015,2469000,1
55.5372,23,55534736015,2496006,0
55.5398,17,55537268021,2496006,0
55.5423,7,55539800027,2469000,1
55.5423,17,55539800027,2469000,1
55.5447,23,55542276027,2469000,1
55.5447,20,55542276027,2469000,1
55.5472,2,55544752027,2496006,0
55.5501,15,55547588033,2496006,0
55.5526,5,55550138039,2469000,1
55.5526,16,55550138039,2469000,1
55.5552,23,55552668039,2496006,0
55.5577,9,55555209045,2469000,1
55.5577,7,55555209045,2469000,1
55.5577,2,55555209045,2469000,1
55.5577,15,55555209045,2469000,1
55.5601,10,55557676045,2469000,1
55.5601,23,55557676045,2469000,1
55.5601,15,55557678045,2469000,1
55.5626,21,55560145045,2496006,0
55.5652,9,55562677051,2496006,0
55.5677,2,55565200057,2496006,0
55.5702,17,55567732063,2469000,1
55.5702,16,55567732063,2469000,1
55.5727,3,55570199063,2496006,0
55.5752,13,55572722069,2496006,0
55.5781,14,55575576075,2496006,0
55.5806,2,55578108081,2496006,0
55.5831,2,55580640087,2496006,0
55.5856,3,55583163093,2469000,1
55.5881,21,55585630093,2496006,0
55.5906,9,55588153099,2496006,0
55.5932,2,55590676105,2496006,0
55.5957,2,55593199111,2496006,0
55.5982,2,55595722117,2496006,0
55.6007,14,55598245123,2496006,0
55.6032,13,55600777129,2469000,1
55.6032,3,55600777129,2469000,1
55.6058,7,55603271129,2496006,0
55.6083,23,55605794135,2496006,0
55.6108,21,55608317141,2496006,0
55.6133,7,55610849147,2496006,0
55.6159,9,55613372153,2496006,0
55.6184,19,55615895159,2496006,0
55.6209,21,55618418165,2469000,1
55.6209,2,55618418165,2469000,1
55.6209,7,55618418165,2469000,1
55.6234,14,55620885165,2496006,0
55.6259,2,55623435171,2496006,0
55.6285,7,55625958177,2496006,0
55.631,2,55628481183,2496006,0
55.6335,9,55631004189,2496006,0
55.636,14,55633527195,2496006,0
55.6385,23,55636050201,2496006,0
55.6411,13,55638582207,2469000,1
55.6411,19,55638582207,2469000,1
55.6435,9,55641049207,2496006,0
55.646,5,55643572213,2469000,1
55.646,23,55643572213,2469000,1
55.6485,13,55646048213,2496006,0
55.6514,15,55648884219,2496006,0
55.6539,15,55651407225,2496006,0
55.6564,14,55653930231,2469000,1
55.6564,21,55653930231,2469000,1
55.6564,7,55653930231,2469000,1
55.6589,3,55656397231,2496006,0
55.6614,13,55658920237,2496006,0
55.6639,15,55661443243,2496006,0
55.6665,2,55663966249,2496006,0
55.669,16,55666489255,2469000,1
55.669,9,55666489255,2469000,1
55.669,3,55666489255,2469000,1
55.669,2,55666489255,2469000,1
55.6715,13,55668956255,2496006,0
55.6765,17,55674029267,2469000,1
55.6765,21,55674029267,2469000,1
55.679,15,55676514267,2469000,1
55.679,8,55676514267,2469000,1
55.6818,23,55679303273,2469000,1
55.6818,9,55679303273,2469000,1
55.6818,2,55679303273,2469000,1
55.6843,13,55681779273,2496006,0
55.6868,19,55684311279,2469000,1
55.6868,5,55684311279,2469000,1
55.6894,7,55686859279,2496006,0
55.6919,14,55689382285,2496006,0
55.6944,14,55691905291,2496006,0
55.6969,13,55694428297,2496006,0
55.6995,3,55696978303,2496006,0
55.702,7,55699501309,2496006,0
55.7045,16,55702033315,2496006,0
55.7071,15,55704556321,2496006,0
55.7095,3,55707079327,2469000,1
55.7095,13,55707079327,2469000,1
55.7121,14,55709555327,2496006,0
55.7146,15,55712087333,2496006,0
55.7171,10,55714619339,2496006,0
55.7197,7,55717187345,2496006,0
55.7222,14,55719710351,2469000,1
55.7222,16,55719710351,2469000,1
55.7247,15,55722177351,2496006,0
55.7272,10,55724718357,2496006,0
55.7297,7,55727241363,2496006,0
55.7323,16,55729782369,2469000,1
55.7323,7,55729782369,2469000,1
55.7347,2,55732249369,2496006,0
55.7373,23,55734790375,2469000,1
55.7373,3,55734790375,2469000,1
55.7398,15,55737257375,2496006,0
55.7423,13,55739780381,2496006,0
55.7448,9,55742303387,2496006,0
55.7473,9,55744835393,2496006,0
55.7498,17,55747376399,2469000,1
55.7498,10,55747376399,2469000,1
55.7523,13,55749852399,2469000,1
55.7523,19,55749852399,2469000,1
55.7523,7,55749852399,2469000,1
55.7551,2,55752641405,2496006,0
55.7577,15,55755164411,2496006,0
55.7602,9,55757687417,2469000,1
55.7602,14,55757687417,2469000,1
55.7627,13,55760154417,2496006,0
55.7652,13,55762677423,2496006,0
55.7677,2,55765209429,2496006,0
55.7702,16,55767732435,2469000,1
55.7702,3,55767732435,2469000,1
55.7727,14,55770208435,2496006,0
55.7752,15,55772740441,2496006,0
55.7778,11,55775272447,2496006,0
55.7803,13,55777795453,2496006,0
55.7831,2,55780640459,2496006,0
55.7857,11,55783163465,2496006,0
55.7882,9,55785686471,2496006,0
55.7907,13,55788209477,2496006,0
55.7932,10,55790732483,2496006,0
55.7958,14,55793264489,2496006,0
55.7983,15,55795823495,2496006,0
55.8008,9,55798346501,2469000,1
55.8008,2,55798346501,2469000,1
55.8033,11,55800813501,2496006,0
55.8058,7,55803363507,2469000,1
55.8083,14,55805830507,2469000,1
55.8083,10,55805830507,2469000,1
55.8108,13,55808297507,2496006,0
55.8133,20,55810838513,2469000,1
55.8133,13,55810838513,2469000,1
55.8158,9,55813323513,2496006,0
55.8183,15,55815846519,2496006,0
55.8208,11,55818369525,2469000,1
55.8208,9,55818369525,2469000,1
55.8208,15,55818369525,2469000,1
55.8233,16,55820836525,2496006,0
55.8259,2,55823359531,2496006,0
55.8284,2,55825891537,2496006,0
55.8309,14,55828432543,2496006,0
55.8335,15,55830955549,2496006,0
55.836,10,55833478555,2496006,0
55.8385,16,55836001561,2496006,0
55.841,5,55838524567,2469000,1
55.841,15,55838524567,2469000,1
55.8435,21,55841000567,2496006,0
55.846,14,55843523573,2496006,0
55.8485,21,55846046579,2496006,0
55.8511,2,55848578585,2496006,0
55.8536,7,55851101591,2496006,0
55.8564,21,55853946597,2469000,1
55.8564,2,55853946597,2469000,1
55.8589,14,55856422597,2496006,0
55.8614,13,55858945603,2469000,1
55.8614,10,55858945603,2469000,1
55.8639,16,55861421603,2469000,1
55.8639,14,55861421603,2469000,1
55.8664,14,55863897603,2496006,0
55.8689,9,55866429609,2496006,0
55.8714,14,55868970615,2469000,1
55.8714,11,55868970615,2469000,1
55.8739,7,55871446615,2469000,1
55.8739,14,55871446615,2469000,1
55.8764,9,55873922615,2496006,0
55.8789,19,55876445621,2469000,1
55.8789,9,55876445621,2469000,1
55.884,21,55881462627,2496006,0
55.8868,18,55884298633,2469000,1
55.8868,15,55884298633,2469000,1
55.8868,19,55884298633,2469000,1
55.8892,10,55886774633,2469000,1
55.8892,9,55886774633,2469000,1
55.8917,23,55889268633,2469000,1
55.8917,7,55889268633,2469000,1
55.8942,2,55891735633,2496006,0
55.8968,16,55894267639,2496006,0
55.8993,2,55896808645,2496006,0
55.9018,21,55899349651,2496006,0
55.9044,15,55901890657,2496006,0
55.9069,11,55904413663,2496006,0
55.9094,14,55906936669,2496006,0
55.912,16,55909486675,2496006,0
55.9145,2,55912009681,2496006,0
55.917,14,55914532687,2496006,0
55.9196,12,55917055693,2496006,0
55.9221,15,55919596699,2469000,1
55.9221,9,55919596699,2469000,1
55.9221,23,55919596699,2469000,1
55.9246,21,55922063699,2496006,0
55.9271,2,55924586705,2469000,1
55.9271,16,55924586705,2469000,1
55.9295,11,55927053705,2496006,0
55.9321,10,55929576711,2496006,0
55.9346,7,55932099717,2469000,1
55.9346,11,55932099717,2469000,1
55.9371,13,55934566717,2496006,0
55.9396,16,55937098723,2496006,0
55.9421,21,55939621729,2469000,1
55.9421,13,55939621729,2469000,1
55.9421,16,55939621729,2469000,1
55.9446,12,55942088729,2496006,0
55.9471,14,55944611735,2496006,0
55.9496,3,55947134741,2469000,1
55.9496,12,55947134741,2469000,1
55.9521,13,55949601741,2496006,0
55.9546,16,55952151747,2469000,1
55.9571,10,55954618747,2469000,1
55.9571,3,55954618747,2469000,1
55.9599,2,55957443753,2496006,0
55.9625,13,55959966759,2496006,0
55.965,14,55962489765,2469000,1
55.965,2,55962489765,2469000,1
55.9675,11,55964956765,2496006,0
55.97,13,55967488771,2496006,0
55.9725,13,55970020777,2496006,0
55.975,15,55972543783,2469000,1
55.975,10,55972543783,2469000,1
55.9775,18,55975010783,2496006,0
55.98,11,55977533789,2496006,0
55.9826,2,55980083795,2496006,0
55.9851,21,55982606801,2469000,1
55.9851,12,55982606801,2469000,1
55.9879,11,55985404807,2496006,0
55.9904,13,55987927813,2496006,0
55.993,11,55990459819,2496006,0
55.9955,18,55993009825,2496006,0
55.998,11,55995541831,2496006,0
56.0006,2,55998064837,2496006,0
56.0031,14,56000596843,2469000,1
56.0031,11,56000596843,2469000,1
56.0056,2,56003063843,2496006,0
56.0081,13,56005604849,2496006,0
56.0106,8,56008127855,2469000,1
56.0106,10,56008127855,2469000,1
56.0131,18,56010594855,2496006,0
56.0156,7,56013117861,2469000,1
56.0156,15,56013117861,2469000,1
56.0181,18,56015611861,2469000,1
56.0181,13,56015611861,2469000,1
56.0181,12,56015611861,2469000,1
56.0206,16,56018078861,2496006,0
56.0256,17,56023133873,2496006,0
56.0282,2,56025665879,2496006,0
56.0307,17,56028188885,2496006,0
56.0332,17,56030756891,2469000,1
56.0332,16,56030756891,2469000,1
56.0332,13,56030756891,2469000,1
56.0357,14,56033223891,2496006,0
56.0382,3,56035746897,2469000,1
56.0382,11,56035746897,2469000,1
56.0407,2,56038213897,2496006,0
56.0432,16,56040745903,2469000,1
56.0432,11,56040745903,2469000,1
56.0457,17,56043248903,2496006,0
56.0483,17,56045771909,2496006,0
56.0508,9,56048303915,2496006,0
56.0533,14,56050835921,2469000,1
56.0533,9,56050835921,2469000,1
56.0558,21,56053311921,2469000,1
56.0558,18,56053311921,2469000,1
56.0583,2,56055778921,2496006,0
56.0612,17,56058668927,2496006,0
56.0637,2,56061227933,2496006,0
56.0662,17,56063750939,2496006,0
56.0688,9,56066300945,2496006,0
56.0713,14,56068823951,2496006,0
56.0738,13,56071346957,2496006,0
56.0789,21,56076392969,2496006,0
56.0814,21,56078924975,2496006,0
56.0839,17,56081447981,2496006,0
56.0865,9,56083970987,2496006,0
56.0893,14,56086806993,2496006,0
56.0918,2,56089329999,2469000,1
56.0918,21,56089329999,2469000,1
56.0943,13,56091796999,2496006,0
56.0968,17,56094347005,2469000,1
56.0968,10,56094347005,2469000,1
56.0993,15,56096823005,2496006,0
56.1018,12,56099346011,2469000,1
56.1018,14,56099346011,2469000,1
56.1043,14,56101815011,2496006,0
56.1068,21,56104347017,2496006,0
56.1093,9,56106870023,2469000,1
56.1093,2,56106870023,2469000,1
56.1118,17,56109346023,2496006,0
56.1143,6,56111869029,2469000,1
56.1143,13,56111869029,2469000,1
56.1168,13,56114345029,2496006,0
56.1194,15,56116877035,2496006,0
56.1219,14,56119400041,2469000,1
56.1219,6,56119400041,2469000,1
56.1243,16,56121876041,2469000,1
56.1243,9,56121876041,2469000,1
56.1243,6,56121876041,2469000,1
56.1268,17,56124343041,2496006,0
56.1293,15,56126875047,2469000,1
56.1293,13,56126875047,2469000,1
56.1318,21,56129342047,2496006,0
56.1343,17,56131874053,2469000,1
56.1343,18,56131874053,2469000,1
56.1394,18,56136891059,2496006,0
56.1419,18,56139459065,2469000,1
56.1419,13,56139459065,2469000,1
56.1444,21,56141926065,2496006,0
56.147,14,56144476071,2496006,0
56.1495,21,56147026077,2496006,0
56.152,21,56149549083,2496006,0
56.1546,15,56152081089,2496006,0
56.1571,14,56154631095,2496006,0
56.1597,18,56157163101,2496006,0
56.1625,21,56159999107,2469000,1
56.1625,18,56159999107,2469000,1
56.165,15,56162466107,2496006,0
56.1675,2,56164989113,2469000,1
56.1675,17,56164989113,2469000,1
56.17,6,56167465113,2496006,0
56.1725,13,56169997119,2496006,0
56.175,6,56172547125,2496006,0
56.1776,18,56175070131,2496006,0
56.1801,14,56177593137,2469000,1
56.1801,6,56177593137,2469000,1
56.1825,13,56180078137,2469000,1
56.1825,15,56180078137,2469000,1
56.185,9,56182554137,2469000,1
56.185,21,56182554137,2469000,1
56.1875,6,56185048137,2496006,0
56.1901,18,56187598143,2496006,0
56.1929,14,56190434149,2496006,0
56.1955,11,56192957155,2496006,0
56.198,6,56195480161,2496006,0
56.2005,21,56198012167,2496006,0
56.203,5,56200544173,2496006,0
56.2056,5,56203085179,2496006,0
56.2081,11,56205608185,2469000,1
56.2081,15,56205608185,2469000,1
56.2081,5,56205608185,2469000,1
56.2106,21,56208084185,2469000,1
56.2106,6,56208084185,2469000,1
56.2106,13,56208084185,2469000,1
56.213,18,56210551185,2496006,0
56.2156,17,56213083191,2469000,1
56.2156,14,56213083191,2469000,1
56.218,5,56215550191,2496006,0
56.2206,14,56218091197,2496006,0
56.2231,18,56220614203,2496006,0
56.2256,2,56223137209,2496006,0
56.2281,5,56225669215,2469000,1
56.2281,20,56225669215,2469000,1
56.2281,21,56225669215,2469000,1
56.2332,4,56230686221,2496006,0
56.2357,14,56233209227,2496006,0
56.2382,6,56235732233,2496006,0
56.2408,18,56238264239,2496006,0
56.2433,11,56240805245,2496006,0
56.2458,2,56243328251,2496006,0
56.2483,4,56245860257,2469000,1
56.2483,5,56245860257,2469000,1
56.2508,18,56248336257,2469000,1
56.2508,16,56248336257,2469000,1
56.2508,13,56248336257,2469000,1
56.2508,2,56248336257,2469000,1
56.2533,6,56250812257,2496006,0
56.2558,14,56253335263,2496006,0
56.2584,11,56255867269,2496006,0
56.2609,4,56258390275,2496006,0
56.2634,6,56260913281,2496006,0
56.2663,6,56263767287,2496006,0
56.2688,11,56266290293,2469000,1
56.2688,14,56266290293,2469000,1
56.2688,6,56266290293,2469000,1
56.2713,11,56268759293,2496006,0
56.2738,16,56271309299,2496006,0
56.2763,11,56273832305,2469000,1
56.2763,14,56273832305,2469000,1
56.2788,16,56276317305,2496006,0
56.2813,4,56278840311,2469000,1
56.2838,15,56281325311,2496006,0
56.2864,21,56283857317,2496006,0
56.2889,2,56286380323,2496006,0
56.2914,11,56288903329,2496006,0
56.2942,9,56291748335,2496006,0
56.2967,7,56294271341,2469000,1
56.2967,18,56294271341,2469000,1
56.2967,6,56294271341,2469000,1
56.2992,16,56296747341,2496006,0
56.3018,15,56299297347,2496006,0
56.3043,11,56301820353,2496006,0
56.3068,2,56304343359,2469000,1
56.3068,9,56304343359,2469000,1
56.3068,15,56304343359,2469000,1
56.3093,5,56306810359,2496006,0
56.3118,11,56309333365,2469000,1
56.3118,5,56309333365,2469000,1
56.3143,21,56311800365,2496006,0
56.3168,10,56314332371,2469000,1
56.3168,4,56314332371,2469000,1
56.3193,15,56316808371,2496006,0
56.3218,21,56319340377,2469000,1
56.3218,15,56319340377,2469000,1
56.3243,16,56321807377,2469000,1
56.3243,11,56321807377,2469000,1
56.3268,2,56324283377,2469000,1
56.3268,16,56324283377,2469000,1
56.3292,19,56326750377,2496006,0
56.3318,5,56329282383,2496006,0
56.3343,5,56331805389,2496006,0
56.3368,15,56334346395,2469000,1
56.3393,9,56336840395,2469000,1
56.3393,4,56336840395,2469000,1
56.3393,21,56336840395,2469000,1
56.3418,5,56339307395,2496006,0
56.3443,5,56341830401,2496006,0
56.3469,16,56344362407,2496006,0
56.3494,14,56346885413,2469000,1
56.3494,5,56346885413,2469000,1
56.3518,19,56349352413,2496006,0
56.3544,18,56351893419,2496006,0
56.3569,19,56354452425,2496006,0
56.3595,18,56357011431,2496006,0
56.362,16,56359534437,2496006,0
56.3646,13,56362057443,2496006,0
56.3674,6,56364893449,2496006,0
56.3699,19,56367416455,2496006,0
56.3724,16,56369939461,2496006,0
56.375,13,56372462467,2496006,0
56.3775,18,56374985473,2496006,0
56.38,15,56377526479,2496006,0
56.3825,5,56380049485,2496006,0
56.385,18,56382572491,2469000,1
56.385,17,56382572491,2469000,1
56.385,15,56382572491,2469000,1
56.3875,9,56385039491,2469000,1
56.3875,5,56385039491,2469000,1
56.39,16,56387506491,2469000,1
56.39,11,56387506491,2469000,1
56.3925,2,56389973491,2496006,0
56.395,14,56392496497,2496006,0
56.4003,6,56397855509,2469000,1
56.4003,19,56397855509,2469000,1
56.4028,13,56400322509,2496006,0
56.4053,19,56402845515,2496006,0
56.4079,15,56405368521,2496006,0
56.4104,6,56407891527,2496006,0
56.4129,2,56410414533,2469000,1
56.4129,12,56410414533,2469000,1
56.4129,13,56410414533,2469000,1
56.4154,22,56412899533,2496006,0
56.4179,13,56415431539,2496006,0
56.4205,14,56417963545,2496006,0
56.423,22,56420486551,2469000,1
56.423,19,56420486551,2469000,1
56.423,6,56420486551,2469000,1
56.4254,15,56422962551,2469000,1
56.4254,1,56422962551,2469000,1
56.4279,18,56425438551,2496006,0
56.4305,14,56427961557,2496006,0
56.433,13,56430502563,2496006,0
56.4355,21,56433034569,2469000,1
56.4355,5,56433034569,2469000,1
56.4355,1,56433034569,2469000,1
56.438,4,56435501569,2469000,1
56.438,13,56435501569,2469000,1
56.4405,14,56437986569,2469000,1
56.4405,18,56437986569,2469000,1
56.4429,16,56440453569,2496006,0
56.4455,2,56442994575,2496006,0
56.448,14,56445517581,2469000,1
56.448,2,56445517581,2469000,1
56.4505,16,56448011581,2469000,1
56.4505,6,56448011581,2469000,1
56.453,13,56450478581,2496006,0
56.4555,15,56453001587,2496006,0
56.458,19,56455533593,2469000,1
56.458,1,56455533593,2469000,1
56.4605,22,56458009593,2469000,1
56.463,13,56460485593,2496006,0
56.4655,23,56463017599,2469000,1
56.4655,2,56463017599,2469000,1
56.468,13,56465511599,2496006,0
56.4708,7,56468356605,2469000,1
56.4708,18,56468356605,2469000,1
56.4733,15,56470823605,2496006,0
56.4758,16,56473355611,2469000,1
56.4758,19,56473355611,2469000,1
56.4758,2,56473355611,2469000,1
56.4783,15,56475840611,2469000,1
56.4783,21,56475840611,2469000,1
56.4808,5,56478307611,2496006,0
56.4833,22,56480830617,2496006,0
56.4858,13,56483353623,2496006,0
56.4884,5,56485876629,2496006,0
56.4909,18,56488399635,2496006,0
56.4934,15,56490922641,2496006,0
56.4959,13,56493454647,2469000,1
56.4959,22,56493454647,2469000,1
56.4984,13,56495939647,2496006,0
56.5012,15,56498775653,2469000,1
56.5012,18,56498775653,2469000,1
56.5038,6,56501260653,2496006,0
56.5063,5,56503783659,2496006,0
56.5088,2,56506315665,2496006,0
56.5113,13,56508838671,2496006,0
56.5138,14,56511370677,2469000,1
56.5138,13,56511370677,2469000,1
56.5163,22,56513837677,2469000,1
56.5163,15,56513837677,2469000,1
56.5188,5,56516331677,2496006,0
56.5214,2,56518863683,2496006,0
56.5239,9,56521386689,2469000,1
56.5263,6,56523853689,2496006,0
56.5288,11,56526376695,2469000,1
56.5288,13,56526376695,2469000,1
56.5313,1,56528852695,2469000,1
56.5313,18,56528852695,2469000,1
56.5338,5,56531355695,2469000,1
56.5338,15,56531355695,2469000,1
56.5363,2,56533831695,2496006,0
56.5388,16,56536354701,2469000,1
56.5388,14,56536354701,2469000,1
56.5413,6,56538848701,2496006,0
56.5439,6,56541398707,2496006,0
56.5464,2,56543921713,2496006,0
56.549,6,56546471719,2496006,0
56.5515,2,56549003725,2496006,0
56.554,22,56551544731,2469000,1
56.554,5,56551544731,2469000,1
56.5565,6,56554020731,2496006,0
56.5591,13,56556615737,2469000,1
56.5591,2,56556615737,2469000,1
56.5616,6,56559082737,2469000,1
56.5616,8,56559082737,2469000,1
56.564,5,56561549737,2496006,0
56.5666,18,56564081743,2469000,1
56.5691,5,56566584743,2496006,0
56.5716,13,56569107749,2469000,1
56.5744,9,56571887755,2469000,1
56.5744,22,56571887755,2469000,1
56.5794,6,56576877761,2496006,0
56.5819,19,56579427767,2496006,0
56.5844,6,56581950773,2496006,0
56.587,5,56584518779,2496006,0
56.5895,19,56587059785,2469000,1
56.5895,2,56587059785,2469000,1
56.5895,5,56587059785,2469000,1
56.592,13,56589526785,2496006,0
56.5945,6,56592049791,2496006,0
56.5971,13,56594608797,2496006,0
56.5996,6,56597131803,2496006,0
56.6025,16,56599994809,2469000,1
56.6025,6,56599994809,2469000,1
56.605,6,56602497809,2496006,0
56.61,23,56607570821,2469000,1
56.61,1,56607570821,2469000,1
56.6125,13,56610037821,2496006,0
56.6151,5,56612569827,2496006,0
56.6176,6,56615128833,2496006,0
56.6202,19,56617660839,2496006,0
56.6227,13,56620192845,2496006,0
56.6252,6,56622715851,2469000,1
56.6252,18,56622715851,2469000,1
56.6277,5,56625182851,2496006,0
56.6302,13,56627705857,2496006,0
56.6327,5,56630228863,2496006,0
56.6378,5,56635337875,2469000,1
56.6378,19,56635337875,2469000,1
56.6403,11,56637804875,2496006,0
56.6428,21,56640327881,2496006,0
56.6453,6,56642850887,2469000,1
56.6453,21,56642850887,2469000,1
56.6478,13,56645317887,2469000,1
56.6478,11,56645317887,2469000,1
56.6503,11,56647786887,2496006,0
56.6528,13,56650345893,2496006,0
56.6554,2,56652877899,2496006,0
56.6579,15,56655400905,2496006,0
56.6604,15,56657923911,2496006,0
56.6629,7,56660446917,2496006,0
56.6655,11,56662987923,2496006,0
56.668,13,56665510929,2496006,0
56.6705,11,56668033935,2469000,1
56.673,19,56670500935,2496006,0
56.6758,12,56673363941,2469000,1
56.6758,2,56673363941,2469000,1
56.6783,19,56675830941,2496006,0
56.6808,7,56678362947,2469000,1
56.6808,21,56678362947,2469000,1
56.6808,15,56678362947,2469000,1
56.6808,13,56678362947,2469000,1
56.6833,21,56680831947,2496006,0
56.6858,5,56683354953,2469000,1
56.6858,2,56683354953,2469000,1
56.6858,19,56683354953,2469000,1
56.6883,17,56685857953,2469000,1
56.6883,19,56685857953,2469000,1
56.6908,11,56688324953,2496006,0
56.6934,21,56690883959,2496006,0
56.6959,6,56693406965,2496006,0
56.6984,11,56695947971,2496006,0
56.701,7,56698470977,2496006,0
56.7038,6,56701306983,2496006,0
56.7063,7,56703829989,2469000,1
56.7088,11,56706296989,2496006,0
56.7113,21,56708846995,2469000,1
56.7113,22,56708846995,2469000,1
56.7113,13,56708846995,2469000,1
56.7113,11,56708846995,2469000,1
56.7138,7,56711322995,2496006,0
56.7164,2,56713873001,2496006,0
56.7189,15,56716396007,2496006,0
56.7214,6,56718919013,2496006,0
56.7239,7,56721442019,2469000,1
56.7239,5,56721442019,2469000,1
56.7264,19,56723909019,2496006,0
56.7289,2,56726450025,2496006,0
56.7315,2,56729009031,2496006,0
56.734,4,56731541037,2496006,0
56.7366,15,56734082043,2469000,1
56.739,19,56736549043,2469000,1
56.739,6,56736549043,2469000,1
56.7415,7,56739025043,2469000,1
56.744,2,56741510043,2496006,0
56.749,12,56746556055,2469000,1
56.749,21,56746556055,2469000,1
56.7515,10,56749023055,2469000,1
56.7515,11,56749023055,2469000,1
56.754,4,56751490055,2496006,0
56.7565,15,56754022061,2496006,0
56.759,4,56756563067,2469000,1
56.759,6,56756563067,2469000,1
56.7615,13,56759057067,2469000,1
56.7615,2,56759057067,2469000,1
56.764,15,56761551067,2496006,0
56.7666,15,56764092073,2496006,0
56.7691,19,56766615079,2496006,0
56.7716,4,56769138085,2469000,1
56.7716,19,56769138085,2469000,1
56.7741,15,56771605085,2496006,0
56.7795,15,56777018097,2496006,0
56.782,2,56779550103,2496006,0
56.7846,9,56782118109,2496006,0
56.7871,15,56784641115,2496006,0
56.7897,13,56787164121,2496006,0
56.7922,7,56789687127,2496006,0
56.7947,11,56792210133,2496006,0
56.7972,14,56794742139,2496006,0
56.7998,19,56797265145,2496006,0
56.8023,2,56799788151,2469000,1
56.8023,21,56799788151,2469000,1
56.8048,13,56802255151,2496006,0
56.8076,11,56805091157,2496006,0
56.8101,14,56807614163,2469000,1
56.8101,9,56807614163,2469000,1
56.8126,15,56810081163,2469000,1
56.815,11,56812548163,2496006,0
56.8176,11,56815080169,2496006,0
56.8201,5,56817603175,2469000,1
56.8201,19,56817603175,2469000,1
56.8225,7,56820070175,2469000,1
56.8225,11,56820070175,2469000,1
56.825,13,56822537175,2496006,0
56.8276,6,56825105181,2496006,0
56.8301,9,56827646187,2496006,0
56.8327,2,56830178193,2496006,0
56.8352,13,56832701199,2469000,1
56.8352,1,56832701199,2469000,1
56.8377,11,56835177199,2496006,0
56.8402,9,56837709205,2469000,1
56.8402,6,56837709205,2469000,1
56.8427,15,56840176205,2496006,0
56.8452,11,56842708211,2469000,1
56.8452,2,56842708211,2469000,1
56.8477,7,56845175211,2496006,0
56.8502,4,56847698217,2496006,0
56.8527,4,56850221223,2469000,1
56.8552,13,56852688223,2496006,0
56.8577,14,56855211229,2469000,1
56.8577,13,56855211229,2469000,1
56.8602,7,56857705229,2469000,1
56.8602,11,56857705229,2469000,1
56.8602,4,56857705229,2469000,1
56.8627,15,56860172229,2496006,0
56.8652,19,56862695235,2496006,0
56.8677,22,56865218241,2469000,1
56.8677,9,56865218241,2469000,1
56.8702,15,56867721241,2469000,1
56.8702,6,56867721241,2469000,1
56.8702,2,56867721241,2469000,1
56.8727,19,56870215241,2496006,0
56.8752,4,56872738247,2496006,0
56.8778,19,56875270253,2496006,0
56.8806,6,56878124259,2496006,0
56.8831,4,56880647265,2469000,1
56.8831,19,56880647265,2469000,1
56.8856,14,56883114265,2469000,1
56.8856,13,56883114265,2469000,1
56.8906,15,56888140271,2496006,0
56.8932,7,56890663277,2496006,0
56.8957,11,56893222283,2469000,1
56.8957,6,56893222283,2469000,1
56.8982,15,56895689283,2496006,0
56.9007,7,56898230289,2496006,0
56.9033,15,56900771295,2496006,0
56.9058,16,56903321301,2469000,1
56.9058,21,56903321301,2469000,1
56.9058,19,56903321301,2469000,1
56.9086,7,56906119307,2496006,0
56.9111,15,56908642313,2469000,1
56.9111,6,56908642313,2469000,1
56.9136,18,56911109313,2469000,1
56.9136,4,56911109313,2469000,1
56.9161,6,56913603313,2496006,0
56.9212,6,56918703325,2496006,0
56.9237,7,56921226331,2496006,0
56.9263,9,56923785337,2469000,1
56.9263,2,56923785337,2469000,1
56.9287,5,56926252337,2496006,0
56.9313,15,56928784343,2496006,0
56.9338,7,56931307349,2496006,0
56.9363,1,56933830355,2496006,0
56.9389,6,56936362361,2496006,0
56.9414,7,56938894367,2496006,0
56.9439,5,56941426373,2496006,0
56.9489,13,56946472385,2469000,1
56.9489,4,56946472385,2469000,1
56.9514,5,56948966385,2469000,1
56.9514,7,56948966385,2469000,1
56.9514,1,56948966385,2469000,1
56.9539,15,56951433385,2469000,1
56.9539,5,56951435385,2469000,1
56.9564,6,56953911385,2496006,0
56.9589,13,56956443391,2496006,0
56.9615,15,56958966397,2496006,0
56.964,9,56961498403,2496006,0
56.9665,13,56964021409,2496006,0
56.9691,1,56966580415,2496006,0
56.9716,19,56969103421,2469000,1
56.9716,4,56969103421,2469000,1
56.9741,6,56971570421,2496006,0
56.9766,13,56974102427,2496006,0
56.9791,9,56976625433,2469000,1
56.9791,13,56976625433,2469000,1
56.9819,15,56979423439,2496006,0
56.9844,7,56981946445,2496006,0
56.987,6,56984469451,2496006,0
56.9895,1,56987001457,2496006,0
56.992,16,56989542463,2496006,0
56.9946,15,56992074469,2496006,0
56.9971,7,56994615475,2496006,0
56.9997,7,56997156481,2496006,0
57.0022,1,56999688487,2469000,1
57.0022,6,56999688487,2469000,1
57.0046,16,57002155487,2469000,1
57.0046,13,57002155487,2469000,1
57.0071,15,57004640487,2496006,0
57.0097,7,57007163493,2496006,0
57.0125,14,57009999499,2469000,1
57.0125,2,57009999499,2469000,1
57.0125,9,57009999499,2469000,1
57.0175,23,57014998505,2496006,0
57.02,11,57017521511,2496006,0
57.0225,7,57020053517,2496006,0
57.0251,15,57022594523,2496006,0
57.0276,1,57025117529,2469000,1
57.0276,6,57025117529,2469000,1
57.0276,13,57025117529,2469000,1
57.0301,7,57027602529,2496006,0
57.0326,23,57030125535,2469000,1
57.0326,2,57030125535,2469000,1
57.0351,11,57032592535,2496006,0
57.0376,16,57035115541,2469000,1
57.0376,7,57035115541,2469000,1
57.0401,11,57037582541,2496006,0
57.0426,11,57040105547,2496006,0
57.0451,5,57042628553,2496006,0
57.0477,15,57045160559,2496006,0
57.0502,9,57047692565,2469000,1
57.0502,13,57047692565,2469000,1
57.0502,15,57047692565,2469000,1
57.0527,7,57050177565,2496006,0
57.0552,11,57052709571,2496006,0
57.0577,5,57055232577,2469000,1
57.0602,7,57057708577,2496006,0
57.0628,6,57060276583,2496006,0
57.0653,23,57062799589,2469000,1
57.0653,16,57062799589,2469000,1
57.0653,5,57062799589,2469000,1
57.0678,11,57065275589,2496006,0
57.0703,11,57067807595,2496006,0
57.0728,7,57070330601,2496006,0
57.0753,15,57072862607,2469000,1
57.0753,7,57072862607,2469000,1
57.0779,7,57075374607,2496006,0
57.0804,6,57077906613,2496006,0
57.0829,11,57080438619,2496006,0
57.0858,1,57083310625,2496006,0
57.0883,7,57085833631,2496006,0
57.0934,7,57090879643,2496006,0
57.0959,19,57093411649,2496006,0
57.0984,6,57095943655,2469000,1
57.0984,11,57095943655,2469000,1
57.1009,19,57098410655,2496006,0
57.1034,6,57100933661,2496006,0
57.106,7,57103465667,2496006,0
57.1085,1,57105988673,2496006,0
57.111,1,57108511679,2496006,0
57.1138,11,57111347685,2496006,0
57.1164,7,57113879691,2496006,0
57.1189,7,57116402697,2496006,0
57.1214,1,57118934703,2469000,1
57.1214,19,57118934703,2469000,1
57.1239,6,57121401703,2496006,0
57.1264,7,57123924709,2496006,0
57.1289,11,57126447715,2496006,0
57.1315,17,57128979721,2496006,0
57.1366,23,57134061733,2496006,0
57.1391,17,57136593739,2469000,1
57.1391,11,57136593739,2469000,1
57.1391,6,57136593739,2469000,1
57.1391,1,57136593739,2469000,1
57.1391,23,57136593739,2469000,1
57.1416,23,57139062739,2496006,0
57.1441,23,57141594745,2496006,0
57.1466,13,57144117751,2469000,1
57.1466,16,57144117751,2469000,1
57.1466,5,57144117751,2469000,1
57.1466,7,57144117751,2469000,1
57.1491,19,57146584751,2496006,0
57.1516,7,57149116757,2496006,0
57.1541,23,57151648763,2496006,0
57.1567,2,57154171769,2496006,0
57.1592,17,57156721775,2496006,0
57.1617,23,57159244781,2469000,1
57.1617,7,57159244781,2469000,1
57.1642,15,57161711781,2496006,0
57.1667,19,57164252787,2496006,0
57.1693,6,57166775793,2496006,0
57.1718,2,57169325799,2469000,1
57.1718,9,57169325799,2469000,1
57.1718,17,57169325799,2469000,1
57.1743,1,57171801799,2496006,0
57.1768,19,57174324805,2469000,1
57.1768,14,57174324805,2469000,1
57.1768,11,57174324805,2469000,1
57.1793,17,57176791805,2469000,1
57.1793,1,57176791805,2469000,1
57.1817,6,57179258805,2469000,1
57.1817,1,57179260805,2469000,1
57.1842,15,57181727805,2469000,1
57.1842,1,57181729805,2469000,1
57.187,6,57184527811,2496006,0
57.1895,23,57187050817,2496006,0
57.1921,15,57189582823,2496006,0
57.1946,6,57192105829,2496006,0
57.1971,21,57194646835,2469000,1
57.1971,15,57194646835,2469000,1
57.1996,2,57197122835,2496006,0
57.2022,7,57199681841,2469000,1
57.2022,6,57199681841,2469000,1
57.2047,23,57202166841,2496006,0
57.2072,19,57204689847,2496006,0
57.2097,7,57207221853,2469000,1
57.2097,19,57207221853,2469000,1
57.2122,2,57209688853,2496006,0
57.2147,23,57212238859,2496006,0
57.2176,23,57215074865,2496006,0
57.2201,2,57217633871,2496006,0
57.2227,23,57220165877,2496006,0
57.2277,15,57225220889,2496006,0
57.2302,6,57227752895,2496006,0
57.2327,23,57230275901,2469000,1
57.2327,19,57230275901,2469000,1
57.2352,2,57232742901,2496006,0
57.2378,2,57235274907,2496006,0
57.2403,2,57237815913,2496006,0
57.2428,2,57240338919,2496006,0
57.2454,15,57242861925,2496006,0
57.2479,5,57245393931,2469000,1
57.2479,2,57245393931,2469000,1
57.2504,4,57247860931,2496006,0
57.2529,17,57250392937,2469000,1
57.2529,23,57250392937,2469000,1
57.2553,11,57252868937,2469000,1
57.2553,6,57252868937,2469000,1
57.2578,4,57255353937,2496006,0
57.2604,7,57257876943,2496006,0
57.2629,15,57260435949,2496006,0
57.268,7,57265490961,2469000,1
57.268,6,57265490961,2469000,1
57.2705,15,57267957961,2496006,0
57.273,4,57270480967,2496006,0
57.2755,2,57273003973,2496006,0
57.278,15,57275535979,2496006,0
57.2806,4,57278058985,2496006,0
57.2831,2,57280599991,2496006,0
57.2857,4,57283176997,2496006,0
57.2882,2,57285700003,2496006,0
57.291,4,57288545009,2496006,0
57.2935,7,57291077015,2469000,1
57.2935,15,57291077015,2469000,1
57.2961,15,57293571015,2496006,0
57.2986,6,57296103021,2496006,0
57.3011,7,57298635027,2496006,0
57.3062,15,57303681039,2496006,0
57.3087,2,57306204045,2496006,0
57.3112,6,57308727051,2496006,0
57.3137,6,57311250057,2496006,0
57.3162,19,57313773063,2469000,1
57.3162,4,57313773063,2469000,1
57.319,15,57316562069,2469000,1
57.319,4,57316562069,2469000,1
57.3216,7,57319056069,2496006,0
57.3241,7,57321579075,2496006,0
57.3266,3,57324102081,2496006,0
57.3291,7,57326625087,2469000,1
57.3291,3,57326625087,2469000,1
57.3316,4,57329092087,2496006,0
57.3341,4,57331615093,2496006,0
57.3366,23,57334138099,2496006,0
57.3391,14,57336661105,2469000,1
57.3391,2,57336661105,2469000,1
57.3391,6,57336661105,2469000,1
57.3391,3,57336661105,2469000,1
57.3416,15,57339137105,2496006,0
57.3442,1,57341678111,2496006,0
57.3467,16,57344237117,2496006,0
57.3518,23,57349292129,2496006,0
57.3543,1,57351815135,2469000,1
57.3543,4,57351815135,2469000,1
57.3568,20,57354291135,2469000,1
57.3568,3,57354291135,2469000,1
57.3593,23,57356758135,2496006,0
57.3618,15,57359281141,2469000,1
57.3618,4,57359281141,2469000,1
57.3643,16,57361757141,2496006,0
57.3668,17,57364289147,2469000,1
57.3668,16,57364289147,2469000,1
57.3693,16,57366758147,2496006,0
57.3718,6,57369290153,2496006,0
57.3743,7,57371813159,2496006,0
57.3768,2,57374336165,2496006,0
57.3794,7,57376868171,2496006,0
57.3819,2,57379409177,2469000,1
57.3819,23,57379409177,2469000,1
57.3844,11,57381885177,2496006,0
57.3869,16,57384408183,2496006,0
57.3894,7,57386931189,2496006,0
57.3923,6,57389785195,2469000,1
57.3923,16,57389785195,2469000,1
57.3948,2,57392261195,2496006,0
57.3973,1,57394793201,2496006,0
57.3998,7,57397316207,2496006,0
57.4023,4,57399839213,2496006,0
57.4074,15,57404894225,2496006,0
57.4099,11,57407417231,2496006,0
57.4124,11,57409940237,2496006,0
57.4149,2,57412472243,2469000,1
57.4149,15,57412472243,2469000,1
57.4174,4,57414948243,2469000,1
57.4174,1,57414948243,2469000,1
57.4199,7,57417424243,2469000,1
57.4199,16,57417424243,2469000,1
57.4227,5,57420222249,2469000,1
57.4227,1,57420222249,2469000,1
57.4252,16,57422689249,2496006,0
57.4277,6,57425221255,2496006,0
57.4302,16,57427744261,2469000,1
57.4302,6,57427744261,2469000,1
57.4327,23,57430211261,2469000,1
57.4327,2,57430211261,2469000,1
57.4352,11,57432678261,2496006,0
57.4377,7,57435246267,2496006,0
57.4403,4,57437769273,2496006,0
57.4428,4,57440292279,2496006,0
57.4453,11,57442851285,2469000,1
57.4453,16,57442851285,2469000,1
57.4478,4,57445318285,2469000,1
57.4478,23,57445318285,2469000,1
57.4503,7,57447794285,2496006,0
57.4528,15,57450335291,2469000,1
57.4528,11,57450335291,2469000,1
57.4578,9,57455352297,2469000,1
57.4578,6,57455352297,2469000,1
57.4603,4,57457864297,2469000,1
57.4603,15,57457864297,2469000,1
57.4628,7,57460331297,2496006,0
57.4654,16,57462926303,2496006,0
57.468,1,57465458309,2496006,0
57.4705,7,57467999315,2469000,1
57.4705,19,57467999315,2469000,1
57.4705,1,57467999315,2469000,1
57.473,16,57470466315,2496006,0
57.4755,16,57473016321,2496006,0
57.4806,16,57478143333,2469000,1
57.4806,2,57478143333,2469000,1
57.4806,7,57478143333,2469000,1
57.4831,18,57480628333,2496006,0
57.4857,4,57483187339,2496006,0
57.4882,1,57485719345,2496006,0
57.4907,3,57488251351,2496006,0
57.4933,6,57490792357,2496006,0
57.4961,1,57493646363,2469000,1
57.4961,18,57493646363,2469000,1
57.4961,15,57493646363,2469000,1
57.4986,6,57496113363,2496006,0
57.5011,11,57498654369,2469000,1
57.5011,16,57498654369,2469000,1
57.5036,6,57501130369,2469000,1
57.5036,4,57501130369,2469000,1
57.5061,4,57503606369,2496006,0
57.5086,3,57506138375,2496006,0
57.5112,3,57508679381,2496006,0
57.5137,13,57511229387,2496006,0
57.5162,3,57513752393,2469000,1
57.5187,1,57516219393,2469000,1
57.5187,18,57516219393,2469000,1
57.5212,23,57518695393,2496006,0
57.524,4,57521540399,2496006,0
57.5266,4,57524090405,2496006,0
57.5291,6,57526613411,2496006,0
57.5316,13,57529163417,2469000,1
57.5316,23,57529163417,2469000,1
57.5341,4,57531639417,2469000,1
57.5341,1,57531639417,2469000,1
57.5366,6,57534106417,2496006,0
57.5391,13,57536629423,2496006,0
57.5416,7,57539152429,2469000,1
57.5416,18,57539152429,2469000,1
57.5467,19,57544160435,2496006,0
57.5492,3,57546728441,2496006,0
57.5518,6,57549260447,2496006,0
57.5543,16,57551783453,2469000,1
57.5543,23,57551783453,2469000,1
57.5567,3,57554250453,2496006,0
57.5593,13,57556773459,2496006,0
57.5618,23,57559296465,2496006,0
57.5643,6,57561819471,2469000,1
57.5643,19,57561819471,2469000,1
57.5668,13,57564286471,2496006,0
57.5693,19,57566818477,2496006,0
57.5718,11,57569341483,2496006,0
57.5744,11,57571882489,2469000,1
57.5769,19,57574367489,2496006,0
57.5794,4,57576890495,2496006,0
57.5819,3,57579413501,2496006,0
57.5844,23,57581936507,2496006,0
57.587,11,57584459513,2496006,0
57.5895,13,57586982519,2469000,1
57.5895,23,57586982519,2469000,1
57.5919,16,57589449519,2496006,0
57.5945,3,57591990525,2496006,0
57.5973,17,57594844531,2469000,1
57.5973,11,57594844531,2469000,1
57.5998,19,57597329531,2496006,0
57.6023,4,57599852537,2496006,0
57.6049,6,57602375543,2496006,0
57.6074,4,57604907549,2496006,0
57.6099,6,57607430555,2496006,0
57.6124,16,57609953561,2469000,1
57.6124,3,57609953561,2469000,1
57.6174,3,57614943567,2496006,0
57.6199,16,57617466573,2469000,1
57.6199,3,57617466573,2469000,1
57.6224,4,57619942573,2496006,0
57.6253,19,57622796579,2496006,0
57.6278,6,57625346585,2496006,0
57.6304,21,57627878591,2496006,0
57.6329,5,57630410597,2469000,1
57.6329,13,57630410597,2469000,1
57.6329,23,57630410597,2469000,1
57.6329,4,57630410597,2469000,1
57.6329,21,57630410597,2469000,1
57.6354,2,57632886597,2469000,1
57.6354,3,57632886597,2469000,1
57.6379,19,57635362597,2496006,0
57.6404,11,57637894603,2469000,1
57.6404,4,57637894603,2469000,1
57.6428,6,57640361603,2469000,1
57.6428,19,57640361603,2469000,1
57.6453,21,57642846603,2469000,1
57.6453,19,57642846603,2469000,1
57.6478,6,57645349603,2496006,0
57.6503,18,57647872609,2469000,1
57.6529,7,57650411609,2496006,0
57.6554,6,57652952615,2496006,0
57.658,6,57655484621,2496006,0
57.6605,8,57658007627,2496006,0
57.663,7,57660539633,2469000,1
57.663,13,57660539633,2469000,1
57.6655,19,57663024633,2496006,0
57.6681,23,57665565639,2496006,0
57.6706,19,57668088645,2496006,0
57.6731,8,57670620651,2496006,0
57.6756,16,57673143657,2496006,0
57.6781,11,57675666663,2469000,1
57.6781,6,57675666663,2469000,1
57.6781,7,57675666663,2469000,1
57.6806,2,57678133663,2496006,0
57.6831,21,57680665669,2469000,1
57.6831,16,57680665669,2469000,1
57.6856,8,57683132669,2469000,1
57.6856,13,57683132669,2469000,1
57.6856,2,57683132669,2469000,1
57.6881,23,57685617669,2496006,0
57.6906,1,57688149675,2496006,0
57.6932,19,57690672681,2496006,0
57.6957,16,57693195687,2496006,0
57.6985,1,57696031693,2496006,0
57.7011,19,57698572699,2496006,0
57.7036,23,57701095705,2469000,1
57.7036,3,57701095705,2469000,1
57.7036,4,57701095705,2469000,1
57.7061,16,57703607705,2496006,0
57.7086,8,57706139711,2469000,1
57.7136,1,57711131717,2496006,0
57.7162,19,57713654723,2496006,0
57.7186,23,57716177729,2469000,1
57.7186,4,57716177729,2469000,1
57.7212,2,57718662729,2496006,0
57.7237,6,57721185735,2469000,1
57.7237,16,57721185735,2469000,1
57.7261,19,57723652735,2496006,0
57.729,15,57726497741,2496006,0
57.7315,1,57729020747,2496006,0
57.734,16,57731543753,2496006,0
57.7366,19,57734084759,2496006,0
57.7391,16,57736616765,2469000,1
57.7391,19,57736616765,2469000,1
57.7416,2,57739110765,2496006,0
57.7441,1,57741633771,2496006,0
57.7466,15,57744174777,2469000,1
57.7492,2,57746677777,2496006,0
57.7517,11,57749218783,2496006,0
57.7542,23,57751750789,2496006,0
57.7567,1,57754273795,2469000,1
57.7567,15,57754273795,2469000,1
57.7592,7,57756749795,2469000,1
57.7592,1,57756749795,2469000,1
57.7617,11,57759216795,2496006,0
57.7643,7,57761757801,2496006,0
57.7668,2,57764289807,2496006,0
57.7693,19,57766821813,2469000,1
57.7693,7,57766821813,2469000,1
57.7718,11,57769288813,2469000,1
57.7718,23,57769288813,2469000,1
57.7743,16,57771764813,2496006,0
57.7768,2,57774296819,2496006,0
57.7818,6,57779351831,2469000,1
57.7818,2,57779351831,2469000,1
57.7843,21,57781827831,2496006,0
57.7869,16,57784368837,2496006,0
57.7894,7,57786891843,2496006,0
57.7919,7,57789423849,2496006,0
57.7944,8,57791946855,2496006,0
57.797,1,57794496861,2496006,0
57.7995,16,57797028867,2496006,0
57.8024,21,57799873873,2496006,0
57.8049,12,57802396879,2469000,1
57.8049,23,57802396879,2469000,1
57.8074,21,57804863879,2496006,0
57.8099,1,57807413885,2469000,1
57.8099,8,57807413885,2469000,1
57.8099,7,57807413885,2469000,1
57.8123,11,57809880885,2469000,1
57.8123,16,57809880885,2469000,1
57.8148,1,57812356885,2469000,1
57.8173,15,57814823885,2496006,0
57.8198,21,57817346891,2496006,0
57.8223,12,57819869897,2469000,1
57.8223,21,57819869897,2469000,1
57.8248,2,57822345897,2496006,0
57.8273,6,57824868903,2469000,1
57.8273,2,57824868903,2469000,1
57.8302,4,57827666909,2496006,0
57.8327,3,57830207915,2496006,0
57.8352,4,57832757921,2469000,1
57.8352,16,57832757921,2469000,1
57.8377,8,57835224921,2469000,1
57.8377,15,57835224921,2469000,1
57.8402,12,57837691921,2496006,0
57.8427,7,57840214927,2469000,1
57.8427,1,57840214927,2469000,1
57.8452,19,57842681927,2496006,0
57.8477,3,57845204933,2496006,0
57.8503,19,57847754939,2496006,0
57.8528,12,57850295945,2469000,1
57.8552,10,57852762945,2469000,1
57.8552,2,57852762945,2469000,1
57.8577,9,57855229945,2496006,0
57.8603,21,57857770951,2496006,0
57.8628,3,57860293957,2469000,1
57.8628,11,57860293957,2469000,1
57.8628,4,57860293957,2469000,1
57.8652,23,57862760957,2469000,1
57.8652,15,57862760957,2469000,1
57.8677,9,57865245957,2469000,1
57.8677,12,57865245957,2469000,1
57.8702,16,57867721957,2469000,1
57.8702,19,57867721957,2469000,1
57.8727,7,57870188957,2469000,1
57.8727,9,57870188957,2469000,1
57.8752,18,57872664957,2496006,0
57.8777,21,57875196963,2496006,0
57.8803,18,57877800969,2469000,1
57.8803,3,57877800969,2469000,1
57.8828,9,57880276969,2496006,0
57.8878,4,57885331981,2469000,1
57.8878,12,57885331981,2469000,1
57.8903,21,57887798981,2469000,1
57.8903,13,57887798981,2469000,1
57.8928,9,57890274981,2496006,0
57.8953,9,57892797987,2496006,0
57.8978,8,57895347993,2496006,0
57.9004,19,57897879999,2496006,0
57.9029,9,57900412005,2469000,1
57.9029,16,57900412005,2469000,1
57.9057,18,57903201011,2496006,0
57.9082,3,57905742017,2496006,0
57.9108,8,57908265023,2496006,0
57.9133,8,57910788029,2496006,0
57.9158,2,57913320035,2496006,0
57.9183,3,57915843041,2469000,1
57.9183,18,57915843041,2469000,1
57.9208,2,57918310041,2496006,0
57.9233,21,57920833047,2496006,0
57.9284,19,57925879059,2496006,0
57.9309,2,57928429065,2469000,1
57.9309,7,57928429065,2469000,1
57.9337,8,57931209071,2496006,0
57.9362,8,57933741077,2496006,0
57.9387,1,57936273083,2469000,1
57.9387,11,57936273083,2469000,1
57.9387,18,57936273083,2469000,1
57.9412,9,57938740083,2496006,0
57.9438,9,57941263089,2496006,0
57.9463,15,57943786095,2496006,0
57.9488,21,57946309101,2469000,1
57.9488,19,57946309101,2469000,1
57.9513,19,57948778101,2496006,0
57.9538,17,57951301107,2469000,1
57.9538,11,57951301107,2469000,1
57.9563,8,57953768107,2496006,0
57.9588,15,57956300113,2496006,0
57.9613,15,57958832119,2496006,0
57.9639,19,57961364125,2496006,0
57.9664,9,57963896131,2496006,0
57.9689,3,57966419137,2469000,1
57.9689,21,57966419137,2469000,1
57.9689,9,57966419137,2469000,1
57.9714,8,57968886137,2496006,0
57.9739,19,57971427143,2496006,0
57.9789,15,57976473155,2469000,1
57.9789,19,57976473155,2469000,1
57.9815,2,57978967155,2496006,0
57.984,8,57981508161,2496006,0
57.9865,2,57984076167,2469000,1
57.9865,9,57984076167,2469000,1
57.9891,8,57986570167,2496006,0
57.9916,11,57989111173,2496006,0
57.9941,8,57991643179,2469000,1
57.9941,4,57991643179,2469000,1
57.9941,9,57991643179,2469000,1
57.9966,15,57994110179,2469000,1
57.9966,19,57994110179,2469000,1
57.9991,2,57996595179,2496006,0
58.0016,9,57999118185,2496006,0
58.0041,7,58001650191,2496006,0
58.007,11,58004486197,2496006,0
58.0095,2,58007009203,2496006,0
58.012,12,58009541209,2496006,0
58.0146,9,58012073215,2496006,0
58.0171,23,58014596221,2469000,1
58.0171,18,58014596221,2469000,1
58.0196,12,58017081221,2496006,0
58.0221,9,58019622227,2496006,0
58.0247,7,58022163233,2496006,0
58.0272,11,58024686239,2469000,1
58.0272,2,58024686239,2469000,1
58.0296,14,58027162239,2469000,1
58.0296,21,58027162239,2469000,1
58.0296,8,58027162239,2469000,1
58.0296,7,58027162239,2469000,1
58.0321,20,58029629239,2496006,0
58.035,20,58032483245,2496006,0
58.0375,20,58035006251,2496006,0
58.04,12,58037529257,2469000,1
58.04,2,58037529257,2469000,1
58.0425,20,58039996257,2496006,0
58.045,9,58042528263,2496006,0
58.0475,13,58045051269,2469000,1
58.0475,3,58045051269,2469000,1
58.05,20,58047545269,2496006,0
58.0525,8,58050077275,2469000,1
58.0525,3,58050077275,2469000,1
58.055,9,58052553275,2469000,1
58.055,20,58052553275,2469000,1
58.06,21,58057543281,2496006,0
58.0626,12,58060084287,2469000,1
58.0626,2,58060084287,2469000,1
58.0626,20,58060084287,2469000,1
58.065,21,58062551287,2496006,0
58.0676,7,58065083293,2496006,0
58.0701,21,58067624299,2496006,0
58.0726,19,58070147305,2469000,1
58.0726,11,58070147305,2469000,1
58.0751,7,58072614305,2496006,0
58.0776,15,58075146311,2496006,0
58.0802,19,58077678317,2496006,0
58.0827,21,58080219323,2496006,0
58.0852,21,58082742329,2496006,0
58.0877,15,58085274335,2469000,1
58.0877,7,58085274335,2469000,1
58.0877,9,58085274335,2469000,1
58.0902,21,58087759335,2469000,1
58.0902,19,58087759335,2469000,1
58.0927,12,58090235335,2496006,0
58.0953,12,58092785341,2469000,1
58.0978,19,58095270341,2496006,0
58.1003,15,58097793347,2469000,1
58.1003,7,58097793347,2469000,1
58.1028,6,58100305347,2496006,0
58.1053,7,58102837353,2496006,0
58.1082,7,58105673359,2496006,0
58.1107,20,58108205365,2469000,1
58.1107,15,58108205365,2469000,1
58.1132,19,58110672365,2496006,0
58.1157,6,58113195371,2496006,0
58.1182,21,58115736377,2469000,1
58.1182,19,58115736377,2469000,1
58.1182,6,58115736377,2469000,1
58.1207,22,58118212377,2496006,0
58.1232,8,58120744383,2469000,1
58.1232,12,58120744383,2469000,1
58.1257,22,58123220383,2496006,0
58.1282,6,58125743389,2496006,0
58.1308,7,58128275395,2496006,0
58.1358,6,58133330407,2496006,0
58.1387,12,58136211413,2496006,0
58.1412,7,58138734419,2469000,1
58.1412,11,58138734419,2469000,1
58.1437,19,58141210419,2469000,1
58.1437,22,58141210419,2469000,1
58.1462,7,58143677419,2496006,0
58.1487,9,58146200425,2496006,0
58.1512,22,58148723431,2496006,0
58.1537,12,58151255437,2469000,1
58.1537,7,58151255437,2469000,1
58.1562,6,58153731437,2496006,0
58.1587,23,58156254443,2469000,1
58.1587,12,58156254443,2469000,1
58.1612,22,58158730443,2496006,0
58.1638,9,58161271449,2496006,0
58.1663,22,58163812455,2469000,1
58.1663,15,58163812455,2469000,1
58.1687,18,58166279455,2469000,1
58.1687,7,58166279455,2469000,1
58.1712,11,58168755455,2469000,1
58.1737,9,58171231455,2469000,1
58.1737,21,58171231455,2469000,1
58.1762,6,58173707455,2496006,0
58.1788,4,58176275461,2496006,0
58.1813,9,58178816467,2496006,0
58.1838,6,58181348473,2496006,0
58.1864,22,58183898479,2496006,0
58.1889,22,58186448485,2496006,0
58.1914,20,58188971491,2469000,1
58.1914,7,58188971491,2469000,1
58.1939,4,58191447491,2496006,0
58.1965,22,58193979497,2496006,0
58.199,9,58196502503,2496006,0
58.204,6,58201548515,2496006,0
58.2065,5,58204071521,2469000,1
58.2065,21,58204071521,2469000,1
58.209,20,58206538521,2496006,0
58.2119,4,58209374527,2496006,0
58.2144,4,58211897533,2496006,0
58.2169,22,58214420539,2496006,0
58.2194,20,58216952545,2469000,1
58.2194,4,58216952545,2469000,1
58.2219,22,58219419545,2496006,0
58.2244,19,58221942551,2496006,0
58.2269,2,58224465557,2469000,1
58.2269,6,58224465557,2469000,1
58.2294,9,58226950557,2496006,0
58.232,16,58229482563,2496006,0
58.2345,6,58232005569,2496006,0
58.237,12,58234546575,2496006,0
58.2399,1,58237382581,2496006,0
58.2424,6,58239923587,2469000,1
58.2424,22,58239923587,2469000,1
58.2449,20,58242390587,2469000,1
58.2449,4,58242390587,2469000,1
58.2474,19,58244857587,2496006,0
58.2498,1,58247380593,2469000,1
58.2498,12,58247380593,2469000,1
58.2523,9,58249865593,2469000,1
58.2523,16,58249865593,2469000,1
58.2548,7,58252341593,2496006,0
58.2574,6,58254918599,2496006,0
58.2599,6,58257441605,2496006,0
58.2624,7,58259973611,2469000,1
58.2624,20,58259973611,2469000,1
58.2624,4,58259973611,2469000,1
58.2624,19,58259973611,2469000,1
58.2649,10,58262449611,2496006,0
58.2675,9,58264972617,2496006,0
58.27,6,58267495623,2496006,0
58.2725,12,58270018629,2469000,1
58.2725,16,58270018629,2469000,1
58.275,10,58272503629,2496006,0
58.2775,22,58275026635,2496006,0
58.28,9,58277549641,2469000,1
58.28,12,58277549641,2469000,1
58.2825,16,58280016641,2496006,0
58.285,2,58282539647,2469000,1
58.285,1,58282539647,2469000,1
58.2875,22,58285006647,2496006,0
58.29,7,58287538653,2469000,1
58.29,6,58287538653,2469000,1
58.295,1,58292528659,2469000,1
58.295,6,58292528659,2469000,1
58.2975,22,58295004659,2469000,1
58.2975,6,58295004659,2469000,1
58.3,12,58297471659,2496006,0
58.3025,10,58299994665,2496006,0
58.305,16,58302544671,2496006,0
58.3076,12,58305094677,2496006,0
58.3101,16,58307617683,2469000,1
58.3101,7,58307617683,2469000,1
58.3101,22,58307617683,2469000,1
58.3129,9,58310397689,2496006,0
58.3154,19,58312920695,2496006,0
58.3179,3,58315443701,2496006,0
58.3205,10,58317975707,2496006,0
58.323,19,58320498713,2496006,0
58.3255,9,58323030719,2469000,1
58.3255,12,58323030719,2469000,1
58.328,18,58325515719,2496006,0
58.3305,16,58328047725,2496006,0
58.333,3,58330579731,2469000,1
58.333,9,58330579731,2469000,1
58.3355,16,58333046731,2496006,0
58.3381,10,58335578737,2496006,0
58.3406,11,58338110743,2496006,0
58.3434,19,58340946749,2469000,1
58.3434,12,58340946749,2469000,1
58.3484,16,58345945755,2496006,0
58.3509,10,58348477761,2469000,1
58.3509,18,58348477761,2469000,1
58.3534,3,58350953761,2469000,1
58.3534,11,58350953761,2469000,1
58.356,19,58353474761,2496006,0
58.3585,18,58355997767,2496006,0
58.361,16,58358520773,2496006,0
58.3635,18,58361043779,2496006,0
58.3661,11,58363575785,2496006,0
58.3686,3,58366098791,2469000,1
58.3686,11,58366098791,2469000,1
58.3711,16,58368583791,2469000,1
58.3711,12,58368583791,2469000,1
58.3735,18,58371050791,2496006,0
58.376,9,58373573797,2469000,1
58.376,3,58373573797,2469000,1
58.3785,19,58376040797,2496006,0
58.3811,4,58378581803,2469000,1
58.3811,11,58378581803,2469000,1
58.3836,10,58381057803,2496006,0
58.3861,18,58383598809,2496006,0
58.3886,10,58386139815,2496006,0
58.3912,19,58388662821,2496006,0
58.3937,16,58391185827,2496006,0
58.3987,22,58396231839,2469000,1
58.3987,16,58396231839,2469000,1
58.4012,3,58398743839,2469000,1
58.4012,11,58398743839,2469000,1
58.4037,19,58401210839,2469000,1
58.4037,10,58401210839,2469000,1
58.4062,18,58403677839,2496006,0
58.4087,20,58406200845,2469000,1
58.4087,16,58406200845,2469000,1
58.4112,8,58408685845,2469000,1
58.4112,7,58408685845,2469000,1
58.4137,19,58411179845,2496006,0
58.4165,23,58414042851,2469000,1
58.4165,18,58414042851,2469000,1
58.419,1,58416509851,2496006,0
58.4215,10,58419032857,2496006,0
58.4241,11,58421555863,2496006,0
58.4266,19,58424087869,2469000,1
58.4266,10,58424087869,2469000,1
58.4291,15,58426590869,2496006,0
58.4316,22,58429122875,2496006,0
58.4341,1,58431645881,2469000,1
58.4341,19,58431645881,2469000,1
58.4341,15,58431645881,2469000,1
58.4366,9,58434112881,2496006,0
58.4391,6,58436635887,2496006,0
58.4445,10,58441994899,2496006,0
58.447,18,58444517905,2496006,0
58.4495,11,58447040911,2496006,0
58.452,6,58449572917,2469000,1
58.452,18,58449572917,2469000,1
58.4545,10,58452039917,2496006,0
58.4571,15,58454562923,2496006,0
58.4596,17,58457085929,2469000,1
58.4596,22,58457085929,2469000,1
58.4621,16,58459561929,2496006,0
58.4646,9,58462102935,2496006,0
58.4671,1,58464625941,2496006,0
58.4696,16,58467148947,2469000,1
58.4696,12,58467148947,2469000,1
58.4696,11,58467148947,2469000,1
58.4696,1,58467148947,2469000,1
58.4721,2,58469615947,2496006,0
58.4746,9,58472147953,2469000,1
58.4746,6,58472147953,2469000,1
58.4771,18,58474614953,2469000,1
58.4771,2,58474614953,2469000,1
58.4796,10,58477090953,2469000,1
58.4796,15,58477090953,2469000,1
58.4821,10,58479575953,2496006,0
58.4846,22,58482098959,2469000,1
58.4846,2,58482098959,2469000,1
58.4871,10,58484574959,2496006,0
58.4896,1,58487106965,2469000,1
58.4896,2,58487106965,2469000,1
58.4921,11,58489573965,2496006,0
58.4946,11,58492105971,2496006,0
58.4996,17,58497160983,2469000,1
58.4996,22,58497160983,2469000,1
58.4996,11,58497160983,2469000,1
58.5021,21,58499636983,2469000,1
58.5021,17,58499636983,2469000,1
58.5046,12,58502103983,2496006,0
58.5071,10,58504626989,2496006,0
58.5096,16,58507158995,2469000,1
58.5096,9,58507158995,2469000,1
58.5121,11,58509625995,2469000,1
58.5121,10,58509625995,2469000,1
58.5146,12,58512101995,2469000,1
58.5146,19,58512101995,2469000,1
58.517,15,58514577995,2469000,1
58.517,16,58514577995,2469000,1
58.5199,10,58517358001,2496006,0
58.5224,2,58519881007,2496006,0
58.5249,18,58522404013,2496006,0
58.5274,10,58524927019,2496006,0
58.53,20,58527468025,2496006,0
58.5325,22,58529991031,2469000,1
58.5325,12,58529991031,2469000,1
58.535,2,58532467031,2496006,0
58.5375,2,58535008037,2496006,0
58.54,18,58537531043,2496006,0
58.5426,18,58540081049,2496006,0
58.5451,10,58542604055,2469000,1
58.5451,20,58542604055,2469000,1
58.5479,17,58545384061,2496006,0
58.5504,2,58547916067,2496006,0
58.5529,18,58550439073,2496006,0
58.5554,6,58552971079,2469000,1
58.5554,18,58552971079,2469000,1
58.5579,18,58555440079,2496006,0
58.5604,17,58557972085,2469000,1
58.563,12,58560457085,2496006,0
58.5655,1,58562989091,2496006,0
58.568,15,58565521097,2469000,1
58.568,2,58565521097,2469000,1
58.568,18,58565521097,2469000,1
58.5705,10,58567988097,2469000,1
58.5705,1,58567988097,2469000,1
58.573,19,58570473097,2496006,0
58.5755,2,58572996103,2496006,0
58.578,20,58575519109,2496006,0
58.5806,12,58578060115,2496006,0
58.5831,20,58580592121,2496006,0
58.5856,2,58583115127,2469000,1
58.5856,17,58583115127,2469000,1
58.5881,3,58585582127,2496006,0
58.5906,19,58588105133,2469000,1
58.5906,3,58588105133,2469000,1
58.5931,1,58590608133,2496006,0
58.5956,18,58593131139,2496006,0
58.5982,15,58595654145,2496006,0
58.6006,22,58598177151,2469000,1
58.6006,20,58598177151,2469000,1
58.6031,9,58600644151,2469000,1
58.6031,11,58600644151,2469000,1
58.6031,2,58600644151,2469000,1
58.6056,12,58603111151,2496006,0
58.6081,20,58605643157,2496006,0
58.6107,12,58608166163,2496006,0
58.6132,20,58610689169,2496006,0
58.6157,12,58613230175,2496006,0
58.6182,1,58615762181,2469000,1
58.6182,12,58615762181,2469000,1
58.621,17,58618551187,2496006,0
58.6235,20,58621074193,2469000,1
58.6235,18,58621074193,2469000,1
58.6235,1,58621074193,2469000,1
58.6235,17,58621074193,2469000,1
58.626,15,58623541193,2496006,0
58.6311,17,58628623205,2496006,0
58.6337,18,58631155211,2496006,0
58.6361,19,58633678217,2469000,1
58.6361,3,58633678217,2469000,1
58.6361,17,58633678217,2469000,1
58.6386,18,58636145217,2469000,1
58.6386,17,58636147217,2469000,1
58.6411,6,58638614217,2496006,0
58.6437,3,58641155223,2496006,0
58.6461,11,58643678229,2469000,1
58.6461,15,58643678229,2469000,1
58.6487,6,58646208229,2469000,1
58.6487,1,58646208229,2469000,1
58.6515,20,58648988235,2496006,0
58.654,4,58651511241,2469000,1
58.654,10,58651511241,2469000,1
58.6565,7,58653987241,2469000,1
58.6565,16,58653987241,2469000,1
58.659,12,58656454241,2496006,0
58.6615,3,58658986247,2496006,0
58.664,12,58661509253,2496006,0
58.6665,2,58664032259,2496006,0
58.6691,19,58666573265,2496006,0
58.6716,18,58669114271,2496006,0
58.6741,20,58671646277,2496006,0
58.6767,2,58674169283,2496006,0
58.6792,12,58676692289,2469000,1
58.6792,4,58676692289,2469000,1
58.6817,12,58679168289,2496006,0
58.6842,18,58681691295,2469000,1
58.6842,15,58681691295,2469000,1
58.6867,3,58684158295,2496006,0
58.6892,19,58686681301,2469000,1
58.6892,17,58686681301,2469000,1
58.6941,12,58691680307,2469000,1
58.6941,20,58691680307,2469000,1
58.6966,10,58694147307,2496006,0
58.6992,6,58696688313,2496006,0
58.7017,20,58699211319,2496006,0
58.7042,11,58701743325,2469000,1
58.7042,2,58701743325,2469000,1
58.7042,12,58701743325,2469000,1
58.7067,2,58704212325,2496006,0
58.7092,18,58706753331,2469000,1
58.7092,3,58706753331,2469000,1
58.7117,10,58709220331,2496006,0
58.7143,6,58711761337,2496006,0
58.7168,20,58714284343,2496006,0
58.7193,15,58716807349,2496006,0
58.7218,6,58719330355,2496006,0
58.7246,10,58722175361,2469000,1
58.7246,15,58722175361,2469000,1
58.7271,6,58724642361,2496006,0
58.7297,2,58727165367,2496006,0
58.7322,20,58729688373,2469000,1
58.7322,19,58729688373,2469000,1
58.7347,2,58732155373,2496006,0
58.7372,9,58734723379,2496006,0
58.7397,20,58737246385,2469000,1
58.7397,9,58737246385,2469000,1
58.7422,6,58739722385,2496006,0
58.7448,2,58742254391,2496006,0
58.7473,3,58744786397,2496006,0
58.7498,2,58747318403,2496006,0
58.7527,10,58750154409,2496006,0
58.7552,6,58752695415,2496006,0
58.7577,2,58755218421,2469000,1
58.7577,3,58755218421,2469000,1
58.7602,6,58757685421,2496006,0
58.7627,2,58760217427,2496006,0
58.7652,18,58762740433,2496006,0
58.7678,15,58765263439,2496006,0
58.7703,20,58767786445,2469000,1
58.7703,15,58767786445,2469000,1
58.7727,2,58770253445,2496006,0
58.7753,10,58772776451,2496006,0
58.7778,6,58775299457,2496006,0
58.7803,1,58777849463,2496006,0
58.7828,19,58780372469,2469000,1
58.7828,9,58780372469,2469000,1
58.7853,6,58782839469,2496006,0
58.7879,15,58785371475,2496006,0
58.7904,15,58787894481,2496006,0
58.7929,12,58790417487,2496006,0
58.7954,1,58792940493,2469000,1
58.7954,18,58792940493,2469000,1
58.7979,2,58795407493,2469000,1
58.7979,10,58795407493,2469000,1
58.8004,16,58797892493,2496006,0
58.8029,1,58800433499,2496006,0
58.8055,6,58802956505,2496006,0
58.808,12,58805497511,2496006,0
58.8105,1,58808020517,2469000,1
58.8105,3,58808020517,2469000,1
58.813,15,58810496517,2469000,1
58.813,3,58810496517,2469000,1
58.8155,2,58812981517,2496006,0
58.818,16,58815513523,2496006,0
58.8205,2,58818036529,2469000,1
58.8205,16,58818036529,2469000,1
58.823,6,58820503529,2496006,0
58.8259,6,58823357535,2496006,0
58.8284,12,58825880541,2496006,0
58.8309,10,58828403547,2469000,1
58.8309,1,58828403547,2469000,1
58.8333,17,58830870547,2469000,1
58.8333,18,58830870547,2469000,1
58.8333,15,58830870547,2469000,1
58.8359,16,58833364547,2496006,0
58.8384,12,58835887553,2496006,0
58.8409,16,58838410559,2496006,0
58.8434,6,58840951565,2496006,0
58.846,9,58843474571,2496006,0
58.8485,12,58845997577,2496006,0
58.851,12,58848520583,2496006,0
58.8535,2,58851052589,2496006,0
58.8564,16,58853888595,2496006,0
58.8589,18,58856429601,2496006,0
58.8615,12,58858961607,2496006,0
58.864,9,58861502613,2496006,0
58.8665,18,58864025619,2469000,1
58.8665,12,58864025619,2469000,1
58.869,6,58866492619,2496006,0
58.8715,16,58869015625,2496006,0
58.874,2,58871547631,2469000,1
58.874,16,58871547631,2469000,1
58.8765,6,58874014631,2496006,0
58.879,15,58876546637,2496006,0
58.8816,9,58879096643,2496006,0
58.8841,15,58881637649,2496006,0
58.8866,12,58884160655,2469000,1
58.8866,9,58884160655,2469000,1
58.8866,15,58884160655,2469000,1
58.8891,6,58886627655,2496006,0
58.8917,10,58889177661,2496006,0
58.8942,6,58891700667,2496006,0
58.8967,18,58894223673,2469000,1
58.8967,12,58894223673,2469000,1
58.8992,17,58896690673,2469000,1
58.8992,2,58896690673,2469000,1
58.8992,16,58896690673,2469000,1
58.9016,10,58899175673,2469000,1
58.9041,9,58901651673,2496006,0
58.9067,1,58904192679,2496006,0
58.9117,9,58909274691,2469000,1
58.9117,6,58909274691,2469000,1
58.9117,18,58909274691,2469000,1
58.9142,15,58911759691,2469000,1
58.9142,10,58911759691,2469000,1
58.9167,1,58914235691,2496006,0
58.9193,9,58916758697,2496006,0
58.9218,8,58919290703,2496006,0
58.9243,9,58921822709,2496006,0
58.9268,1,58924345715,2496006,0
58.9297,6,58927181721,2496006,0
58.9322,8,58929713727,2496006,0
58.9347,3,58932245733,2496006,0
58.9372,1,58934768739,2469000,1
58.9372,2,58934768739,2469000,1
58.9397,6,58937235739,2496006,0
58.9423,20,58939758745,2496006,0
58.9448,9,58942317751,2496006,0
58.9473,20,58944840757,2496006,0
58.9499,6,58947363763,2496006,0
58.9524,8,58949904769,2469000,1
58.9524,3,58949904769,2469000,1
58.9549,19,58952380769,2496006,0
58.9577,12,58955216775,2496006,0
58.9602,6,58957739781,2469000,1
58.9602,9,58957739781,2469000,1
58.9627,10,58960215781,2496006,0
58.9652,20,58962738787,2496006,0
58.9678,8,58965261793,2496006,0
58.9703,19,58967793799,2496006,0
58.9728,2,58970316805,2469000,1
58.9728,6,58970316805,2469000,1
58.9753,8,58972783805,2496006,0
58.9778,8,58975306811,2496006,0
58.9828,1,58980370823,2469000,1
58.9828,12,58980370823,2469000,1
58.9853,15,58982837823,2496006,0
58.9878,20,58985360829,2469000,1
58.9878,19,58985360829,2469000,1
58.9903,16,58987827829,2469000,1
58.9903,15,58987827829,2469000,1
58.9928,10,58990294829,2496006,0
58.9953,8,58992817835,2496006,0
58.9979,10,58995358841,2496006,0
59.0004,9,58997881847,2496006,0
59.0029,9,59000404853,2496006,0
59.0054,3,59002927859,2469000,1
59.0054,9,59002927859,2469000,1
59.0079,10,59005394859,2496006,0
59.0104,8,59007944865,2469000,1
59.0104,10,59007944865,2469000,1
59.0129,19,59010411865,2496006,0
59.0155,8,59012979871,2496006,0
59.018,15,59015511877,2496006,0
59.0206,12,59018079883,2496006,0
59.0231,19,59020611889,2469000,1
59.0231,20,59020611889,2469000,1
59.0231,10,59020611889,2469000,1
59.0256,9,59023087889,2469000,1
59.0256,10,59023087889,2469000,1
59.028,8,59025563889,2469000,1
59.028,19,59025563889,2469000,1
59.0308,12,59028352895,2469000,1
59.0308,15,59028352895,2469000,1
59.0308,9,59028352895,2469000,1
59.0333,8,59030828895,2496006,0
59.0358,1,59033351901,2496006,0
59.0384,8,59035883907,2496006,0
59.0435,22,59040956919,2496006,0
59.0459,6,59043479925,2469000,1
59.0459,12,59043479925,2469000,1
59.0484,20,59045955925,2469000,1
59.0484,22,59045955925,2469000,1
59.0509,21,59048431925,2496006,0
59.0534,7,59050963931,2469000,1
59.0534,1,59050963931,2469000,1
59.0559,8,59053439931,2496006,0
59.0585,1,59055962937,2496006,0
59.0613,6,59058834943,2496006,0
59.0639,8,59061357949,2496006,0
59.0664,1,59063880955,2496006,0
59.0689,18,59066403961,2496006,0
59.0714,15,59068935967,2496006,0
59.074,21,59071458973,2496006,0
59.0765,6,59073990979,2496006,0
59.079,1,59076522985,2496006,0
59.0815,3,59079045991,2496006,0
59.0841,6,59081568997,2496006,0
59.0866,18,59084101003,2496006,0
59.0891,8,59086624009,2496006,0
59.0916,12,59089147015,2496006,0
59.0941,21,59091679021,2469000,1
59.0941,15,59091679021,2469000,1
59.0966,18,59094146021,2469000,1
59.0966,21,59094148021,2469000,1
59.0991,22,59096615021,2496006,0
59.1017,1,59099165027,2496006,0
59.1042,22,59101697033,2469000,1
59.1042,6,59101697033,2469000,1
59.1066,8,59104164033,2469000,1
59.1066,3,59104164033,2469000,1
59.1091,19,59106631033,2469000,1
59.1091,12,59106631033,2469000,1
59.1116,9,59109098033,2496006,0
59.1141,1,59111621039,2496006,0
59.1166,1,59114144045,2496006,0
59.1192,9,59116667051,2496006,0
59.1217,18,59119199057,2496006,0
59.1243,21,59121758063,2496006,0
59.1268,15,59124281069,2496006,0
59.1293,1,59126804075,2469000,1
59.1293,6,59126804075,2469000,1
59.1293,21,59126804075,2469000,1
59.1321,21,59129602081,2496006,0
59.1346,16,59132125087,2496006,0
59.1371,10,59134648093,2469000,1
59.1371,9,59134648093,2469000,1
59.1396,12,59137124093,2496006,0
59.1421,18,59139647099,2469000,1
59.1421,22,59139647099,2469000,1
59.1446,3,59142123099,2496006,0
59.1471,12,59144655105,2469000,1
59.1471,8,59144655105,2469000,1
59.1471,15,59144655105,2469000,1
59.1471,16,59144655105,2469000,1
59.1496,12,59147124105,2469000,1
59.1496,15,59147124105,2469000,1
59.1521,21,59149591105,2496006,0
59.1546,1,59152123111,2496006,0
59.1572,1,59154655117,2496006,0
59.1597,3,59157187123,2496006,0
59.1625,2,59160023129,2469000,1
59.1625,20,59160023129,2469000,1
59.165,9,59162490129,2496006,0
59.1675,8,59165013135,2496006,0
59.1701,18,59167554141,2496006,0
59.1726,9,59170095147,2469000,1
59.1726,21,59170095147,2469000,1
59.175,18,59172562147,2469000,1
59.1775,3,59175038147,2496006,0
59.1801,1,59177561153,2496006,0
59.1826,3,59180102159,2496006,0
59.1851,15,59182634165,2469000,1
59.1851,8,59182634165,2469000,1
59.1876,16,59185110165,2496006,0
59.1901,18,59187633171,2496006,0
59.1927,13,59190156177,2496006,0
59.1952,21,59192679183,2496006,0
59.1977,2,59195202189,2469000,1
59.1977,9,59195202189,2469000,1
59.2002,21,59197687189,2496006,0
59.2027,6,59200210195,2469000,1
59.2027,3,59200210195,2469000,1
59.2051,13,59202677195,2469000,1
59.2051,1,59202677195,2469000,1
59.2077,16,59205180195,2496006,0
59.2102,16,59207703201,2496006,0
59.2127,18,59210235207,2496006,0
59.2152,22,59212758213,2469000,1
59.2152,21,59212758213,2469000,1
59.2177,16,59215243213,2469000,1
59.2177,1,59215243213,2469000,1
59.2202,13,59217737213,2496006,0
59.2227,8,59220269219,2469000,1
59.2227,13,59220269219,2469000,1
59.2253,13,59222754219,2496006,0
59.2278,9,59225277225,2496006,0
59.2303,18,59227800231,2496006,0
59.2328,21,59230332237,2496006,0
59.2356,17,59233168243,2469000,1
59.2356,9,59233168243,2469000,1
59.2381,12,59235635243,2496006,0
59.2407,18,59238158249,2496006,0
59.2432,18,59240681255,2496006,0
59.2457,3,59243204261,2469000,1
59.2482,14,59245671261,2496006,0
59.2507,13,59248203267,2469000,1
59.2507,14,59248203267,2469000,1
59.2557,6,59253211273,2469000,1
59.2557,21,59253211273,2469000,1
59.2581,12,59255678273,2469000,1
59.2581,18,59255678273,2469000,1
59.2606,19,59258163273,2469000,1
59.2606,16,59258163273,2469000,1
59.2631,14,59260648273,2496006,0
59.266,14,59263502279,2496006,0
59.2685,9,59266043285,2496006,0
59.2711,14,59268575291,2496006,0
59.2736,1,59271116297,2496006,0
59.2761,20,59273639303,2469000,1
59.2761,21,59273639303,2469000,1
59.2786,9,59276115303,2496006,0
59.2811,14,59278638309,2469000,1
59.2811,18,59278638309,2469000,1
59.2836,22,59281105309,2496006,0
59.2861,8,59283637315,2496006,0
59.2886,15,59286169321,2469000,1
59.2886,13,59286169321,2469000,1
59.2911,22,59288645321,2469000,1
59.2911,3,59288645321,2469000,1
59.2911,12,59288645321,2469000,1
59.2936,1,59291121321,2496006,0
59.2961,8,59293653327,2496006,0
59.2987,11,59296194333,2469000,1
59.2987,14,59296194333,2469000,1
59.3012,9,59298661333,2496006,0
59.3037,8,59301202339,2469000,1
59.3037,13,59301202339,2469000,1
59.3062,1,59303687339,2496006,0
59.3087,9,59306210345,2496006,0
59.3112,22,59308733351,2469000,1
59.3112,8,59308733351,2469000,1
59.3137,16,59311200351,2469000,1
59.3162,9,59313676351,2496006,0
59.3187,18,59316244357,2496006,0
59.3213,9,59318767363,2496006,0
59.3238,9,59321290369,2496006,0
59.3263,3,59323831375,2469000,1
59.3263,1,59323831375,2469000,1
59.3288,18,59326316375,2496006,0
59.3313,18,59328839381,2496006,0
59.3339,9,59331434387,2469000,1
59.3339,1,59331434387,2469000,1
59.3364,14,59333919387,2496006,0
59.3393,18,59336782393,2496006,0
59.3418,14,59339305399,2469000,1
59.3418,21,59339305399,2469000,1
59.3418,16,59339305399,2469000,1
59.3443,8,59341790399,2469000,1
59.3443,18,59341790399,2469000,1
59.3467,9,59344257399,2469000,1
59.3467,18,59344259399,2469000,1
59.3492,12,59346744399,2496006,0
59.3543,12,59351808411,2496006,0
59.3569,22,59354385417,2496006,0
59.3594,12,59356917423,2496006,0
59.362,16,59359503429,2496006,0
59.3645,14,59362035435,2496006,0
59.3674,22,59364889441,2496006,0
59.3699,12,59367421447,2496006,0
59.3724,14,59369944453,2469000,1
59.3724,6,59369944453,2469000,1
59.3749,12,59372411453,2496006,0
59.38,12,59377493465,2469000,1
59.38,16,59377493465,2469000,1
59.3825,23,59379960465,2496006,0
59.385,16,59382483471,2496006,0
59.3875,18,59385024477,2469000,1
59.3875,22,59385024477,2469000,1
59.39,14,59387500477,2496006,0
59.3925,1,59390023483,2496006,0
59.395,10,59392546489,2469000,1
59.395,12,59392546489,2469000,1
59.3975,1,59395022489,2496006,0
59.4,16,59397545495,2496006,0
59.4026,9,59400086501,2496006,0
59.4051,1,59402618507,2469000,1
59.4051,23,59402618507,2469000,1
59.4076,14,59405085507,2469000,1
59.4101,16,59407588507,2496006,0
59.4126,9,59410111513,2496006,0
59.4151,16,59412670519,2469000,1
59.4151,3,59412670519,2469000,1
59.4176,1,59415137519,2496006,0
59.4201,9,59417678525,2469000,1
59.4201,5,59417678525,2469000,1
59.4201,22,59417678525,2469000,1
59.4227,1,59420190525,2469000,1
59.4227,13,59420190525,2469000,1
59.4251,12,59422657525,2469000,1
59.4251,16,59422657525,2469000,1
59.4276,1,59425133525,2496006,0
59.4301,23,59427656531,2469000,1
59.4326,5,59430123531,2496006,0
59.4352,14,59432664537,2496006,0
59.4377,18,59435214543,2496006,0
59.4405,5,59438050549,2496006,0
59.4431,1,59440600555,2496006,0
59.4456,9,59443132561,2496006,0
59.4482,14,59445682567,2496006,0
59.4507,1,59448205573,2469000,1
59.4507,18,59448205573,2469000,1
59.4531,9,59450672573,2469000,1
59.4556,5,59453139573,2469000,1
59.4556,21,59453139573,2469000,1
59.4581,22,59455608573,2496006,0
59.4607,14,59458158579,2496006,0
59.4657,16,59463213591,2496006,0
59.4685,14,59466049597,2496006,0
59.471,22,59468572603,2469000,1
59.471,5,59468572603,2469000,1
59.4736,8,59471120603,2469000,1
59.4736,1,59471120603,2469000,1
59.4761,18,59473587603,2496006,0
59.4786,18,59476110609,2496006,0
59.4811,16,59478633615,2469000,1
59.4811,14,59478633615,2469000,1
59.4836,14,59481109615,2496006,0
59.4861,15,59483650621,2469000,1
59.4861,22,59483650621,2469000,1
59.4886,9,59486126621,2496006,0
59.4911,23,59488658627,2469000,1
59.4911,18,59488658627,2469000,1
59.4936,16,59491143627,2469000,1
59.4936,18,59491143627,2469000,1
59.4961,14,59493646627,2469000,1
59.4961,23,59493646627,2469000,1
59.4986,9,59496140627,2496006,0
59.5012,14,59498690633,2496006,0
59.5062,19,59503736645,2496006,0
59.5088,19,59506259651,2496006,0
59.5113,3,59508800657,2496006,0
59.5138,9,59511323663,2496006,0
59.5163,14,59513873669,2469000,1
59.5163,12,59513873669,2469000,1
59.5188,19,59516340669,2469000,1
59.5188,6,59516340669,2469000,1
59.5188,22,59516340669,2469000,1
59.5213,3,59518816669,2496006,0
59.5238,9,59521339675,2469000,1
59.5238,1,59521339675,2469000,1
59.5263,19,59523824675,2496006,0
59.5288,3,59526347681,2469000,1
59.5288,19,59526347681,2469000,1
59.5313,5,59528850681,2496006,0
59.5339,8,59531382687,2469000,1
59.5339,16,59531382687,2469000,1
59.5364,3,59533858687,2496006,0
59.5389,18,59536390693,2496006,0
59.5417,19,59539253699,2496006,0
59.5442,9,59541776705,2469000,1
59.5442,5,59541776705,2469000,1
59.5468,14,59544270705,2496006,0
59.5493,3,59546802711,2469000,1
59.5493,18,59546802711,2469000,1
59.5493,5,59546802711,2469000,1
59.5517,19,59549269711,2469000,1
59.5517,14,59549269711,2469000,1
59.5543,9,59551799711,2496006,0
59.5569,9,59554358717,2496006,0
59.5594,3,59556899723,2469000,1
59.5594,9,59556899723,2469000,1
59.5644,14,59561898729,2496006,0
59.5669,14,59564421735,2496006,0
59.5694,16,59566944741,2496006,0
59.5723,16,59569789747,2496006,0
59.5748,22,59572330753,2496006,0
59.5774,18,59574862759,2496006,0
59.5799,1,59577394765,2469000,1
59.5799,19,59577394765,2469000,1
59.5824,5,59579861765,2496006,0
59.5849,1,59582384771,2496006,0
59.5874,18,59584907777,2469000,1
59.5898,22,59587374777,2469000,1
59.5898,16,59587374777,2469000,1
59.5898,14,59587374777,2469000,1
59.5923,9,59589850777,2496006,0
59.5949,5,59592418783,2496006,0
59.5974,18,59594950789,2496006,0
59.6,16,59597473795,2496006,0
59.6025,9,59600005801,2469000,1
59.6025,14,59600005801,2469000,1
59.6049,10,59602472801,2469000,1
59.6049,1,59602472801,2469000,1
59.6049,22,59602472801,2469000,1
59.6074,23,59604939801,2496006,0
59.61,5,59607462807,2496006,0
59.6125,16,59609985813,2496006,0
59.615,19,59612508819,2496006,0
59.6175,13,59615031825,2496006,0
59.62,23,59617563831,2469000,1
59.62,18,59617563831,2469000,1
59.6225,23,59620039831,2496006,0
59.625,16,59622562837,2469000,1
59.625,14,59622562837,2469000,1
59.6275,18,59625029837,2496006,0
59.6301,5,59627579843,2496006,0
59.6326,22,59630120849,2469000,1
59.6326,23,59630120849,2469000,1
59.6326,5,59630120849,2469000,1
59.6351,19,59632587849,2496006,0
59.6376,9,59635119855,2469000,1
59.6376,13,59635119855,2469000,1
59.6401,18,59637595855,2469000,1
59.6401,3,59637595855,2469000,1
59.6426,16,59640098855,2469000,1
59.6426,23,59640098855,2469000,1
59.6454,1,59642878861,2496006,0
59.6479,19,59645401867,2496006,0
59.6504,12,59647942873,2469000,1
59.6504,18,59647942873,2469000,1
59.6504,1,59647942873,2469000,1
59.6554,23,59652932879,2496006,0
59.6579,19,59655455885,2469000,1
59.6579,4,59655455885,2469000,1
59.6604,5,59657949885,2496006,0
59.6629,23,59660472891,2469000,1
59.6629,5,59660472891,2469000,1
59.6654,1,59662939891,2496006,0
59.6679,13,59665471897,2469000,1
59.6679,19,59665471897,2469000,1
59.6704,5,59667938897,2496006,0
59.6733,1,59670801903,2496006,0
59.6758,5,59673342909,2496006,0
59.6784,1,59675865915,2496006,0
59.6809,5,59678415921,2496006,0
59.6834,12,59680938927,2496006,0
59.686,12,59683461933,2496006,0
59.6885,5,59685993939,2469000,1
59.6885,12,59685993939,2469000,1
59.691,18,59688460939,2496006,0
59.6935,3,59690983945,2496006,0
59.696,9,59693524951,2496006,0
59.6985,1,59696047957,2496006,0
59.701,3,59698570963,2469000,1
59.701,18,59698570963,2469000,1
59.7035,18,59701039963,2496006,0
59.7061,23,59703571969,2496006,0
59.7086,1,59706094975,2469000,1
59.7086,22,59706094975,2469000,1
59.7086,23,59706094975,2469000,1
59.7111,19,59708579975,2496006,0
59.7136,13,59711102981,2469000,1
59.7136,19,59711102981,2469000,1
59.7161,12,59713587981,2469000,1
59.7161,1,59713587981,2469000,1
59.7186,3,59716063981,2496006,0
59.7211,5,59718586987,2469000,1
59.7211,9,59718586987,2469000,1
59.7236,23,59721062987,2496006,0
59.7261,18,59723585993,2496006,0
59.7286,18,59726117999,2496006,0
59.7311,8,59728641005,2496006,0
59.7362,18,59733696017,2496006,0
59.7387,16,59736219023,2496006,0
59.7412,3,59738742029,2496006,0
59.7438,9,59741265035,2496006,0
59.7466,8,59744110041,2469000,1
59.7466,16,59744110041,2469000,1
59.7491,22,59746586041,2469000,1
59.7491,23,59746586041,2469000,1
59.7516,3,59749080041,2496006,0
59.7541,19,59751603047,2496006,0
59.7566,19,59754144053,2496006,0
59.7592,18,59756667059,2496006,0
59.7617,13,59759190065,2469000,1
59.7617,9,59759190065,2469000,1
59.7617,19,59759190065,2469000,1
59.7642,3,59761675065,2496006,0
59.7667,1,59764225071,2496006,0
59.7692,12,59766748077,2469000,1
59.7692,16,59766748077,2469000,1
59.7717,21,59769224077,2469000,1
59.7717,9,59769224077,2469000,1
59.7742,18,59771709077,2496006,0
59.777,23,59774554083,2469000,1
59.7795,14,59777021083,2496006,0
59.782,5,59779553089,2469000,1
59.782,8,59779553089,2469000,1
59.782,14,59779553089,2469000,1
59.7845,3,59782020089,2469000,1
59.7845,1,59782020089,2469000,1
59.787,3,59784496089,2496006,0
59.7895,1,59787019095,2496006,0
59.792,19,59789569101,2469000,1
59.792,18,59789569101,2469000,1
59.792,14,59789569101,2469000,1
59.7945,11,59792045101,2496006,0
59.7971,5,59794604107,2496006,0
59.7996,16,59797136113,2496006,0
59.8021,20,59799659119,2469000,1
59.8021,1,59799659119,2469000,1
59.8046,3,59802126119,2496006,0
59.8071,5,59804649125,2496006,0
59.8097,14,59807172131,2496006,0
59.8122,8,59809704137,2496006,0
59.8147,11,59812236143,2469000,1
59.8147,23,59812236143,2469000,1
59.8172,3,59814703143,2469000,1
59.8172,19,59814703143,2469000,1
59.8172,8,59814703143,2469000,1
59.8197,16,59817197143,2469000,1
59.8222,8,59819664143,2496006,0
59.8247,14,59822205149,2469000,1
59.8247,9,59822205149,2469000,1
59.8272,1,59824672149,2496006,0
59.8297,8,59827195155,2469000,1
59.8297,18,59827195155,2469000,1
59.8297,5,59827195155,2469000,1
59.8322,2,59829689155,2496006,0
59.8347,1,59832221161,2469000,1
59.8347,14,59832221161,2469000,1
59.8372,8,59834706161,2496006,0
59.8397,11,59837229167,2496006,0
59.8422,22,59839752173,2469000,1
59.8422,11,59839752173,2469000,1
59.8447,3,59842228173,2469000,1
59.8447,1,59842228173,2469000,1
59.8472,8,59844695173,2469000,1
59.8472,5,59844695173,2469000,1
59.8472,2,59844695173,2469000,1
59.85,19,59847502179,2496006,0
59.8525,12,59850052185,2469000,1
59.8525,16,59850052185,2469000,1
59.855,19,59852555185,2469000,1
59.8575,2,59855022185,2496006,0
59.86,9,59857545191,2496006,0
59.8626,2,59860095197,2469000,1
59.8651,11,59862571197,2496006,0
59.8676,2,59865094203,2496006,0
59.8701,11,59867617209,2469000,1
59.8751,9,59872636215,2496006,0
59.8777,14,59875159221,2496006,0
59.8805,18,59878004227,2469000,1
59.8805,8,59878004227,2469000,1
59.8805,14,59878004227,2469000,1
59.8829,16,59880471227,2469000,1
59.8829,14,59880473227,2469000,1
59.8854,9,59882949227,2496006,0
59.888,2,59885472233,2496006,0
59.8905,19,59888004239,2469000,1
59.8905,9,59888004239,2469000,1
59.893,3,59890471239,2496006,0
59.8955,5,59892994245,2496006,0
59.898,5,59895517251,2496006,0
59.9006,14,59898076257,2496006,0
59.9031,2,59900599263,2496006,0
59.9056,14,59903131269,2496006,0
59.9082,7,59905654275,2496006,0
59.9132,11,59910718287,2496006,0
59.9157,5,59913241293,2469000,1
59.9157,3,59913241293,2469000,1
59.9182,1,59915708293,2496006,0
59.9207,14,59918231299,2496006,0
59.9233,21,59920754305,2496006,0
59.9258,3,59923304311,2496006,0
59.9283,1,59925827317,2469000,1
59.9283,2,59925827317,2469000,1
59.9308,14,59928303317,2469000,1
59.9308,9,59928303317,2469000,1
59.9333,7,59930770317,2496006,0
59.9358,14,59933293323,2496006,0
59.9383,8,59935825329,2469000,1
59.9383,9,59935825329,2469000,1
59.9408,11,59938292329,2469000,1
59.9408,1,59938292329,2469000,1
59.9433,3,59940759329,2496006,0
59.9458,21,59943282335,2469000,1
59.9458,13,59943282335,2469000,1
59.9482,3,59945749335,2469000,1
59.9482,21,59945751335,2469000,1
59.9508,14,59948272335,2496006,0
59.9536,19,59951108341,2496006,0
59.9561,5,59953631347,2469000,1
59.9561,7,59953631347,2469000,1
59.9611,3,59958630353,2469000,1
59.9611,19,59958630353,2469000,1
59.9636,23,59961124353,2496006,0
59.9662,2,59963656359,2496006,0
59.9687,11,59966179365,2496006,0
59.9712,11,59968702371,2496006,0
59.9737,19,59971225377,2496006,0
59.9762,23,59973748383,2469000,1
59.9762,14,59973748383,2469000,1
59.9787,11,59976242383,2496006,0
59.9816,2,59979078389,2496006,0
59.9841,7,59981601395,2496006,0
59.9866,7,59984133401,2496006,0
59.9892,7,59986665407,2496006,0
59.9917,21,59989197413,2496006,0
59.9942,19,59991720419,2496006,0
59.9968,11,59994270425,2496006,0
59.9993,22,59996793431,2469000,1
59.9993,2,59996793431,2469000,1
60.0017,5,59999269431,2469000,1
60.0017,14,59999269431,2469000,1
60.0042,7,60001736431,2496006,0
60.0067,5,60004259437,2469000,1
60.0067,7,60004259437,2469000,1
60.0092,11,60006735437,2469000,1
60.0117,21,60009202437,2496006,0
60.0142,19,60011725443,2496006,0
60.0167,23,60014248449,2496006,0
60.0193,21,60016798455,2469000,1
60.0193,15,60016798455,2469000,1
60.0218,19,60019283455,2496006,0
60.0243,18,60021806461,2469000,1
60.0243,16,60021806461,2469000,1
60.0243,9,60021806461,2469000,1
60.0268,1,60024291461,2469000,1
60.0268,14,60024291461,2469000,1
60.0293,23,60026758461,2496006,0
60.0318,11,60029290467,2469000,1
60.0318,21,60029290467,2469000,1
60.0318,23,60029290467,2469000,1
60.0342,3,60031775467,2469000,1
60.0342,2,60031775467,2469000,1
60.0367,23,60034242467,2496006,0
60.0392,8,60036774473,2469000,1
60.0392,19,60036774473,2469000,1
60.0392,1,60036774473,2469000,1
60.0417,7,60039250473,2496006,0
60.0443,19,60041773479,2496006,0
60.0468,7,60044323485,2496006,0
60.0493,23,60046846491,2496006,0
60.0519,11,60049369497,2496006,0
60.0547,19,60052205503,2496006,0
60.0597,7,60057278515,2469000,1
60.0597,20,60057278515,2469000,1
60.0623,8,60059781515,2496006,0
60.0648,19,60062304521,2469000,1
60.0648,12,60062304521,2469000,1
60.0672,2,60064780521,2469000,1
60.0672,23,60064780521,2469000,1
60.0698,11,60067256521,2496006,0
60.0723,7,60069779527,2496006,0
60.0748,8,60072311533,2496006,0
60.0773,19,60074843539,2496006,0
60.0798,7,60077366545,2469000,1
60.0798,8,60077366545,2469000,1
60.0823,23,60079833545,2496006,0
60.0852,11,60082705551,2496006,0
60.0877,23,60085228557,2496006,0
60.0902,11,60087751563,2496006,0
60.0928,19,60090301569,2496006,0
60.0953,21,60092833575,2496006,0
60.0978,11,60095365581,2469000,1
60.0978,23,60095365581,2469000,1
60.0978,12,60095365581,2469000,1
60.1003,19,60097832581,2496006,0
60.1029,2,60100355587,2496006,0
60.1053,11,60102878593,2469000,1
60.1078,19,60105345593,2496006,0
60.1104,2,60107904599,2496006,0
60.1129,21,60110427605,2496006,0
60.1154,7,60112959611,2469000,1
60.1154,8,60112959611,2469000,1
60.1179,2,60115426611,2496006,0
60.1204,19,60117949617,2496006,0
60.123,19,60120472623,2496006,0
60.1255,2,60123004629,2496006,0
60.128,21,60125527635,2469000,1
60.128,14,60125527635,2469000,1
60.1306,23,60128075635,2496006,0
60.1331,17,60130598641,2496006,0
60.1356,2,60133121647,2496006,0
60.1381,19,60135644653,2496006,0
60.1406,17,60138167659,2469000,1
60.1406,2,60138167659,2469000,1
60.1431,2,60140643659,2496006,0
60.1457,19,60143184665,2496006,0
60.1482,23,60145716671,2469000,1
60.1482,19,60145716671,2469000,1
60.1507,2,60148183671,2496006,0
60.1532,3,60150724677,2496006,0
60.1561,8,60153587683,2469000,1
60.1561,21,60153587683,2469000,1
60.1561,23,60153587683,2469000,1
60.1586,23,60156063683,2496006,0
60.1611,2,60158604689,2496006,0
60.1637,3,60161154695,2496006,0
60.1662,23,60163686701,2496006,0
60.1687,7,60166209707,2496006,0
60.1712,2,60168741713,2496006,0
60.1737,3,60171264719,2469000,1
60.1737,19,60171264719,2469000,1
60.1762,17,60173740719,2496006,0
60.1788,11,60176281725,2496006,0
60.1813,17,60178804731,2496006,0
60.1838,11,60181345737,2496006,0
60.1892,23,60186704749,2496006,0
60.1917,17,60189227755,2469000,1
60.1917,7,60189227755,2469000,1
60.1917,23,60189227755,2469000,1
60.1942,9,60191694755,2496006,0
60.1967,18,60194217761,2469000,1
60.1967,21,60194217761,2469000,1
60.1967,2,60194217761,2469000,1
60.1992,23,60196684761,2496006,0
60.2017,11,60199234767,2469000,1
60.2017,7,60199234767,2469000,1
60.2042,23,60201710767,2496006,0
60.2067,19,60204242773,2496006,0
60.2092,3,60206765779,2469000,1
60.2092,17,60206765779,2469000,1
60.2117,5,60209232779,2496006,0
60.2143,23,60211755785,2496006,0
60.2168,9,60214287791,2496006,0
60.2193,5,60216828797,2496006,0
60.2218,19,60219351803,2496006,0
60.2244,11,60221874809,2496006,0
60.2269,9,60224397815,2469000,1
60.2269,1,60224397815,2469000,1
60.2294,23,60226873815,2496006,0
60.2319,5,60229396821,2496006,0
60.2344,7,60231937827,2469000,1
60.2344,5,60231937827,2469000,1
60.2369,23,60234440827,2469000,1
60.2369,19,60234440827,2469000,1
60.2369,5,60234440827,2469000,1
60.2394,2,60236907827,2469000,1
60.2394,11,60236907827,2469000,1
60.2419,17,60239383827,2496006,0
60.2444,17,60241951833,2496006,0
60.247,7,60244483839,2496006,0
60.2495,8,60247042845,2496006,0
60.252,14,60249565851,2469000,1
60.252,2,60249565851,2469000,1
60.252,8,60249565851,2469000,1
60.2545,9,60252032851,2496006,0
60.2571,7,60254555857,2496006,0
60.2599,11,60257400863,2469000,1
60.2599,7,60257400863,2469000,1
60.2624,17,60259885863,2496006,0
60.2649,9,60262417869,2496006,0
60.2674,19,60264940875,2496006,0
60.27,3,60267472881,2496006,0
60.2725,13,60269995887,2469000,1
60.2725,23,60269995887,2469000,1
60.2725,7,60269995887,2469000,1
60.2749,16,60272462887,2469000,1
60.2749,19,60272462887,2469000,1
60.2775,19,60274956887,2496006,0
60.2799,9,60277479893,2469000,1
60.2799,17,60277479893,2469000,1
60.2824,21,60279946893,2496006,0
60.285,8,60282469899,2496006,0
60.2878,19,60285314905,2469000,1
60.2878,3,60285314905,2469000,1
60.2903,9,60287799905,2469000,1
60.2903,19,60287799905,2469000,1
60.2928,21,60290302905,2496006,0
60.2953,17,60292843911,2469000,1
60.2953,8,60292843911,2469000,1
60.2979,21,60295364911,2496006,0
60.3004,7,60297887917,2496006,0
60.3029,3,60300419923,2496006,0
60.3054,5,60302942929,2469000,1
60.3054,2,60302942929,2469000,1
60.3079,7,60305418929,2496006,0
60.3104,21,60307941935,2496006,0
60.313,11,60310464941,2496006,0
60.3155,8,60312996947,2469000,1
60.318,23,60315472947,2496006,0
60.3205,3,60317995953,2469000,1
60.3229,21,60320462953,2469000,1
60.3254,23,60322931953,2496006,0
60.328,7,60325463959,2496006,0
60.3305,23,60327986965,2496006,0
60.3355,22,60333032977,2496006,0
60.3381,22,60335555983,2496006,0
60.3406,11,60338096989,2469000,1
60.3406,21,60338096989,2469000,1
60.343,13,60340572989,2469000,1
60.343,21,60340572989,2469000,1
60.3455,7,60343048989,2496006,0
60.3481,9,60345580995,2496006,0
60.3506,7,60348104001,2496006,0
60.3531,23,60350636007,2496006,0
60.3557,22,60353168013,2496006,0
60.3582,22,60355691019,2496006,0
60.361,7,60358527025,2469000,1
60.361,9,60358527025,2469000,1
60.3635,3,60360994025,2496006,0
60.366,17,60363517031,2496006,0
60.3685,7,60366040037,2496006,0
60.3711,3,60368563043,2496006,0
60.3736,3,60371086049,2496006,0
60.3761,23,60373609055,2496006,0
60.3811,19,60378655067,2469000,1
60.3811,22,60378655067,2469000,1
60.3811,9,60378655067,2469000,1
60.3811,3,60378655067,2469000,1
60.3811,23,60378655067,2469000,1
60.3837,7,60381176067,2496006,0
60.3862,5,60383699073,2469000,1
60.3862,11,60383699073,2469000,1
60.3887,23,60386166073,2496006,0
60.3915,17,60389002079,2496006,0
60.394,2,60391543085,2496006,0
60.3966,8,60394066091,2496006,0
60.3991,17,60396598097,2496006,0
60.4016,7,60399121103,2469000,1
60.4016,23,60399121103,2469000,1
60.4016,8,60399121103,2469000,1
60.4041,2,60401615103,2469000,1
60.4041,22,60401615103,2469000,1
60.4041,3,60401615103,2469000,1
60.4067,17,60404154103,2496006,0
60.4092,7,60406677109,2496006,0
60.4117,8,60409209115,2469000,1
60.4142,17,60411685115,2496006,0
60.4167,9,60414217121,2496006,0
60.4192,17,60416758127,2469000,1
60.4192,21,60416758127,2469000,1
60.4192,3,60416758127,2469000,1
60.4217,2,60419225127,2469000,1
60.4217,3,60419227127,2469000,1
60.4242,9,60421712127,2496006,0
60.4267,7,60424235133,2496006,0
60.4293,11,60426758139,2496006,0
60.4318,11,60429281145,2496006,0
60.4343,23,60431804151,2496006,0
60.4368,9,60434336157,2496006,0
60.4394,9,60436868163,2496006,0
60.4419,11,60439409169,2496006,0
60.4444,9,60441950175,2469000,1
60.4444,20,60441950175,2469000,1
60.4444,7,60441950175,2469000,1
60.4469,17,60444417175,2496006,0
60.4494,22,60446940181,2469000,1
60.4494,20,60446940181,2469000,1
60.4519,23,60449416181,2496006,0
60.4544,11,60451948187,2496006,0
60.457,11,60454471193,2496006,0
60.4595,23,60457003199,2469000,1
60.4595,2,60457003199,2469000,1
60.4595,17,60457003199,2469000,1
60.462,20,60459470199,2496006,0
60.4648,8,60462324205,2496006,0
60.4674,17,60464856211,2496006,0
60.4699,8,60467388217,2496006,0
60.4724,8,60469911223,2496006,0
60.4749,18,60472443229,2469000,1
60.4749,7,60472443229,2469000,1
60.4749,11,60472443229,2469000,1
60.4774,23,60474910229,2469000,1
60.4774,20,60474910229,2469000,1
60.4799,17,60477413229,2496006,0
60.4824,23,60479945235,2496006,0
60.485,8,60482468241,2496006,0
60.4875,9,60485009247,2469000,1
60.4875,7,60485009247,2469000,1
60.4928,20,60490323253,2496006,0
60.4953,23,60492846259,2469000,1
60.4953,11,60492846259,2469000,1
60.4978,8,60495313259,2496006,0
60.5003,17,60497836265,2496006,0
60.5029,23,60500359271,2496006,0
60.5054,17,60502891277,2496006,0
60.5079,22,60505423283,2496006,0
60.5104,20,60507946289,2496006,0
60.513,8,60510478295,2496006,0
60.5155,17,60513028301,2469000,1
60.5155,8,60513028301,2469000,1
60.518,19,60515495301,2496006,0
60.5205,22,60518027307,2469000,1
60.5205,23,60518027307,2469000,1
60.523,20,60520494307,2496006,0
60.5255,9,60523026313,2496006,0
60.528,19,60525558319,2469000,1
60.528,9,60525558319,2469000,1
60.5331,17,60530602325,2496006,0
60.5356,20,60533143331,2496006,0
60.5382,3,60535675337,2496006,0
60.5407,17,60538198343,2469000,1
60.5407,8,60538198343,2469000,1
60.5432,22,60540692343,2496006,0
60.5457,23,60543242349,2496006,0
60.5483,6,60545765355,2496006,0
60.5508,22,60548288361,2469000,1
60.5508,6,60548288361,2469000,1
60.5532,19,60550755361,2469000,1
60.5532,3,60550755361,2469000,1
60.5557,20,60553222361,2469000,1
60.5557,17,60553222361,2469000,1
60.5582,2,60555707361,2469000,1
60.5582,20,60555707361,2469000,1
60.5607,23,60558174361,2496006,0
60.5632,7,60560697367,2469000,1
60.5632,9,60560697367,2469000,1
60.566,17,60563513373,2469000,1
60.5685,6,60565980373,2496006,0
60.571,11,60568539379,2469000,1
60.571,22,60568539379,2469000,1
60.571,3,60568539379,2469000,1
60.5735,6,60571015379,2496006,0
60.576,23,60573538385,2469000,1
60.576,3,60573538385,2469000,1
60.5785,6,60576050385,2469000,1
60.5785,16,60576050385,2469000,1
60.581,5,60578526385,2469000,1
60.581,23,60578526385,2469000,1
60.5835,7,60581002385,2496006,0
60.586,6,60583525391,2496006,0
60.5886,6,60586084397,2496006,0
60.5937,21,60591157409,2496006,0
60.5965,21,60593993415,2496006,0
60.599,8,60596525421,2496006,0
60.6015,7,60599048427,2496006,0
60.604,19,60601571433,2469000,1
60.604,22,60601571433,2469000,1
60.6066,6,60604074433,2496006,0
60.6091,21,60606606439,2496006,0
60.6116,8,60609138445,2469000,1
60.6116,1,60609138445,2469000,1
60.6141,14,60611605445,2496006,0
60.6166,6,60614137451,2469000,1
60.6166,3,60614137451,2469000,1
60.6191,7,60616622451,2469000,1
60.6191,22,60616622451,2469000,1
60.6216,14,60619098451,2469000,1
60.6216,9,60619098451,2469000,1
60.6216,23,60619098451,2469000,1
60.6241,20,60621565451,2496006,0
60.6266,21,60624115457,2496006,0
60.6291,8,60626638463,2496006,0
60.6317,21,60629206469,2496006,0
60.6342,20,60631729475,2496006,0
60.6367,19,60634252481,2496006,0
60.6392,10,60636775487,2469000,1
60.6392,7,60636775487,2469000,1
60.6417,5,60639242487,2496006,0
60.6442,20,60641765493,2469000,1
60.6442,5,60641765493,2469000,1
60.6467,19,60644241493,2469000,1
60.6467,22,60644241493,2469000,1
60.6492,8,60646717493,2496006,0
60.6543,14,60651772505,2496006,0
60.6568,14,60654295511,2496006,0
60.6593,6,60656818517,2496006,0
60.6618,8,60659341523,2469000,1
60.6618,6,60659341523,2469000,1
60.6643,21,60661808523,2496006,0
60.6669,19,60664358529,2496006,0
60.6697,14,60667194535,2469000,1
60.6697,7,60667194535,2469000,1
60.6722,7,60669670535,2496006,0
60.6747,20,60672193541,2496006,0
60.6772,7,60674725547,2496006,0
60.6798,19,60677257553,2496006,0
60.6823,21,60679798559,2496006,0
60.6848,20,60682339565,2469000,1
60.6848,17,60682339565,2469000,1
60.6848,3,60682339565,2469000,1
60.6873,7,60684806565,2469000,1
60.6873,2,60684806565,2469000,1
60.6873,5,60684806565,2469000,1
60.6897,21,60687273565,2469000,1
60.6897,19,60687273565,2469000,1
60.6897,6,60687273565,2469000,1
60.6922,20,60689740565,2469000,1
60.6947,8,60692234565,2496006,0
60.6976,14,60695124571,2496006,0
60.7001,19,60697647577,2469000,1
60.7001,14,60697647577,2469000,1
60.7026,8,60700150577,2496006,0
60.7052,8,60702682583,2496006,0
60.7077,7,60705232589,2469000,1
60.7077,8,60705232589,2469000,1
60.7102,8,60707726589,2496006,0
60.7127,14,60710249595,2469000,1
60.7127,7,60710249595,2469000,1
60.7152,21,60712734595,2469000,1
60.7152,19,60712734595,2469000,1
60.7177,11,60715210595,2496006,0
60.7202,11,60717751601,2496006,0
60.7228,23,60720292607,2496006,0
60.7253,8,60722833613,2496006,0
60.7279,9,60725401619,2496006,0
60.7304,23,60727933625,2496006,0
60.733,11,60730456631,2496006,0
60.7354,8,60732979637,2469000,1
60.7354,5,60732979637,2469000,1
60.7379,9,60735446637,2496006,0
60.743,21,60740519649,2469000,1
60.743,5,60740519649,2469000,1
60.7455,11,60742986649,2496006,0
60.748,20,60745527655,2469000,1
60.748,8,60745527655,2469000,1
60.7505,9,60747994655,2469000,1
60.7505,6,60747994655,2469000,1
60.7505,23,60747994655,2469000,1
60.753,9,60750479655,2496006,0
60.7555,8,60753002661,2496006,0
60.758,23,60755525667,2496006,0
60.7605,8,60758048673,2496006,0
60.7631,21,60760589679,2496006,0
60.7656,9,60763112685,2469000,1
60.7656,11,60763112685,2469000,1
60.7681,23,60765588685,2496006,0
60.7709,9,60768424691,2469000,1
60.7734,9,60770893691,2496006,0
60.7759,21,60773416697,2469000,1
60.7759,14,60773416697,2469000,1
60.7784,17,60775901697,2496006,0
60.7809,9,60778424703,2496006,0
60.7834,21,60780947709,2496006,0
60.7859,8,60783470715,2469000,1
60.7859,17,60783470715,2469000,1
60.7859,9,60783470715,2469000,1
60.7885,23,60785955715,2496006,0
60.791,21,60788478721,2496006,0
60.7936,11,60791055727,2496006,0
60.7961,23,60793578733,2496006,0
60.7986,20,60796101739,2496006,0
60.8014,3,60798946745,2496006,0
60.804,17,60801469751,2496006,0
60.8065,23,60803992757,2469000,1
60.8065,20,60803992757,2469000,1
60.809,14,60806459757,2496006,0
60.8115,22,60808982763,2496006,0
60.814,21,60811505769,2496006,0
60.8165,17,60814037775,2469000,1
60.8165,21,60814037775,2469000,1
60.819,11,60816540775,2496006,0
60.8216,15,60819063781,2496006,0
60.8241,14,60821586787,2469000,1
60.8241,8,60821586787,2469000,1
60.8241,9,60821586787,2469000,1
60.8265,19,60824053787,2496006,0
60.829,22,60826576793,2469000,1
60.829,3,60826576793,2469000,1
60.8315,22,60829045793,2496006,0
60.8341,19,60831586799,2496006,0
60.8366,11,60834109805,2496006,0
60.8391,23,60836641811,2496006,0
60.8416,20,60839164817,2469000,1
60.8416,11,60839164817,2469000,1
60.8441,17,60841631817,2496006,0
60.8467,15,60844154823,2496006,0
60.8491,19,60846677829,2469000,1
60.8491,22,60846677829,2469000,1
60.8491,13,60846677829,2469000,1
60.8491,15,60846677829,2469000,1
60.8516,15,60849162829,2469000,1
60.8567,17,60854163835,2496006,0
60.8592,14,60856695841,2469000,1
60.8592,13,60856695841,2469000,1
60.8617,17,60859162841,2496006,0
60.8642,3,60861694847,2469000,1
60.8642,23,60861694847,2469000,1
60.8666,21,60864161847,2469000,1
60.8666,22,60864161847,2469000,1
60.8666,17,60864161847,2469000,1
60.8691,11,60866637847,2496006,0
60.8717,14,60869178853,2496006,0
60.8745,7,60872041859,2496006,0
60.8771,15,60874582865,2496006,0
60.8796,15,60877114871,2496006,0
60.8821,11,60879655877,2469000,1
60.8821,14,60879655877,2469000,1
60.8846,19,60882122877,2469000,1
60.8846,23,60882122877,2469000,1
60.8871,15,60884598877,2469000,1
60.8871,19,60884598877,2469000,1
60.8896,7,60887083877,2496006,0
60.8921,20,60889615883,2469000,1
60.8921,7,60889615883,2469000,1
60.8946,13,60892082883,2469000,1
60.8946,11,60892082883,2469000,1
60.8946,14,60892082883,2469000,1
60.8971,7,60894558883,2496006,0
60.8996,11,60897081889,2496006,0
60.9024,17,60899935895,2496006,0
60.905,11,60902458901,2496006,0
60.9075,8,60904990907,2496006,0
60.91,4,60907513913,2469000,1
60.91,9,60907513913,2469000,1
60.9125,6,60909998913,2496006,0
60.915,15,60912539919,2469000,1
60.915,7,60912539919,2469000,1
60.9175,17,60915006919,2496006,0
60.92,11,60917529925,2469000,1
60.92,8,60917529925,2469000,1
60.9225,23,60919996925,2469000,1
60.9225,4,60919996925,2469000,1
60.9249,21,60922472925,2469000,1
60.9249,7,60922472925,2469000,1
60.9274,13,60924948925,2496006,0
60.93,21,60927480931,2496006,0
60.9325,3,60930012937,2469000,1
60.9325,6,60930012937,2469000,1
60.9325,17,60930012937,2469000,1
60.935,14,60932488937,2469000,1
60.935,21,60932488937,2469000,1
60.94,8,60937505943,2469000,1
60.94,7,60937505943,2469000,1
60.9425,17,60939990943,2469000,1
60.9425,7,60939990943,2469000,1
60.9449,22,60942457943,2469000,1
60.9449,13,60942457943,2469000,1
60.9474,21,60944933943,2496006,0
60.9499,4,60947456949,2469000,1
60.9499,14,60947456949,2469000,1
60.9524,17,60949923949,2496006,0
60.955,15,60952482955,2469000,1
60.955,11,60952482955,2469000,1
60.9575,21,60954958955,2496006,0
60.96,14,60957490961,2496006,0
60.9625,17,60960013967,2469000,1
60.9625,3,60960013967,2469000,1
60.965,6,60962498967,2469000,1
60.965,4,60962498967,2469000,1
60.9675,4,60965001967,2496006,0
60.97,21,60967524973,2469000,1
60.97,14,60967524973,2469000,1
60.9725,23,60969991973,2496006,0
60.9753,17,60972827979,2496006,0
60.9804,11,60977900991,2496006,0
60.9829,13,60980423997,2496006,0
60.9854,4,60982947003,2496006,0
60.988,11,60985470009,2496006,0
60.9905,9,60987993015,2496006,0
60.993,17,60990516021,2496006,0
60.9955,19,60993039027,2496006,0
60.9981,6,60995562033,2496006,0
61.0006,23,60998085039,2496006,0
61.0031,17,61000617045,2496006,0
61.006,13,61003462051,2496006,0
61.0085,8,61005985057,2496006,0
61.011,6,61008508063,2469000,1
61.011,9,61008508063,2469000,1
61.011,13,61008508063,2469000,1
61.0135,15,61010984063,2496006,0
61.016,4,61013507069,2496006,0
61.0185,19,61016030075,2469000,1
61.0185,21,61016030075,2469000,1
61.0185,11,61016030075,2469000,1
61.021,20,61018506075,2469000,1
61.021,17,61018506075,2469000,1
61.0234,23,61020973075,2469000,1
61.0234,14,61020973075,2469000,1
61.0259,22,61023449075,2469000,1
61.0259,11,61023449075,2469000,1
61.0284,13,61025916075,2496006,0
61.0309,4,61028457081,2469000,1
61.0334,8,61030933081,2469000,1
61.0334,17,61030933081,2469000,1
61.0359,5,61033409081,2496006,0
61.0384,6,61035932087,2469000,1
61.0384,15,61035932087,2469000,1
61.0409,19,61038426087,2469000,1
61.0409,13,61038426087,2469000,1
61.0434,17,61040902087,2496006,0
61.0459,9,61043434093,2496006,0
61.0484,8,61045957099,2469000,1
61.0484,15,61045957099,2469000,1
61.0509,17,61048433099,2496006,0
61.0535,9,61050965105,2496006,0
61.056,23,61053488111,2496006,0
61.0585,5,61056011117,2469000,1
61.0585,13,61056011117,2469000,1
61.0609,17,61058478117,2469000,1
61.0609,6,61058478117,2469000,1
61.0635,4,61060990117,2469000,1
61.0635,5,61060990117,2469000,1
61.066,23,61063475117,2496006,0
61.0685,9,61065998123,2496006,0
61.071,11,61068521129,2469000,1
61.071,8,61068521129,2469000,1
61.0735,23,61070997129,2496006,0
61.076,23,61073538135,2496006,0
61.0789,13,61076383141,2469000,1
61.0814,9,61078877141,2496006,0
61.0839,9,61081445147,2469000,1
61.0839,14,61081445147,2469000,1
61.0864,17,61083912147,2469000,1
61.0864,9,61083914147,2469000,1
61.0889,11,61086390147,2469000,1
61.0889,23,61086390147,2469000,1
61.0914,21,61088857147,2496006,0
61.0939,5,61091389153,2496006,0
61.0964,3,61093921159,2496006,0
61.0989,4,61096444165,2496006,0
61.1015,19,61098967171,2496006,0
61.104,20,61101526177,2496006,0
61.1069,19,61104362183,2496006,0
61.1094,21,61106885189,2469000,1
61.1094,20,61106885189,2469000,1
61.1119,4,61109361189,2496006,0
61.1144,15,61111884195,2469000,1
61.1144,19,61111884195,2469000,1
61.1144,21,61111884195,2469000,1
61.1144,20,61111884195,2469000,1
61.1169,5,61114360195,2496006,0
61.1194,17,61116883201,2469000,1
61.1194,3,61116883201,2469000,1
61.1194,4,61116883201,2469000,1
61.1218,4,61119352201,2496006,0
61.1244,23,61121875207,2496006,0
61.1294,23,61126939219,2496006,0
61.132,5,61129462225,2496006,0
61.1345,5,61132039231,2496006,0
61.1371,4,61134571237,2496006,0
61.1396,3,61137094243,2496006,0
61.1421,23,61139617249,2496006,0
61.1447,3,61142158255,2496006,0
61.1472,5,61144681261,2496006,0
61.1497,9,61147204267,2469000,1
61.1497,5,61147204267,2469000,1
61.1522,13,61149680267,2496006,0
61.1547,19,61152203273,2496006,0
61.1572,23,61154726279,2496006,0
61.1597,13,61157249285,2496006,0
61.1622,3,61159772291,2469000,1
61.1622,6,61159772291,2469000,1
61.1622,21,61159772291,2469000,1
61.1622,13,61159772291,2469000,1
61.1647,19,61162239291,2496006,0
61.1672,13,61164762297,2469000,1
61.1672,19,61164762297,2469000,1
61.1697,4,61167229297,2469000,1
61.1697,5,61167229297,2469000,1
61.1722,20,61169732297,2496006,0
61.1773,17,61174796309,2469000,1
61.1773,20,61174796309,2469000,1
61.18,23,61177576315,2469000,1
61.18,4,61177576315,2469000,1
61.1825,23,61180052315,2496006,0
61.1851,19,61182602321,2496006,0
61.1876,23,61185134327,2496006,0
61.1902,23,61187693333,2469000,1
61.1902,20,61187693333,2469000,1
61.1927,3,61190160333,2496006,0
61.1952,19,61192683339,2469000,1
61.1952,3,61192683339,2469000,1
61.1977,20,61195159339,2496006,0
61.2002,6,61197691345,2496006,0
61.2027,15,61200232351,2496006,0
61.2053,6,61202791357,2496006,0
61.2078,15,61205323363,2496006,0
61.2107,6,61208159369,2496006,0
61.2132,2,61210691375,2496006,0
61.2157,3,61213214381,2469000,1
61.2157,20,61213214381,2469000,1
61.2182,15,61215681381,2469000,1
61.2182,4,61215681381,2469000,1
61.2206,14,61218148381,2469000,1
61.2206,2,61218148381,2469000,1
61.2231,6,61220615381,2496006,0
61.2257,6,61223156387,2496006,0
61.2282,8,61225679393,2496006,0
61.2307,8,61228202399,2496006,0
61.2332,23,61230743405,2496006,0
61.2358,5,61233275411,2496006,0
61.2383,8,61235798417,2469000,1
61.2383,19,61235798417,2469000,1
61.2407,9,61238265417,2469000,1
61.2407,13,61238265417,2469000,1
61.2407,3,61238265417,2469000,1
61.2432,20,61240768417,2469000,1
61.2432,2,61240768417,2469000,1
61.2457,23,61243235417,2496006,0
61.2483,6,61245758423,2496006,0
61.2508,23,61248317429,2469000,1
61.2508,17,61248317429,2469000,1
61.2508,5,61248317429,2469000,1
61.2533,7,61250802429,2469000,1
61.2533,8,61250802429,2469000,1
61.2583,15,61255792435,2496006,0
61.2608,6,61258333441,2496006,0
61.2634,2,61260865447,2496006,0
61.2659,5,61263397453,2496006,0
61.2684,23,61265920459,2469000,1
61.2684,2,61265920459,2469000,1
61.2709,15,61268387459,2496006,0
61.2734,11,61270910465,2496006,0
61.2759,6,61273478471,2469000,1
61.2759,13,61273478471,2469000,1
61.2785,11,61275963471,2496006,0
61.281,6,61278486477,2496006,0
61.2838,15,61281322483,2469000,1
61.2838,7,61281322483,2469000,1
61.2838,5,61281322483,2469000,1
61.2863,6,61283816483,2496006,0
61.2888,23,61286348489,2496006,0
61.2914,2,61288871495,2496006,0
61.2939,23,61291403501,2469000,1
61.2964,12,61293879501,2496006,0
61.2989,21,61296420507,2469000,1
61.2989,11,61296420507,2469000,1
61.3014,12,61298887507,2496006,0
61.3039,3,61301410513,2469000,1
61.3039,2,61301410513,2469000,1
61.3064,12,61303886513,2496006,0
61.3089,6,61306409519,2496006,0
61.3117,2,61309245525,2496006,0
61.3142,19,61311768531,2469000,1
61.3142,12,61311768531,2469000,1
61.3167,15,61314235531,2496006,0
61.3193,23,61316767537,2496006,0
61.3218,11,61319290543,2496006,0
61.3243,15,61321813549,2496006,0
61.3268,23,61324336555,2496006,0
61.3293,8,61326859561,2469000,1
61.3293,6,61326859561,2469000,1
61.3293,23,61326859561,2469000,1
61.3318,11,61329326561,2496006,0
61.3343,10,61331858567,2469000,1
61.3343,20,61331858567,2469000,1
61.3343,5,61331858567,2469000,1
61.3368,2,61334325567,2496006,0
61.3394,15,61336866573,2496006,0
61.3419,11,61339389579,2496006,0
61.3444,10,61341912585,2496006,0
61.3469,2,61344444591,2469000,1
61.3469,4,61344444591,2469000,1
61.3494,12,61346920591,2496006,0
61.3519,15,61349443597,2496006,0
61.3544,10,61351966603,2469000,1
61.3544,2,61351966603,2469000,1
61.3544,12,61351966603,2469000,1
61.3569,13,61354478603,2469000,1
61.3569,11,61354478603,2469000,1
61.3594,15,61356945603,2496006,0
61.362,22,61359468609,2496006,0
61.3645,22,61362000615,2496006,0
61.367,6,61364523621,2496006,0
61.3695,15,61367064627,2469000,1
61.3695,5,61367064627,2469000,1
61.372,23,61369531627,2496006,0
61.3746,12,61372072633,2496006,0
61.3771,23,61374595639,2496006,0
61.3796,10,61377145645,2469000,1
61.3796,22,61377145645,2469000,1
61.3821,6,61379621645,2496006,0
61.3849,12,61382457651,2469000,1
61.3849,11,61382457651,2469000,1
61.3874,23,61384933651,2496006,0
61.39,23,61387465657,2496006,0
61.3925,10,61390006663,2496006,0
61.395,23,61392538669,2469000,1
61.395,19,61392538669,2469000,1
61.395,15,61392538669,2469000,1
61.395,6,61392538669,2469000,1
61.395,11,61392538669,2469000,1
61.3975,10,61395041669,2469000,1
61.4026,22,61400085675,2496006,0
61.4051,10,61402635681,2496006,0
61.4077,23,61405176687,2496006,0
61.4102,2,61407699693,2496006,0
61.4127,22,61410222699,2469000,1
61.4127,12,61410222699,2469000,1
61.4155,2,61413002705,2496006,0
61.418,6,61415543711,2496006,0
61.4206,5,61418075717,2496006,0
61.4231,2,61420598723,2469000,1
61.4231,11,61420598723,2469000,1
61.4256,10,61423083723,2496006,0
61.4281,23,61425606729,2496006,0
61.4306,10,61428147735,2496006,0
61.4332,10,61430670741,2496006,0
61.4357,6,61433202747,2469000,1
61.4357,10,61433202747,2469000,1
61.4382,22,61435687747,2469000,1
61.4382,5,61435687747,2469000,1
61.4432,2,61440686753,2469000,1
61.4432,10,61440686753,2469000,1
61.4457,13,61443171753,2496006,0
61.4482,23,61445694759,2496006,0
61.4507,8,61448217765,2496006,0
61.4532,13,61450749771,2496006,0
61.4558,12,61453281777,2496006,0
61.4583,20,61455813783,2469000,1
61.4583,6,61455813783,2469000,1
61.4583,5,61455813783,2469000,1
61.4583,10,61455813783,2469000,1
61.4608,23,61458289783,2469000,1
61.4608,15,61458289783,2469000,1
61.4633,8,61460756783,2496006,0
61.4658,12,61463288789,2496006,0
61.4684,13,61465856795,2496006,0
61.4709,12,61468397801,2496006,0
61.4734,12,61470920807,2496006,0
61.4759,8,61473443813,2469000,1
61.4759,20,61473443813,2469000,1
61.4784,13,61475919813,2496006,0
61.4835,8,61480965825,2496006,0
61.486,19,61483488831,2496006,0
61.4888,13,61486324837,2496006,0
61.4913,12,61488847843,2496006,0
61.4939,13,61491397849,2496006,0
61.4964,8,61493929855,2469000,1
61.4964,23,61493929855,2469000,1
61.4964,19,61493929855,2469000,1
61.4989,14,61496396855,2469000,1
61.4989,22,61496396855,2469000,1
61.5013,13,61498863855,2469000,1
61.5013,19,61498863855,2469000,1
61.5038,8,61501330855,2469000,1
61.5038,23,61501330855,2469000,1
61.5063,12,61503806855,2496006,0
61.5089,5,61506365861,2496006,0
61.5114,2,61508897867,2469000,1
61.5114,14,61508897867,2469000,1
61.5139,5,61511364867,2496006,0
61.5167,8,61514245873,2496006,0
61.5192,12,61516777879,2469000,1
61.5192,5,61516777879,2469000,1
61.5217,19,61519244879,2496006,0
61.5243,9,61521794885,2469000,1
61.5243,19,61521794885,2469000,1
61.5268,5,61524261885,2496006,0
61.5293,6,61526793891,2496006,0
61.5318,8,61529316897,2496006,0
61.5343,13,61531839903,2496006,0
61.5369,6,61534362909,2496006,0
61.5394,8,61536885915,2469000,1
61.5394,13,61536885915,2469000,1
61.5418,15,61539379915,2469000,1
61.5418,13,61539379915,2469000,1
61.5443,19,61541864915,2469000,1
61.5443,13,61541864915,2469000,1
61.5468,5,61544331915,2496006,0
61.5493,12,61546863921,2469000,1
61.5493,5,61546863921,2469000,1
61.5518,6,61549330921,2496006,0
61.5544,4,61551862927,2496006,0
61.5569,6,61554403933,2496006,0
61.5594,8,61556935939,2469000,1
61.5619,4,61559465939,2469000,1
61.5619,13,61559465939,2469000,1
61.5645,6,61561977939,2496006,0
61.567,5,61564518945,2496006,0
61.5695,4,61567050951,2496006,0
61.5721,3,61569573957,2496006,0
61.5746,5,61572132963,2496006,0
61.5771,3,61574673969,2469000,1
61.5771,6,61574673969,2469000,1
61.5771,21,61574673969,2469000,1
61.5771,23,61574673969,2469000,1
61.5796,8,61577140969,2496006,0
61.5822,4,61579663975,2496006,0
61.5847,10,61582186981,2469000,1
61.5847,15,61582186981,2469000,1
61.5872,22,61584662981,2496006,0
61.59,4,61587516987,2469000,1
61.5925,5,61589992987,2496006,0
61.595,8,61592515993,2469000,1
61.595,5,61592515993,2469000,1
61.5975,22,61594982993,2469000,1
61.6,4,61597476993,2496006,0
61.605,4,61602532005,2496006,0
61.6076,2,61605055011,2496006,0
61.6101,17,61607578017,2496006,0
61.6126,19,61610101023,2496006,0
61.6151,6,61612624029,2496006,0
61.6176,4,61615147035,2496006,0
61.6205,12,61617992041,2496006,0
61.623,19,61620524047,2496006,0
61.6255,6,61623056053,2469000,1
61.6255,3,61623056053,2469000,1
61.628,19,61625523053,2496006,0
61.6305,6,61628046059,2496006,0
61.633,12,61630578065,2469000,1
61.633,8,61630578065,2469000,1
61.633,5,61630578065,2469000,1
61.633,2,61630578065,2469000,1
61.633,17,61630578065,2469000,1
61.633,4,61630578065,2469000,1
61.6355,22,61633045065,2496006,0
61.6406,6,61638118077,2496006,0
61.6431,22,61640641083,2469000,1
61.6431,6,61640641083,2469000,1
61.6456,3,61643108083,2496006,0
61.6481,19,61645631089,2496006,0
61.6507,23,61648163095,2496006,0
61.6532,3,61650704101,2496006,0
61.6557,10,61653236107,2469000,1
61.6557,12,61653236107,2469000,1
61.6557,8,61653236107,2469000,1
61.6582,23,61655703107,2496006,0
61.6607,17,61658226113,2469000,1
61.6607,22,61658226113,2469000,1
61.6632,2,61660702113,2496006,0
61.6657,3,61663225119,2469000,1
61.6657,22,61663225119,2469000,1
61.6682,19,61665692119,2496006,0
61.6707,6,61668233125,2496006,0
61.6733,4,61670774131,2496006,0
61.6758,2,61673297137,2496006,0
61.6783,23,61675820143,2496006,0
61.6808,6,61678352149,2469000,1
61.6808,19,61678352149,2469000,1
61.6808,3,61678352149,2469000,1
61.6858,23,61683351155,2469000,1
61.6858,4,61683351155,2469000,1
61.6883,19,61685836155,2496006,0
61.6909,4,61688368161,2496006,0
61.6937,18,61691222167,2469000,1
61.6937,3,61691222167,2469000,1
61.6962,2,61693698167,2469000,1
61.6962,6,61693698167,2469000,1
61.6987,5,61696174167,2496006,0
61.7012,2,61698697173,2496006,0
61.7037,19,61701238179,2469000,1
61.7037,4,61701238179,2469000,1
61.7062,4,61703707179,2496006,0
61.7087,23,61706239185,2496006,0
61.7113,5,61708762191,2496006,0
61.7138,10,61711330197,2496006,0
61.7163,5,61713853203,2496006,0
61.7189,2,61716385209,2496006,0
61.7217,10,61719230215,2496006,0
61.7242,17,61721753221,2469000,1
61.7267,4,61724220221,2469000,1
61.7267,23,61724220221,2469000,1
61.7267,10,61724220221,2469000,1
61.7292,2,61726696221,2469000,1
61.7292,5,61726696221,2469000,1
61.7317,12,61729199221,2496006,0
61.7343,19,61731767227,2496006,0
61.7368,22,61734299233,2469000,1
61.7368,4,61734299233,2469000,1
61.7393,12,61736775233,2496006,0
61.7418,19,61739307239,2469000,1
61.7418,11,61739307239,2469000,1
61.7443,5,61741792239,2496006,0
61.7468,23,61744333245,2496006,0
61.7494,5,61746865251,2496006,0
61.7519,12,61749388257,2496006,0
61.7544,10,61751911263,2496006,0
61.7569,19,61754434269,2469000,1
61.7594,1,61756901269,2469000,1
61.7594,10,61756901269,2469000,1
61.7619,5,61759377269,2496006,0
61.7644,2,61761900275,2496006,0
61.7669,6,61764423281,2496006,0
61.7694,12,61766946287,2469000,1
61.7694,23,61766946287,2469000,1
61.7719,6,61769449287,2496006,0
61.7744,20,61771972293,2469000,1
61.7744,4,61771972293,2469000,1
61.7769,5,61774448293,2469000,1
61.7769,10,61774448293,2469000,1
61.7795,2,61776960293,2496006,0
61.782,6,61779528299,2496006,0
61.7845,19,61782051305,2469000,1
61.787,12,61784518305,2496006,0
61.7895,6,61787041311,2496006,0
61.7949,2,61792400323,2469000,1
61.7949,5,61792400323,2469000,1
61.7974,23,61794885323,2496006,0
61.7999,3,61797408329,2496006,0
61.8024,6,61799931335,2469000,1
61.8024,12,61799931335,2469000,1
61.8049,8,61802416335,2496006,0
61.8075,2,61804975341,2496006,0
61.81,12,61807498347,2496006,0
61.8125,6,61810021353,2496006,0
61.815,4,61812544359,2469000,1
61.815,19,61812544359,2469000,1
61.815,3,61812544359,2469000,1
61.8175,23,61815011359,2469000,1
61.8175,2,61815011359,2469000,1
61.82,12,61817487359,2469000,1
61.82,10,61817487359,2469000,1
61.8224,6,61819963359,2469000,1
61.8224,8,61819963359,2469000,1
61.8224,21,61819963359,2469000,1
61.8278,17,61825275371,2496006,0
61.8303,8,61827798377,2496006,0
61.8329,2,61830357383,2496006,0
61.8353,16,61832880389,2469000,1
61.8353,23,61832880389,2469000,1
61.8378,23,61835349389,2496006,0
61.8403,3,61837872395,2469000,1
61.8403,23,61837872395,2469000,1
61.8428,17,61840348395,2496006,0
61.8454,12,61842898401,2469000,1
61.8454,2,61842898401,2469000,1
61.8479,17,61845365401,2496006,0
61.8504,8,61847888407,2496006,0
61.8529,5,61850411413,2496006,0
61.8554,6,61852934419,2496006,0
61.858,18,61855457425,2496006,0
61.8605,18,61857980431,2496006,0
61.863,6,61860521437,2469000,1
61.863,13,61860521437,2469000,1
61.868,8,61865529443,2496006,0
61.8706,17,61868061449,2496006,0
61.8731,18,61870584455,2496006,0
61.8756,19,61873116461,2496006,0
61.8781,5,61875639467,2496006,0
61.8807,18,61878162473,2496006,0
61.8832,23,61880685479,2469000,1
61.8832,18,61880685479,2469000,1
61.8856,5,61883152479,2496006,0
61.8882,8,61885684485,2469000,1
61.8882,9,61885684485,2469000,1
61.8906,3,61888151485,2469000,1
61.8906,2,61888151485,2469000,1
61.8931,19,61890627485,2496006,0
61.8957,12,61893168491,2496006,0
61.8985,17,61896004497,2469000,1
61.8985,5,61896004497,2469000,1
61.901,5,61898473497,2496006,0
61.9035,6,61901005503,2469000,1
61.9035,18,61901005503,2469000,1
61.906,10,61903472503,2496006,0
61.9085,12,61905995509,2496006,0
61.911,19,61908518515,2469000,1
61.911,22,61908518515,2469000,1
61.9135,8,61910985515,2496006,0
61.9186,2,61916058527,2496006,0
61.9211,10,61918581533,2496006,0
61.9236,17,61921113539,2469000,1
61.9236,5,61921113539,2469000,1
61.9264,12,61923893545,2496006,0
61.9289,10,61926443551,2496006,0
61.9314,3,61928966557,2469000,1
61.9314,6,61928966557,2469000,1
61.9339,12,61931433557,2469000,1
61.9339,8,61931433557,2469000,1
61.9339,10,61931433557,2469000,1
61.9364,2,61933909557,2496006,0
61.9389,10,61936432563,2496006,0
61.9414,19,61938973569,2469000,1
61.9414,5,61938973569,2469000,1
61.944,23,61941494569,2469000,1
61.944,10,61941494569,2469000,1
61.9465,2,61943979569,2496006,0
61.949,8,61946502575,2496006,0
61.9515,12,61949034581,2469000,1
61.9515,8,61949034581,2469000,1
61.9566,8,61954078587,2496006,0
61.9591,8,61956610593,2496006,0
61.9616,17,61959151599,2469000,1
61.9616,2,61959151599,2469000,1
61.9641,8,61961636599,2469000,1
61.9641,18,61961636599,2469000,1
61.9666,4,61964112599,2496006,0
61.9691,8,61966635605,2496006,0
61.9717,4,61969167611,2496006,0
61.9742,10,61971699617,2469000,1
61.9742,8,61971699617,2469000,1
61.9767,10,61974202617,2496006,0
61.9793,18,61976761623,2496006,0
61.9818,10,61979293629,2496006,0
61.9843,2,61981816635,2469000,1
61.9843,4,61981816635,2469000,1
61.9893,10,61986806641,2496006,0
61.9919,16,61989374647,2496006,0
61.9944,19,61991915653,2496006,0
61.9969,5,61994438659,2496006,0
61.9998,18,61997274665,2496006,0
62.0023,16,61999797671,2496006,0
62.0048,10,62002320677,2469000,1
62.0048,12,62002320677,2469000,1
62.0048,5,62002320677,2469000,1
62.0073,8,62004796677,2496006,0
62.0098,5,62007319683,2496006,0
62.0124,8,62009860689,2496006,0
62.0149,5,62012383695,2496006,0
62.0174,19,62014906701,2469000,1
62.0174,4,62014906701,2469000,1
62.0174,8,62014906701,2469000,1
62.0199,4,62017375701,2496006,0
62.0224,16,62019925707,2469000,1
62.0249,4,62022392707,2469000,1
62.0249,18,62022392707,2469000,1
62.0274,17,62024886707,2496006,0
62.0302,10,62027722713,2496006,0
62.0327,20,62030245719,2496006,0
62.0353,20,62032777725,2496006,0
62.0378,17,62035300731,2469000,1
62.0378,5,62035300731,2469000,1
62.0403,17,62037776731,2496006,0
62.0428,6,62040308737,2469000,1
62.0428,8,62040308737,2469000,1
62.0453,20,62042775737,2496006,0
62.0478,18,62045307743,2496006,0
62.0503,4,62047830749,2496006,0
62.0528,10,62050353755,2469000,1
62.0528,5,62050353755,2469000,1
62.0553,17,62052820755,2496006,0
62.0578,17,62055343761,2496006,0
62.0604,19,62057866767,2496006,0
62.0629,4,62060389773,2469000,1
62.0629,20,62060389773,2469000,1
62.0653,16,62062856773,2469000,1
62.0653,5,62062856773,2469000,1
62.0678,18,62065350773,2469000,1
62.0703,5,62067826773,2496006,0
62.0728,19,62070358779,2469000,1
62.0728,5,62070358779,2469000,1
62.0753,20,62072834779,2496006,0
62.0778,2,62075366785,2469000,1
62.0778,20,62075366785,2469000,1
62.0803,17,62077833785,2496006,0
62.0829,20,62080392791,2496006,0
62.0854,3,62082915797,2469000,1
62.0854,20,62082915797,2469000,1
62.0879,12,62085382797,2469000,1
62.0879,10,62085382797,2469000,1
62.0903,17,62087849797,2496006,0
62.0929,4,62090408803,2496006,0
62.0954,23,62092949809,2496006,0
62.098,19,62095472815,2496006,0
62.1005,20,62097995821,2496006,0
62.1033,5,62100831827,2469000,1
62.1033,23,62100831827,2469000,1
62.1058,20,62103307827,2496006,0
62.1083,18,62105839833,2496006,0
62.1109,17,62108362839,2496006,0
62.1134,5,62110885845,2469000,1
62.1134,20,62110885845,2469000,1
62.1158,18,62113352845,2496006,0
62.1184,4,62115893851,2496006,0
62.1234,19,62120948863,2496006,0
62.126,16,62123498869,2496006,0
62.1285,19,62126039875,2469000,1
62.1285,13,62126039875,2469000,1
62.1313,17,62128819881,2496006,0
62.1338,8,62131342887,2469000,1
62.1338,18,62131342887,2469000,1
62.1363,20,62133809887,2496006,0
62.1388,16,62136341893,2496006,0
62.1413,4,62138864899,2469000,1
62.1413,18,62138864899,2469000,1
62.1438,16,62141340899,2496006,0
62.1464,9,62143863905,2496006,0
62.1489,20,62146386911,2469000,1
62.1489,23,62146386911,2469000,1
62.1513,22,62148853911,2496006,0
62.1539,16,62151376917,2496006,0
62.1564,17,62153917923,2496006,0
62.1589,19,62156458929,2469000,1
62.1589,9,62156458929,2469000,1
62.1614,19,62158943929,2496006,0
62.1639,16,62161466935,2469000,1
62.1639,4,62161466935,2469000,1
62.1664,10,62163960935,2469000,1
62.1664,22,62163960935,2469000,1
62.1689,17,62166436935,2496006,0
62.1715,2,62168959941,2496006,0
62.174,17,62171491947,2496006,0
62.1765,22,62174032953,2496006,0
62.1791,19,62176564959,2496006,0
62.1816,10,62179087965,2469000,1
62.1816,19,62179087965,2469000,1
62.1841,2,62181554965,2496006,0
62.1865,9,62184077971,2469000,1
62.1865,19,62184077971,2469000,1
62.189,17,62186544971,2469000,1
62.189,20,62186544971,2469000,1
62.1915,22,62189011971,2469000,1
62.1915,10,62189011971,2469000,1
62.194,2,62191487971,2469000,1
62.194,23,62191487971,2469000,1
62.1964,8,62193954971,2469000,1
62.1964,16,62193954971,2469000,1
62.1964,19,62193954971,2469000,1
62.1964,17,62193954971,2469000,1
62.199,5,62196511971,2496006,0
62.2015,5,62199070977,2469000,1
62.2044,6,62201859983,2496006,0
62.2069,16,62204391989,2496006,0
62.2094,3,62206932995,2469000,1
62.2094,18,62206932995,2469000,1
62.2119,1,62209399995,2496006,0
62.2144,1,62211923001,2496006,0
62.2169,22,62214446007,2469000,1
62.2169,17,62214446007,2469000,1
62.2194,6,62216913007,2469000,1
62.2194,2,62216913007,2469000,1
62.2219,20,62219380007,2496006,0
62.2244,1,62221921013,2496006,0
62.2269,23,62224453019,2496006,0
62.2294,16,62226976025,2469000,1
62.2294,6,62226976025,2469000,1
62.232,20,62229461025,2496006,0
62.2348,5,62232297031,2496006,0
62.2373,4,62234829037,2496006,0
62.2398,1,62237379043,2469000,1
62.2423,16,62239846043,2496006,0
62.2448,23,62242369049,2469000,1
62.2473,20,62244845049,2496006,0
62.2499,5,62247377055,2496006,0
62.2549,15,62252423067,2469000,1
62.2549,23,62252423067,2469000,1
62.2574,9,62254899067,2496006,0
62.2599,12,62257422073,2469000,1
62.2599,9,62257422073,2469000,1
62.2624,4,62259889073,2496006,0
62.2649,2,62262421079,2469000,1
62.2649,16,62262421079,2469000,1
62.2674,20,62264906079,2469000,1
62.2674,23,62264906079,2469000,1
62.2698,4,62267373079,2469000,1
62.2698,5,62267373079,2469000,1
62.2698,19,62267373079,2469000,1
62.2698,9,62267373079,2469000,1
62.2724,5,62269867079,2496006,0
62.2749,1,62272408085,2496006,0
62.2774,22,62274931091,2496006,0
62.28,11,62277454097,2496006,0
62.2825,5,62279986103,2496006,0
62.285,20,62282527109,2496006,0
62.2875,5,62285050115,2496006,0
62.2901,1,62287573121,2496006,0
62.2926,22,62290096127,2496006,0
62.2951,8,62292619133,2496006,0
62.2976,5,62295142139,2469000,1
62.3001,20,62297609139,2469000,1
62.3001,11,62297609139,2469000,1
62.3026,1,62300085139,2469000,1
62.3026,20,62300085139,2469000,1
62.305,8,62302552139,2469000,1
62.305,16,62302552139,2469000,1
62.3078,22,62305332145,2496006,0
62.3104,1,62307855151,2496006,0
62.3129,9,62310387157,2469000,1
62.3129,11,62310387157,2469000,1
62.3154,4,62312854157,2496006,0
62.3179,20,62315386163,2496006,0
62.3204,6,62317909169,2496006,0
62.3229,2,62320459175,2469000,1
62.3229,5,62320459175,2469000,1
62.3254,6,62322926175,2469000,1
62.3254,22,62322926175,2469000,1
62.3254,5,62322928175,2469000,1
62.3279,4,62325413175,2469000,1
62.3279,1,62325413175,2469000,1
62.3304,22,62327880175,2496006,0
62.3329,8,62330430181,2469000,1
62.3329,4,62330430181,2469000,1
62.3357,9,62333210187,2496006,0
62.3382,20,62335733193,2496006,0
62.3408,6,62338265199,2496006,0
62.3433,1,62340797205,2469000,1
62.3433,6,62340797205,2469000,1
62.3458,6,62343266205,2496006,0
62.3508,22,62348321217,2496006,0
62.3533,6,62350844223,2496006,0
62.3559,9,62353376229,2496006,0
62.3584,22,62355908235,2469000,1
62.3584,16,62355908235,2469000,1
62.3608,17,62358375235,2469000,1
62.3608,20,62358375235,2469000,1
62.3633,6,62360851235,2496006,0
62.3658,22,62363374241,2469000,1
62.3658,6,62363374241,2469000,1
62.3683,19,62365850241,2496006,0
62.3709,1,62368391247,2469000,1
62.3709,9,62368391247,2469000,1
62.3734,19,62370876247,2496006,0
62.3759,19,62373417253,2496006,0
62.3784,8,62375940259,2496006,0
62.381,6,62378472265,2496006,0
62.3835,19,62381031271,2496006,0
62.3861,18,62383563277,2496006,0
62.3886,8,62386086283,2496006,0
62.3911,4,62388609289,2469000,1
62.3911,18,62388609289,2469000,1
62.3936,11,62391094289,2469000,1
62.3936,20,62391094289,2469000,1
62.3936,9,62391094289,2469000,1
62.3936,8,62391094289,2469000,1
62.3986,6,62396084295,2496006,0
62.4011,17,62398607301,2496006,0
62.4036,19,62401130307,2496006,0
62.4061,6,62403671313,2469000,1
62.4061,22,62403671313,2469000,1
62.4061,17,62403671313,2469000,1
62.409,23,62406469319,2496006,0
62.4115,2,62408992325,2496006,0
62.414,4,62411515331,2469000,1
62.414,8,62411515331,2469000,1
62.4165,20,62413982331,2469000,1
62.4165,2,62413982331,2469000,1
62.4189,18,62416476331,2469000,1
62.4189,19,62416476331,2469000,1
62.4215,23,62418970331,2496006,0
62.424,6,62421493337,2496006,0
62.4265,18,62424052343,2496006,0
62.4291,23,62426584349,2469000,1
62.4291,17,62426584349,2469000,1
62.4315,6,62429051349,2496006,0
62.4341,2,62431583355,2496006,0
62.4366,6,62434133361,2469000,1
62.4366,19,62434133361,2469000,1
62.4419,18,62439436373,2496006,0
62.4445,5,62441959379,2496006,0
62.447,22,62444500385,2496006,0
62.4495,5,62447032391,2469000,1
62.4495,18,62447032391,2469000,1
62.452,1,62449508391,2469000,1
62.452,22,62449508391,2469000,1
62.4545,2,62451975391,2496006,0
62.457,5,62454498397,2496006,0
62.4595,8,62457039403,2469000,1
62.4595,18,62457039403,2469000,1
62.462,23,62459524403,2496006,0
62.4646,9,62462056409,2496006,0
62.4671,17,62464579415,2496006,0
62.4696,6,62467102421,2496006,0
62.4721,5,62469625427,2496006,0
62.4746,23,62472148433,2469000,1
62.4746,9,62472148433,2469000,1
62.4771,2,62474633433,2496006,0
62.4797,17,62477156439,2496006,0
62.4822,22,62479697445,2469000,1
62.4822,17,62479697445,2469000,1
62.4846,2,62482164445,2469000,1
62.4846,6,62482164445,2469000,1
62.4846,16,62482164445,2469000,1
62.4897,5,62487172451,2496006,0
62.4922,5,62489713457,2496006,0
62.4947,5,62492236463,2496006,0
62.4973,5,62494759469,2496006,0
62.4998,2,62497282475,2496006,0
62.5023,17,62499832481,2496006,0
62.5049,6,62502355487,2496006,0
62.5074,2,62504878493,2496006,0
62.5099,5,62507419499,2496006,0
62.5127,2,62510264505,2469000,1
62.5127,23,62510264505,2469000,1
62.5152,17,62512731505,2469000,1
62.5152,9,62512731505,2469000,1
62.5177,6,62515198505,2496006,0
62.5202,19,62517739511,2496006,0
62.5227,2,62520262517,2469000,1
62.5227,9,62520262517,2469000,1
62.5253,5,62522774517,2496006,0
62.5278,6,62525297523,2496006,0
62.5303,20,62527820529,2469000,1
62.5303,18,62527820529,2469000,1
62.5303,5,62527820529,2469000,1
62.5328,5,62530289529,2496006,0
62.5353,5,62532821535,2469000,1
62.5378,21,62535297535,2469000,1
62.5378,1,62535297535,2469000,1
62.5406,19,62538077541,2496006,0
62.5431,4,62540600547,2496006,0
62.5456,1,62543123553,2496006,0
62.5481,9,62545646559,2496006,0
62.5506,6,62548169565,2469000,1
62.5506,4,62548169565,2469000,1
62.5531,19,62550636565,2469000,1
62.5531,22,62550636565,2469000,1
62.5531,1,62550636565,2469000,1
62.5556,17,62553103565,2469000,1
62.5556,18,62553103565,2469000,1
62.5581,5,62555570565,2496006,0
62.5606,3,62558093571,2469000,1
62.5606,8,62558093571,2469000,1
62.5606,22,62558093571,2469000,1
62.5631,1,62560578571,2496006,0
62.5656,23,62563128577,2496006,0
62.5681,11,62565651583,2469000,1
62.5681,9,62565651583,2469000,1
62.5706,6,62568136583,2496006,0
62.5732,1,62570659589,2496006,0
62.5757,8,62573191595,2496006,0
62.5782,5,62575714601,2496006,0
62.5807,4,62578246607,2496006,0
62.5832,10,62580769613,2469000,1
62.5832,2,62580769613,2469000,1
62.5858,17,62583254613,2496006,0
62.5883,23,62585777619,2496006,0
62.5908,17,62588300625,2496006,0
62.5933,5,62590823631,2469000,1
62.5933,8,62590823631,2469000,1
62.5958,17,62593290631,2469000,1
62.5983,1,62595757631,2496006,0
62.6007,19,62598280637,2469000,1
62.6007,6,62598280637,2469000,1
62.6032,4,62600756637,2469000,1
62.6032,5,62600756637,2469000,1
62.6057,9,62603250637,2469000,1
62.6057,5,62603250637,2469000,1
62.6082,8,62605717637,2496006,0
62.6107,7,62608249643,2496006,0
62.6133,23,62610772649,2496006,0
62.6161,6,62613635655,2496006,0
62.6187,1,62616158661,2496006,0
62.6212,8,62618681667,2496006,0
62.6237,17,62621213673,2469000,1
62.6237,4,62621213673,2469000,1
62.6237,23,62621213673,2469000,1
62.6237,6,62621213673,2469000,1
62.6262,7,62623680673,2496006,0
62.6287,4,62626212679,2496006,0
62.6312,1,62628735685,2496006,0
62.6338,8,62631276691,2496006,0
62.6363,19,62633808697,2496006,0
62.6388,1,62636331703,2469000,1
62.6388,2,62636331703,2469000,1
62.6413,7,62638816703,2496006,0
62.6441,4,62641652709,2496006,0
62.6467,8,62644220715,2469000,1
62.6467,15,62644220715,2469000,1
62.6467,9,62644220715,2469000,1
62.6492,19,62646705715,2469000,1
62.6517,2,62649181715,2469000,1
62.6541,19,62651648715,2469000,1
62.6566,23,62654117715,2496006,0
62.6591,1,62656640721,2469000,1
62.6616,6,62659107721,2469000,1
62.6616,7,62659107721,2469000,1
62.6616,4,62659107721,2469000,1
62.6616,9,62659107721,2469000,1
62.6641,23,62661576721,2496006,0
62.6666,23,62664126727,2496006,0
62.6692,7,62666667733,2496006,0
62.6717,16,62669226739,2496006,0
62.6743,23,62671767745,2496006,0
62.6768,7,62674290751,2469000,1
62.6768,23,62674290751,2469000,1
62.6792,8,62676775751,2469000,1
62.6792,7,62676775751,2469000,1
62.6817,4,62679269751,2469000,1
62.6817,23,62679269751,2469000,1
62.6842,16,62681736751,2496006,0
62.6868,18,62684304757,2496006,0
62.6893,17,62686836763,2496006,0
62.6919,12,62689386769,2496006,0
62.6944,16,62691918775,2469000,1
62.6969,12,62694385775,2496006,0
62.6994,14,62696935781,2496006,0
62.702,17,62699458787,2496006,0
62.7045,4,62701990793,2469000,1
62.7045,18,62701990793,2469000,1
62.7069,23,62704457793,2469000,1
62.7069,16,62704457793,2469000,1
62.7069,14,62704457793,2469000,1
62.7069,18,62704459793,2469000,1
62.7094,19,62706944793,2496006,0
62.712,1,62709467799,2496006,0
62.7145,6,62711999805,2496006,0
62.7173,12,62714844811,2496006,0
62.7199,1,62717376817,2496006,0
62.7224,7,62719899823,2469000,1
62.7224,17,62719899823,2469000,1
62.7249,5,62722384823,2469000,1
62.7249,1,62722384823,2469000,1
62.7273,19,62724851823,2469000,1
62.7273,14,62724851823,2469000,1
62.7273,17,62724851823,2469000,1
62.7298,6,62727336823,2469000,1
62.7298,7,62727336823,2469000,1
62.7323,12,62729812823,2469000,1
62.7323,16,62729812823,2469000,1
62.7348,18,62732324823,2496006,0
62.7373,19,62734847829,2496006,0
62.7399,6,62737406835,2496006,0
62.7424,8,62739929841,2496006,0
62.7453,6,62742774847,2496006,0
62.7478,18,62745306853,2469000,1
62.7478,14,62745306853,2469000,1
62.7502,10,62747773853,2469000,1
62.7502,1,62747773853,2469000,1
62.7527,19,62750240853,2496006,0
62.7553,12,62752763859,2496006,0
62.7578,4,62755286865,2469000,1
62.7578,18,62755286865,2469000,1
62.7603,6,62757762865,2496006,0
62.7628,1,62760303871,2469000,1
62.7678,19,62765295877,2496006,0
62.7703,8,62767818883,2496006,0
62.7729,1,62770359889,2496006,0
62.7754,12,62772909895,2469000,1
62.7754,1,62772909895,2469000,1
62.7779,6,62775385895,2496006,0
62.7804,17,62777908901,2496006,0
62.7829,19,62780431907,2496006,0
62.7855,17,62782972913,2496006,0
62.788,8,62785495919,2496006,0
62.7905,18,62788018925,2496006,0
62.793,17,62790541931,2496006,0
62.7956,17,62793064937,2496006,0
62.7981,6,62795587943,2469000,1
62.7981,11,62795587943,2469000,1
62.8031,19,62800622949,2469000,1
62.8031,6,62800622949,2469000,1
62.8056,9,62803098949,2469000,1
62.8056,12,62803098949,2469000,1
62.808,8,62805574949,2469000,1
62.808,18,62805574949,2469000,1
62.8106,17,62808059949,2496006,0
62.8131,14,62810582955,2496006,0
62.8156,1,62813105961,2496006,0
62.8184,23,62815956003,2469000,1
62.8184,14,62815956003,2469000,1
62.8209,14,62818425003,2496006,0
62.8235,13,62820975009,2496006,0
62.826,17,62823498015,2469000,1
62.826,18,62823498015,2469000,1
62.8284,1,62825965015,2469000,1
62.8284,13,62825965015,2469000,1
62.8309,13,62828434015,2496006,0
62.8335,14,62830957021,2496006,0
62.836,17,62833480027,2496006,0
62.8385,20,62836012033,2469000,1
62.8385,19,62836012033,2469000,1
62.8385,14,62836012033,2469000,1
62.841,5,62838488033,2496006,0
62.8435,13,62841020039,2469000,1
62.846,5,62843514039,2496006,0
62.8489,17,62846368045,2496006,0
62.8514,8,62848891051,2469000,1
62.8514,1,62848891051,2469000,1
62.8539,13,62851412051,2496006,0
62.8564,14,62853953057,2469000,1
62.8564,5,62853953057,2469000,1
62.8589,17,62856429057,2496006,0
62.8615,22,62858970063,2496006,0
62.864,21,62861502069,2469000,1
62.864,5,62861502069,2469000,1
62.8665,18,62863987069,2496006,0
62.869,22,62866519075,2469000,1
62.869,6,62866519075,2469000,1
62.8715,17,62868986075,2469000,1
62.8715,19,62868986075,2469000,1
62.8715,13,62868986075,2469000,1
62.8715,5,62868986075,2469000,1
62.8765,12,62874003081,2469000,1
62.8765,17,62874003081,2469000,1
62.879,21,62876506081,2496006,0
62.8815,21,62879029087,2496006,0
62.884,18,62881561093,2469000,1
62.884,13,62881561093,2469000,1
62.884,21,62881561093,2469000,1
62.8865,16,62884028093,2496006,0
62.889,4,62886551099,2496006,0
62.8916,21,62889101105,2496006,0
62.8941,19,62891624111,2496006,0
62.8966,4,62894147117,2469000,1
62.8966,9,62894147117,2469000,1
62.8966,1,62894147117,2469000,1
62.8991,21,62896623117,2496006,0
62.9016,22,62899146123,2469000,1
62.9016,19,62899146123,2469000,1
62.9041,13,62901622123,2496006,0
62.9066,21,62904145129,2496006,0
62.9117,16,62909191141,2496006,0
62.9142,8,62911714147,2496006,0
62.9167,1,62914246153,2496006,0
62.9193,4,62916778159,2496006,0
62.9221,8,62919614165,2496006,0
62.9246,18,62922137171,2496006,0
62.9272,1,62924678177,2496006,0
62.9297,18,62927210183,2496006,0
62.9322,14,62929733189,2469000,1
62.9322,13,62929733189,2469000,1
62.9347,21,62932200189,2496006,0
62.9372,16,62934723195,2469000,1
62.9372,14,62934723195,2469000,1
62.9397,4,62937190195,2496006,0
62.9422,7,62939713201,2496006,0
62.9447,8,62942245207,2469000,1
62.9447,4,62942245207,2469000,1
62.9472,19,62944712207,2469000,1
62.9472,18,62944712207,2469000,1
62.9497,22,62947179207,2496006,0
62.9525,18,62950033213,2496006,0
62.9551,1,62952556219,2496006,0
62.9576,5,62955088225,2469000,1
62.9576,1,62955088225,2469000,1
62.96,22,62957555225,2469000,1
62.96,21,62957555225,2469000,1
62.9625,16,62960040225,2496006,0
62.9651,7,62962563231,2496006,0
62.9676,8,62965086237,2496006,0
62.9701,7,62967618243,2496006,0
62.9726,12,62970150249,2469000,1
62.9726,18,62970150249,2469000,1
62.9726,7,62970150249,2469000,1
62.9751,6,62972626249,2469000,1
62.9751,17,62972626249,2469000,1
62.9776,16,62975102249,2469000,1
62.9776,21,62975102249,2469000,1
62.9776,12,62975102249,2469000,1
62.9801,13,62977587249,2496006,0
62.9826,4,62980110255,2496006,0
62.9851,8,62982651261,2496006,0
62.9877,1,62985192267,2496006,0
62.9902,23,62987715273,2469000,1
62.9902,8,62987715273,2469000,1
62.9927,13,62990182273,2496006,0
62.9952,7,62992714279,2496006,0
62.9977,18,62995237285,2496006,0
63.0003,13,62997760291,2496006,0
63.0028,13,63000283297,2496006,0
63.0053,22,63002815303,2469000,1
63.0053,4,63002815303,2469000,1
63.0053,18,63002815303,2469000,1
63.0103,16,63007832309,2496006,0
63.0128,13,63010355315,2469000,1
63.0128,1,63010355315,2469000,1
63.0153,7,63012822315,2496006,0
63.0178,13,63015345321,2496006,0
63.0203,19,63017868327,2469000,1
63.0203,16,63017868327,2469000,1
63.0228,4,63020335327,2496006,0
63.0257,8,63023171333,2496006,0
63.0282,4,63025703339,2496006,0
63.0307,13,63028226345,2496006,0
63.0332,7,63030749351,2496006,0
63.0358,7,63033281357,2496006,0
63.0383,13,63035831363,2469000,1
63.0383,1,63035831363,2469000,1
63.0408,18,63038298363,2496006,0
63.0433,16,63040848369,2469000,1
63.0433,8,63040848369,2469000,1
63.0433,18,63040848369,2469000,1
63.0458,4,63043324369,2496006,0
63.0484,7,63045865375,2496006,0
63.0509,13,63048406381,2496006,0
63.0537,7,63051251387,2469000,1
63.0537,21,63051251387,2469000,1
63.0562,7,63053745387,2469000,1
63.0587,4,63056212387,2496006,0
63.0612,1,63058744393,2496006,0
63.0638,4,63061276399,2496006,0
63.0663,5,63063799405,2469000,1
63.0663,17,63063799405,2469000,1
63.0663,8,63063799405,2469000,1
63.0663,18,63063799405,2469000,1
63.0663,13,63063799405,2469000,1
63.0687,1,63066266405,2469000,1
63.0687,4,63066266405,2469000,1
63.0713,22,63068832405,2469000,1
63.0713,7,63068832405,2469000,1
63.0738,13,63071308405,2496006,0
63.0763,1,63073831411,2496006,0
63.0789,13,63076381417,2469000,1
63.0789,18,63076381417,2469000,1
63.0814,1,63078866417,2496006,0
63.0839,5,63081389423,2496006,0
63.0864,11,63083930429,2496006,0
63.089,1,63086462435,2496006,0
63.0915,8,63088985441,2469000,1
63.0939,4,63091452441,2496006,0
63.0965,5,63094011447,2469000,1
63.0965,13,63094011447,2469000,1
63.099,1,63096496447,2496006,0
63.1015,16,63099037453,2469000,1
63.1015,11,63099037453,2469000,1
63.104,4,63101504453,2469000,1
63.104,11,63101506453,2469000,1
63.1065,5,63103991453,2496006,0
63.109,1,63106550459,2496006,0
63.1116,5,63109100465,2469000,1
63.1116,4,63109100465,2469000,1
63.1141,1,63111567465,2496006,0
63.1166,1,63114099471,2469000,1
63.1191,5,63116566471,2496006,0
63.1241,19,63121612483,2496006,0
63.127,11,63124475489,2496006,0
63.1295,19,63127016495,2496006,0
63.132,21,63129539501,2496006,0
63.1346,1,63132080507,2496006,0
63.1371,5,63134612513,2496006,0
63.1396,19,63137135519,2469000,1
63.1396,3,63137135519,2469000,1
63.1421,1,63139611519,2469000,1
63.1421,3,63139611519,2469000,1
63.1446,11,63142078519,2496006,0
63.1471,5,63144610525,2469000,1
63.1471,11,63144610525,2469000,1
63.1496,12,63147077525,2496006,0
63.1549,21,63152436537,2469000,1
63.1549,7,63152436537,2469000,1
63.1549,5,63152436537,2469000,1
63.1574,22,63154903537,2469000,1
63.1574,3,63154903537,2469000,1
63.1599,19,63157370537,2496006,0
63.1624,7,63159902543,2496006,0
63.1649,11,63162443549,2496006,0
63.1674,7,63164975555,2469000,1
63.1674,14,63164975555,2469000,1
63.1674,13,63164975555,2469000,1
63.1674,21,63164975555,2469000,1
63.1699,16,63167442555,2496006,0
63.1724,12,63169974561,2469000,1
63.1724,16,63169974561,2469000,1
63.1749,6,63172441561,2496006,0
63.1775,1,63174964567,2496006,0
63.18,19,63177487573,2496006,0
63.1825,7,63180010579,2496006,0
63.185,5,63182533585,2469000,1
63.185,1,63182533585,2469000,1
63.1875,12,63185000585,2496006,0
63.19,11,63187550591,2496006,0
63.1925,19,63190073597,2469000,1
63.1925,6,63190073597,2469000,1
63.1925,4,63190073597,2469000,1
63.195,11,63192540597,2469000,1
63.1975,16,63195007597,2496006,0
63.2,2,63197530603,2469000,1
63.2,7,63197530603,2469000,1
63.2025,16,63199997603,2496006,0
63.205,12,63202520609,2496006,0
63.2075,19,63205043615,2469000,1
63.2075,12,63205043615,2469000,1
63.21,16,63207510615,2496006,0
63.2125,7,63210042621,2496006,0
63.215,5,63212565627,2469000,1
63.215,6,63212565627,2469000,1
63.2175,14,63215032627,2496006,0
63.2201,1,63217555633,2496006,0
63.2226,14,63220096639,2496006,0
63.2251,16,63222646645,2469000,1
63.2251,6,63222646645,2469000,1
63.2276,17,63225113645,2469000,1
63.2276,19,63225113645,2469000,1
63.2276,7,63225113645,2469000,1
63.2304,14,63227893651,2496006,0
63.2329,1,63230434657,2496006,0
63.2355,16,63232966663,2496006,0
63.238,4,63235498669,2469000,1
63.238,7,63235498669,2469000,1
63.2404,8,63237965669,2469000,1
63.2404,11,63237965669,2469000,1
63.2429,12,63240432669,2496006,0
63.2454,13,63242955675,2469000,1
63.2454,21,63242955675,2469000,1
63.2479,16,63245440675,2469000,1
63.2504,14,63247907675,2469000,1
63.2504,15,63247907675,2469000,1
63.2504,3,63247907675,2469000,1
63.2529,18,63250374675,2496006,0
63.2554,18,63252897681,2496006,0
63.2582,1,63255733687,2469000,1
63.2582,11,63255733687,2469000,1
63.2607,16,63258200687,2496006,0
63.2632,12,63260723693,2496006,0
63.2657,15,63263255699,2469000,1
63.2657,16,63263255699,2469000,1
63.2682,18,63265749699,2496006,0
63.2708,14,63268290705,2496006,0
63.2733,14,63270849711,2496006,0
63.2759,12,63273381717,2496006,0
63.2784,12,63275904723,2496006,0
63.2809,16,63278427729,2496006,0
63.2834,7,63280950735,2496006,0
63.2859,18,63283473741,2469000,1
63.2859,17,63283473741,2469000,1
63.2884,18,63285942741,2496006,0
63.291,15,63288465747,2496006,0
63.2935,14,63290988753,2469000,1
63.2935,7,63290988753,2469000,1
63.296,1,63293464753,2496006,0
63.2985,18,63296005759,2496006,0
63.301,12,63298528765,2469000,1
63.301,9,63298528765,2469000,1
63.3035,19,63300995765,2496006,0
63.306,16,63303518771,2496006,0
63.3085,7,63306041777,2496006,0
63.311,15,63308564783,2469000,1
63.3135,19,63311031783,2496006,0
63.3161,16,63313554789,2496006,0
63.3186,1,63316086795,2469000,1
63.3186,18,63316086795,2469000,1
63.3186,19,63316086795,2469000,1
63.321,16,63318553795,2496006,0
63.3235,14,63321076801,2469000,1
63.326,15,63323543801,2496006,0
63.3314,7,63328911813,2496006,0
63.3339,11,63331434819,2469000,1
63.3339,12,63331434819,2469000,1
63.3364,14,63333919819,2496006,0
63.3389,18,63336442825,2496006,0
63.3415,14,63338983831,2496006,0
63.344,8,63341506837,2469000,1
63.344,16,63341506837,2469000,1
63.3464,22,63343973837,2469000,1
63.3464,19,63343973837,2469000,1
63.3489,15,63346440837,2496006,0
63.3515,7,63348972843,2496006,0
63.354,1,63351495849,2496006,0
63.3565,18,63354054855,2469000,1
63.3565,5,63354054855,2469000,1
63.359,18,63356523855,2496006,0
63.3619,7,63359359861,2496006,0
63.3644,14,63361882867,2496006,0
63.3669,18,63364405873,2469000,1
63.3669,7,63364405873,2469000,1
63.3694,12,63366881873,2496006,0
63.3719,15,63369413879,2496006,0
63.3744,1,63371936885,2496006,0
63.3769,16,63374468891,2469000,1
63.3769,19,63374468891,2469000,1
63.3794,15,63376944891,2469000,1
63.3794,14,63376944891,2469000,1
63.3819,1,63379411891,2496006,0
63.3844,12,63381934897,2469000,1
63.3844,3,63381934897,2469000,1
63.3844,1,63381934897,2469000,1
63.3869,1,63384403897,2496006,0
63.3894,7,63386926903,2496006,0
63.392,18,63389467909,2496006,0
63.3945,14,63391999915,2496006,0
63.3996,18,63397090927,2469000,1
63.3996,1,63397090927,2469000,1
63.402,14,63399557927,2469000,1
63.402,15,63399557927,2469000,1
63.4045,7,63402024927,2496006,0
63.407,6,63404556933,2469000,1
63.407,7,63404556933,2469000,1
63.4095,21,63407050933,2496006,0
63.4121,14,63409573939,2496006,0
63.4146,20,63412105945,2496006,0
63.4171,12,63414637951,2496006,0
63.4196,14,63417160957,2469000,1
63.4196,20,63417160957,2469000,1
63.4221,23,63419627957,2469000,1
63.4221,16,63419627957,2469000,1
63.4221,1,63419627957,2469000,1
63.4221,20,63419629957,2469000,1
63.4246,21,63422114957,2469000,1
63.4246,7,63422114957,2469000,1
63.4271,8,63424662957,2469000,1
63.4271,12,63424662957,2469000,1
63.4296,14,63427129957,2496006,0
63.4321,18,63429652963,2496006,0
63.435,21,63432524969,2496006,0
63.4376,14,63435065975,2496006,0
63.4401,7,63437615981,2469000,1
63.4401,18,63437615981,2469000,1
63.4451,15,63442605987,2469000,1
63.4451,7,63442605987,2469000,1
63.4475,14,63445072987,2469000,1
63.4475,1,63445072987,2469000,1
63.45,21,63447539987,2496006,0
63.4526,21,63450071993,2496006,0
63.4551,12,63452612999,2496006,0
63.4577,21,63455163005,2496006,0
63.4602,12,63457695011,2496006,0
63.463,19,63460531017,2496006,0
63.4656,19,63463108023,2469000,1
63.4656,12,63463108023,2469000,1
63.4681,20,63465575023,2496006,0
63.4706,21,63468107029,2496006,0
63.4731,20,63470657035,2469000,1
63.4731,18,63470657035,2469000,1
63.4756,14,63473124035,2496006,0
63.4781,4,63475656041,2469000,1
63.4781,12,63475656041,2469000,1
63.4832,21,63480655047,2496006,0
63.4857,19,63483187053,2496006,0
63.4882,19,63485746059,2496006,0
63.4907,21,63488269065,2469000,1
63.4907,14,63488269065,2469000,1
63.4932,1,63490745065,2496006,0
63.4958,21,63493277071,2496006,0
63.4983,20,63495809077,2496006,0
63.5008,1,63498377083,2469000,1
63.5008,11,63498377083,2469000,1
63.5008,19,63498377083,2469000,1
63.5033,13,63500844083,2496006,0
63.5059,21,63503403089,2496006,0
63.5084,20,63505926095,2469000,1
63.5084,21,63505926095,2469000,1
63.5109,16,63508393095,2496006,0
63.5134,15,63510916101,2469000,1
63.5134,21,63510916101,2469000,1
63.5159,14,63513392101,2496006,0
63.5184,14,63515924107,2496006,0
63.5209,13,63518447113,2496006,0
63.5235,16,63521006119,2496006,0
63.526,13,63523538125,2496006,0
63.5286,14,63526106131,2496006,0
63.5311,1,63528629137,2496006,0
63.5336,3,63531161143,2469000,1
63.5336,19,63531161143,2469000,1
63.5336,1,63531161143,2469000,1
63.5364,14,63533941149,2496006,0
63.539,18,63536464155,2496006,0
63.5415,12,63538987161,2496006,0
63.544,20,63541510167,2469000,1
63.544,12,63541510167,2469000,1
63.5464,13,63543977167,2469000,1
63.5464,16,63543977167,2469000,1
63.5464,1,63543977167,2469000,1
63.5515,18,63548976173,2496006,0
63.554,18,63551508179,2496006,0
63.5566,14,63554058185,2496006,0
63.5591,14,63556590191,2496006,0
63.5616,15,63559113197,2469000,1
63.5616,14,63559113197,2469000,1
63.5641,13,63561625197,2469000,1
63.5666,16,63564092197,2496006,0
63.5691,18,63566615203,2496006,0
63.5716,21,63569138209,2496006,0
63.5742,14,63571661215,2496006,0
63.5767,21,63574184221,2496006,0
63.5792,16,63576716227,2496006,0
63.5817,21,63579266233,2469000,1
63.5842,14,63581733233,2469000,1
63.5842,21,63581735233,2469000,1
63.5867,12,63584202233,2496006,0
63.5893,18,63586761239,2496006,0
63.5918,16,63589293245,2496006,0
63.5943,14,63591816251,2496006,0
63.5969,20,63594366257,2496006,0
63.5994,21,63596907263,2496006,0
63.6019,12,63599430269,2469000,1
63.6019,19,63599430269,2469000,1
63.6044,20,63601906269,2469000,1
63.6044,18,63601906269,2469000,1
63.6044,13,63601906269,2469000,1
63.6069,14,63604382269,2496006,0
63.6094,1,63606905275,2496006,0
63.6119,16,63609437281,2496006,0
63.6145,18,63611960287,2496006,0
63.6195,14,63617024299,2496006,0
63.622,1,63619547305,2469000,1
63.622,21,63619547305,2469000,1
63.6245,16,63622050305,2469000,1
63.6245,20,63622050305,2469000,1
63.627,18,63624517305,2469000,1
63.627,12,63624517305,2469000,1
63.6295,14,63627011305,2496006,0
63.632,4,63629534311,2496006,0
63.6346,22,63632075317,2496006,0
63.6371,4,63634607323,2496006,0
63.64,16,63637470329,2496006,0
63.6425,14,63639993335,2496006,0
63.645,4,63642534341,2469000,1
63.6475,22,63645001341,2469000,1
63.6475,11,63645001341,2469000,1
63.6475,1,63645001341,2469000,1
63.65,16,63647477341,2496006,0
63.6525,14,63650000347,2469000,1
63.6525,21,63650000347,2469000,1
63.655,18,63652494347,2469000,1
63.655,22,63652494347,2469000,1
63.6575,1,63654979347,2496006,0
63.66,1,63657511353,2496006,0
63.6625,16,63660034359,2496006,0
63.6651,1,63662557365,2496006,0
63.6679,22,63665393371,2496006,0
63.6704,16,63667925377,2496006,0
63.6729,22,63670448383,2496006,0
63.6754,1,63672980389,2469000,1
63.6754,21,63672980389,2469000,1
63.678,12,63675456389,2496006,0
63.683,14,63680502401,2469000,1
63.683,12,63680502401,2469000,1
63.6855,4,63682996401,2496006,0
63.688,14,63685519407,2496006,0
63.6905,16,63688051413,2469000,1
63.6905,22,63688051413,2469000,1
63.6931,16,63690572413,2496006,0
63.6956,6,63693095419,2496006,0
63.6981,4,63695618425,2496006,0
63.7006,4,63698141431,2496006,0
63.7032,1,63700664437,2496006,0
63.7057,20,63703187443,2469000,1
63.7057,14,63703187443,2469000,1
63.7081,12,63705654443,2469000,1
63.7081,4,63705654443,2469000,1
63.7107,9,63708157443,2496006,0
63.7132,16,63710689449,2469000,1
63.7156,6,63713156449,2469000,1
63.7156,4,63713156449,2469000,1
63.7181,1,63715641449,2496006,0
63.7207,18,63718164455,2496006,0
63.7232,20,63720705461,2496006,0
63.7257,18,63723228467,2496006,0
63.7282,7,63725760473,2469000,1
63.7282,22,63725760473,2469000,1
63.7307,6,63728227473,2469000,1
63.7307,20,63728227473,2469000,1
63.7332,9,63730703473,2496006,0
63.7357,1,63733226479,2496006,0
63.7383,1,63735767485,2496006,0
63.7411,12,63738612491,2496006,0
63.7436,13,63741135497,2496006,0
63.7461,9,63743658503,2469000,1
63.7461,14,63743658503,2469000,1
63.7461,18,63743658503,2469000,1
63.7486,12,63746134503,2496006,0
63.7511,13,63748666509,2469000,1
63.7511,16,63748666509,2469000,1
63.7511,20,63748666509,2469000,1
63.7561,19,63753656515,2469000,1
63.7561,13,63753656515,2469000,1
63.7586,1,63756123515,2496006,0
63.7612,1,63758664521,2496006,0
63.7637,23,63761223527,2469000,1
63.7637,12,63761223527,2469000,1
63.7662,1,63763708527,2496006,0
63.7687,18,63766240533,2496006,0
63.7716,21,63769085539,2469000,1
63.7716,1,63769085539,2469000,1
63.7741,9,63771570539,2496006,0
63.7766,14,63774120545,2496006,0
63.7792,14,63776670551,2496006,0
63.7817,18,63779202557,2496006,0
63.7867,6,63784248569,2496006,0
63.7893,9,63786771575,2496006,0
63.7918,4,63789294581,2496006,0
63.7943,14,63791817587,2496006,0
63.7968,1,63794340593,2496006,0
63.7994,1,63796908599,2469000,1
63.7994,9,63796908599,2469000,1
63.7994,12,63796908599,2469000,1
63.8019,22,63799384599,2469000,1
63.8019,20,63799384599,2469000,1
63.8043,1,63801851599,2496006,0
63.8068,18,63804374605,2469000,1
63.8068,6,63804374605,2469000,1
63.8093,4,63806868605,2469000,1
63.8093,14,63806868605,2469000,1
63.8093,22,63806868605,2469000,1
63.8118,1,63809335605,2496006,0
63.8143,15,63811876611,2469000,1
63.8143,16,63811876611,2469000,1
63.8168,9,63814343611,2496006,0
63.8219,4,63819416623,2496006,0
63.8244,13,63821948629,2496006,0
63.827,1,63824480635,2496006,0
63.8295,9,63827003641,2496006,0
63.832,13,63829526647,2496006,0
63.8345,5,63832049653,2496006,0
63.8371,9,63834581659,2496006,0
63.8396,6,63837113665,2496006,0
63.8425,20,63839956003,2496006,0
63.8449,13,63842479009,2469000,1
63.8449,4,63842479009,2469000,1
63.8449,18,63842479009,2469000,1
63.8449,9,63842479009,2469000,1
63.8475,6,63844964009,2496006,0
63.85,20,63847487015,2469000,1
63.85,1,63847487015,2469000,1
63.8524,7,63849963015,2469000,1
63.8524,14,63849963015,2469000,1
63.8549,6,63852430015,2496006,0
63.8574,5,63854953021,2496006,0
63.8625,13,63860026033,2496006,0
63.865,1,63862549039,2496006,0
63.8676,1,63865108045,2496006,0
63.8701,20,63867631051,2496006,0
63.8729,17,63870467057,2469000,1
63.8729,12,63870467057,2469000,1
63.8754,20,63872934057,2496006,0
63.8779,6,63875457063,2469000,1
63.8779,5,63875457063,2469000,1
63.8804,20,63877924063,2496006,0
63.8829,13,63880447069,2496006,0
63.8855,14,63882979075,2496006,0
63.888,6,63885502081,2496006,0
63.8905,16,63888025087,2469000,1
63.8905,9,63888025087,2469000,1
63.893,1,63890492087,2469000,1
63.893,14,63890492087,2469000,1
63.8955,4,63892968087,2496006,0
63.898,19,63895491093,2496006,0
63.9005,20,63898014099,2496006,0
63.903,13,63900546105,2496006,0
63.9056,6,63903114111,2469000,1
63.9081,5,63905599111,2496006,0
63.9106,4,63908122117,2496006,0
63.9131,20,63910645123,2496006,0
63.9157,19,63913177129,2496006,0
63.9182,13,63915709135,2496006,0
63.9207,13,63918241141,2496006,0
63.9233,10,63920764147,2496006,0
63.9258,4,63923296153,2469000,1
63.9258,10,63923296153,2469000,1
63.9282,3,63925763153,2469000,1
63.9282,14,63925763153,2469000,1
63.9282,13,63925763153,2469000,1
63.9307,9,63928230153,2469000,1
63.9307,1,63928230153,2469000,1
63.9332,20,63930697153,2469000,1
63.9332,5,63930697153,2469000,1
63.9357,19,63933173153,2496006,0
63.9382,18,63935696159,2496006,0
63.9407,1,63938237165,2496006,0
63.9433,12,63940778171,2496006,0
63.9461,14,63943623177,2469000,1
63.9461,13,63943623177,2469000,1
63.9486,1,63946090177,2496006,0
63.9511,13,63948622183,2496006,0
63.9536,6,63951145189,2469000,1
63.9536,10,63951145189,2469000,1
63.9561,19,63953612189,2496006,0
63.9586,12,63956135195,2469000,1
63.9611,13,63958611195,2469000,1
63.9611,4,63958611195,2469000,1
63.9611,20,63958611195,2469000,1
63.9611,5,63958611195,2469000,1
63.9611,18,63958611195,2469000,1
63.9636,12,63961087195,2496006,0
63.9661,10,63963628201,2496006,0
63.9686,1,63966169207,2469000,1
63.9686,18,63966169207,2469000,1
63.9711,19,63968645207,2469000,1
63.9711,1,63968645207,2469000,1
63.9736,10,63971139207,2469000,1
63.9736,12,63971139207,2469000,1
63.9736,6,63971139207,2469000,1
63.9765,5,63973982213,2496006,0
63.979,13,63976514219,2469000,1
63.979,19,63976514219,2469000,1
63.9815,12,63978990219,2496006,0
63.984,19,63981522225,2496006,0
63.9866,5,63984063231,2496006,0
63.9891,14,63986595237,2469000,1
63.9891,10,63986595237,2469000,1
63.9916,5,63989062237,2496006,0
63.9941,19,63991585243,2469000,1
63.9941,12,63991585243,2469000,1
63.9991,4,63996629249,2496006,0
64.0017,5,63999179255,2496006,0
64.0042,20,64001702261,2496006,0
64.0067,20,64004225267,2496006,0
64.0093,3,64006757273,2496006,0
64.0118,9,64009280279,2496006,0
64.0143,4,64011803285,2496006,0
64.0168,18,64014326291,2496006,0
64.0194,9,64016858297,2496006,0
64.0219,3,64019408303,2496006,0
64.0244,19,64021931309,2469000,1
64.0244,5,64021931309,2469000,1
64.0244,3,64021931309,2469000,1
64.0269,20,64024398309,2469000,1
64.0269,12,64024398309,2469000,1
64.0294,8,64026865309,2496006,0
64.0319,4,64029388315,2496006,0
64.0344,9,64031911321,2496006,0
64.0369,3,64034434327,2496006,0
64.0394,18,64036957333,2469000,1
64.0419,9,64039460333,2469000,1
64.0419,5,64039460333,2469000,1
64.0444,4,64041927333,2469000,1
64.0444,1,64041927333,2469000,1
64.0469,20,64044394333,2496006,0
64.0497,8,64047239339,2496006,0
64.0523,3,64049780345,2496006,0
64.0548,13,64052312351,2496006,0
64.0574,20,64054862357,2496006,0
64.0599,8,64057403363,2469000,1
64.0599,18,64057403363,2469000,1
64.0624,13,64059870363,2496006,0
64.0649,20,64062411369,2469000,1
64.0649,4,64062411369,2469000,1
64.0674,3,64064887369,2496006,0
64.0699,13,64067419375,2469000,1
64.0699,10,64067419375,2469000,1
64.0724,9,64069895375,2496006,0
64.0749,12,64072427381,2469000,1
64.0777,3,64075225387,2496006,0
64.0803,9,64077757393,2496006,0
64.0828,3,64080289399,2496006,0
64.0853,3,64082812405,2496006,0
64.0878,8,64085335411,2496006,0
64.0904,17,64087858417,2496006,0
64.0929,5,64090390423,2469000,1
64.0929,3,64090390423,2469000,1
64.0954,9,64092875423,2496006,0
64.0979,3,64095398429,2496006,0
64.1004,20,64097921435,2496006,0
64.1029,22,64100453441,2469000,1
64.1029,19,64100453441,2469000,1
64.1029,13,64100453441,2469000,1
64.1054,9,64102920441,2469000,1
64.1054,4,64102920441,2469000,1
64.1079,21,64105387441,2469000,1
64.1079,17,64105387441,2469000,1
64.1104,8,64107854441,2496006,0
64.1129,18,64110377447,2496006,0
64.1154,17,64112918453,2496006,0
64.1179,6,64115441459,2496006,0
64.123,18,64120496471,2496006,0
64.1255,8,64123019477,2469000,1
64.1255,20,64123019477,2469000,1
64.128,3,64125486477,2469000,1
64.128,20,64125488477,2469000,1
64.1305,18,64127955477,2496006,0
64.133,6,64130523483,2469000,1
64.133,1,64130523483,2469000,1
64.1355,13,64132990483,2496006,0
64.138,17,64135513489,2496006,0
64.1405,18,64138036495,2496006,0
64.1431,9,64140577501,2496006,0
64.1456,1,64143127507,2496006,0
64.1481,6,64145650513,2496006,0
64.151,13,64148504519,2496006,0
64.1535,1,64151027525,2496006,0
64.156,17,64153550531,2496006,0
64.1586,3,64156073537,2496006,0
64.1611,18,64158605543,2496006,0
64.1636,9,64161128549,2496006,0
64.1661,16,64163651555,2496006,0
64.1687,8,64166174561,2496006,0
64.1712,1,64168697567,2469000,1
64.1736,3,64171164567,2469000,1
64.1736,5,64171164567,2469000,1
64.1736,9,64171164567,2469000,1
64.1761,6,64173640567,2496006,0
64.1789,4,64176476573,2469000,1
64.1789,13,64176476573,2469000,1
64.1789,1,64176476573,2469000,1
64.1814,17,64178952573,2496006,0
64.1839,19,64181475579,2469000,1
64.1839,13,64181475579,2469000,1
64.1864,8,64183942579,2496006,0
64.189,17,64186483585,2496006,0
64.1915,18,64189006591,2469000,1
64.1915,8,64189006591,2469000,1
64.1939,16,64191473591,2469000,1
64.1939,3,64191473591,2469000,1
64.1964,9,64193949591,2469000,1
64.1964,6,64193949591,2469000,1
64.1989,18,64196425591,2496006,0
64.2015,17,64199020597,2496006,0
64.204,6,64201543603,2496006,0
64.2065,13,64204066609,2469000,1
64.2065,17,64204066609,2469000,1
64.209,6,64206542609,2496006,0
64.2116,8,64209065615,2496006,0
64.2141,20,64211588621,2496006,0
64.2166,18,64214111627,2496006,0
64.2191,18,64216652633,2496006,0
64.2216,8,64219175639,2469000,1
64.2241,14,64221642639,2469000,1
64.2241,16,64221642639,2469000,1
64.2266,12,64224109639,2469000,1
64.2266,8,64224109639,2469000,1
64.229,6,64226576639,2469000,1
64.229,3,64226576639,2469000,1
64.2315,17,64229043639,2496006,0
64.2341,17,64231584645,2496006,0
64.2366,20,64234116651,2496006,0
64.2391,22,64236639657,2496006,0
64.2417,18,64239171663,2496006,0
64.2442,17,64241730669,2496006,0
64.2468,10,64244262675,2496006,0
64.2493,20,64246785681,2496006,0
64.2521,13,64249621687,2469000,1
64.2521,17,64249621687,2469000,1
64.2546,6,64252097687,2496006,0
64.2571,20,64254620693,2496006,0
64.2596,22,64257143699,2469000,1
64.2596,6,64257143699,2469000,1
64.2621,18,64259610699,2469000,1
64.2621,20,64259610699,2469000,1
64.2645,10,64262077699,2469000,1
64.2645,1,64262077699,2469000,1
64.267,21,64264553699,2469000,1
64.267,20,64264553699,2469000,1
64.2695,2,64267038699,2496006,0
64.2721,9,64269588705,2469000,1
64.2721,6,64269588705,2469000,1
64.2745,18,64272055705,2469000,1
64.277,17,64274531705,2469000,1
64.2823,2,64279845711,2496006,0
64.2849,6,64282368717,2496006,0
64.2874,16,64284891723,2496006,0
64.2899,22,64287414729,2469000,1
64.2899,16,64287414729,2469000,1
64.2924,2,64289881729,2496006,0
64.2949,8,64292404735,2469000,1
64.2949,10,64292404735,2469000,1
64.2949,16,64292404735,2469000,1
64.2974,2,64294907735,2496006,0
64.3,16,64297466741,2496006,0
64.3025,6,64299998747,2496006,0
64.305,16,64302530753,2496006,0
64.3075,2,64305053759,2469000,1
64.3075,16,64305053759,2469000,1
64.31,8,64307538759,2496006,0
64.3126,10,64310061765,2496006,0
64.3151,20,64312593771,2469000,1
64.3151,8,64312593771,2469000,1
64.3176,16,64315060771,2496006,0
64.3201,6,64317601777,2496006,0
64.3226,2,64320133783,2496006,0
64.3252,18,64322665789,2496006,0
64.3277,10,64325188795,2496006,0
64.3302,1,64327711801,2496006,0
64.3327,8,64330234807,2469000,1
64.3352,16,64332701807,2469000,1
64.3352,17,64332701807,2469000,1
64.3352,8,64332703807,2469000,1
64.3377,6,64335170807,2496006,0
64.3402,2,64337702813,2496006,0
64.3427,3,64340234819,2496006,0
64.3453,6,64342766825,2496006,0
64.3478,18,64345298831,2496006,0
64.3503,10,64347821837,2496006,0
64.3528,2,64350344843,2496006,0
64.3557,16,64353189849,2496006,0
64.3582,3,64355712855,2469000,1
64.3582,1,64355712855,2469000,1
64.3607,22,64358179855,2496006,0
64.3632,6,64360720861,2496006,0
64.3657,18,64363252867,2496006,0
64.3683,10,64365775873,2496006,0
64.3708,16,64368325879,2496006,0
64.3733,9,64370848885,2469000,1
64.3733,2,64370848885,2469000,1
64.3758,10,64373315885,2496006,0
64.3783,10,64375838891,2496006,0
64.3808,22,64378361897,2469000,1
64.3808,3,64378361897,2469000,1
64.3837,18,64381165003,2496006,0
64.3862,6,64383697009,2496006,0
64.3887,19,64386220015,2496006,0
64.3912,1,64388752021,2496006,0
64.3937,11,64391275027,2469000,1
64.3937,16,64391275027,2469000,1
64.3937,10,64391275027,2469000,1
64.3962,6,64393751027,2469000,1
64.3962,18,64393751027,2469000,1
64.3987,3,64396227027,2469000,1
64.3987,16,64396227027,2469000,1
64.4012,1,64398703027,2496006,0
64.4037,1,64401262033,2469000,1
64.4037,2,64401262033,2469000,1
64.4037,6,64401262033,2469000,1
64.4062,19,64403729033,2496006,0
64.4087,19,64406252039,2496006,0
64.4113,16,64408793045,2496006,0
64.4138,5,64411334051,2496006,0
64.4163,13,64413866057,2469000,1
64.4163,22,64413866057,2469000,1
64.4188,18,64416351057,2496006,0
64.4214,16,64418901063,2469000,1
64.4214,22,64418901063,2469000,1
64.4214,18,64418901063,2469000,1
64.4238,2,64421368063,2469000,1
64.4238,19,64421368063,2469000,1
64.4263,10,64423844063,2469000,1
64.4263,5,64423844063,2469000,1
64.4288,3,64426311063,2496006,0
64.4313,1,64428852069,2496006,0
64.4339,5,64431402075,2496006,0
64.4364,3,64433934081,2496006,0
64.439,3,64436457087,2496006,0
64.4415,1,64438989093,2496006,0
64.444,6,64441512099,2469000,1
64.4465,3,64443979099,2496006,0
64.449,5,64446511105,2469000,1
64.449,8,64446511105,2469000,1
64.449,19,64446511105,2469000,1
64.4515,3,64448987105,2496006,0
64.454,16,64451528111,2496006,0
64.4568,3,64454373117,2469000,1
64.4593,1,64456840117,2496006,0
64.4619,4,64459372123,2496006,0
64.4644,18,64461895129,2496006,0
64.4669,2,64464418135,2469000,1
64.4694,4,64466885135,2496006,0
64.4719,18,64469408141,2496006,0
64.4744,23,64471931147,2469000,1
64.4744,10,64471931147,2469000,1
64.4769,1,64474407147,2496006,0
64.4794,18,64476939153,2469000,1
64.4819,12,64479406153,2469000,1
64.4819,16,64479406153,2469000,1
64.4844,20,64481873153,2496006,0
64.4872,23,64484718159,2496006,0
64.4897,4,64487241165,2469000,1
64.4897,5,64487241165,2469000,1
64.4922,20,64489726165,2496006,0
64.4947,22,64492267171,2469000,1
64.4947,4,64492267171,2469000,1
64.4972,3,64494734171,2496006,0
64.4997,1,64497257177,2469000,1
64.4997,23,64497257177,2469000,1
64.5022,18,64499733177,2496006,0
64.5047,20,64502256183,2469000,1
64.5047,19,64502256183,2469000,1
64.5047,3,64502256183,2469000,1
64.5072,18,64504723183,2496006,0
64.5097,17,64507273189,2469000,1
64.5097,20,64507273189,2469000,1
64.5122,16,64509740189,2496006,0
64.5148,18,64512263195,2496006,0
64.5173,16,64514822201,2496006,0
64.5199,1,64517363207,2496006,0
64.5224,16,64519922213,2469000,1
64.5224,18,64519922213,2469000,1
64.5274,4,64524930219,2496006,0
64.5299,4,64527453225,2496006,0
64.5325,3,64529976231,2496006,0
64.535,23,64532499237,2496006,0
64.5375,4,64535022243,2496006,0
64.54,1,64537545249,2496006,0
64.5426,3,64540077255,2496006,0
64.5451,23,64542609261,2496006,0
64.5476,16,64545150267,2496006,0
64.5502,17,64547673273,2496006,0
64.5527,5,64550196279,2469000,1
64.5527,16,64550196279,2469000,1
64.5552,16,64552665279,2496006,0
64.5577,16,64555188285,2496006,0
64.5605,6,64558024291,2496006,0
64.5631,4,64560556297,2496006,0
64.5656,1,64563079303,2496006,0
64.5681,3,64565602309,2496006,0
64.5706,17,64568125315,2469000,1
64.5706,4,64568125315,2469000,1
64.5706,3,64568125315,2469000,1
64.5731,7,64570601315,2496006,0
64.5756,23,64573124321,2496006,0
64.5781,18,64575647327,2496006,0
64.5806,3,64578170333,2469000,1
64.5806,7,64578170333,2469000,1
64.5806,23,64578170333,2469000,1
64.5831,6,64580646333,2469000,1
64.5831,8,64580646333,2469000,1
64.5885,16,64585958339,2496006,0
64.591,1,64588481345,2496006,0
64.5935,6,64591013351,2496006,0
64.596,17,64593545357,2496006,0
64.5986,20,64596086363,2469000,1
64.5986,18,64596086363,2469000,1
64.601,22,64598562363,2469000,1
64.601,23,64598562363,2469000,1
64.6035,17,64601029363,2496006,0
64.606,6,64603552369,2496006,0
64.6086,7,64606075375,2496006,0
64.6111,4,64608598381,2469000,1
64.6111,23,64608598381,2469000,1
64.6136,16,64611065381,2496006,0
64.6161,1,64613588387,2496006,0
64.6186,6,64616111393,2496006,0
64.6211,6,64618634399,2496006,0
64.6237,17,64621157405,2496006,0
64.6262,18,64623680411,2496006,0
64.6287,1,64626203417,2469000,1
64.6287,16,64626203417,2469000,1
64.6312,18,64628670417,2496006,0
64.6337,17,64631202423,2469000,1
64.6337,6,64631202423,2469000,1
64.6362,7,64633687423,2496006,0
64.6387,6,64636210429,2469000,1
64.6387,7,64636210429,2469000,1
64.6412,3,64638677429,2496006,0
64.6437,3,64641218435,2496006,0
64.6462,18,64643741441,2496006,0
64.6488,1,64646264447,2496006,0
64.6513,17,64648805453,2469000,1
64.6513,1,64648805453,2469000,1
64.6538,18,64651272453,2496006,0
64.6563,3,64653822459,2469000,1
64.6588,16,64656289459,2496006,0
64.6613,1,64658821465,2469000,1
64.6638,10,64661315465,2496006,0
64.6663,10,64663874471,2469000,1
64.6663,18,64663874471,2469000,1
64.6688,1,64666341471,2496006,0
64.6713,9,64668873477,2469000,1
64.6713,7,64668873477,2469000,1
64.6738,18,64671340477,2496006,0
64.6764,16,64673863483,2496006,0
64.6789,16,64676413489,2496006,0
64.6815,5,64678954495,2496006,0
64.684,16,64681486501,2469000,1
64.684,3,64681486501,2469000,1
64.684,1,64681486501,2469000,1
64.6864,6,64683953501,2496006,0
64.689,18,64686476507,2496006,0
64.6918,19,64689321513,2469000,1
64.6918,4,64689321513,2469000,1
64.6943,18,64691806513,2496006,0
64.6968,5,64694338519,2496006,0
64.6994,5,64696870525,2496006,0
64.7019,7,64699393531,2496006,0
64.7044,10,64701943537,2496006,0
64.707,6,64704466543,2496006,0
64.7095,10,64706998549,2496006,0
64.712,16,64709521555,2496006,0
64.7145,6,64712053561,2496006,0
64.717,18,64714576567,2469000,1
64.717,10,64714576567,2469000,1
64.7195,7,64717043567,2469000,1
64.7195,5,64717043567,2469000,1
64.722,17,64719510567,2496006,0
64.7245,1,64722033573,2469000,1
64.7245,18,64722033573,2469000,1
64.727,5,64724509573,2496006,0
64.7296,6,64727059579,2496006,0
64.7321,16,64729582585,2496006,0
64.7346,17,64732123591,2496006,0
64.7371,16,64734664597,2469000,1
64.7371,7,64734664597,2469000,1
64.7397,17,64737158597,2496006,0
64.7422,5,64739681603,2496006,0
64.7447,6,64742222609,2496006,0
64.7472,23,64744745615,2496006,0
64.7498,3,64747286621,2469000,1
64.7498,10,64747286621,2469000,1
64.7523,6,64749780621,2496006,0
64.7548,17,64752303627,2496006,0
64.7573,23,64754826633,2496006,0
64.7598,17,64757349639,2496006,0
64.7624,5,64759881645,2496006,0
64.7652,20,64762735651,2496006,0
64.7678,1,64765258657,2496006,0
64.7703,16,64767790663,2469000,1
64.7727,7,64770257663,2469000,1
64.7752,20,64772726663,2496006,0
64.7777,4,64775249669,2469000,1
64.7777,6,64775249669,2469000,1
64.7802,5,64777716669,2469000,1
64.7802,20,64777716669,2469000,1
64.7827,17,64780183669,2496006,0
64.7877,23,64785229681,2496006,0
64.7903,1,64787761687,2496006,0
64.7928,17,64790311693,2496006,0
64.7956,17,64793147699,2496006,0
64.7982,6,64795670705,2496006,0
64.8007,4,64798193711,2496006,0
64.8032,23,64800716717,2469000,1
64.8032,6,64800716717,2469000,1
64.8057,2,64803183717,2496006,0
64.8082,1,64805715723,2496006,0
64.8107,17,64808238729,2469000,1
64.8107,2,64808238729,2469000,1
64.8132,18,64810705729,2496006,0
64.8158,15,64813255735,2496006,0
64.8183,15,64815778741,2496006,0
64.8208,20,64818301747,2496006,0
64.8233,6,64820824753,2469000,1
64.8233,1,64820824753,2469000,1
64.8258,17,64823291753,2496006,0
64.8283,18,64825814759,2469000,1
64.8283,4,64825814759,2469000,1
64.8308,5,64828281759,2496006,0
64.8333,15,64830804765,2469000,1
64.8333,5,64830804765,2469000,1
64.8358,10,64833298765,2496006,0
64.8383,7,64835821771,2496006,0
64.8408,17,64838344777,2496006,0
64.8433,23,64840867783,2469000,1
64.8433,18,64840867783,2469000,1
64.8458,2,64843334783,2469000,1
64.8458,20,64843334783,2469000,1
64.8458,7,64843334783,2469000,1
64.8483,15,64845810783,2496006,0
64.8533,17,64850865795,2469000,1
64.8533,5,64850865795,2469000,1
64.8558,1,64853332795,2496006,0
64.8584,10,64855855801,2496006,0
64.8609,1,64858378807,2496006,0
64.8634,15,64860910813,2496006,0
64.8659,4,64863442819,2496006,0
64.8688,10,64866278825,2496006,0
64.8713,1,64868810831,2469000,1
64.8713,10,64868810831,2469000,1
64.8738,4,64871304831,2469000,1
64.8738,15,64871304831,2469000,1
64.8763,10,64873771831,2496006,0
64.8788,16,64876294837,2469000,1
64.8788,20,64876294837,2469000,1
64.8788,15,64876294837,2469000,1
64.8812,7,64878761837,2469000,1
64.8812,10,64878761837,2469000,1
64.8838,2,64881282837,2496006,0
64.8863,6,64883814843,2496006,0
64.8889,17,64886364849,2496006,0
64.8914,6,64888914855,2496006,0
64.8939,10,64891437861,2496006,0
64.8967,1,64894273867,2469000,1
64.8967,10,64894273867,2469000,1
64.8992,2,64896749867,2496006,0
64.9017,13,64899272873,2469000,1
64.9017,5,64899272873,2469000,1
64.9042,6,64901739873,2469000,1
64.9042,4,64901739873,2469000,1
64.9067,17,64904206873,2496006,0
64.9092,2,64906738879,2496006,0
64.9117,23,64909270885,2469000,1
64.9143,2,64911764885,2496006,0
64.9168,17,64914287891,2469000,1
64.9168,18,64914287891,2469000,1
64.9168,10,64914287891,2469000,1
64.9193,6,64916754891,2496006,0
64.9218,14,64919322897,2496006,0
64.9243,20,64921845903,2496006,0
64.9269,3,64924386909,2469000,1
64.9269,4,64924386909,2469000,1
64.9293,6,64926853909,2496006,0
64.9319,2,64929385915,2496006,0
64.9344,14,64931908921,2496006,0
64.9369,18,64934431927,2496006,0
64.9394,23,64936963933,2469000,1
64.9394,18,64936963933,2469000,1
64.9419,6,64939430933,2469000,1
64.9419,7,64939430933,2469000,1
64.9444,20,64941906933,2496006,0
64.9469,14,64944465939,2469000,1
64.9469,6,64944465939,2469000,1
64.9494,20,64946932939,2469000,1
64.9494,2,64946932939,2469000,1
64.9494,18,64946932939,2469000,1
64.9519,15,64949399939,2469000,1
64.9519,17,64949399939,2469000,1
64.9544,4,64951866939,2496006,0
64.9569,6,64954407945,2496006,0
64.9594,1,64956948951,2496006,0
64.9645,15,64962012963,2496006,0
64.967,4,64964535969,2496006,0
64.9699,1,64967389975,2496006,0
64.9724,6,64969912981,2496006,0
64.9749,4,64972435987,2469000,1
64.9749,10,64972435987,2469000,1
64.9774,20,64974902987,2469000,1
64.9774,1,64974902987,2469000,1
64.9799,6,64977369987,2496006,0
64.9824,15,64979910993,2469000,1
64.9824,14,64979910993,2469000,1
64.9849,12,64982377993,2496006,0
64.9874,19,64984909999,2469000,1
64.9874,12,64984909999,2469000,1
64.9899,16,64987385999,2496006,0
64.9924,14,64989918005,2496006,0
64.9949,2,64992450011,2496006,0
64.9975,6,64994991017,2496006,0
65.0003,14,64997827023,2496006,0
65.0028,4,65000377029,2469000,1
65.0028,15,65000377029,2469000,1
65.0053,2,65002844029,2469000,1
65.0053,12,65002844029,2469000,1
65.0078,16,65005311029,2496006,0
65.0103,1,65007834035,2496006,0
65.0128,14,65010375041,2469000,1
65.0128,16,65010375041,2469000,1
65.0153,15,65012842041,2496006,0
65.0178,6,65015365047,2469000,1
65.0203,1,65017832047,2496006,0
65.0229,4,65020409053,2469000,1
65.0229,15,65020409053,2469000,1
65.0254,21,65022894053,2469000,1
65.0254,18,65022894053,2469000,1
65.0279,1,65025379053,2496006,0
65.0304,14,65027902059,2469000,1
65.0304,15,65027902059,2469000,1
65.0329,17,65030378059,2496006,0
65.0354,17,65032901065,2496006,0
65.0379,20,65035424071,2496006,0
65.0404,16,65037947077,2496006,0
65.043,17,65040470083,2496006,0
65.0455,20,65042993089,2496006,0
65.048,14,65045516095,2496006,0
65.0505,5,65048039101,2469000,1
65.0505,2,65048039101,2469000,1
65.053,20,65050506101,2496006,0
65.0555,17,65053029107,2469000,1
65.0555,20,65053029107,2469000,1
65.058,16,65055496107,2469000,1
65.058,1,65055496107,2469000,1
65.0604,7,65057963107,2469000,1
65.0604,6,65057963107,2469000,1
65.0604,15,65057963107,2469000,1
65.0629,10,65060430107,2496006,0
65.0655,12,65062971113,2496006,0
65.068,10,65065494119,2496006,0
65.0705,10,65068017125,2496006,0
65.0733,19,65070853131,2496006,0
65.0759,22,65073376137,2496006,0
65.0784,14,65075908143,2469000,1
65.0784,6,65075908143,2469000,1
65.0834,22,65080934149,2496006,0
65.086,22,65083457155,2496006,0
65.0885,10,65085989161,2496006,0
65.091,12,65088512167,2496006,0
65.0935,17,65091035173,2469000,1
65.0935,19,65091035173,2469000,1
65.096,16,65093520173,2469000,1
65.096,19,65093520173,2469000,1
65.0985,10,65095996173,2469000,1
65.0985,20,65095996173,2469000,1
65.0985,17,65095996173,2469000,1
65.1013,6,65098776179,2496006,0
65.1038,1,65101299185,2496006,0
65.1063,22,65103831191,2496006,0
65.1089,22,65106363197,2496006,0
65.1114,14,65108895203,2496006,0
65.1139,6,65111418209,2496006,0
65.1164,12,65113941215,2496006,0
65.1189,1,65116464221,2469000,1
65.1189,8,65116464221,2469000,1
65.1215,20,65118958221,2496006,0
65.124,12,65121481227,2496006,0
65.1265,6,65124004233,2469000,1
65.1265,20,65124004233,2469000,1
65.129,6,65126473233,2496006,0
65.1315,14,65128996239,2469000,1
65.1315,17,65128996239,2469000,1
65.1315,20,65128996239,2469000,1
65.1339,10,65131463239,2469000,1
65.1339,22,65131463239,2469000,1
65.1339,12,65131463239,2469000,1
65.1364,17,65133939239,2496006,0
65.139,20,65136462245,2496006,0
65.1415,1,65138985251,2496006,0
65.144,3,65141526257,2496006,0
65.1465,20,65144049263,2469000,1
65.1465,14,65144049263,2469000,1
65.1465,3,65144049263,2469000,1
65.149,6,65146525263,2496006,0
65.1541,6,65151571275,2496006,0
65.1566,2,65154103281,2469000,1
65.1566,3,65154103281,2469000,1
65.1591,17,65156570281,2496006,0
65.1616,1,65159102287,2496006,0
65.1641,22,65161643293,2496006,0
65.1667,12,65164202299,2496006,0
65.1692,17,65166725305,2496006,0
65.1718,6,65169257311,2496006,0
65.1746,19,65172093317,2496006,0
65.1771,1,65174625323,2496006,0
65.1796,12,65177148329,2496006,0
65.1821,10,65179671335,2469000,1
65.1821,19,65179671335,2469000,1
65.1821,12,65179671335,2469000,1
65.1846,22,65182138335,2496006,0
65.1872,6,65184661341,2496006,0
65.1897,17,65187193347,2496006,0
65.1922,1,65189716353,2469000,1
65.1922,4,65189716353,2469000,1
65.1922,16,65189716353,2469000,1
65.1922,20,65189716353,2469000,1
65.1947,22,65192192353,2496006,0
65.1972,6,65194742359,2496006,0
65.1998,20,65197274365,2496006,0
65.2023,12,65199806371,2496006,0
65.2051,22,65202642377,2496006,0
65.2076,15,65205174383,2469000,1
65.2076,17,65205174383,2469000,1
65.2076,12,65205174383,2469000,1
65.2101,22,65207641383,2496006,0
65.2127,21,65210173389,2496006,0
65.2152,6,65212696395,2496006,0
65.2177,20,65215246401,2469000,1
65.2177,14,65215246401,2469000,1
65.2202,22,65217713401,2469000,1
65.2202,19,65217713401,2469000,1
65.2202,12,65217713401,2469000,1
65.2227,18,65220189401,2496006,0
65.2252,6,65222712407,2469000,1
65.2252,21,65222712407,2469000,1
65.2277,18,65225188407,2496006,0
65.2302,1,65227720413,2469000,1
65.2302,17,65227720413,2469000,1
65.2302,18,65227720413,2469000,1
65.2327,5,65230223413,2496006,0
65.2353,17,65232755419,2496006,0
65.2378,6,65235287425,2496006,0
65.2403,20,65237810431,2496006,0
65.2428,3,65240333437,2496006,0
65.2454,17,65242874443,2496006,0
65.2479,3,65245406449,2469000,1
65.2479,18,65245406449,2469000,1
65.2504,20,65247873449,2496006,0
65.2529,1,65250396455,2496006,0
65.2554,21,65252919461,2469000,1
65.2554,18,65252919461,2469000,1
65.2579,5,65255386461,2496006,0
65.2604,20,65257909467,2496006,0
65.2629,17,65260432473,2496006,0
65.2655,22,65262955479,2496006,0
65.268,1,65265487485,2469000,1
65.268,10,65265487485,2469000,1
65.268,6,65265487485,2469000,1
65.268,22,65265487485,2469000,1
65.2705,5,65267963485,2496006,0
65.273,2,65270513491,2469000,1
65.273,22,65270513491,2469000,1
65.2755,20,65272989491,2469000,1
65.2755,4,65272989491,2469000,1
65.2782,23,65275778497,2469000,1
65.2782,17,65275778497,2469000,1
65.2808,1,65278272497,2496006,0
65.2833,5,65280804503,2469000,1
65.2858,21,65283298503,2496006,0
65.2883,21,65285830509,2496006,0
65.2908,15,65288353515,2469000,1
65.2908,3,65288353515,2469000,1
65.2908,1,65288353515,2469000,1
65.2933,12,65290820515,2469000,1
65.2933,5,65290820515,2469000,1
65.2933,21,65290820515,2469000,1
65.2958,17,65293287515,2496006,0
65.2983,6,65295819521,2496006,0
65.3008,19,65298342527,2496006,0
65.3034,6,65300892533,2496006,0
65.3062,17,65303746539,2496006,0
65.3088,19,65306287545,2469000,1
65.3088,20,65306287545,2469000,1
65.3113,21,65308754545,2496006,0
65.3137,19,65311277551,2469000,1
65.3137,21,65311277551,2469000,1
65.3163,17,65313762551,2496006,0
65.3188,6,65316294557,2496006,0
65.3213,1,65318817563,2496006,0
65.3238,6,65321340569,2496006,0
65.3264,14,65323899575,2469000,1
65.3264,5,65323899575,2469000,1
65.3288,3,65326375575,2469000,1
65.3288,19,65326375575,2469000,1
65.3313,1,65328842575,2469000,1
65.3313,11,65328842575,2469000,1
65.3338,18,65331309575,2496006,0
65.3363,17,65333832581,2496006,0
65.3388,6,65336355587,2469000,1
65.3388,20,65336355587,2469000,1
65.3413,18,65338840587,2469000,1
65.3438,21,65341307587,2469000,1
65.3438,1,65341307587,2469000,1
65.3488,22,65346333593,2469000,1
65.3488,20,65346333593,2469000,1
65.3513,11,65348800593,2496006,0
65.3538,17,65351323599,2496006,0
65.3564,16,65353855605,2496006,0
65.3589,5,65356378611,2496006,0
65.3614,14,65358901617,2496006,0
65.3639,17,65361424623,2496006,0
65.3664,5,65363965629,2469000,1
65.3664,17,65363965629,2469000,1
65.3689,14,65366432629,2496006,0
65.3715,14,65368964635,2496006,0
65.374,11,65371496641,2496006,0
65.3765,11,65374037647,2496006,0
65.3794,16,65376873653,2496006,0
65.3819,18,65379396659,2496006,0
65.3844,6,65381919665,2496006,0
65.3869,11,65384460671,2469000,1
65.3869,9,65384460671,2469000,1
65.3894,18,65386927671,2496006,0
65.3919,6,65389459677,2469000,1
65.3919,5,65389459677,2469000,1
65.3919,11,65389459677,2469000,1
65.3944,16,65391935677,2469000,1
65.3944,14,65391935677,2469000,1
65.3969,7,65394402677,2496006,0
65.3994,18,65396943683,2496006,0
65.402,7,65399484689,2469000,1
65.402,11,65399484689,2469000,1
65.4045,18,65401978689,2496006,0
65.407,21,65404501695,2469000,1
65.407,17,65404501695,2469000,1
65.4098,14,65407281701,2496006,0
65.4123,7,65409804707,2496006,0
65.4148,14,65412327713,2496006,0
65.4174,14,65414886719,2496006,0
65.4199,16,65417409725,2496006,0
65.4224,18,65419932731,2496006,0
65.425,3,65422455737,2496006,0
65.4275,7,65424978743,2496006,0
65.43,14,65427519749,2496006,0
65.4325,1,65430042755,2469000,1
65.4325,7,65430042755,2469000,1
65.435,5,65432509755,2496006,0
65.4375,6,65435032761,2496006,0
65.4401,3,65437564767,2496006,0
65.4426,12,65440096773,2469000,1
65.4426,16,65440096773,2469000,1
65.4451,6,65442581773,2469000,1
65.4451,18,65442581773,2469000,1
65.4476,3,65445066773,2496006,0
65.4501,5,65447589779,2469000,1
65.4501,14,65447589779,2469000,1
65.4526,7,65450092779,2496006,0
65.4551,3,65452642785,2469000,1
65.4551,5,65452642785,2469000,1
65.4576,2,65455109785,2496006,0
65.4601,6,65457632791,2496006,0
65.4626,22,65460155797,2469000,1
65.4626,16,65460155797,2469000,1
65.4651,14,65462631797,2469000,1
65.4651,16,65462631797,2469000,1
65.4676,2,65465107797,2496006,0
65.4701,3,65467630803,2496006,0
65.4726,7,65470153809,2496006,0
65.4752,3,65472703815,2469000,1
65.4752,18,65472703815,2469000,1
65.4777,6,65475188815,2496006,0
65.4802,7,65477711821,2469000,1
65.4802,2,65477711821,2469000,1
65.483,19,65480491827,2469000,1
65.483,2,65480491827,2469000,1
65.4855,22,65482967827,2496006,0
65.488,7,65485499833,2496006,0
65.4905,17,65488040839,2469000,1
65.4905,6,65488040839,2469000,1
65.493,14,65490525839,2496006,0
65.4955,7,65493048845,2496006,0
65.4981,15,65495589851,2469000,1
65.4981,3,65495589851,2469000,1
65.5006,22,65498065851,2496006,0
65.5031,14,65500588857,2496006,0
65.5056,6,65503111863,2469000,1
65.5056,14,65503111863,2469000,1
65.5081,4,65505596863,2496006,0
65.5109,10,65508432869,2496006,0
65.5134,22,65510955875,2469000,1
65.5134,7,65510955875,2469000,1
65.5159,4,65513449875,2469000,1
65.5159,2,65513449875,2469000,1
65.5184,3,65515925875,2469000,1
65.5209,16,65518392875,2469000,1
65.5209,14,65518392875,2469000,1
65.5259,10,65523400881,2496006,0
65.5284,10,65525923887,2496006,0
65.5309,5,65528464893,2469000,1
65.5309,3,65528464893,2469000,1
65.5334,21,65530940893,2469000,1
65.5334,7,65530940893,2469000,1
65.5359,4,65533407893,2496006,0
65.5384,14,65535939899,2496006,0
65.541,10,65538471905,2496006,0
65.5435,7,65541012911,2469000,1
65.5435,10,65541012911,2469000,1
65.546,11,65543479911,2496006,0
65.5485,22,65546002917,2469000,1
65.5485,10,65546002917,2469000,1
65.5509,14,65548469917,2469000,1
65.5509,20,65548469917,2469000,1
65.5534,18,65550945917,2496006,0
65.556,4,65553468923,2496006,0
65.5585,3,65555991929,2496006,0
65.561,1,65558514935,2496006,0
65.5635,4,65561037941,2469000,1
65.5635,1,65561037941,2469000,1
65.566,6,65563513941,2469000,1
65.566,11,65563513941,2469000,1
65.5685,3,65566034941,2469000,1
65.5685,18,65566034941,2469000,1
65.571,1,65568519941,2469000,1
65.571,11,65568519941,2469000,1
65.5735,18,65570986941,2496006,0
65.576,10,65573509947,2469000,1
65.5785,18,65575994947,2496006,0
65.581,18,65578535953,2496006,0
65.5839,4,65581380959,2496006,0
65.5864,14,65583912965,2496006,0
65.5889,14,65586444971,2496006,0
65.5915,3,65588967977,2496006,0
65.594,4,65591490983,2469000,1
65.594,7,65591490983,2469000,1
65.594,11,65591490983,2469000,1
65.5965,18,65593975983,2496006,0
65.599,22,65596516989,2496006,0
65.6015,14,65599057995,2469000,1
65.6015,3,65599057995,2469000,1
65.604,22,65601542995,2469000,1
65.604,1,65601542995,2469000,1
65.6065,12,65604027995,2469000,1
65.6065,21,65604027995,2469000,1
65.609,18,65606503995,2469000,1
65.609,14,65606503995,2469000,1
65.6115,18,65609024995,2496006,0
65.6143,4,65611861001,2469000,1
65.6143,18,65611861001,2469000,1
65.6168,2,65614346001,2496006,0
65.6194,18,65616878007,2496006,0
65.6219,22,65619401013,2496006,0
65.6244,18,65621924019,2496006,0
65.627,3,65624456025,2496006,0
65.6295,17,65626997031,2496006,0
65.632,2,65629529037,2496006,0
65.6346,2,65632061043,2496006,0
65.6371,3,65634593049,2496006,0
65.6396,17,65637116055,2469000,1
65.6396,3,65637116055,2469000,1
65.6421,2,65639592055,2496006,0
65.6446,6,65642115061,2469000,1
65.6446,22,65642115061,2469000,1
65.6446,18,65642115061,2469000,1
65.6497,4,65647168067,2496006,0
65.6522,19,65649718073,2496006,0
65.6547,4,65652250079,2469000,1
65.6547,14,65652250079,2469000,1
65.6547,2,65652250079,2469000,1
65.6572,2,65654719079,2496006,0
65.6598,1,65657260085,2496006,0
65.6623,11,65659792091,2469000,1
65.6623,18,65659792091,2469000,1
65.6623,1,65659792091,2469000,1
65.6647,2,65662277091,2469000,1
65.6647,22,65662277091,2469000,1
65.6672,3,65664744091,2496006,0
65.6698,10,65667267097,2496006,0
65.6723,19,65669790103,2496006,0
65.6748,10,65672313109,2496006,0
65.6773,17,65674836115,2469000,1
65.6773,11,65674836115,2469000,1
65.6798,3,65677330115,2496006,0
65.6823,5,65679853121,2469000,1
65.6823,17,65679853121,2469000,1
65.6848,22,65682320121,2469000,1
65.6876,10,65685127127,2496006,0
65.6901,2,65687650133,2496006,0
65.6927,19,65690173139,2496006,0
65.6952,3,65692705145,2496006,0
65.6977,4,65695237151,2496006,0
65.7003,4,65697760157,2496006,0
65.7028,1,65700283163,2496006,0
65.7053,22,65702806169,2496006,0
65.7078,4,65705329175,2496006,0
65.7103,1,65707852181,2496006,0
65.7128,2,65710375187,2469000,1
65.7128,10,65710375187,2469000,1
65.7156,19,65713155193,2469000,1
65.7156,2,65713155193,2469000,1
65.7181,6,65715640193,2496006,0
65.7206,4,65718163199,2469000,1
65.7206,3,65718163199,2469000,1
65.7231,18,65720639199,2496006,0
65.7257,6,65723162205,2496006,0
65.7282,7,65725685211,2496006,0
65.7307,6,65728208217,2496006,0
65.7332,22,65730731223,2496006,0
65.7358,7,65733254229,2496006,0
65.7383,19,65735777235,2496006,0
65.7408,10,65738300241,2469000,1
65.7408,7,65738300241,2469000,1
65.7433,1,65740767241,2496006,0
65.7458,19,65743299247,2469000,1
65.7458,1,65743299247,2469000,1
65.7483,18,65745775247,2496006,0
65.7508,22,65748307253,2496006,0
65.7533,7,65750830259,2496006,0
65.7558,3,65753362265,2469000,1
65.7558,6,65753362265,2469000,1
65.7584,22,65755874265,2496006,0
65.7609,9,65758397271,2496006,0
65.7634,18,65760920277,2496006,0
65.7659,19,65763443283,2496006,0
65.7685,19,65765975289,2496006,0
65.771,4,65768498295,2496006,0
65.7735,18,65771030301,2469000,1
65.7735,22,65771030301,2469000,1
65.7735,1,65771030301,2469000,1
65.7735,7,65771030301,2469000,1
65.776,4,65773515301,2496006,0
65.7785,6,65776038307,2496006,0
65.7811,1,65778561313,2496006,0
65.7836,1,65781084319,2496006,0
65.7861,9,65783607325,2496006,0
65.7889,19,65786452331,2469000,1
65.7889,2,65786452331,2469000,1
65.7914,4,65788919331,2496006,0
65.7939,9,65791451337,2469000,1
65.7939,18,65791451337,2469000,1
65.7939,19,65791451337,2469000,1
65.7964,14,65793936337,2496006,0
65.7989,1,65796459343,2469000,1
65.7989,22,65796459343,2469000,1
65.8014,6,65798935343,2469000,1
65.8039,4,65801429343,2496006,0
65.8064,9,65803961349,2469000,1
65.8064,6,65803961349,2469000,1
65.8089,17,65806428349,2469000,1
65.8089,7,65806428349,2469000,1
65.8114,3,65808904349,2496006,0
65.8139,4,65811427355,2496006,0
65.8164,12,65813950361,2469000,1
65.8164,10,65813950361,2469000,1
65.8164,22,65813950361,2469000,1
65.8192,14,65816739367,2469000,1
65.8217,3,65819224367,2496006,0
65.8242,3,65821747373,2496006,0
65.8267,1,65824279379,2469000,1
65.8267,3,65824279379,2469000,1
65.8293,14,65826755379,2496006,0
65.8318,7,65829287385,2496006,0
65.8343,19,65831810391,2469000,1
65.8343,4,65831810391,2469000,1
65.8368,16,65834277391,2496006,0
65.8393,14,65836809397,2469000,1
65.8393,22,65836809397,2469000,1
65.8393,7,65836809397,2469000,1
65.8418,5,65839276397,2496006,0
65.8443,3,65841799403,2496006,0
65.8468,3,65844322409,2496006,0
65.8493,16,65846845415,2469000,1
65.8493,4,65846845415,2469000,1
65.8519,14,65849366415,2496006,0
65.8544,5,65851889421,2496006,0
65.8569,7,65854430427,2496006,0
65.8595,3,65856971433,2496006,0
65.862,14,65859494439,2469000,1
65.862,18,65859494439,2469000,1
65.862,6,65859494439,2469000,1
65.862,3,65859494439,2469000,1
65.8644,5,65861970439,2469000,1
65.8644,9,65861970439,2469000,1
65.867,16,65864491439,2496006,0
65.8695,7,65867014445,2496006,0
65.872,16,65869537451,2496006,0
65.8745,2,65872060457,2469000,1
65.8745,16,65872060457,2469000,1
65.877,7,65874536457,2496006,0
65.8821,5,65879591469,2496006,0
65.8846,7,65882114475,2469000,1
65.8846,5,65882114475,2469000,1
65.8871,23,65884581475,2469000,1
65.8871,7,65884583475,2469000,1
65.8895,10,65887059475,2469000,1
65.8895,16,65887059475,2469000,1
65.8924,1,65889875481,2496006,0
65.8949,3,65892407487,2496006,0
65.8974,16,65894939493,2496006,0
65.8999,1,65897471499,2469000,1
65.8999,14,65897471499,2469000,1
65.8999,3,65897471499,2469000,1
65.9025,5,65900046499,2496006,0
65.9051,16,65902569505,2496006,0
65.9076,3,65905101511,2496006,0
65.9101,4,65907624517,2469000,1
65.9101,1,65907624517,2469000,1
65.9151,5,65912650523,2496006,0
65.9177,14,65915173529,2496006,0
65.9205,3,65918018535,2496006,0
65.923,5,65920550541,2469000,1
65.923,16,65920550541,2469000,1
65.9255,7,65923026541,2496006,0
65.9281,4,65925576547,2496006,0
65.9306,7,65928099553,2496006,0
65.9331,14,65930649559,2496006,0
65.9356,3,65933172565,2469000,1
65.9356,5,65933172565,2469000,1
65.9382,14,65935657565,2496006,0
65.9407,7,65938225571,2469000,1
65.9432,4,65940692571,2496006,0
65.9457,5,65943215577,2496006,0
65.9482,19,65945738583,2469000,1
65.9482,5,65945738583,2469000,1
65.9507,14,65948223583,2496006,0
65.9532,4,65950755589,2469000,1
65.9532,16,65950755589,2469000,1
65.9557,18,65953222589,2469000,1
65.9557,10,65953222589,2469000,1
65.9557,7,65953222589,2469000,1
65.9582,3,65955707589,2496006,0
65.9608,14,65958284595,2496006,0
65.9633,4,65960816601,2496006,0
65.9684,17,65965889613,2496006,0
65.9709,7,65968412619,2496006,0
65.9734,3,65970935625,2469000,1
65.9734,1,65970935625,2469000,1
65.9759,4,65973402625,2496006,0
65.9784,7,65975925631,2496006,0
65.9809,5,65978448637,2496006,0
65.9835,14,65980971643,2496006,0
65.986,17,65983530649,2496006,0
65.9886,14,65986098655,2469000,1
65.9886,4,65986098655,2469000,1
65.991,17,65988574655,2469000,1
65.991,6,65988574655,2469000,1
65.991,5,65988574655,2469000,1
65.9938,7,65991354661,2469000,1
65.9963,2,65993821661,2469000,1
65.9963,14,65993821661,2469000,1
65.9988,3,65996288661,2496006,0
66.0013,9,65998811667,2469000,1
66.0013,14,65998811667,2469000,1
66.0038,16,66001314667,2496006,0
66.0063,4,66003846673,2496006,0
66.0089,17,66006369679,2496006,0
66.0114,16,66008928685,2496006,0
66.0139,3,66011451691,2496006,0
66.0165,18,66013983697,2496006,0
66.019,7,66016506703,2496006,0
66.0215,5,66019038709,2496006,0
66.0243,16,66021874715,2469000,1
66.0243,4,66021874715,2469000,1
66.0268,17,66024341715,2469000,1
66.0293,5,66026808715,2496006,0
66.0318,4,66029340721,2496006,0
66.0343,7,66031863727,2469000,1
66.0343,18,66031863727,2469000,1
66.0368,17,66034339727,2496006,0
66.0394,3,66036871733,2496006,0
66.0419,14,66039412739,2496006,0
66.0444,4,66041953745,2496006,0
66.047,5,66044485751,2496006,0
66.0495,14,66047008757,2469000,1
66.0495,17,66047008757,2469000,1
66.052,3,66049502757,2496006,0
66.0545,16,66052043763,2496006,0
66.0596,3,66057107775,2496006,0
66.0621,8,66059630781,2496006,0
66.0646,4,66062153787,2469000,1
66.0646,5,66062153787,2469000,1
66.0671,7,66064620787,2496006,0
66.0696,3,66067143793,2469000,1
66.0696,7,66067143793,2469000,1
66.0721,16,66069619793,2469000,1
66.0721,1,66069619793,2469000,1
66.0746,14,66072086793,2496006,0
66.0771,18,66074609799,2496006,0
66.0796,8,66077177805,2469000,1
66.0796,4,66077177805,2469000,1
66.0822,14,66079662805,2496006,0
66.0847,7,66082185811,2469000,1
66.0847,14,66082185811,2469000,1
66.0871,17,66084652811,2469000,1
66.0871,16,66084652811,2469000,1
66.0896,18,66087119811,2469000,1
66.0896,8,66087119811,2469000,1
66.0921,14,66089604811,2496006,0
66.0975,5,66095008823,2496006,0
66.1,14,66097540829,2469000,1
66.1,3,66097540829,2469000,1
66.1025,18,66100007829,2496006,0
66.1051,5,66102602835,2469000,1
66.1051,14,66102602835,2469000,1
66.1076,11,66105078835,2496006,0
66.1101,7,66107601841,2496006,0
66.1126,3,66110124847,2496006,0
66.1151,22,66112647853,2496006,0
66.1176,6,66115170859,2469000,1
66.1176,4,66115170859,2469000,1
66.1176,8,66115170859,2469000,1
66.1176,3,66115170859,2469000,1
66.1201,17,66117637859,2469000,1
66.1201,18,66117637859,2469000,1
66.1201,4,66117639859,2469000,1
66.1226,11,66120106859,2496006,0
66.1254,14,66122942865,2496006,0
66.128,16,66125465871,2496006,0
66.133,7,66130529883,2469000,1
66.133,20,66130529883,2469000,1
66.133,19,66130529883,2469000,1
66.133,16,66130529883,2469000,1
66.1355,11,66133014883,2469000,1
66.1355,16,66133014883,2469000,1
66.138,14,66135481883,2469000,1
66.138,22,66135481883,2469000,1
66.1404,3,66137948883,2496006,0
66.143,7,66140480889,2496006,0
66.1455,3,66143030895,2469000,1
66.1455,14,66143030895,2469000,1
66.148,16,66145497895,2496006,0
66.1505,7,66148038901,2496006,0
66.1531,5,66150561907,2496006,0
66.1556,11,66153084913,2496006,0
66.1581,22,66155607919,2469000,1
66.1581,7,66155607919,2469000,1
66.1606,16,66158074919,2496006,0
66.1631,18,66160597925,2496006,0
66.1656,5,66163120931,2496006,0
66.1681,3,66165643937,2496006,0
66.1707,18,66168166943,2496006,0
66.1732,16,66170698949,2496006,0
66.1757,5,66173221955,2469000,1
66.1782,5,66175690955,2496006,0
66.1807,13,66178213961,2469000,1
66.1807,5,66178213961,2469000,1
66.1832,3,66180680961,2496006,0
66.1857,11,66183203967,2496006,0
66.1882,18,66185735973,2496006,0
66.1908,8,66188258979,2496006,0
66.1933,7,66190781985,2469000,1
66.1933,16,66190781985,2469000,1
66.1933,11,66190781985,2469000,1
66.1957,3,66193248985,2469000,1
66.1957,16,66193250985,2469000,1
66.1985,18,66196057991,2469000,1
66.1985,16,66196057991,2469000,1
66.2011,18,66198560991,2496006,0
66.2036,21,66201101997,2469000,1
66.2036,8,66201101997,2469000,1
66.2061,14,66203568997,2496006,0
66.2086,17,66206101003,2496006,0
66.2111,8,66208633009,2496006,0
66.2136,5,66211156015,2469000,1
66.2136,8,66211156015,2469000,1
66.2161,8,66213641015,2496006,0
66.2187,18,66216164021,2496006,0
66.2212,3,66218687027,2496006,0
66.2237,14,66221210033,2496006,0
66.2262,11,66223733039,2469000,1
66.2262,5,66223733039,2469000,1
66.229,17,66226513045,2496006,0
66.2315,8,66229036051,2469000,1
66.2315,14,66229036051,2469000,1
66.234,3,66231503051,2496006,0
66.2365,18,66234026057,2496006,0
66.239,18,66236549063,2496006,0
66.2416,1,66239081069,2496006,0
66.2441,18,66241604075,2496006,0
66.2466,11,66244136081,2469000,1
66.2466,17,66244136081,2469000,1
66.2491,3,66246621081,2469000,1
66.2491,22,66246621081,2469000,1
66.2491,8,66246621081,2469000,1
66.2516,17,66249088081,2496006,0
66.2541,7,66251629087,2496006,0
66.2567,17,66254170093,2496006,0
66.2592,1,66256702099,2469000,1
66.2592,17,66256702099,2469000,1
66.2616,7,66259178099,2469000,1
66.2616,18,66259178099,2469000,1
66.2642,14,66261663099,2496006,0
66.2667,14,66264213105,2496006,0
66.2692,17,66266736111,2496006,0
66.2718,3,66269268117,2496006,0
66.2743,7,66271791123,2496006,0
66.2768,7,66274314129,2496006,0
66.2793,17,66276837135,2469000,1
66.2793,8,66276837135,2469000,1
66.2793,7,66276837135,2469000,1
66.2843,3,66281872141,2469000,1
66.2843,22,66281872141,2469000,1
66.2868,14,66284339141,2496006,0
66.2894,14,66286862147,2496006,0
66.2919,1,66289412153,2496006,0
66.2944,18,66291935159,2496006,0
66.297,1,66294458165,2496006,0
66.2995,18,66297026171,2469000,1
66.2995,7,66297026171,2469000,1
66.3023,14,66299806177,2496006,0
66.3048,1,66302347183,2496006,0
66.3073,8,66304879189,2469000,1
66.3073,1,66304879189,2469000,1
66.3099,17,66307364189,2496006,0
66.3124,14,66309914195,2496006,0
66.3149,14,66312437201,2496006,0
66.3175,17,66314960207,2496006,0
66.32,14,66317492213,2496006,0
66.3225,3,66320015219,2496006,0
66.3251,18,66322565225,2496006,0
66.3276,11,66325088231,2469000,1
66.3276,18,66325088231,2469000,1
66.3304,18,66327868237,2496006,0
66.3329,14,66330400243,2496006,0
66.3354,17,66332932249,2469000,1
66.3354,16,66332932249,2469000,1
66.3379,3,66335408249,2469000,1
66.3379,1,66335408249,2469000,1
66.3404,3,66337877249,2496006,0
66.3429,9,66340400255,2496006,0
66.3454,18,66342932261,2469000,1
66.3454,7,66342932261,2469000,1
66.3479,9,66345408261,2496006,0
66.3504,3,66347940267,2469000,1
66.3504,14,66347940267,2469000,1
66.3529,2,66350434267,2496006,0
66.3555,2,66352975273,2496006,0
66.358,17,66355498279,2469000,1
66.358,18,66355498279,2469000,1
66.3605,2,66357965279,2496006,0
66.363,8,66360497285,2469000,1
66.363,9,66360497285,2469000,1
66.3655,14,66363009285,2496006,0
66.368,2,66365532291,2496006,0
66.3705,14,66368055297,2469000,1
66.373,3,66370531297,2496006,0
66.3756,10,66373054303,2496006,0
66.3781,5,66375595309,2496006,0
66.3806,2,66378136315,2496006,0
66.3832,3,66380659321,2496006,0
66.3857,5,66383200327,2469000,1
66.3857,3,66383200327,2469000,1
66.3882,2,66385667327,2496006,0
66.3907,9,66388217333,2469000,1
66.3907,10,66388217333,2469000,1
66.3932,5,66390729333,2496006,0
66.3958,17,66393279339,2496006,0
66.3983,2,66395802345,2496006,0
66.4008,14,66398325351,2496006,0
66.4037,14,66401170357,2496006,0
66.4062,1,66403693363,2469000,1
66.4086,2,66406160363,2469000,1
66.4086,5,66406160363,2469000,1
66.4136,18,66411168369,2469000,1
66.4136,3,66411168369,2469000,1
66.4161,14,66413635369,2496006,0
66.4187,5,66416158375,2496006,0
66.4212,17,66418681381,2496006,0
66.4237,2,66421240387,2496006,0
66.4263,10,66423772393,2496006,0
66.4288,5,66426295399,2496006,0
66.4313,2,66428827405,2469000,1
66.4338,14,66431294405,2469000,1
66.4338,10,66431294405,2469000,1
66.4363,2,66433770405,2496006,0
66.4388,17,66436311411,2496006,0
66.4413,2,66438843417,2469000,1
66.4413,17,66438843417,2469000,1
66.4438,14,66441310417,2496006,0
66.4463,7,66443833423,2496006,0
66.4489,5,66446356429,2496006,0
66.4514,5,66448879435,2496006,0
66.4564,14,66453925447,2496006,0
66.459,14,66456484453,2496006,0
66.4615,5,66459007459,2469000,1
66.4615,7,66459007459,2469000,1
66.4615,4,66459007459,2469000,1
66.464,9,66461492459,2469000,1
66.464,10,66461492459,2469000,1
66.4665,17,66463977459,2496006,0
66.469,10,66466500465,2496006,0
66.4715,7,66469023471,2496006,0
66.4741,14,66471573477,2496006,0
66.4766,2,66474132483,2496006,0
66.4792,5,66476664489,2496006,0
66.4817,17,66479187495,2496006,0
66.4842,5,66481710501,2496006,0
66.4867,10,66484233507,2496006,0
66.4893,14,66486756513,2496006,0
66.4918,7,66489279519,2496006,0
66.4943,2,66491811525,2469000,1
66.4968,3,66494278525,2496006,0
66.4993,14,66496828531,2469000,1
66.4993,22,66496828531,2469000,1
66.5018,7,66499295531,2469000,1
66.5018,17,66499295531,2469000,1
66.5043,13,66501798531,2469000,1
66.5043,5,66501798531,2469000,1
66.507,10,66504578537,2469000,1
66.507,13,66504578537,2469000,1
66.5096,3,66507081537,2469000,1
66.5096,10,66507081537,2469000,1
66.512,11,66509548537,2469000,1
66.512,9,66509548537,2469000,1
66.5145,7,66512015537,2496006,0
66.5171,7,66514574543,2496006,0
66.5196,17,66517097549,2496006,0
66.5221,14,66519620555,2469000,1
66.5221,7,66519620555,2469000,1
66.5246,4,66522096555,2469000,1
66.5246,5,66522096555,2469000,1
66.5246,7,66522096555,2469000,1
66.5271,2,66524581555,2469000,1
66.5271,7,66524581555,2469000,1
66.5296,10,66527057555,2496006,0
66.5321,13,66529580561,2496006,0
66.5349,17,66532425567,2469000,1
66.5349,13,66532425567,2469000,1
66.5374,15,66534892567,2496006,0
66.5399,10,66537424573,2496006,0
66.5425,3,66539974579,2496006,0
66.545,10,66542497585,2496006,0
66.5475,15,66545020591,2496006,0
66.55,18,66547552597,2496006,0
66.5526,16,66550084603,2469000,1
66.5526,17,66550084603,2469000,1
66.5526,13,66550084603,2469000,1
66.5526,15,66550084603,2469000,1
66.5551,15,66552569603,2496006,0
66.5576,3,66555101609,2496006,0
66.5601,5,66557633615,2496006,0
66.5626,1,66560156621,2469000,1
66.5626,18,66560156621,2469000,1
66.5651,15,66562623621,2469000,1
66.5651,10,66562623621,2469000,1
66.5676,3,66565090621,2469000,1
66.57,7,66567559621,2469000,1
66.57,5,66567559621,2469000,1
66.575,5,66572549627,2496006,0
66.5776,14,66575117633,2496006,0
66.5801,14,66577640639,2496006,0
66.5827,17,66580163645,2496006,0
66.5852,18,66582704651,2469000,1
66.5852,15,66582704651,2469000,1
66.5852,14,66582704651,2469000,1
66.5877,19,66585171651,2496006,0
66.5902,5,66587694657,2496006,0
66.5927,3,66590226663,2496006,0
66.5953,13,66592758669,2496006,0
66.5978,5,66595281675,2496006,0
66.6003,10,66597804681,2469000,1
66.6003,15,66597804681,2469000,1
66.6028,5,66600271681,2496006,0
66.6053,5,66602794687,2496006,0
66.6081,18,66605639693,2496006,0
66.6106,3,66608162699,2469000,1
66.6106,19,66608162699,2469000,1
66.6106,17,66608162699,2469000,1
66.6131,13,66610629699,2496006,0
66.6156,9,66613179705,2469000,1
66.6156,2,66613179705,2469000,1
66.6182,14,66615691705,2469000,1
66.6182,18,66615691705,2469000,1
66.6206,5,66618158705,2469000,1
66.6206,13,66618158705,2469000,1
66.6231,6,66620634705,2496006,0
66.6257,5,66623157711,2496006,0
66.6281,1,66625680717,2469000,1
66.6281,13,66625680717,2469000,1
66.6307,19,66628165717,2496006,0
66.6332,5,66630688723,2496006,0
66.6357,7,66633211729,2469000,1
66.6357,2,66633211729,2469000,1
66.6385,18,66635991735,2496006,0
66.641,3,66638514741,2496006,0
66.6435,6,66641037747,2496006,0
66.6461,18,66643578753,2496006,0
66.6486,17,66646101759,2469000,1
66.6486,5,66646101759,2469000,1
66.651,19,66648577759,2469000,1
66.651,5,66648577759,2469000,1
66.6535,6,66651044759,2496006,0
66.6561,19,66653567765,2496006,0
66.6586,18,66656099771,2496006,0
66.6611,6,66658631777,2496006,0
66.6662,3,66663686789,2496006,0
66.6687,6,66666218795,2496006,0
66.6713,19,66668759801,2496006,0
66.6738,10,66671282807,2496006,0
66.6763,2,66673805813,2496006,0
66.6788,18,66676328819,2496006,0
66.6814,3,66678869825,2496006,0
66.6839,13,66681401831,2496006,0
66.6864,2,66683933837,2469000,1
66.6864,10,66683933837,2469000,1
66.6889,19,66686400837,2496006,0
66.6914,15,66688923843,2469000,1
66.6914,14,66688923843,2469000,1
66.6914,6,66688923843,2469000,1
66.6939,18,66691390843,2469000,1
66.6939,19,66691390843,2469000,1
66.6964,13,66693875843,2496006,0
66.6989,10,66696398849,2496006,0
66.7014,10,66698939855,2496006,0
66.704,17,66701462861,2496006,0
66.7065,3,66703985867,2496006,0
66.709,3,66706535873,2496006,0
66.7118,10,66709371879,2469000,1
66.7118,18,66709371879,2469000,1
66.7143,5,66711847879,2496006,0
66.7194,13,66716902891,2496006,0
66.7219,17,66719425897,2496006,0
66.7244,4,66721948903,2469000,1
66.7244,13,66721948903,2469000,1
66.7269,2,66724415903,2469000,1
66.7269,6,66724415903,2469000,1
66.7294,19,66726891903,2469000,1
66.7294,3,66726891903,2469000,1
66.7294,10,66726891903,2469000,1
66.7319,17,66729385903,2496006,0
66.7344,5,66731926909,2496006,0
66.7369,5,66734449915,2496006,0
66.7398,17,66737294921,2496006,0
66.7424,6,66739907927,2496006,0
66.7449,9,66742430933,2469000,1
66.7449,3,66742430933,2469000,1
66.7449,5,66742430933,2469000,1
66.7474,6,66744924933,2469000,1
66.7474,17,66744924933,2469000,1
66.7499,13,66747391933,2496006,0
66.7524,18,66749941939,2496006,0
66.7575,5,66754987951,2496006,0
66.76,14,66757519957,2469000,1
66.76,2,66757519957,2469000,1
66.76,5,66757519957,2469000,1
66.7625,13,66759986957,2496006,0
66.765,15,66762545963,2469000,1
66.765,17,66762545963,2469000,1
66.7675,2,66765012963,2496006,0
66.77,19,66767535969,2469000,1
66.77,10,66767535969,2469000,1
66.7725,6,66770011969,2496006,0
66.775,13,66772543975,2469000,1
66.775,18,66772543975,2469000,1
66.7775,5,66775028975,2496006,0
66.7801,6,66777560981,2496006,0
66.7826,2,66780119987,2496006,0
66.7851,5,66782642993,2496006,0
66.7902,2,66787743005,2496006,0
66.7927,6,66790275011,2469000,1
66.7927,2,66790275011,2469000,1
66.7952,10,66792751011,2496006,0
66.7978,3,66795274017,2496006,0
66.8003,5,66797806023,2469000,1
66.8003,14,66797806023,2469000,1
66.8028,13,66800273023,2496006,0
66.8053,18,66802796029,2496006,0
66.8078,3,66805346035,2469000,1
66.8078,6,66805346035,2469000,1
66.8103,18,66807813035,2496006,0
66.8131,13,66810649041,2496006,0
66.8157,10,66813190047,2496006,0
66.8182,13,66815731053,2496006,0
66.8233,2,66820786065,2496006,0
66.8258,13,66823309071,2496006,0
66.8283,2,66825832077,2496006,0
66.8308,10,66828364083,2469000,1
66.8308,18,66828364083,2469000,1
66.8333,13,66830831083,2496006,0
66.8359,18,66833354089,2496006,0
66.8384,5,66835877095,2496006,0
66.8409,17,66838400101,2469000,1
66.8409,3,66838400101,2469000,1
66.8437,2,66841189107,2496006,0
66.8462,3,66843721113,2469000,1
66.8462,2,66843721113,2469000,1
66.8487,13,66846197113,2496006,0
66.8512,16,66848720119,2469000,1
66.8512,13,66848720119,2469000,1
66.8537,6,66851187119,2496006,0
66.8562,5,66853728125,2496006,0
66.8588,18,66856260131,2496006,0
66.8613,5,66858801137,2469000,1
66.8613,23,66858801137,2469000,1
66.8613,19,66858801137,2469000,1
66.8638,10,66861268137,2496006,0
66.8688,18,66866314149,2469000,1
66.8688,6,66866314149,2469000,1
66.8713,18,66868790149,2496006,0
66.8739,13,66871367155,2496006,0
66.8764,18,66873890161,2496006,0
66.8789,18,66876422167,2496006,0
66.8814,10,66878945173,2496006,0
66.884,2,66881486179,2469000,1
66.884,18,66881486179,2469000,1
66.8865,10,66883962179,2496006,0
66.889,6,66886485185,2469000,1
66.889,10,66886485185,2469000,1
66.8915,17,66888961185,2496006,0
66.894,18,66891493191,2496006,0
66.8965,13,66894016197,2496006,0
66.899,8,66896548203,2496006,0
66.9016,5,66899071209,2496006,0
66.9041,8,66901603215,2496006,0
66.9066,8,66904144221,2496006,0
66.9091,17,66906667227,2469000,1
66.9116,13,66909152227,2496006,0
66.9145,5,66911997233,2469000,1
66.9145,19,66911997233,2469000,1
66.917,18,66914464233,2496006,0
66.9195,10,66916987239,2496006,0
66.922,8,66919510245,2496006,0
66.9245,10,66922033251,2496006,0
66.9271,10,66924556257,2496006,0
66.9296,18,66927088263,2469000,1
66.9296,13,66927088263,2469000,1
66.9296,8,66927088263,2469000,1
66.9321,18,66929557263,2496006,0
66.9346,2,66932116269,2496006,0
66.9371,13,66934648275,2496006,0
66.9397,18,66937180281,2496006,0
66.9422,17,66939703287,2469000,1
66.9422,10,66939703287,2469000,1
66.9422,13,66939703287,2469000,1
66.945,17,66942501293,2496006,0
66.9475,2,66945060299,2469000,1
66.9475,5,66945060299,2469000,1
66.95,17,66947536299,2469000,1
66.95,18,66947536299,2469000,1
66.9525,21,66950012299,2496006,0
66.9551,3,66952571305,2496006,0
66.9576,17,66955094311,2496006,0
66.9601,8,66957626317,2496006,0
66.9627,13,66960167323,2496006,0
66.9652,6,66962690329,2496006,0
66.9677,21,66965213335,2496006,0
66.9702,10,66967736341,2469000,1
66.9702,13,66967736341,2469000,1
66.9702,21,66967736341,2469000,1
66.9727,17,66970203341,2496006,0
66.9752,6,66972726347,2496006,0
66.9778,18,66975267353,2496006,0
66.9803,3,66977790359,2496006,0
66.9828,2,66980331365,2496006,0
66.9853,6,66982854371,2469000,1
66.9853,8,66982854371,2469000,1
66.9878,2,66985321371,2496006,0
66.9903,3,66987844377,2469000,1
66.9903,17,66987844377,2469000,1
66.9903,6,66987844377,2469000,1
66.9928,18,66990311377,2469000,1
66.9928,8,66990311377,2469000,1
66.9978,2,66995310383,2496006,0
67.0003,2,66997833389,2496006,0
67.0029,21,67000365395,2496006,0
67.0054,13,67002897401,2496006,0
67.0079,21,67005420407,2496006,0
67.0104,3,67007952413,2496006,0
67.0129,21,67010475419,2469000,1
67.0129,3,67010475419,2469000,1
67.0154,2,67012978419,2469000,1
67.0154,16,67012978419,2469000,1
67.0183,5,67015767425,2496006,0
67.0208,18,67018290431,2496006,0
67.0233,2,67020813437,2496006,0
67.0258,13,67023336443,2496006,0
67.0283,21,67025859449,2469000,1
67.0283,5,67025859449,2469000,1
67.0308,17,67028344449,2496006,0
67.0334,10,67030903455,2496006,0
67.0359,18,67033426461,2496006,0
67.0384,2,67035949467,2496006,0
67.041,2,67038472473,2496006,0
67.0435,2,67040995479,2496006,0
67.0463,10,67043831485,2469000,1
67.0463,17,67043831485,2469000,1
67.0463,13,67043831485,2469000,1
67.0488,10,67046300485,2496006,0
67.0513,3,67048823491,2469000,1
67.0513,10,67048823491,2469000,1
67.0538,13,67051299491,2496006,0
67.0563,12,67053831497,2469000,1
67.0563,13,67053831497,2469000,1
67.0588,18,67056316497,2496006,0
67.0613,11,67058839503,2496006,0
67.0639,17,67061380509,2496006,0
67.0664,2,67063903515,2496006,0
67.0689,11,67066444521,2469000,1
67.0689,17,67066444521,2469000,1
67.0714,8,67068911521,2469000,1
67.0714,5,67068911521,2469000,1
67.0739,18,67071387521,2469000,1
67.0739,17,67071387521,2469000,1
67.0764,13,67073863521,2496006,0
67.0789,21,67076404527,2496006,0
67.0814,6,67078927533,2496006,0
67.0839,2,67081450539,2469000,1
67.0839,21,67081450539,2469000,1
67.0864,3,67083917539,2469000,1
67.0864,11,67083917539,2469000,1
67.0864,6,67083917539,2469000,1
67.0889,1,67086384539,2496006,0
67.0914,13,67088916545,2469000,1
67.0914,6,67088916545,2469000,1
67.0939,1,67091383545,2496006,0
67.0964,10,67093915551,2496006,0
67.0989,21,67096447557,2496006,0
67.1014,1,67098970563,2469000,1
67.1039,13,67101437563,2496006,0
67.1064,21,67103978569,2469000,1
67.1064,1,67103978569,2469000,1
67.109,1,67106481569,2496006,0
67.1115,13,67109022575,2496006,0
67.114,10,67111545581,2496006,0
67.1166,18,67114077587,2496006,0
67.1194,10,67116931593,2469000,1
67.1194,22,67116931593,2469000,1
67.1219,2,67119398593,2496006,0
67.1244,17,67121921599,2469000,1
67.1244,6,67121921599,2469000,1
67.1244,2,67121921599,2469000,1
67.1269,1,67124388599,2469000,1
67.1269,21,67124388599,2469000,1
67.1293,18,67126855599,2469000,1
67.1293,13,67126855599,2469000,1
67.1319,5,67129358599,2496006,0
67.1344,1,67131890605,2496006,0
67.1369,1,67134413611,2496006,0
67.1394,21,67136936617,2496006,0
67.142,13,67139495623,2496006,0
67.1445,21,67142018629,2469000,1
67.1445,5,67142018629,2469000,1
67.147,11,67144485629,2496006,0
67.1498,5,67147321635,2496006,0
67.1548,15,67152367647,2469000,1
67.1548,5,67152367647,2469000,1
67.1573,13,67154834647,2496006,0
67.1599,1,67157366653,2496006,0
67.1624,2,67159889659,2496006,0
67.1649,13,67162412665,2496006,0
67.1674,8,67164953671,2469000,1
67.1674,11,67164953671,2469000,1
67.1699,10,67167420671,2469000,1
67.1699,18,67167420671,2469000,1
67.1724,1,67169896671,2496006,0
67.1749,18,67172419677,2496006,0
67.1774,13,67174951683,2496006,0
67.18,1,67177474689,2496006,0
67.1825,5,67179997695,2496006,0
67.185,2,67182520701,2496006,0
67.1875,5,67185052707,2496006,0
67.1901,1,67187584713,2469000,1
67.1901,5,67187584713,2469000,1
67.1925,13,67190051713,2496006,0
67.1951,21,67192601719,2469000,1
67.1951,18,67192601719,2469000,1
67.1976,2,67195077719,2496006,0
67.2001,13,67197618725,2469000,1
67.2001,17,67197618725,2469000,1
67.2026,11,67200121725,2469000,1
67.2051,2,67202624725,2496006,0
67.2077,7,67205165731,2496006,0
67.2102,10,67207688737,2469000,1
67.2102,5,67207688737,2469000,1
67.2127,7,67210155737,2496006,0
67.2151,2,67212678743,2469000,1
67.2151,14,67212678743,2469000,1
67.2176,1,67215145743,2469000,1
67.2176,2,67215147743,2469000,1
67.2201,18,67217623743,2496006,0
67.223,20,67220495749,2469000,1
67.223,16,67220495749,2469000,1
67.2254,18,67222971749,2469000,1
67.2254,13,67222971749,2469000,1
67.2279,3,67225447749,2469000,1
67.2279,16,67225447749,2469000,1
67.2304,7,67227914749,2469000,1
67.2304,18,67227914749,2469000,1
67.233,5,67230471749,2496006,0
67.238,11,67235535761,2469000,1
67.238,1,67235535761,2469000,1
67.238,13,67235535761,2469000,1
67.2405,22,67238002761,2496006,0
67.2431,22,67240561767,2496006,0
67.2456,21,67243102773,2469000,1
67.2456,22,67243102773,2469000,1
67.2481,5,67245578773,2496006,0
67.2509,7,67248414779,2496006,0
67.2534,10,67250937785,2469000,1
67.2534,7,67250937785,2469000,1
67.2559,13,67253404785,2496006,0
67.2584,16,67255936791,2469000,1
67.2584,1,67255936791,2469000,1
67.2609,5,67258403791,2469000,1
67.2609,6,67258403791,2469000,1
67.2634,13,67260870791,2496006,0
67.2659,22,67263420797,2496006,0
67.271,13,67268493809,2496006,0
67.2735,22,67271034815,2496006,0
67.2761,13,67273575821,2496006,0
67.2786,2,67276098827,2469000,1
67.2786,22,67276098827,2469000,1
67.2811,5,67278565827,2496006,0
67.2836,7,67281097833,2496006,0
67.2861,13,67283629839,2469000,1
67.2861,17,67283629839,2469000,1
67.2886,13,67286105839,2496006,0
67.2912,13,67288682845,2469000,1
67.2912,18,67288682845,2469000,1
67.2936,8,67291149845,2496006,0
67.2961,5,67293672851,2469000,1
67.2961,7,67293672851,2469000,1
67.3012,22,67298671857,2496006,0
67.3037,8,67301212863,2469000,1
67.3037,7,67301212863,2469000,1
67.3062,22,67303715863,2496006,0
67.3088,13,67306265869,2496006,0
67.3113,22,67308788875,2496006,0
67.3138,8,67311311881,2496006,0
67.3163,5,67313834887,2496006,0
67.3189,22,67316357893,2496006,0
67.3214,13,67318880899,2496006,0
67.3242,11,67321716905,2496006,0
67.3267,8,67324248911,2496006,0
67.3293,16,67326798917,2469000,1
67.3318,11,67329283917,2469000,1
67.3318,22,67329283917,2469000,1
67.3318,5,67329283917,2469000,1
67.3343,10,67331768917,2496006,0
67.3368,22,67334291923,2469000,1
67.3368,10,67334291923,2469000,1
67.3393,13,67336767923,2496006,0
67.3418,8,67339308929,2496006,0
67.3443,11,67341849935,2469000,1
67.3443,8,67341849935,2469000,1
67.3468,13,67344316935,2496006,0
67.3493,10,67346848941,2496006,0
67.3519,10,67349380947,2496006,0
67.3547,5,67352234953,2496006,0
67.3573,13,67354757959,2496006,0
67.3623,7,67359803971,2469000,1
67.3623,13,67359803971,2469000,1
67.3648,7,67362272971,2496006,0
67.3673,5,67364804977,2496006,0
67.3698,10,67367336983,2496006,0
67.3724,21,67369859989,2496006,0
67.3749,10,67372382995,2496006,0
67.3774,10,67374942001,2496006,0
67.3799,7,67377465007,2469000,1
67.3799,20,67377465007,2469000,1
67.3824,8,67379941007,2496006,0
67.385,13,67382464013,2496006,0
67.3875,21,67384996019,2469000,1
67.3875,8,67384996019,2469000,1
67.39,5,67387463019,2496006,0
67.3925,10,67390004025,2496006,0
67.395,6,67392527031,2469000,1
67.395,22,67392527031,2469000,1
67.395,10,67392527031,2469000,1
67.3975,13,67394994031,2469000,1
67.3975,11,67394994031,2469000,1
67.3975,20,67394994031,2469000,1
67.4,8,67397470031,2496006,0
67.4025,18,67400002037,2496006,0
67.405,17,67402525043,2496006,0
67.4076,5,67405057049,2496006,0
67.4101,5,67407580055,2496006,0
67.4126,18,67410103061,2496006,0
67.4151,18,67412626067,2496006,0
67.4177,8,67415158073,2496006,0
67.4202,20,67417681079,2496006,0
67.4227,10,67420213085,2496006,0
67.4252,17,67422745091,2469000,1
67.4252,21,67422745091,2469000,1
67.428,7,67425525097,2496006,0
67.4305,8,67428048103,2496006,0
67.433,20,67430571109,2469000,1
67.433,7,67430571109,2469000,1
67.4355,2,67433047109,2469000,1
67.4355,17,67433047109,2469000,1
67.438,18,67435514109,2469000,1
67.438,17,67435516109,2469000,1
67.4405,13,67437983109,2469000,1
67.4405,5,67437983109,2469000,1
67.4455,10,67443018115,2496006,0
67.448,7,67445541121,2496006,0
67.4506,8,67448073127,2496006,0
67.4531,8,67450596133,2496006,0
67.4559,7,67453441139,2496006,0
67.4585,7,67455964145,2496006,0
67.461,10,67458523151,2469000,1
67.461,18,67458523151,2469000,1
67.4635,20,67460990151,2496006,0
67.466,1,67463522157,2496006,0
67.4685,7,67466054163,2469000,1
67.4685,8,67466054163,2469000,1
67.471,16,67468530163,2496006,0
67.4735,5,67471053169,2496006,0
67.4761,20,67473621175,2469000,1
67.4761,13,67473621175,2469000,1
67.4786,16,67476097175,2496006,0
67.4811,10,67478638181,2469000,1
67.4811,1,67478638181,2469000,1
67.4811,20,67478638181,2469000,1
67.4836,1,67481107181,2496006,0
67.4886,1,67486153193,2496006,0
67.4911,3,67488676199,2469000,1
67.4911,5,67488676199,2469000,1
67.4911,1,67488676199,2469000,1
67.4937,5,67491170199,2496006,0
67.4962,7,67493693205,2496006,0
67.4987,8,67496216211,2496006,0
67.5012,8,67498748217,2496006,0
67.5038,16,67501271223,2496006,0
67.5063,17,67503794229,2496006,0
67.5088,17,67506326235,2496006,0
67.5113,22,67508849241,2469000,1
67.5113,21,67508849241,2469000,1
67.5138,10,67511352241,2469000,1
67.5138,5,67511352241,2469000,1
67.5163,8,67513819241,2469000,1
67.5163,7,67513819241,2469000,1
67.5188,17,67516286241,2496006,0
67.5213,16,67518809247,2496006,0
67.5238,11,67521332253,2469000,1
67.5238,8,67521332253,2469000,1
67.5263,1,67523826253,2496006,0
67.5292,16,67526662259,2496006,0
67.5317,17,67529203265,2469000,1
67.5317,18,67529203265,2469000,1
67.5367,19,67534193271,2469000,1
67.5367,13,67534193271,2469000,1
67.5392,1,67536714271,2496006,0
67.5417,8,67539237277,2469000,1
67.5417,1,67539237277,2469000,1
67.5442,5,67541722277,2469000,1
67.5442,16,67541722277,2469000,1
67.5467,17,67544216277,2496006,0
67.5492,7,67546739283,2496006,0
67.5518,1,67549280289,2496006,0
67.5543,7,67551803295,2496006,0
67.5568,20,67554353301,2496006,0
67.5597,17,67557198307,2469000,1
67.5597,8,67557198307,2469000,1
67.5622,15,67559710307,2469000,1
67.5622,20,67559710307,2469000,1
67.5647,7,67562177307,2496006,0
67.5672,22,67564700313,2469000,1
67.5672,16,67564700313,2469000,1
67.5696,1,67567167313,2469000,1
67.5721,5,67569634313,2496006,0
67.5747,5,67572175319,2496006,0
67.5772,7,67574716325,2496006,0
67.5798,5,67577266331,2496006,0
67.5823,16,67579789337,2469000,1
67.5823,5,67579789337,2469000,1
67.5848,1,67582265337,2496006,0
67.5873,18,67584797343,2496006,0
67.5898,7,67587320349,2496006,0
67.5923,20,67589843355,2469000,1
67.5923,5,67589843355,2469000,1
67.5948,17,67592310355,2496006,0
67.5973,7,67594833361,2496006,0
67.5999,17,67597392367,2469000,1
67.5999,3,67597392367,2469000,1
67.5999,16,67597392367,2469000,1
67.6023,18,67599868367,2469000,1
67.6023,1,67599868367,2469000,1
67.6074,10,67604867373,2496006,0
67.6099,1,67607399379,2496006,0
67.6124,12,67609922385,2496006,0
67.6149,5,67612445391,2496006,0
67.6175,10,67614968397,2496006,0
67.62,7,67617491403,2496006,0
67.6225,1,67620014409,2496006,0
67.625,10,67622555415,2469000,1
67.625,5,67622555415,2469000,1
67.6275,12,67625031415,2469000,1
67.6275,17,67625031415,2469000,1
67.63,1,67627516415,2496006,0
67.6328,21,67630352421,2496006,0
67.6353,18,67632875427,2469000,1
67.6353,1,67632875427,2469000,1
67.6378,21,67635342427,2496006,0
67.6404,9,67637865433,2496006,0
67.6429,7,67640388439,2496006,0
67.6454,1,67642911445,2496006,0
67.6479,10,67645443451,2496006,0
67.6504,5,67647975457,2469000,1
67.6504,12,67647975457,2469000,1
67.6504,10,67647975457,2469000,1
67.6555,12,67652983463,2496006,0
67.658,7,67655506469,2496006,0
67.6608,9,67658351475,2496006,0
67.6633,21,67660874481,2469000,1
67.6633,9,67660874481,2469000,1
67.6658,1,67663350481,2496006,0
67.6684,7,67665873487,2496006,0
67.6709,17,67668396493,2496006,0
67.6734,11,67670937499,2469000,1
67.6734,20,67670937499,2469000,1
67.6759,12,67673413499,2496006,0
67.6784,13,67675936505,2469000,1
67.6784,5,67675936505,2469000,1
67.6809,1,67678412505,2496006,0
67.6834,7,67680935511,2496006,0
67.686,7,67683467517,2496006,0
67.6885,1,67685990523,2496006,0
67.691,17,67688513529,2496006,0
67.6935,21,67691036535,2496006,0
67.696,9,67693559541,2469000,1
67.696,12,67693559541,2469000,1
67.6985,17,67696053541,2469000,1
67.6985,7,67696053541,2469000,1
67.701,10,67698520541,2496006,0
67.7035,1,67701043547,2496006,0
67.706,21,67703566553,2469000,1
67.706,7,67703566553,2469000,1
67.7085,10,67706051553,2469000,1
67.711,1,67708518553,2496006,0
67.7136,18,67711086559,2496006,0
67.7161,12,67713609565,2496006,0
67.7186,1,67716150571,2469000,1
67.7186,21,67716150571,2469000,1
67.7211,1,67718635571,2496006,0
67.7237,18,67721158577,2496006,0
67.7262,10,67723681583,2496006,0
67.7287,10,67726204589,2496006,0
67.7312,12,67728727595,2496006,0
67.7341,22,67731563601,2496006,0
67.7366,17,67734086607,2496006,0
67.7391,10,67736609613,2496006,0
67.7416,22,67739141619,2496006,0
67.7441,12,67741664625,2469000,1
67.7441,18,67741664625,2469000,1
67.7466,9,67744149625,2469000,1
67.7466,22,67744149625,2469000,1
67.7491,1,67746616625,2496006,0
67.7517,17,67749202631,2496006,0
67.7542,10,67751725637,2496006,0
67.7567,22,67754266643,2469000,1
67.7592,2,67756742643,2469000,1
67.7592,18,67756742643,2469000,1
67.7617,17,67759209643,2469000,1
67.7617,1,67759209643,2469000,1
67.7617,12,67759209643,2469000,1
67.7645,7,67761989649,2496006,0
67.767,10,67764521655,2496006,0
67.7695,8,67767062661,2469000,1
67.7695,1,67767062661,2469000,1
67.772,10,67769538661,2469000,1
67.772,22,67769538661,2469000,1
67.7745,1,67772050661,2496006,0
67.7771,21,67774573667,2496006,0
67.7796,18,67777096673,2469000,1
67.7796,7,67777096673,2469000,1
67.7796,21,67777096673,2469000,1
67.7821,1,67779563673,2496006,0
67.7846,12,67782086679,2496006,0
67.7871,21,67784618685,2496006,0
67.7897,12,67787168691,2496006,0
67.7922,10,67789700697,2469000,1
67.7922,7,67789700697,2469000,1
67.7947,1,67792185697,2496006,0
67.7972,21,67794708703,2496006,0
67.7997,17,67797240709,2496006,0
67.8048,1,67802322721,2496006,0
67.8073,21,67804845727,2469000,1
67.8073,12,67804845727,2469000,1
67.8098,10,67807321727,2496006,0
67.8123,1,67809844733,2496006,0
67.8149,1,67812376739,2496006,0
67.8174,17,67814899745,2496006,0
67.8199,10,67817422751,2496006,0
67.8224,5,67819945757,2469000,1
67.8224,9,67819945757,2469000,1
67.8249,23,67822439757,2496006,0
67.8274,1,67824971763,2469000,1
67.8274,12,67824971763,2469000,1
67.8299,10,67827447763,2496006,0
67.8325,17,67829970769,2496006,0
67.835,20,67832502775,2469000,1
67.835,7,67832502775,2469000,1
67.8378,10,67835282781,2496006,0
67.8403,21,67837814787,2469000,1
67.8403,10,67837814787,2469000,1
67.8428,10,67840299787,2496006,0
67.8453,23,67842822793,2469000,1
67.8453,21,67842822793,2469000,1
67.8478,17,67845298793,2469000,1
67.8503,10,67847774793,2496006,0
67.8528,18,67850306799,2496006,0
67.8553,18,67852829805,2496006,0
67.8579,17,67855361811,2496006,0
67.8604,1,67857884817,2496006,0
67.8629,7,67860407823,2469000,1
67.8629,18,67860407823,2469000,1
67.8657,12,67863232829,2496006,0
67.8683,10,67865755835,2496006,0
67.8708,6,67868305841,2469000,1
67.8708,2,67868305841,2469000,1
67.8732,10,67870772841,2469000,1
67.8732,17,67870772841,2469000,1
67.8757,1,67873248841,2496006,0
67.8782,23,67875780847,2469000,1
67.8782,10,67875780847,2469000,1
67.8782,1,67875780847,2469000,1
67.8808,12,67878256847,2496006,0
67.8833,12,67880797853,2496006,0
67.8884,18,67885870865,2496006,0
67.8909,17,67888420871,2469000,1
67.8909,18,67888420871,2469000,1
67.8934,12,67890932871,2496006,0
67.896,18,67893491877,2496006,0
67.8985,22,67896014883,2496006,0
67.901,18,67898537889,2496006,0
67.9036,22,67901069895,2496006,0
67.9061,5,67903592901,2469000,1
67.9061,1,67903592901,2469000,1
67.9086,22,67906059901,2496006,0
67.9111,12,67908591907,2496006,0
67.9162,22,67913709919,2469000,1
67.9162,18,67913709919,2469000,1
67.9187,12,67916221919,2496006,0
67.9212,16,67918744925,2496006,0
67.9238,16,67921285931,2496006,0
67.9263,10,67923844937,2496006,0
67.9288,23,67926376943,2469000,1
67.9288,17,67926376943,2469000,1
67.9288,22,67926376943,2469000,1
67.9313,12,67928852943,2496006,0
67.9364,10,67933907955,2496006,0
67.9392,21,67936743961,2469000,1
67.9392,2,67936743961,2469000,1
67.9417,12,67939219961,2496006,0
67.9442,16,67941742967,2469000,1
67.9442,12,67941742967,2469000,1
67.9467,18,67944218967,2496006,0
67.9492,12,67946750973,2496006,0
67.9518,22,67949273979,2496006,0
67.9543,12,67951832985,2469000,1
67.9543,10,67951832985,2469000,1
67.9568,18,67954317985,2469000,1
67.9593,21,67956793985,2496006,0
67.9618,22,67959316991,2496006,0
67.9643,22,67961848997,2496006,0
67.9669,21,67964399003,2496006,0
67.9697,22,67967253009,2469000,1
67.9697,1,67967253009,2469000,1
67.9722,8,67969747009,2469000,1
67.9722,16,67969747009,2469000,1
67.9747,18,67972214009,2496006,0
67.9772,18,67974737015,2496006,0
67.9798,22,67977260021,2496006,0
67.9848,20,67982324033,2469000,1
67.9848,21,67982324033,2469000,1
67.9873,10,67984800033,2496006,0
67.9898,12,67987341039,2496006,0
67.9924,12,67989864045,2496006,0
67.9949,18,67992396051,2496006,0
67.9974,22,67994919057,2469000,1
67.9974,1,67994919057,2469000,1
67.9999,4,67997422057,2496006,0
68.0024,10,67999954063,2469000,1
68.0024,18,67999954063,2469000,1
68.0049,21,68002421063,2496006,0
68.0074,18,68004953069,2496006,0
68.0099,18,68007476075,2469000,1
68.0124,15,68009943075,2496006,0
68.015,12,68012466081,2496006,0
68.0175,21,68015025087,2469000,1
68.0175,9,68015025087,2469000,1
68.02,4,68017492087,2496006,0
68.0225,18,68020015093,2496006,0
68.0251,16,68022556099,2496006,0
68.0276,7,68025079105,2496006,0
68.0301,18,68027602111,2496006,0
68.0326,23,68030125117,2469000,1
68.0326,15,68030125117,2469000,1
68.0326,12,68030125117,2469000,1
68.0326,7,68030125117,2469000,1
68.0351,16,68032592117,2496006,0
68.0376,22,68035124123,2469000,1
68.0376,10,68035124123,2469000,1
68.0401,4,68037600123,2496006,0
68.0429,21,68040436129,2496006,0
68.0454,18,68042959135,2469000,1
68.0454,12,68042959135,2469000,1
68.0505,12,68047967141,2496006,0
68.053,7,68050490147,2469000,1
68.053,16,68050490147,2469000,1
68.0555,12,68052957147,2496006,0
68.058,12,68055489153,2496006,0
68.0605,4,68058039159,2469000,1
68.0605,12,68058039159,2469000,1
68.063,21,68060506159,2496006,0
68.0655,21,68063038165,2496006,0
68.0681,18,68065588171,2496006,0
68.0709,21,68068433177,2469000,1
68.0709,15,68068433177,2469000,1
68.0734,18,68070900177,2496006,0
68.0759,1,68073423183,2469000,1
68.0759,18,68073423183,2469000,1
68.0784,10,68075917183,2496006,0
68.0809,22,68078458189,2469000,1
68.0809,16,68078458189,2469000,1
68.0834,7,68080925189,2496006,0
68.0859,21,68083448195,2469000,1
68.0884,7,68085924195,2496006,0
68.0909,10,68088447201,2496006,0
68.0934,17,68090970207,2469000,1
68.0934,4,68090970207,2469000,1
68.0934,21,68090970207,2469000,1
68.0934,10,68090970207,2469000,1
68.0959,12,68093446207,2469000,1
68.0959,21,68093446207,2469000,1
68.0984,13,68095913207,2496006,0
68.1009,10,68098436213,2496006,0
68.1035,7,68100968219,2496006,0
68.106,13,68103491225,2469000,1
68.106,7,68103491225,2469000,1
68.1085,10,68105967225,2496006,0
68.111,12,68108508231,2496006,0
68.1135,18,68111031237,2469000,1
68.1135,4,68111031237,2469000,1
68.1135,10,68111031237,2469000,1
68.116,16,68113534237,2496006,0
68.1186,13,68116057243,2496006,0
68.121,15,68118580249,2469000,1
68.121,7,68118580249,2469000,1
68.121,10,68118580249,2469000,1
68.1236,16,68121074249,2496006,0
68.1261,13,68123597255,2496006,0
68.1311,12,68128643267,2496006,0
68.1337,13,68131175273,2496006,0
68.1362,19,68133743279,2496006,0
68.1388,12,68136266285,2496006,0
68.1413,19,68138798291,2469000,1
68.1413,12,68138798291,2469000,1
68.1441,13,68141578297,2496006,0
68.1466,16,68144101303,2496006,0
68.1491,16,68146678309,2469000,1
68.1491,13,68146678309,2469000,1
68.1491,21,68146678309,2469000,1
68.1516,19,68149145309,2496006,0
68.1542,12,68151686315,2469000,1
68.1542,19,68151686315,2469000,1
68.1567,12,68154180315,2496006,0
68.1618,16,68159280327,2496006,0
68.1643,12,68161812333,2469000,1
68.1643,18,68161812333,2469000,1
68.1668,7,68164369333,2469000,1
68.1668,10,68164369333,2469000,1
68.1668,19,68164369333,2469000,1
68.1693,16,68166836333,2496006,0
68.1719,13,68169368339,2496006,0
68.1747,13,68172213345,2496006,0
68.1772,13,68174736351,2496006,0
68.1798,12,68177259357,2496006,0
68.1848,22,68182314369,2496006,0
68.1873,16,68184837375,2496006,0
68.1899,5,68187387381,2496006,0
68.1924,16,68189910387,2469000,1
68.1924,22,68189910387,2469000,1
68.1924,19,68189910387,2469000,1
68.1949,4,68192377387,2496006,0
68.1974,15,68194900393,2469000,1
68.1974,5,68194900393,2469000,1
68.1998,13,68197376393,2469000,1
68.1998,16,68197376393,2469000,1
68.2023,18,68199843393,2469000,1
68.2023,12,68199843393,2469000,1
68.2048,13,68202319393,2496006,0
68.2074,13,68204887399,2469000,1
68.2099,4,68207354399,2496006,0
68.2124,22,68209904405,2496006,0
68.2149,4,68212445411,2469000,1
68.2149,5,68212445411,2469000,1
68.2149,13,68212445411,2469000,1
68.2174,12,68214912411,2469000,1
68.2174,22,68214912411,2469000,1
68.2199,11,68217442411,2496006,0
68.2225,14,68219974417,2496006,0
68.225,11,68222497423,2496006,0
68.2275,23,68225029429,2469000,1
68.23,12,68227505429,2496006,0
68.2325,4,68230037435,2496006,0
68.2351,12,68232560441,2496006,0
68.2376,16,68235110447,2496006,0
68.2401,14,68237642453,2469000,1
68.2401,11,68237642453,2469000,1
68.2401,16,68237642453,2469000,1
68.2426,14,68240118453,2469000,1
68.2426,16,68240118453,2469000,1
68.2451,4,68242594453,2469000,1
68.2451,22,68242594453,2469000,1
68.2451,14,68242594453,2469000,1
68.2479,12,68245374459,2496006,0
68.2504,12,68247897465,2496006,0
68.2554,19,68252952477,2496006,0
68.258,12,68255493483,2496006,0
68.2605,11,68258025489,2496006,0
68.2631,16,68260584495,2496006,0
68.2656,19,68263107501,2496006,0
68.2682,11,68265666507,2496006,0
68.2707,12,68268189513,2496006,0
68.2732,16,68270712519,2496006,0
68.276,5,68273557525,2469000,1
68.276,4,68273557525,2469000,1
68.2785,12,68276024525,2469000,1
68.281,13,68278509525,2496006,0
68.2835,19,68281050531,2469000,1
68.2835,22,68281050531,2469000,1
68.286,18,68283517531,2496006,0
68.2885,17,68286040537,2469000,1
68.2885,10,68286040537,2469000,1
68.2885,11,68286040537,2469000,1
68.291,16,68288507537,2496006,0
68.2935,13,68291030543,2496006,0
68.2961,16,68293589549,2496006,0
68.2986,13,68296139555,2469000,1
68.2986,18,68296139555,2469000,1
68.3011,12,68298606555,2496006,0
68.3062,16,68303670567,2496006,0
68.3087,7,68306229573,2496006,0
68.3112,12,68308752579,2496006,0
68.3138,4,68311275585,2496006,0
68.3163,16,68313798591,2496006,0
68.3188,7,68316339597,2496006,0
68.3214,12,68318862603,2496006,0
68.3239,19,68321394609,2469000,1
68.3239,13,68321394609,2469000,1
68.3264,11,68323861609,2496006,0
68.3289,20,68326384615,2496006,0
68.3314,7,68328907621,2469000,1
68.3314,4,68328907621,2469000,1
68.3339,20,68331374621,2496006,0
68.3364,16,68333897627,2496006,0
68.3414,12,68338943639,2496006,0
68.344,11,68341493645,2496006,0
68.3465,12,68344025651,2469000,1
68.3465,18,68344025651,2469000,1
68.3493,7,68346805657,2496006,0
68.3518,11,68349337663,2496006,0
68.3544,16,68351860669,2496006,0
68.3569,20,68354401675,2496006,0
68.3594,20,68356951681,2496006,0
68.362,7,68359483687,2496006,0
68.3645,4,68362006693,2496006,0
68.367,12,68364538699,2496006,0
68.3695,16,68367061705,2469000,1
68.3695,11,68367061705,2469000,1
68.3746,14,68372087711,2496006,0
68.3774,4,68374932717,2469000,1
68.3774,11,68374932717,2469000,1
68.3799,12,68377399717,2496006,0
68.3824,8,68379922723,2469000,1
68.3824,20,68379922723,2469000,1
68.3824,7,68379922723,2469000,1
68.3849,14,68382398723,2496006,0
68.3874,14,68384921729,2496006,0
68.3899,12,68387453735,2469000,1
68.3899,1,68387453735,2469000,1
68.3924,2,68389920735,2469000,1
68.3924,13,68389920735,2469000,1
68.3949,22,68392405735,2496006,0
68.3974,22,68394937741,2496006,0
68.3999,18,68397460747,2469000,1
68.3999,8,68397460747,2469000,1
68.3999,2,68397460747,2469000,1
68.4024,5,68399927747,2496006,0
68.4049,16,68402450753,2469000,1
68.4049,22,68402450753,2469000,1
68.4074,20,68404917753,2469000,1
68.4074,7,68404917753,2469000,1
68.4074,12,68404917753,2469000,1
68.4099,19,68407384753,2469000,1
68.4099,14,68407384753,2469000,1
68.4123,4,68409851753,2496006,0
68.4149,8,68412383759,2496006,0
68.4174,5,68414906765,2496006,0
68.4199,14,68417429771,2469000,1
68.4224,2,68419896771,2469000,1
68.4224,22,68419896771,2469000,1
68.4249,2,68422372771,2496006,0
68.4274,2,68424895777,2496006,0
68.4299,8,68427427783,2469000,1
68.4299,4,68427427783,2469000,1
68.4324,19,68429903783,2496006,0
68.4349,5,68432444789,2496006,0
68.4374,20,68434967795,2469000,1
68.4374,7,68434967795,2469000,1
68.4399,5,68437461795,2469000,1
68.4399,13,68437461795,2469000,1
68.4424,19,68439928795,2496006,0
68.4449,11,68442460801,2469000,1
68.4449,2,68442460801,2469000,1
68.4449,8,68442460801,2469000,1
68.4474,19,68444927801,2496006,0
68.45,4,68447459807,2496006,0
68.4528,16,68450313813,2496006,0
68.4554,18,68452854819,2496006,0
68.4579,2,68455386825,2496006,0
68.4604,18,68457909831,2496006,0
68.4629,19,68460441837,2469000,1
68.4629,2,68460441837,2469000,1
68.4629,18,68460441837,2469000,1
68.4654,16,68462908837,2469000,1
68.4654,19,68462910837,2469000,1
68.4679,16,68465377837,2496006,0
68.4704,5,68467900843,2469000,1
68.4729,4,68470367843,2496006,0
68.4754,12,68472890849,2469000,1
68.4754,19,68472890849,2469000,1
68.4779,16,68475366849,2496006,0
68.4807,10,68478220855,2469000,1
68.4807,2,68478220855,2469000,1
68.4832,16,68480696855,2496006,0
68.4857,18,68483228861,2496006,0
68.4882,4,68485751867,2496006,0
68.4908,14,68488283873,2496006,0
68.4933,8,68490806879,2496006,0
68.4958,18,68493329885,2496006,0
68.4984,16,68495861891,2496006,0
68.5009,18,68498402897,2469000,1
68.5009,14,68498402897,2469000,1
68.5034,16,68500869897,2496006,0
68.5059,4,68503392903,2469000,1
68.5059,16,68503392903,2469000,1
68.5083,8,68505877903,2469000,1
68.5083,22,68505877903,2469000,1
68.5083,2,68505877903,2469000,1
68.5109,20,68508371903,2496006,0
68.5134,4,68510894909,2496006,0
68.5159,15,68513444915,2496006,0
68.521,4,68518508927,2496006,0
68.5235,15,68521040933,2469000,1
68.5235,14,68521040933,2469000,1
68.526,20,68523516933,2496006,0
68.5285,23,68526048939,2469000,1
68.5285,16,68526048939,2469000,1
68.531,12,68528524939,2496006,0
68.5336,8,68531056945,2496006,0
68.5361,12,68533579951,2496006,0
68.5386,18,68536102957,2496006,0
68.5411,4,68538634963,2469000,1
68.5411,8,68538634963,2469000,1
68.5436,22,68541101963,2496006,0
68.5461,11,68543624969,2469000,1
68.5461,20,68543624969,2469000,1
68.5486,7,68546109969,2469000,1
68.5486,5,68546109969,2469000,1
68.5486,4,68546109969,2469000,1
68.5511,15,68548585969,2496006,0
68.5539,18,68551421975,2496006,0
68.5564,15,68553944981,2496006,0
68.559,12,68556467987,2496006,0
68.5615,22,68559035993,2496006,0
68.5641,12,68561585999,2469000,1
68.5665,15,68564052999,2496006,0
68.569,8,68566576005,2469000,1
68.569,18,68566576005,2469000,1
68.5715,22,68569043005,2496006,0
68.5741,20,68571602011,2496006,0
68.5766,9,68574143017,2469000,1
68.5766,15,68574143017,2469000,1
68.5791,11,68576637017,2496006,0
68.5816,20,68579160023,2469000,1
68.5816,11,68579160023,2469000,1
68.5844,12,68581940029,2496006,0
68.587,22,68584463035,2496006,0
68.5895,12,68587049041,2469000,1
68.5895,2,68587049041,2469000,1
68.5895,18,68587049041,2469000,1
68.592,14,68589525041,2469000,1
68.592,8,68589525041,2469000,1
68.5945,19,68592001041,2469000,1
68.5945,16,68592001041,2469000,1
68.597,22,68594486041,2496006,0
68.5995,20,68597009047,2469000,1
68.6019,15,68599476047,2469000,1
68.6019,18,68599476047,2469000,1
68.6044,18,68601945047,2496006,0
68.607,4,68604468053,2496006,0
68.6095,18,68606991059,2496006,0
68.612,22,68609523065,2469000,1
68.612,12,68609523065,2469000,1
68.6145,21,68612017065,2496006,0
68.617,4,68614540071,2496006,0
68.6195,11,68617072077,2469000,1
68.6195,15,68617072077,2469000,1
68.6221,4,68619557077,2496006,0
68.6246,4,68622089083,2496006,0
68.6271,18,68624612089,2469000,1
68.6271,4,68624612089,2469000,1
68.6296,21,68627088089,2496006,0
68.6321,18,68629620095,2496006,0
68.6346,8,68632161101,2469000,1
68.6346,16,68632161101,2469000,1
68.6371,18,68634628101,2496006,0
68.6421,21,68639674113,2469000,1
68.6421,7,68639674113,2469000,1
68.6446,22,68642150113,2469000,1
68.6446,21,68642150113,2469000,1
68.6471,18,68644617113,2496006,0
68.6496,5,68647149119,2496006,0
68.6522,4,68649681125,2496006,0
68.6547,20,68652231131,2496006,0
68.6576,18,68655094137,2496006,0
68.6601,5,68657626143,2496006,0
68.6626,20,68660167149,2469000,1
68.6626,5,68660167149,2469000,1
68.6651,18,68662643149,2469000,1
68.6651,4,68662643149,2469000,1
68.6676,12,68665110149,2496006,0
68.6701,20,68667633155,2496006,0
68.6727,12,68670183161,2496006,0
68.6752,20,68672706167,2469000,1
68.6752,21,68672706167,2469000,1
68.6802,4,68677714173,2496006,0
68.6828,4,68680255179,2496006,0
68.6856,12,68683091185,2496006,0
68.6881,5,68685623191,2496006,0
68.6907,4,68688173197,2496006,0
68.6932,18,68690696203,2496006,0
68.6957,20,68693219209,2496006,0
68.6982,12,68695742215,2496006,0
68.7008,11,68698265221,2496006,0
68.7033,4,68700788227,2496006,0
68.7058,5,68703311233,2496006,0
68.7083,22,68705843239,2469000,1
68.7083,4,68705843239,2469000,1
68.7108,11,68708328239,2496006,0
68.7133,12,68710851245,2496006,0
68.7159,20,68713374251,2496006,0
68.7184,18,68715897257,2496006,0
68.7209,21,68718429263,2469000,1
68.7209,5,68718429263,2469000,1
68.7259,20,68723419269,2469000,1
68.7259,11,68723419269,2469000,1
68.7259,14,68723419269,2469000,1
68.7284,12,68725895269,2496006,0
68.7309,18,68728418275,2496006,0
68.7335,13,68730977281,2496006,0
68.736,18,68733500287,2496006,0
68.7385,15,68736032293,2469000,1
68.7385,20,68736032293,2469000,1
68.7385,11,68736032293,2469000,1
68.7385,13,68736032293,2469000,1
68.741,12,68738499293,2469000,1
68.741,2,68738499293,2469000,1
68.741,4,68738499293,2469000,1
68.7435,18,68740975293,2496006,0
68.746,4,68743552299,2496006,0
68.7486,18,68746084305,2496006,0
68.7511,4,68748625311,2496006,0
68.7536,21,68751166317,2469000,1
68.7536,5,68751166317,2469000,1
68.7536,4,68751166317,2469000,1
68.7561,12,68753651317,2469000,1
68.7561,5,68753651317,2469000,1
68.7589,18,68756431323,2469000,1
68.7614,13,68758925323,2496006,0
68.7639,11,68761448329,2469000,1
68.7639,13,68761448329,2469000,1
68.7665,18,68763978329,2496006,0
68.769,18,68766510335,2496006,0
68.7716,18,68769123341,2496006,0
68.7741,4,68771655347,2469000,1
68.7766,20,68774140347,2496006,0
68.7792,11,68776690353,2469000,1
68.7792,18,68776690353,2469000,1
68.7817,4,68779157353,2496006,0
68.7842,13,68781680359,2496006,0
68.7896,20,68787093371,2496006,0
68.7921,12,68789643377,2496006,0
68.7947,20,68792166383,2496006,0
68.7972,4,68794689389,2496006,0
68.7997,13,68797212395,2469000,1
68.7997,12,68797212395,2469000,1
68.8022,18,68799688395,2496006,0
68.8047,13,68802211401,2496006,0
68.8072,18,68804734407,2496006,0
68.8098,12,68807266413,2496006,0
68.8123,4,68809789419,2469000,1
68.8147,13,68812265419,2469000,1
68.8147,20,68812265419,2469000,1
68.8147,22,68812265419,2469000,1
68.8172,12,68814741419,2496006,0
68.8197,19,68817264425,2469000,1
68.8197,12,68817264425,2469000,1
68.8222,18,68819731425,2496006,0
68.8248,17,68822272431,2496006,0
68.8273,4,68824813437,2496006,0
68.8298,12,68827345443,2496006,0
68.8324,18,68829868449,2496006,0
68.8349,4,68832400455,2469000,1
68.8349,13,68832400455,2469000,1
68.8399,12,68837435461,2469000,1
68.8399,20,68837435461,2469000,1
68.8399,17,68837435461,2469000,1
68.8399,18,68837435461,2469000,1
68.8424,13,68839929461,2496006,0
68.845,19,68842461467,2496006,0
68.8475,13,68844984473,2496006,0
68.85,13,68847525479,2496006,0
68.8525,4,68850048485,2496006,0
68.855,10,68852571491,2469000,1
68.855,3,68852571491,2469000,1
68.8575,18,68855038491,2496006,0
68.8604,4,68857874497,2496006,0
68.8629,19,68860424503,2496006,0
68.8654,17,68862956509,2469000,1
68.8679,12,68865450509,2496006,0
68.8704,4,68867973515,2469000,1
68.8704,13,68867973515,2469000,1
68.8729,19,68870449515,2496006,0
68.8755,18,68872972521,2496006,0
68.878,12,68875495527,2496006,0
68.8805,4,68878018533,2469000,1
68.8805,12,68878018533,2469000,1
68.883,13,68880485533,2496006,0
68.8855,20,68883008539,2496006,0
68.888,19,68885531545,2496006,0
68.8908,18,68888367551,2469000,1
68.8908,13,68888367551,2469000,1
68.8933,15,68890834551,2496006,0
68.8959,17,68893357557,2496006,0
68.8984,6,68895880563,2496006,0
68.9009,19,68898412569,2496006,0
68.9034,13,68900935575,2496006,0
68.906,5,68903458581,2496006,0
68.9085,21,68905990587,2469000,1
68.9085,13,68905990587,2469000,1
68.9085,5,68905990587,2469000,1
68.9109,15,68908457587,2469000,1
68.9109,13,68908459587,2469000,1
68.9134,19,68910926587,2496006,0
68.916,20,68913458593,2496006,0
68.9185,12,68915990599,2469000,1
68.9185,20,68915990599,2469000,1
68.921,17,68918457599,2496006,0
68.9235,4,68920998605,2469000,1
68.9235,6,68920998605,2469000,1
68.926,6,68923467605,2496006,0
68.9285,17,68925999611,2469000,1
68.9285,19,68925999611,2469000,1
68.9309,16,68928466611,2469000,1
68.9309,5,68928466611,2469000,1
68.9335,15,68930969611,2496006,0
68.936,17,68933492617,2496006,0
68.9385,18,68936015623,2496006,0
68.941,6,68938538629,2469000,1
68.941,17,68938538629,2469000,1
68.9435,6,68941014629,2496006,0
68.946,8,68943537635,2469000,1
68.946,14,68943537635,2469000,1
68.9485,19,68946022635,2496006,0
68.951,6,68948554641,2469000,1
68.951,15,68948554641,2469000,1
68.951,18,68948554641,2469000,1
68.9535,19,68951039641,2496006,0
68.9561,12,68953562647,2496006,0
68.9611,20,68958608659,2496006,0
68.9639,20,68961444665,2496006,0
68.9665,12,68963967671,2496006,0
68.969,19,68966490677,2496006,0
68.9715,13,68969013683,2496006,0
68.974,8,68971536689,2496006,0
68.9765,17,68974059695,2469000,1
68.9765,19,68974059695,2469000,1
68.979,19,68976544695,2496006,0
68.9816,12,68979067701,2496006,0
68.9841,13,68981626707,2469000,1
68.9841,20,68981626707,2469000,1
68.9866,12,68984102707,2469000,1
68.9866,23,68984102707,2469000,1
68.9891,8,68986578707,2496006,0
68.9919,15,68989423713,2469000,1
68.9919,17,68989423713,2469000,1
68.9944,6,68991890713,2496006,0
68.9969,19,68994413719,2469000,1
68.9969,6,68994413719,2469000,1
68.9994,18,68996889719,2469000,1
68.9994,20,68996889719,2469000,1
68.9994,6,68996889719,2469000,1
69.0019,19,68999383719,2496006,0
69.0044,5,69001906725,2496006,0
69.0069,19,69004429731,2496006,0
69.0094,5,69006952737,2496006,0
69.012,11,69009475743,2496006,0
69.0145,2,69011998749,2496006,0
69.017,8,69014521755,2469000,1
69.017,17,69014521755,2469000,1
69.017,6,69014521755,2469000,1
69.0195,2,69016988755,2496006,0
69.022,13,69019511761,2496006,0
69.0245,5,69022034767,2469000,1
69.0245,13,69022034767,2469000,1
69.027,1,69024501767,2496006,0
69.0295,19,69027024773,2469000,1
69.0295,13,69027024773,2469000,1
69.032,5,69029491773,2496006,0
69.0345,1,69032014779,2496006,0
69.037,19,69034546785,2496006,0
69.0396,2,69037096791,2469000,1
69.0396,12,69037096791,2469000,1
69.0396,11,69037096791,2469000,1
69.0421,19,69039599791,2496006,0
69.0446,5,69042122797,2469000,1
69.0446,11,69042122797,2469000,1
69.0471,2,69044589797,2496006,0
69.0496,1,69047112803,2469000,1
69.0496,2,69047112803,2469000,1
69.052,4,69049579803,2469000,1
69.052,13,69049579803,2469000,1
69.0545,8,69052046803,2496006,0
69.0571,19,69054578809,2496006,0
69.0596,17,69057101815,2496006,0
69.0621,13,69059624821,2469000,1
69.0621,8,69059624821,2469000,1
69.0621,17,69059624821,2469000,1
69.0649,14,69062422827,2496006,0
69.0674,1,69064945833,2496006,0
69.07,11,69067468839,2496006,0
69.0725,20,69070000845,2469000,1
69.0725,5,69070000845,2469000,1
69.0725,8,69070000845,2469000,1
69.075,14,69072467845,2496006,0
69.0775,2,69074990851,2496006,0
69.08,1,69077522857,2496006,0
69.0826,14,69080054863,2496006,0
69.085,19,69082577869,2469000,1
69.085,20,69082577869,2469000,1
69.0875,2,69085044869,2469000,1
69.0875,18,69085044869,2469000,1
69.0875,11,69085044869,2469000,1
69.09,14,69087511869,2496006,0
69.0925,8,69090034875,2496006,0
69.0954,1,69092888881,2496006,0
69.0979,8,69095420887,2469000,1
69.0979,15,69095420887,2469000,1
69.1004,6,69097887887,2469000,1
69.1004,1,69097887887,2469000,1
69.1029,17,69100354887,2496006,0
69.1054,17,69102913893,2469000,1
69.1054,12,69102913893,2469000,1
69.1054,14,69102913893,2469000,1
69.1079,2,69105425893,2469000,1
69.1079,8,69105425893,2469000,1
69.1104,19,69107892893,2496006,0
69.1129,19,69110415899,2496006,0
69.1154,22,69112938905,2496006,0
69.1179,8,69115470911,2469000,1
69.1179,19,69115470911,2469000,1
69.1204,11,69117946911,2496006,0
69.123,22,69120469917,2496006,0
69.1255,1,69122992923,2496006,0
69.128,5,69125515929,2469000,1
69.128,1,69125515929,2469000,1
69.1305,11,69127991929,2496006,0
69.133,14,69130514935,2496006,0
69.1355,17,69133037941,2496006,0
69.1381,14,69135560947,2496006,0
69.1406,22,69138101953,2469000,1
69.1406,7,69138101953,2469000,1
69.1431,14,69140586953,2469000,1
69.1431,17,69140586953,2469000,1
69.1456,11,69143080953,2496006,0
69.1481,2,69145603959,2469000,1
69.1481,11,69145603959,2469000,1
69.1506,14,69148088959,2469000,1
69.1506,11,69148088959,2469000,1
69.1556,19,69153116965,2496006,0
69.1581,17,69155639971,2496006,0
69.1607,1,69158198977,2496006,0
69.1632,15,69160721983,2496006,0
69.1657,22,69163244989,2469000,1
69.1657,15,69163244989,2469000,1
69.1685,1,69166024995,2496006,0
69.1711,1,69168575001,2496006,0
69.1736,19,69171098007,2496006,0
69.1761,17,69173621013,2496006,0
69.1787,17,69176162019,2496006,0
69.1812,2,69178685025,2496006,0
69.1837,1,69181244031,2469000,1
69.1837,18,69181244031,2469000,1
69.1862,19,69183711031,2496006,0
69.1887,1,69186234037,2496006,0
69.1912,17,69188766043,2469000,1
69.1912,11,69188766043,2469000,1
69.1937,2,69191242043,2469000,1
69.1937,15,69191242043,2469000,1
69.1966,14,69194067049,2496006,0
69.1991,1,69196608055,2496006,0
69.2016,19,69199131061,2469000,1
69.2041,2,69201598061,2496006,0
69.2066,2,69204139067,2496006,0
69.2092,19,69206689073,2496006,0
69.2117,14,69209212079,2469000,1
69.2117,12,69209212079,2469000,1
69.2142,1,69211697079,2496006,0
69.2167,14,69214229085,2496006,0
69.2192,2,69216770091,2469000,1
69.2192,15,69216770091,2469000,1
69.2217,17,69219246091,2496006,0
69.2243,1,69221769097,2496006,0
69.2268,5,69224310103,2496006,0
69.2293,19,69226833109,2496006,0
69.2318,13,69229356115,2469000,1
69.2318,22,69229356115,2469000,1
69.2343,17,69231832115,2469000,1
69.2343,8,69231832115,2469000,1
69.2343,5,69231832115,2469000,1
69.2368,14,69234299115,2496006,0
69.2393,19,69236831121,2469000,1
69.2393,4,69236831121,2469000,1
69.2418,14,69239298121,2496006,0
69.2443,5,69241821127,2496006,0
69.2468,1,69244353133,2469000,1
69.2468,20,69244353133,2469000,1
69.2493,17,69246820133,2469000,1
69.2493,5,69246820133,2469000,1
69.2543,19,69251810139,2496006,0
69.2568,19,69254333145,2496006,0
69.2594,14,69256865151,2496006,0
69.2619,14,69259406157,2496006,0
69.2644,1,69261947163,2469000,1
69.2644,5,69261947163,2469000,1
69.2669,2,69264414163,2496006,0
69.2698,17,69267259169,2496006,0
69.2723,19,69269791175,2496006,0
69.2748,17,69272314181,2496006,0
69.2774,14,69274855187,2496006,0
69.2799,2,69277405193,2496006,0
69.2824,6,69279928199,2496006,0
69.2849,17,69282451205,2496006,0
69.2875,14,69284992211,2469000,1
69.2875,17,69284992211,2469000,1
69.29,17,69287468211,2496006,0
69.2925,19,69289991217,2469000,1
69.2925,17,69289991217,2469000,1
69.295,5,69292458217,2496006,0
69.2975,6,69294981223,2469000,1
69.2975,14,69294981223,2469000,1
69.2975,17,69294981223,2469000,1
69.3003,2,69297761229,2496006,0
69.3028,11,69300293235,2469000,1
69.3028,2,69300293235,2469000,1
69.3078,19,69305319241,2496006,0
69.3103,1,69307842247,2496006,0
69.3129,5,69310383253,2496006,0
69.3154,1,69312906259,2496006,0
69.3179,19,69315438265,2496006,0
69.3205,5,69317961271,2496006,0
69.323,12,69320511277,2496006,0
69.3255,6,69323034283,2496006,0
69.3281,1,69325566289,2496006,0
69.3306,19,69328089295,2469000,1
69.3306,22,69328089295,2469000,1
69.3331,2,69330574295,2496006,0
69.3356,23,69333115301,2496006,0
69.3381,5,69335638307,2496006,0
69.3407,12,69338161313,2496006,0
69.3432,6,69340684319,2496006,0
69.3457,1,69343216325,2496006,0
69.3483,23,69345784331,2469000,1
69.3483,2,69345784331,2469000,1
69.3507,6,69348251331,2469000,1
69.3507,5,69348251331,2469000,1
69.3532,1,69350736331,2469000,1
69.3532,4,69350736331,2469000,1
69.3532,14,69350736331,2469000,1
69.3557,12,69353221331,2496006,0
69.3582,6,69355744337,2496006,0
69.3608,19,69358294343,2496006,0
69.3633,23,69360817349,2496006,0
69.3658,6,69363340355,2469000,1
69.3658,17,69363340355,2469000,1
69.3683,23,69365807355,2496006,0
69.3708,12,69368330361,2496006,0
69.3736,15,69371175367,2469000,1
69.3736,23,69371175367,2469000,1
69.3762,6,69373687367,2496006,0
69.3787,1,69376210373,2469000,1
69.3787,19,69376210373,2469000,1
69.3812,5,69378686373,2496006,0
69.3837,23,69381209379,2469000,1
69.3837,6,69381209379,2469000,1
69.3862,2,69383676379,2496006,0
69.3887,17,69386217385,2469000,1
69.3887,12,69386217385,2469000,1
69.3912,2,69388702385,2469000,1
69.3912,12,69388702385,2469000,1
69.3936,19,69391169385,2469000,1
69.3936,5,69391169385,2469000,1
69.3962,22,69393654385,2496006,0
69.3987,6,69396231391,2496006,0
69.4016,2,69399067397,2496006,0
69.4041,22,69401590403,2496006,0
69.4066,5,69404113409,2496006,0
69.4092,5,69406654415,2496006,0
69.4117,5,69409177421,2496006,0
69.4142,22,69411700427,2496006,0
69.4167,22,69414232433,2496006,0
69.4193,6,69416764439,2496006,0
69.4218,5,69419296445,2469000,1
69.4218,18,69419296445,2469000,1
69.4218,2,69419296445,2469000,1
69.4243,19,69421781445,2496006,0
69.4268,22,69424313451,2469000,1
69.4268,19,69424313451,2469000,1
69.4318,6,69429321457,2469000,1
69.4318,19,69429321457,2469000,1
69.4343,14,69431788457,2496006,0
69.4368,1,69434329463,2496006,0
69.4394,2,69436861469,2496006,0
69.4419,14,69439393475,2469000,1
69.4419,12,69439393475,2469000,1
69.4419,1,69439393475,2469000,1
69.4444,5,69441869475,2496006,0
69.4469,1,69444410481,2496006,0
69.4494,23,69446933487,2469000,1
69.4494,5,69446933487,2469000,1
69.4494,1,69446933487,2469000,1
69.4519,2,69449418487,2496006,0
69.4544,19,69451941493,2496006,0
69.457,5,69454464499,2496006,0
69.4595,19,69456987505,2496006,0
69.462,5,69459546511,2496006,0
69.4646,22,69462069517,2496006,0
69.4696,2,69467124529,2469000,1
69.4696,6,69467124529,2469000,1
69.4721,22,69469600529,2469000,1
69.4721,19,69469600529,2469000,1
69.4749,1,69472416535,2496006,0
69.4774,1,69474939541,2496006,0
69.48,14,69477480547,2496006,0
69.4825,5,69480003553,2469000,1
69.4825,22,69480003553,2469000,1
69.485,1,69482470553,2496006,0
69.4875,8,69485011559,2496006,0
69.49,1,69487552565,2469000,1
69.49,2,69487552565,2469000,1
69.49,8,69487552565,2469000,1
69.4925,14,69490028565,2496006,0
69.4951,14,69492569571,2496006,0
69.4976,8,69495110577,2496006,0
69.5027,5,69500156589,2496006,0
69.5055,14,69502992595,2469000,1
69.5055,1,69502992595,2469000,1
69.5079,19,69505459595,2469000,1
69.5079,8,69505459595,2469000,1
69.5104,6,69507926595,2496006,0
69.5129,14,69510449601,2496006,0
69.5155,2,69513026607,2496006,0
69.518,6,69515549613,2496006,0
69.5206,14,69518081619,2496006,0
69.5231,5,69520604625,2496006,0
69.5256,22,69523127631,2496006,0
69.5281,6,69525650637,2496006,0
69.5307,8,69528218643,2496006,0
69.5332,5,69530741649,2496006,0
69.5357,6,69533264655,2469000,1
69.5357,2,69533264655,2469000,1
69.5407,22,69538254661,2469000,1
69.5407,19,69538254661,2469000,1
69.5407,14,69538254661,2469000,1
69.5432,8,69540721661,2496006,0
69.5457,11,69543262667,2469000,1
69.5457,2,69543262667,2469000,1
69.5457,22,69543262667,2469000,1
69.5482,5,69545738667,2469000,1
69.5482,6,69545738667,2469000,1
69.5507,14,69548205667,2496006,0
69.5533,14,69550755673,2496006,0
69.5558,16,69553278679,2496006,0
69.5583,1,69555801685,2496006,0
69.5608,8,69558324691,2469000,1
69.5608,14,69558324691,2469000,1
69.5634,16,69560854691,2496006,0
69.5659,23,69563386697,2496006,0
69.5684,1,69565918703,2496006,0
69.5709,16,69568459709,2469000,1
69.5734,23,69570926709,2469000,1
69.5734,8,69570926709,2469000,1
69.5734,1,69570926709,2469000,1
69.5759,5,69573411709,2496006,0
69.5787,14,69576247715,2496006,0
69.5813,14,69578806721,2469000,1
69.5813,5,69578806721,2469000,1
69.5838,14,69581300721,2496006,0
69.5864,12,69583859727,2496006,0
69.5889,16,69586382733,2469000,1
69.5889,1,69586382733,2469000,1
69.5914,6,69588858733,2496006,0
69.5939,22,69591381739,2496006,0
69.5964,22,69593904745,2496006,0
69.5989,12,69596427751,2469000,1
69.5989,8,69596427751,2469000,1
69.5989,6,69596427751,2469000,1
69.6039,23,69601426757,2469000,1
69.6039,6,69601426757,2469000,1
69.6067,14,69604215763,2496006,0
69.6092,12,69606738769,2496006,0
69.6117,6,69609279775,2469000,1
69.6117,12,69609279775,2469000,1
69.6142,14,69611746775,2469000,1
69.6142,2,69611746775,2469000,1
69.6142,5,69611746775,2469000,1
69.6142,8,69611746775,2469000,1
69.6167,22,69614222775,2496006,0
69.6192,13,69616745781,2496006,0
69.6218,16,69619268787,2496006,0
69.6243,19,69621791793,2496006,0
69.6268,19,69624314799,2496006,0
69.6293,22,69626837805,2496006,0
69.6319,19,69629369811,2496006,0
69.6344,23,69631901817,2496006,0
69.6369,22,69634424823,2496006,0
69.6394,16,69636947829,2496006,0
69.6419,13,69639470835,2469000,1
69.6419,15,69639470835,2469000,1
69.6444,23,69641955835,2469000,1
69.6469,19,69644422835,2496006,0
69.6494,16,69646945841,2496006,0
69.652,8,69649468847,2496006,0
69.6545,8,69651991853,2496006,0
69.657,12,69654532859,2469000,1
69.657,13,69654532859,2469000,1
69.6595,22,69656999859,2496006,0
69.662,23,69659522865,2496006,0
69.6645,8,69662045871,2469000,1
69.6645,22,69662045871,2469000,1
69.667,14,69664512871,2496006,0
69.6695,16,69667053877,2496006,0
69.6721,3,69669585883,2496006,0
69.6746,19,69672108889,2496006,0
69.6771,23,69674640895,2496006,0
69.68,23,69677476901,2496006,0
69.6825,19,69680008907,2469000,1
69.6825,22,69680008907,2469000,1
69.6849,16,69682475907,2469000,1
69.6849,14,69682475907,2469000,1
69.6874,2,69684942907,2469000,1
69.6874,23,69684942907,2469000,1
69.6899,3,69687418907,2496006,0
69.6924,12,69689941913,2469000,1
69.6924,8,69689941913,2469000,1
69.6949,17,69692408913,2496006,0
69.6974,1,69694940919,2496006,0
69.7,22,69697463925,2496006,0
69.7025,19,69699986931,2496006,0
69.705,9,69702509937,2469000,1
69.705,5,69702509937,2469000,1
69.705,23,69702509937,2469000,1
69.705,19,69702509937,2469000,1
69.7075,1,69704976937,2496006,0
69.7103,3,69707821943,2496006,0
69.7128,14,69710344949,2496006,0
69.7154,17,69712912955,2496006,0
69.7179,14,69715453961,2496006,0
69.7204,3,69717976967,2469000,1
69.7204,22,69717976967,2469000,1
69.7229,17,69720443967,2469000,1
69.7229,6,69720443967,2469000,1
69.7229,16,69720443967,2469000,1
69.7229,1,69720443967,2469000,1
69.7254,17,69722919967,2496006,0
69.7279,2,69725451973,2496006,0
69.7305,2,69727983979,2496006,0
69.733,15,69730506985,2496006,0
69.7355,2,69733038991,2496006,0
69.738,23,69735561997,2469000,1
69.738,3,69735561997,2469000,1
69.7405,7,69738046997,2469000,1
69.7405,14,69738046997,2469000,1
69.743,22,69740513997,2496006,0
69.7455,19,69743037003,2496006,0
69.748,8,69745560009,2469000,1
69.748,5,69745560009,2469000,1
69.748,17,69745560009,2469000,1
69.7505,23,69748036009,2496006,0
69.7531,15,69750559015,2496006,0
69.7556,13,69753082021,2469000,1
69.7556,17,69753082021,2469000,1
69.758,2,69755549021,2469000,1
69.758,23,69755549021,2469000,1
69.7605,20,69758034021,2496006,0
69.763,22,69760566027,2469000,1
69.763,19,69760566027,2469000,1
69.7655,16,69763042027,2469000,1
69.768,23,69765527027,2496006,0
69.7705,1,69768050033,2496006,0
69.773,21,69770573039,2469000,1
69.773,17,69770573039,2469000,1
69.7755,14,69773040039,2469000,1
69.7755,15,69773040039,2469000,1
69.778,12,69775525039,2469000,1
69.7805,20,69778001039,2496006,0
69.7859,1,69783360051,2496006,0
69.7884,23,69785901057,2496006,0
69.7909,19,69788424063,2496006,0
69.7935,15,69790956069,2496006,0
69.796,2,69793524075,2496006,0
69.7985,22,69796047081,2469000,1
69.7985,20,69796047081,2469000,1
69.801,19,69798514081,2469000,1
69.801,9,69798514081,2469000,1
69.801,2,69798514081,2469000,1
69.8035,1,69800981081,2496006,0
69.806,23,69803504087,2496006,0
69.8085,15,69806036093,2469000,1
69.8085,3,69806036093,2469000,1
69.8085,1,69806036093,2469000,1
69.8113,9,69808816099,2496006,0
69.8139,23,69811384105,2496006,0
69.8164,8,69813907111,2469000,1
69.8164,19,69813907111,2469000,1
69.8189,23,69816392111,2496006,0
69.8214,14,69818915117,2469000,1
69.8214,15,69818915117,2469000,1
69.8239,23,69821382117,2496006,0
69.8264,9,69823905123,2496006,0
69.8289,20,69826428129,2496006,0
69.8314,2,69828951135,2496006,0
69.834,19,69831492141,2469000,1
69.834,20,69831492141,2469000,1
69.8365,2,69833959141,2496006,0
69.839,9,69836500147,2496006,0
69.8415,22,69839023153,2469000,1
69.844,9,69841499153,2496006,0
69.8465,23,69844022159,2496006,0
69.8491,15,69846554165,2496006,0
69.8516,1,69849077171,2496006,0
69.8541,15,69851609177,2496006,0
69.8566,23,69854150183,2469000,1
69.8566,2,69854150183,2469000,1
69.8591,1,69856617183,2469000,1
69.8591,9,69856617183,2469000,1
69.8616,14,69859084183,2496006,0
69.8641,15,69861625189,2496006,0
69.8667,16,69864166195,2496006,0
69.8692,14,69866698201,2469000,1
69.8692,20,69866698201,2469000,1
69.8716,15,69869174201,2469000,1
69.8716,21,69869174201,2469000,1
69.8741,10,69871641201,2496006,0
69.8767,9,69874173207,2496006,0
69.8792,10,69876714213,2469000,1
69.8792,17,69876714213,2469000,1
69.8792,22,69876714213,2469000,1
69.8817,23,69879181213,2496006,0
69.8845,4,69882026219,2469000,1
69.8845,21,69882026219,2469000,1
69.887,6,69884502219,2496006,0
69.8895,16,69887025225,2469000,1
69.8895,6,69887025225,2469000,1
69.892,9,69889519225,2469000,1
69.892,21,69889519225,2469000,1
69.8945,15,69891986225,2496006,0
69.897,23,69894509231,2496006,0
69.8995,1,69897032237,2469000,1
69.8995,10,69897032237,2469000,1
69.902,2,69899499237,2496006,0
69.9045,2,69902040243,2496006,0
69.9071,15,69904572249,2496006,0
69.9096,14,69907104255,2496006,0
69.9121,23,69909627261,2496006,0
69.915,15,69912490267,2496006,0
69.9175,2,69915013273,2469000,1
69.9175,16,69915013273,2469000,1
69.92,13,69917516273,2496006,0
69.9225,6,69920039279,2496006,0
69.9251,23,69922571285,2496006,0
69.9276,14,69925094291,2496006,0
69.9301,13,69927617297,2469000,1
69.9301,20,69927617297,2469000,1
69.9326,6,69930093297,2496006,0
69.9351,15,69932625303,2496006,0
69.9376,14,69935148309,2469000,1
69.9376,9,69935148309,2469000,1
69.9401,9,69937617309,2496006,0
69.9426,13,69940149315,2496006,0
69.9452,2,69942672321,2496006,0
69.9477,6,69945204327,2469000,1
69.9477,23,69945204327,2469000,1
69.9501,15,69947680327,2469000,1
69.9501,6,69947680327,2469000,1
69.9526,1,69950147327,2496006,0
69.9552,13,69952670333,2496006,0
69.9577,9,69955193339,2496006,0
69.9602,18,69957725345,2469000,1
69.9602,1,69957725345,2469000,1
69.9627,14,69960210345,2469000,1
69.9627,2,69960210345,2469000,1
69.9651,9,69962677345,2469000,1
69.9677,1,69965162345,2496006,0
69.9727,21,69970226357,2496006,0
69.9752,13,69972749363,2496006,0
69.9777,23,69975272369,2469000,1
69.9777,6,69975272369,2469000,1
69.9777,13,69975272369,2469000,1
69.9802,1,69977748369,2469000,1
69.9802,3,69977748369,2469000,1
69.9827,15,69980224369,2469000,1
69.9827,2,69980224369,2469000,1
69.9852,10,69982718369,2469000,1
69.9852,9,69982718369,2469000,1
69.988,16,69985507375,2469000,1
69.988,1,69985507375,2469000,1
69.9905,21,69987974375,2496006,0
69.993,20,69990515381,2496006,0
69.9955,21,69993047387,2469000,1
69.9955,2,69993047387,2469000,1
69.998,13,69995541387,2496006,0
70.0006,15,69998064393,2496006,0
70.0031,19,70000596399,2496006,0
70.0056,13,70003128405,2496006,0
70.0081,12,70005651411,2469000,1
70.0081,13,70005651411,2469000,1
70.0106,20,70008118411,2469000,1
70.0106,13,70008120411,2469000,1
70.0131,20,70010596411,2496006,0
70.0159,15,70013432417,2496006,0
70.0184,19,70015964423,2469000,1
70.0184,13,70015964423,2469000,1
70.0209,21,70018440423,2496006,0
70.0235,15,70020990429,2469000,1
70.0235,20,70020990429,2469000,1
70.026,23,70023457429,2496006,0
70.031,1,70028512441,2469000,1
70.031,12,70028512441,2469000,1
70.0335,15,70031015441,2496006,0
70.036,21,70033538447,2496006,0
70.0385,23,70036061453,2469000,1
70.0385,10,70036061453,2469000,1
70.0385,9,70036061453,2469000,1
70.041,16,70038528453,2469000,1
70.041,15,70038528453,2469000,1
70.0435,23,70040995453,2496006,0
70.046,14,70043518459,2469000,1
70.046,20,70043518459,2469000,1
70.0485,19,70046066459,2469000,1
70.0485,21,70046066459,2469000,1
70.051,15,70048542459,2496006,0
70.0536,23,70051083465,2496006,0
70.0562,23,70053660471,2496006,0
70.0587,20,70056192477,2496006,0
70.0612,21,70058715483,2469000,1
70.0612,20,70058715483,2469000,1
70.0637,15,70061191483,2496006,0
70.0662,8,70063732489,2469000,1
70.0687,15,70066217489,2496006,0
70.0712,15,70068749495,2496006,0
70.0738,23,70071272501,2496006,0
70.0763,23,70073804507,2496006,0
70.0788,5,70076327513,2496006,0
70.0814,5,70078886519,2469000,1
70.0814,9,70078886519,2469000,1
70.0839,23,70081389519,2469000,1
70.0839,20,70081389519,2469000,1
70.0839,15,70081389519,2469000,1
70.0864,19,70083874519,2496006,0
70.0892,15,70086719525,2496006,0
70.0917,19,70089260531,2469000,1
70.0917,23,70089260531,2469000,1
70.0942,19,70091736531,2496006,0
70.0993,2,70096791543,2496006,0
70.1018,19,70099323549,2496006,0
70.1044,15,70101855555,2496006,0
70.1069,19,70104396561,2496006,0
70.1094,3,70106928567,2496006,0
70.1119,2,70109451573,2469000,1
70.1119,11,70109451573,2469000,1
70.1144,5,70111927573,2496006,0
70.1169,19,70114459579,2469000,1
70.1169,6,70114459579,2469000,1
70.1198,14,70117257585,2496006,0
70.1223,15,70119780591,2496006,0
70.1248,21,70122303597,2496006,0
70.1273,20,70124835603,2496006,0
70.1298,23,70127358609,2469000,1
70.1298,3,70127358609,2469000,1
70.1323,5,70129825609,2469000,1
70.1323,19,70129825609,2469000,1
70.1348,21,70132292609,2496006,0
70.1373,21,70134815615,2496006,0
70.1399,14,70137356621,2496006,0
70.1424,13,70139879627,2496006,0
70.1449,15,70142411633,2496006,0
70.1474,20,70144934639,2496006,0
70.15,21,70147457645,2496006,0
70.1525,2,70149989651,2496006,0
70.155,15,70152512657,2469000,1
70.155,13,70152512657,2469000,1
70.155,2,70152512657,2469000,1
70.1575,19,70154979657,2496006,0
70.16,17,70157502663,2469000,1
70.16,15,70157502663,2469000,1
70.1625,14,70159996663,2496006,0
70.165,19,70162519669,2469000,1
70.165,21,70162519669,2469000,1
70.1675,22,70164986669,2469000,1
70.1675,15,70164986669,2469000,1
70.17,20,70167462669,2496006,0
70.1725,3,70170012675,2469000,1
70.1725,17,70170012675,2469000,1
70.1749,20,70172479675,2469000,1
70.1774,5,70174973675,2469000,1
70.1774,13,70174973675,2469000,1
70.1774,14,70174973675,2469000,1
70.1774,20,70174973675,2469000,1
70.1799,1,70177440675,2469000,1
70.1799,14,70177442675,2469000,1
70.1824,21,70179909675,2496006,0
70.185,2,70182468681,2496006,0
70.1876,2,70185054687,2496006,0
70.1901,21,70187577693,2496006,0
70.1929,19,70190422699,2496006,0
70.1955,19,70192972705,2496006,0
70.198,21,70195495711,2496006,0
70.2005,7,70198018717,2496006,0
70.203,5,70200541723,2496006,0
70.2056,14,70203064729,2496006,0
70.2081,19,70205587735,2496006,0
70.2106,2,70208119741,2469000,1
70.2131,21,70210595741,2496006,0
70.2156,23,70213118747,2496006,0
70.2181,14,70215641753,2469000,1
70.2181,5,70215641753,2469000,1
70.2234,23,70220953765,2496006,0
70.226,3,70223485771,2469000,1
70.226,7,70223485771,2469000,1
70.2285,19,70225961771,2496006,0
70.231,23,70228484777,2469000,1
70.231,13,70228484777,2469000,1
70.2335,2,70230987777,2496006,0
70.236,21,70233510783,2496006,0
70.2385,20,70236042789,2469000,1
70.2385,14,70236042789,2469000,1
70.241,21,70238527789,2469000,1
70.241,19,70238527789,2469000,1
70.2435,1,70241003789,2496006,0
70.246,7,70243544795,2496006,0
70.2486,23,70246076801,2496006,0
70.2511,2,70248599807,2469000,1
70.2511,7,70248599807,2469000,1
70.2535,5,70251075807,2469000,1
70.2535,19,70251075807,2469000,1
70.2586,2,70256065813,2496006,0
70.2611,2,70258588819,2496006,0
70.2636,1,70261111825,2496006,0
70.2662,10,70263670831,2496006,0
70.2687,9,70266202837,2496006,0
70.2712,2,70268725843,2469000,1
70.2712,16,70268725843,2469000,1
70.2712,23,70268725843,2469000,1
70.2737,9,70271210843,2496006,0
70.2762,21,70273742849,2496006,0
70.2788,1,70276265855,2496006,0
70.2813,10,70278788861,2496006,0
70.2838,7,70281329867,2496006,0
70.2864,5,70283870873,2496006,0
70.2889,10,70286411879,2469000,1
70.2889,2,70286411879,2469000,1
70.2889,5,70286411879,2469000,1
70.2942,21,70291714885,2496006,0
70.2967,9,70294237891,2496006,0
70.2992,23,70296778897,2469000,1
70.2992,1,70296778897,2469000,1
70.2992,10,70296778897,2469000,1
70.3018,7,70299254897,2496006,0
70.3043,21,70301804903,2469000,1
70.3043,14,70301804903,2469000,1
70.3068,9,70304289903,2496006,0
70.3093,19,70306812909,2496006,0
70.3118,19,70309353915,2496006,0
70.3144,7,70311885921,2496006,0
70.3169,9,70314417927,2469000,1
70.3169,19,70314417927,2469000,1
70.3194,10,70316884927,2496006,0
70.3219,15,70319407933,2469000,1
70.3219,1,70319407933,2469000,1
70.3247,21,70322187939,2496006,0
70.3272,21,70324728945,2469000,1
70.3297,5,70327204945,2496006,0
70.3322,7,70329736951,2469000,1
70.3322,9,70329736951,2469000,1
70.3322,10,70329736951,2469000,1
70.3347,21,70332212951,2496006,0
70.3372,19,70334744957,2496006,0
70.3398,5,70337276963,2496006,0
70.3423,22,70339826969,2469000,1
70.3423,17,70339826969,2469000,1
70.3423,5,70339826969,2469000,1
70.3448,21,70342293969,2469000,1
70.3448,7,70342293969,2469000,1
70.3472,3,70344760969,2469000,1
70.3472,23,70344760969,2469000,1
70.3497,21,70347227969,2496006,0
70.3522,15,70349759975,2469000,1
70.3522,10,70349759975,2469000,1
70.3547,21,70352235975,2496006,0
70.3573,19,70354758981,2496006,0
70.3598,21,70357308987,2469000,1
70.3598,2,70357308987,2469000,1
70.3623,20,70359775987,2496006,0
70.3674,13,70364866999,2496006,0
70.3699,19,70367390005,2496006,0
70.3724,1,70369913011,2469000,1
70.3724,5,70369913011,2469000,1
70.3724,10,70369913011,2469000,1
70.3749,20,70372389011,2496006,0
70.3774,15,70374930017,2469000,1
70.3774,5,70374930017,2469000,1
70.3799,4,70377406017,2469000,1
70.3799,21,70377406017,2469000,1
70.3824,19,70379873017,2496006,0
70.3849,4,70382414023,2496006,0
70.3874,20,70384946029,2496006,0
70.39,13,70387469035,2496006,0
70.3925,19,70390001041,2496006,0
70.395,9,70392524047,2496006,0
70.3979,9,70395378053,2496006,0
70.4004,4,70397901059,2496006,0
70.4054,13,70402947071,2469000,1
70.4054,21,70402947071,2469000,1
70.4054,9,70402947071,2469000,1
70.4079,7,70405414071,2496006,0
70.4104,19,70407946077,2496006,0
70.4129,20,70410469083,2469000,1
70.4129,19,70410469083,2469000,1
70.4154,10,70412936083,2469000,1
70.4154,7,70412936083,2469000,1
70.4179,23,70415412083,2496006,0
70.4204,5,70417935089,2496006,0
70.423,4,70420458095,2496006,0
70.4258,9,70423294101,2469000,1
70.4258,20,70423294101,2469000,1
70.4282,2,70425761101,2469000,1
70.4282,5,70425761101,2469000,1
70.4307,13,70428228101,2496006,0
70.4333,7,70430769107,2496006,0
70.4358,14,70433292113,2469000,1
70.4358,13,70433292113,2469000,1
70.4382,23,70435768113,2469000,1
70.4382,6,70435768113,2469000,1
70.4407,4,70438235113,2469000,1
70.4407,23,70438237113,2469000,1
70.4432,4,70440713113,2496006,0
70.4457,7,70443245119,2496006,0
70.4483,19,70445777125,2496006,0
70.4508,7,70448309131,2496006,0
70.4559,7,70453391143,2469000,1
70.4559,19,70453391143,2469000,1
70.4559,5,70453391143,2469000,1
70.4584,4,70455867143,2496006,0
70.4609,4,70458390149,2496006,0
70.4634,13,70460949155,2496006,0
70.466,4,70463472161,2496006,0
70.4685,13,70465995167,2496006,0
70.471,18,70468527173,2496006,0
70.4735,13,70471077179,2469000,1
70.4735,7,70471077179,2469000,1
70.476,20,70473553179,2496006,0
70.4786,4,70476076185,2496006,0
70.4811,4,70478599191,2496006,0
70.4836,18,70481140197,2496006,0
70.4862,19,70483672203,2496006,0
70.4887,20,70486222209,2496006,0
70.4912,4,70488754215,2469000,1
70.4912,20,70488754215,2469000,1
70.4937,23,70491221215,2469000,1
70.4937,20,70491223215,2469000,1
70.499,9,70496535221,2496006,0
70.5016,4,70499076227,2496006,0
70.5041,5,70501599233,2469000,1
70.5041,18,70501599233,2469000,1
70.5066,19,70504066233,2496006,0
70.5091,1,70506589239,2469000,1
70.5091,13,70506589239,2469000,1
70.5091,19,70506589239,2469000,1
70.5116,19,70509065239,2496006,0
70.5141,4,70511606245,2496006,0
70.5166,9,70514138251,2496006,0
70.5192,4,70516697257,2496006,0
70.5217,9,70519220263,2496006,0
70.5242,19,70521743269,2496006,0
70.5268,19,70524275275,2496006,0
70.5296,13,70527129281,2496006,0
70.5321,7,70529652287,2496006,0
70.5347,18,70532175293,2496006,0
70.5372,19,70534716299,2496006,0
70.5422,4,70539762311,2469000,1
70.5422,9,70539762311,2469000,1
70.5447,19,70542229311,2469000,1
70.5447,9,70542231311,2469000,1
70.5472,18,70544698311,2469000,1
70.5472,7,70544698311,2469000,1
70.5497,13,70547210311,2496006,0
70.5522,1,70549742317,2496006,0
70.5548,8,70552265323,2496006,0
70.5573,13,70554788329,2469000,1
70.5573,8,70554788329,2469000,1
70.5597,20,70557273329,2469000,1
70.5597,7,70557273329,2469000,1
70.5622,18,70559749329,2496006,0
70.5648,1,70562272335,2496006,0
70.5673,21,70564840341,2469000,1
70.5673,8,70564840341,2469000,1
70.5698,18,70567307341,2496006,0
70.5723,1,70569830347,2469000,1
70.5723,4,70569830347,2469000,1
70.5748,4,70572315347,2496006,0
70.5773,4,70574838353,2496006,0
70.5798,19,70577370359,2469000,1
70.5798,9,70577370359,2469000,1
70.5823,19,70579839359,2496006,0
70.5849,13,70582371365,2496006,0
70.5874,7,70584894371,2496006,0
70.5899,19,70587426377,2496006,0
70.5924,4,70589949383,2496006,0
70.595,18,70592472389,2496006,0
70.5975,7,70594995395,2496006,0
70.6,4,70597518401,2496006,0
70.6029,7,70600372407,2496006,0
70.6054,13,70602895413,2496006,0
70.608,19,70605481419,2496006,0
70.6105,1,70608004425,2496006,0
70.613,18,70610527431,2496006,0
70.6155,13,70613059437,2469000,1
70.6155,4,70613059437,2469000,1
70.618,7,70615535437,2496006,0
70.6206,4,70618058443,2496006,0
70.6231,8,70620581449,2496006,0
70.6281,4,70625627461,2496006,0
70.631,1,70628463467,2496006,0
70.6335,19,70630986473,2469000,1
70.6335,9,70630986473,2469000,1
70.6335,8,70630986473,2469000,1
70.6359,23,70633453473,2469000,1
70.6359,18,70633453473,2469000,1
70.6384,4,70635929473,2469000,1
70.6384,14,70635929473,2469000,1
70.6409,1,70638396473,2496006,0
70.6434,7,70640928479,2496006,0
70.6459,5,70643451485,2496006,0
70.6485,1,70646010491,2496006,0
70.651,14,70648533497,2496006,0
70.6536,1,70651065503,2496006,0
70.6561,7,70653588509,2469000,1
70.6561,14,70653588509,2469000,1
70.6585,19,70656064509,2469000,1
70.6585,1,70656064509,2469000,1
70.661,5,70658540509,2469000,1
70.661,13,70658540509,2469000,1
70.661,18,70658540509,2469000,1
70.6635,20,70661007509,2496006,0
70.666,20,70663530515,2496006,0
70.6685,17,70666053521,2469000,1
70.6685,14,70666053521,2469000,1
70.6685,5,70666053521,2469000,1
70.671,4,70668520521,2496006,0
70.6735,7,70671061527,2469000,1
70.6735,4,70671061527,2469000,1
70.676,5,70673528527,2496006,0
70.6785,5,70676051533,2496006,0
70.6811,8,70678583539,2469000,1
70.6836,20,70681068539,2496006,0
70.6861,17,70683591545,2496006,0
70.6886,17,70686114551,2496006,0
70.6912,3,70688664557,2496006,0
70.6937,4,70691187563,2496006,0
70.6962,3,70693710569,2496006,0
70.6987,2,70696233575,2496006,0
70.7012,1,70698756581,2469000,1
70.7012,5,70698756581,2469000,1
70.704,17,70701545587,2496006,0
70.7066,18,70704068593,2496006,0
70.7091,10,70706591599,2469000,1
70.7091,13,70706591599,2469000,1
70.7091,17,70706591599,2469000,1
70.7116,20,70709058599,2496006,0
70.7141,8,70711599605,2496006,0
70.7166,3,70714122611,2496006,0
70.7191,4,70716672617,2469000,1
70.7191,2,70716672617,2469000,1
70.7216,8,70719139617,2469000,1
70.7216,20,70719139617,2469000,1
70.7241,6,70721615617,2469000,1
70.7241,18,70721615617,2469000,1
70.7266,17,70724082617,2496006,0
70.7291,3,70726605623,2496006,0
70.7316,17,70729128629,2496006,0
70.7345,4,70731982635,2496006,0
70.737,17,70734514641,2469000,1
70.737,19,70734514641,2469000,1
70.737,5,70734514641,2469000,1
70.7395,3,70736990641,2469000,1
70.7395,20,70736990641,2469000,1
70.7395,4,70736990641,2469000,1
70.7419,21,70739457641,2469000,1
70.7444,14,70741969641,2469000,1
70.7444,8,70741969641,2469000,1
70.747,3,70744454641,2496006,0
70.7495,2,70747004647,2496006,0
70.752,4,70749527653,2496006,0
70.7545,3,70752059659,2469000,1
70.7545,4,70752059659,2469000,1
70.757,17,70754526659,2496006,0
70.7596,7,70757067665,2496006,0
70.7621,18,70759590671,2496006,0
70.7646,17,70762113677,2496006,0
70.7671,4,70764636683,2496006,0
70.7696,3,70767159689,2469000,1
70.7696,4,70767159689,2469000,1
70.7721,17,70769626689,2496006,0
70.7746,5,70772149695,2496006,0
70.7771,18,70774672701,2469000,1
70.7771,2,70774672701,2469000,1
70.7771,17,70774672701,2469000,1
70.7797,19,70777157701,2496006,0
70.7822,7,70779698707,2496006,0
70.7847,1,70782221713,2496006,0
70.7872,2,70784744719,2496006,0
70.7898,4,70787276725,2496006,0
70.7923,5,70789799731,2469000,1
70.7923,4,70789799731,2469000,1
70.7948,2,70792266731,2496006,0
70.7973,19,70794789737,2496006,0
70.7998,1,70797312743,2496006,0
70.8023,20,70799835749,2469000,1
70.8023,14,70799835749,2469000,1
70.8048,18,70802302749,2469000,1
70.8101,19,70807605761,2496006,0
70.8126,7,70810128767,2469000,1
70.8126,19,70810128767,2469000,1
70.8151,2,70812604767,2496006,0
70.8176,17,70815136773,2496006,0
70.8202,1,70817677779,2496006,0
70.8227,7,70820200785,2496006,0
70.8252,5,70822723791,2496006,0
70.8277,17,70825246797,2469000,1
70.8277,12,70825246797,2469000,1
70.8277,1,70825246797,2469000,1
70.8302,2,70827722797,2496006,0
70.8327,15,70830245803,2469000,1
70.8327,13,70830245803,2469000,1
70.8355,5,70833034809,2496006,0
70.838,2,70835575815,2469000,1
70.838,19,70835575815,2469000,1
70.8405,7,70838051815,2469000,1
70.8405,4,70838051815,2469000,1
70.8405,1,70838051815,2469000,1
70.843,8,70840518815,2469000,1
70.843,17,70840518815,2469000,1
70.8455,1,70842985815,2496006,0
70.848,4,70845508821,2496006,0
70.8506,5,70848067827,2496006,0
70.8531,3,70850608833,2496006,0
70.8556,3,70853140839,2496006,0
70.8582,1,70855663845,2496006,0
70.8607,4,70858222851,2496006,0
70.8632,2,70860754857,2469000,1
70.8632,7,70860754857,2469000,1
70.8657,9,70863230857,2469000,1
70.8657,2,70863230857,2469000,1
70.8682,3,70865697857,2469000,1
70.8682,5,70865697857,2469000,1
70.8707,4,70868200857,2496006,0
70.8732,1,70870723863,2469000,1
70.8732,5,70870723863,2469000,1
70.8757,4,70873190863,2496006,0
70.8782,4,70875722869,2496006,0
70.8808,18,70878254875,2496006,0
70.8833,3,70880840881,2496006,0
70.8859,18,70883372887,2496006,0
70.8884,19,70885904893,2496006,0
70.8909,17,70888427899,2469000,1
70.8909,4,70888427899,2469000,1
70.8934,1,70890894899,2496006,0
70.8959,5,70893417905,2496006,0
70.8984,7,70895949911,2496006,0
70.901,18,70898481917,2469000,1
70.901,16,70898481917,2469000,1
70.9035,23,70900957917,2496006,0
70.9059,5,70903480923,2469000,1
70.9059,3,70903480923,2469000,1
70.9087,19,70906260929,2469000,1
70.9087,23,70906260929,2469000,1
70.9113,23,70908763929,2496006,0
70.9138,4,70911286935,2469000,1
70.9138,1,70911286935,2469000,1
70.9138,23,70911286935,2469000,1
70.9188,5,70916276941,2496006,0
70.9213,7,70918799947,2496006,0
70.9238,3,70921322953,2496006,0
70.9263,3,70923845959,2496006,0
70.9289,7,70926368965,2496006,0
70.9314,1,70928909971,2496006,0
70.9339,7,70931441977,2496006,0
70.9365,5,70933982983,2496006,0
70.9393,18,70936827989,2496006,0
70.9418,1,70939350995,2496006,0
70.9444,17,70941883001,2469000,1
70.9444,3,70941883001,2469000,1
70.9469,19,70944368001,2496006,0
70.9494,7,70946891007,2469000,1
70.9494,23,70946891007,2469000,1
70.9494,5,70946891007,2469000,1
70.9494,19,70946891007,2469000,1
70.9518,20,70949376007,2469000,1
70.9518,19,70949376007,2469000,1
70.9543,18,70951843007,2496006,0
70.9569,10,70954366013,2496006,0
70.9594,21,70956916019,2496006,0
70.9619,10,70959439025,2469000,1
70.9619,1,70959439025,2469000,1
70.9644,2,70961915025,2496006,0
70.9669,18,70964438031,2469000,1
70.9669,4,70964438031,2469000,1
70.9669,2,70964438031,2469000,1
70.9694,7,70966905031,2496006,0
70.9745,4,70971960043,2496006,0
70.977,7,70974483049,2496006,0
70.9795,3,70977006055,2469000,1
70.9795,21,70977006055,2469000,1
70.982,5,70979482055,2496006,0
70.9845,18,70982005061,2496006,0
70.987,2,70984528067,2496006,0
70.9896,4,70987060073,2496006,0
70.9921,18,70989592079,2496006,0
70.9946,7,70992133085,2469000,1
70.9946,18,70992133085,2469000,1
70.9971,4,70994636085,2496006,0
70.9996,8,70997168091,2469000,1
70.9996,10,70997168091,2469000,1
70.9996,5,70997168091,2469000,1
71.0021,21,70999635091,2469000,1
71.0021,2,70999635091,2469000,1
71.0021,4,70999635091,2469000,1
71.0046,1,71002102091,2496006,0
71.0071,21,71004625097,2469000,1
71.0071,1,71004625097,2469000,1
71.0096,19,71007092097,2469000,1
71.0096,2,71007092097,2469000,1
71.0124,1,71009881103,2496006,0
71.0149,2,71012404109,2496006,0
71.0174,5,71014945115,2469000,1
71.0174,2,71014945115,2469000,1
71.0199,1,71017412115,2469000,1
71.0199,2,71017414115,2469000,1
71.0224,23,71019899115,2496006,0
71.0249,19,71022422121,2496006,0
71.0275,1,71024954127,2496006,0
71.0299,19,71027477133,2469000,1
71.0324,18,71029944133,2496006,0
71.035,19,71032467139,2496006,0
71.0375,21,71034990145,2496006,0
71.0403,18,71037826151,2496006,0
71.0428,7,71040349157,2496006,0
71.0453,23,71042872163,2469000,1
71.0453,4,71042872163,2469000,1
71.0479,5,71045357163,2496006,0
71.0504,19,71047889169,2496006,0
71.0529,10,71050412175,2496006,0
71.0554,21,71052935181,2496006,0
71.058,1,71055458187,2496006,0
71.0605,13,71057999193,2496006,0
71.063,19,71060522199,2469000,1
71.063,3,71060522199,2469000,1
71.063,18,71060522199,2469000,1
71.063,23,71060522199,2469000,1
71.063,1,71060522199,2469000,1
71.0655,7,71062998199,2496006,0
71.068,5,71065530205,2496006,0
71.0706,13,71068062211,2496006,0
71.0731,18,71070585217,2469000,1
71.0731,5,71070585217,2469000,1
71.0755,21,71073052217,2496006,0
71.0781,10,71075575223,2496006,0
71.0806,13,71078098229,2496006,0
71.0831,1,71080621235,2469000,1
71.0831,10,71080621235,2469000,1
71.0856,13,71083097235,2496006,0
71.0881,7,71085647241,2496006,0
71.0907,19,71088170247,2496006,0
71.0932,5,71090711253,2469000,1
71.0932,19,71090711253,2469000,1
71.0956,21,71093178253,2469000,1
71.0956,5,71093180253,2469000,1
71.1007,13,71098188259,2496006,0
71.1032,20,71100720265,2469000,1
71.1032,2,71100720265,2469000,1
71.1057,7,71103205265,2496006,0
71.1082,21,71105737271,2496006,0
71.1108,13,71108260277,2496006,0
71.1136,21,71111114283,2496006,0
71.1162,18,71113655289,2496006,0
71.1187,10,71116196295,2496006,0
71.1212,8,71118719301,2496006,0
71.1237,7,71121242307,2496006,0
71.1263,13,71123765313,2496006,0
71.1288,4,71126288319,2469000,1
71.1288,10,71126288319,2469000,1
71.1313,18,71128773319,2496006,0
71.1338,19,71131296325,2496006,0
71.1363,8,71133828331,2469000,1
71.1363,21,71133828331,2469000,1
71.1388,1,71136295331,2496006,0
71.1413,19,71138827337,2469000,1
71.1413,16,71138827337,2469000,1
71.1441,13,71141607343,2496006,0
71.1466,7,71144130349,2496006,0
71.1491,23,71146662355,2469000,1
71.1491,10,71146662355,2469000,1
71.1516,18,71149138355,2469000,1
71.1516,14,71149138355,2469000,1
71.1541,7,71151605355,2496006,0
71.1566,17,71154155361,2469000,1
71.1566,23,71154155361,2469000,1
71.1566,18,71154155361,2469000,1
71.1591,5,71156631361,2496006,0
71.1616,1,71159154367,2469000,1
71.1616,13,71159154367,2469000,1
71.1641,7,71161621367,2469000,1
71.1641,5,71161621367,2469000,1
71.1691,8,71166629373,2469000,1
71.1691,10,71166629373,2469000,1
71.1716,21,71169105373,2496006,0
71.1741,9,71171628379,2469000,1
71.1741,2,71171628379,2469000,1
71.1766,13,71174113379,2496006,0
71.1791,8,71176636385,2496006,0
71.1817,7,71179168391,2496006,0
71.1842,19,71181691397,2469000,1
71.1842,1,71181691397,2469000,1
71.1867,13,71184158397,2496006,0
71.1892,13,71186681403,2496006,0
71.1917,7,71189240409,2496006,0
71.1942,8,71191763415,2469000,1
71.1942,21,71191763415,2469000,1
71.1967,13,71194230415,2469000,1
71.1967,5,71194230415,2469000,1
71.1992,1,71196715415,2469000,1
71.1992,8,71196715415,2469000,1
71.2017,1,71199227415,2496006,0
71.2043,3,71201768421,2496006,0
71.2068,7,71204300427,2496006,0
71.2093,18,71206823433,2469000,1
71.2093,3,71206823433,2469000,1
71.2118,21,71209290433,2469000,1
71.2118,3,71209292433,2469000,1
71.2143,1,71211759433,2496006,0
71.2171,8,71214595439,2496006,0
71.2196,7,71217118445,2496006,0
71.2221,6,71219641451,2496006,0
71.2246,13,71222164457,2469000,1
71.2246,8,71222164457,2469000,1
71.2246,7,71222164457,2469000,1
71.2272,1,71224658457,2496006,0
71.2322,3,71229713469,2469000,1
71.2322,1,71229713469,2469000,1
71.2347,2,71232198469,2469000,1
71.2347,19,71232198469,2469000,1
71.2371,6,71234674469,2469000,1
71.2371,8,71234674469,2469000,1
71.2396,3,71237150469,2496006,0
71.2422,3,71239673475,2496006,0
71.245,5,71242545481,2496006,0
71.2476,21,71245077487,2496006,0
71.2501,1,71247618493,2496006,0
71.2527,3,71250159499,2496006,0
71.2552,4,71252682505,2469000,1
71.2552,7,71252682505,2469000,1
71.2552,19,71252682505,2469000,1
71.2577,18,71255167505,2496006,0
71.2602,5,71257690511,2496006,0
71.2627,3,71260213517,2496006,0
71.2652,3,71262736523,2496006,0
71.2678,5,71265259529,2496006,0
71.2703,21,71267782535,2496006,0
71.2728,3,71270305541,2496006,0
71.2753,1,71272828547,2496006,0
71.2778,18,71275360553,2469000,1
71.2778,6,71275360553,2469000,1
71.2803,7,71277827553,2496006,0
71.2828,11,71280350559,2496006,0
71.2854,8,71282891565,2496006,0
71.2879,21,71285432571,2469000,1
71.2879,13,71285432571,2469000,1
71.2929,3,71290422577,2496006,0
71.2954,5,71292945583,2469000,1
71.2954,1,71292945583,2469000,1
71.2979,7,71295412583,2496006,0
71.3005,1,71297971589,2496006,0
71.303,11,71300494595,2469000,1
71.303,8,71300494595,2469000,1
71.303,3,71300494595,2469000,1
71.3055,3,71302979595,2496006,0
71.308,7,71305511601,2496006,0
71.3105,8,71308043607,2496006,0
71.3131,1,71310566613,2496006,0
71.3156,6,71313089619,2496006,0
71.3184,8,71315925625,2496006,0
71.3209,18,71318466631,2469000,1
71.3209,21,71318466631,2469000,1
71.3209,6,71318466631,2469000,1
71.3234,1,71320933631,2469000,1
71.3234,5,71320933631,2469000,1
71.3259,3,71323409631,2496006,0
71.3285,2,71325959637,2496006,0
71.331,10,71328482643,2469000,1
71.331,7,71328482643,2469000,1
71.3334,2,71330949643,2496006,0
71.3359,8,71333472649,2469000,1
71.3359,6,71333472649,2469000,1
71.3384,13,71335939649,2469000,1
71.3384,11,71335939649,2469000,1
71.3409,16,71338406649,2496006,0
71.3435,16,71340956655,2496006,0
71.3459,3,71343479661,2469000,1
71.3459,11,71343479661,2469000,1
71.3488,3,71346259667,2496006,0
71.3513,2,71348782673,2496006,0
71.3563,8,71353837685,2496006,0
71.3589,1,71356378691,2496006,0
71.3614,3,71358901697,2469000,1
71.3614,16,71358901697,2469000,1
71.3639,8,71361368697,2496006,0
71.3664,8,71363891703,2496006,0
71.3689,19,71366414709,2496006,0
71.3714,8,71368946715,2496006,0
71.374,9,71371469721,2496006,0
71.3765,1,71374001727,2496006,0
71.379,2,71376524733,2496006,0
71.3815,9,71379065739,2469000,1
71.3815,7,71379065739,2469000,1
71.3815,6,71379065739,2469000,1
71.3815,3,71379065739,2469000,1
71.3815,16,71379065739,2469000,1
71.3815,2,71379065739,2469000,1
71.384,19,71381541739,2496006,0
71.3866,19,71384064745,2496006,0
71.3891,9,71386587751,2496006,0
71.3916,8,71389128757,2496006,0
71.3941,18,71391651763,2469000,1
71.3941,9,71391651763,2469000,1
71.3966,1,71394127763,2469000,1
71.3966,3,71394127763,2469000,1
71.3991,5,71396666763,2469000,1
71.3991,16,71396666763,2469000,1
71.3991,19,71396666763,2469000,1
71.4016,21,71399133763,2496006,0
71.4042,8,71401665769,2496006,0
71.4067,8,71404233775,2469000,1
71.4092,2,71406700775,2496006,0
71.4117,1,71409232781,2496006,0
71.4143,3,71411755787,2496006,0
71.4168,19,71414278793,2496006,0
71.4193,21,71416810799,2496006,0
71.4221,3,71419646805,2496006,0
71.4247,9,71422187811,2496006,0
71.4272,2,71424737817,2496006,0
71.4298,1,71427260823,2496006,0
71.4323,19,71429783829,2469000,1
71.4323,8,71429783829,2469000,1
71.4347,19,71432252829,2496006,0
71.4373,3,71434775835,2496006,0
71.4398,9,71437307841,2469000,1
71.4398,21,71437307841,2469000,1
71.4423,1,71439783841,2496006,0
71.4448,18,71442306847,2496006,0
71.4473,3,71444829853,2469000,1
71.4473,19,71444829853,2469000,1
71.4501,18,71447618859,2496006,0
71.4526,1,71450141865,2496006,0
71.4552,9,71452673871,2496006,0
71.4577,23,71455196877,2469000,1
71.4577,7,71455196877,2469000,1
71.4577,2,71455196877,2469000,1
71.4577,1,71455196877,2469000,1
71.4602,3,71457672877,2496006,0
71.4627,8,71460195883,2496006,0
71.4652,18,71462727889,2469000,1
71.4652,21,71462727889,2469000,1
71.4702,9,71467744895,2496006,0
71.4728,3,71470267901,2496006,0
71.4753,8,71472808907,2469000,1
71.4753,9,71472808907,2469000,1
71.4778,4,71475311907,2496006,0
71.4803,4,71477843913,2496006,0
71.4829,19,71480366919,2496006,0
71.4854,18,71482889925,2496006,0
71.4879,2,71485412931,2469000,1
71.4879,3,71485412931,2469000,1
71.4904,19,71487879931,2496006,0
71.4929,1,71490411937,2496006,0
71.4954,16,71492934943,2496006,0
71.498,18,71495457949,2496006,0
71.5004,19,71497980955,2469000,1
71.5004,8,71497980955,2469000,1
71.5029,1,71500447955,2496006,0
71.5055,1,71502970961,2496006,0
71.508,18,71505511967,2469000,1
71.508,11,71505511967,2469000,1
71.5105,4,71507978967,2496006,0
71.513,16,71510510973,2469000,1
71.513,9,71510510973,2469000,1
71.513,18,71510510973,2469000,1
71.5155,16,71512979973,2496006,0
71.518,1,71515502979,2469000,1
71.518,5,71515502979,2469000,1
71.5205,13,71517978979,2496006,0
71.5233,21,71520832985,2496006,0
71.5258,16,71523355991,2469000,1
71.5258,4,71523355991,2469000,1
71.5283,3,71525840991,2496006,0
71.5309,2,71528363997,2496006,0
71.5334,21,71530887003,2469000,1
71.5334,19,71530887003,2469000,1
71.5334,4,71530887003,2469000,1
71.5358,13,71533363003,2469000,1
71.5358,3,71533363003,2469000,1
71.5383,19,71535830003,2496006,0
71.5408,3,71538353009,2496006,0
71.5434,3,71540903015,2496006,0
71.5459,1,71543426021,2496006,0
71.5484,2,71545958027,2469000,1
71.5484,1,71545958027,2469000,1
71.5509,10,71548425027,2496006,0
71.5538,6,71551261033,2496006,0
71.5563,16,71553802039,2469000,1
71.5563,19,71553802039,2469000,1
71.5588,18,71556269039,2496006,0
71.5613,3,71558828045,2496006,0
71.5639,3,71561387051,2469000,1
71.5639,13,71561387051,2469000,1
71.5663,12,71563854051,2469000,1
71.5663,10,71563854051,2469000,1
71.5663,6,71563854051,2469000,1
71.5688,23,71566330051,2496006,0
71.5714,21,71568862057,2496006,0
71.5739,18,71571385063,2469000,1
71.5739,2,71571385063,2469000,1
71.5763,8,71573852063,2469000,1
71.5763,19,71573852063,2469000,1
71.5788,12,71576328063,2496006,0
71.5813,23,71578851069,2496006,0
71.5838,7,71581374075,2469000,1
71.5838,23,71581374075,2469000,1
71.5863,18,71583841075,2496006,0
71.5889,1,71586364081,2496006,0
71.5914,18,71588887087,2496006,0
71.5939,3,71591419093,2496006,0
71.5964,21,71593942099,2496006,0
71.599,10,71596465105,2496006,0
71.6015,21,71598988111,2469000,1
71.6039,18,71601455111,2469000,1
71.6039,12,71601455111,2469000,1
71.6039,9,71601455111,2469000,1
71.6039,16,71601455111,2469000,1
71.6064,4,71603922111,2496006,0
71.609,10,71606454117,2496006,0
71.6115,3,71608977123,2496006,0
71.614,1,71611518129,2496006,0
71.6165,2,71614059135,2469000,1
71.6165,18,71614059135,2469000,1
71.619,6,71616526135,2496006,0
71.6216,3,71619076141,2496006,0
71.6241,4,71621599147,2496006,0
71.6269,10,71624453153,2496006,0
71.6294,3,71626976159,2469000,1
71.6294,23,71626976159,2469000,1
71.6294,1,71626976159,2469000,1
71.6319,21,71629443159,2469000,1
71.6319,10,71629443159,2469000,1
71.6344,6,71631937159,2469000,1
71.6344,4,71631937159,2469000,1
71.6369,21,71634431159,2496006,0
71.6395,16,71636954165,2496006,0
71.642,12,71639486171,2469000,1
71.642,6,71639486171,2469000,1
71.6444,13,71641953171,2496006,0
71.647,19,71644485177,2496006,0
71.6495,21,71647026183,2469000,1
71.6495,19,71647026183,2469000,1
71.652,3,71649493183,2496006,0
71.6548,1,71652329189,2496006,0
71.6573,16,71654852195,2496006,0
71.6599,4,71657375201,2496006,0
71.6624,13,71659898207,2496006,0
71.6649,1,71662430213,2496006,0
71.6674,21,71664953219,2496006,0
71.6699,13,71667476225,2469000,1
71.6724,23,71669943225,2496006,0
71.675,1,71672475231,2496006,0
71.6775,10,71674998237,2469000,1
71.6775,23,71674998237,2469000,1
71.68,8,71677465237,2496006,0
71.6825,3,71679988243,2496006,0
71.685,16,71682511249,2496006,0
71.6901,4,71687557261,2496006,0
71.6926,21,71690080267,2496006,0
71.6951,3,71692612273,2496006,0
71.6976,1,71695144279,2496006,0
71.7001,8,71697676285,2469000,1
71.7001,23,71697676285,2469000,1
71.7026,13,71700143285,2496006,0
71.7052,1,71702666291,2496006,0
71.7077,21,71705198297,2469000,1
71.7077,16,71705198297,2469000,1
71.7101,19,71707665297,2469000,1
71.7101,13,71707665297,2469000,1
71.7126,3,71710132297,2469000,1
71.7126,18,71710132297,2469000,1
71.7126,6,71710132297,2469000,1
71.7151,4,71712599297,2469000,1
71.7151,3,71712601297,2469000,1
71.7176,23,71715077297,2496006,0
71.7201,21,71717636303,2469000,1
71.7201,16,71717636303,2469000,1
71.7201,13,71717636303,2469000,1
71.7226,2,71720112303,2496006,0
71.7251,1,71722635309,2496006,0
71.7279,23,71725480315,2469000,1
71.7279,21,71725480315,2469000,1
71.7305,1,71727965315,2496006,0
71.733,12,71730488321,2469000,1
71.733,4,71730488321,2469000,1
71.7355,2,71732955321,2496006,0
71.738,8,71735505327,2469000,1
71.738,3,71735505327,2469000,1
71.7405,22,71737999327,2496006,0
71.743,16,71740522333,2496006,0
71.7456,1,71743054339,2496006,0
71.748,4,71745577345,2469000,1
71.748,16,71745577345,2469000,1
71.7505,10,71748062345,2469000,1
71.7505,8,71748062345,2469000,1
71.753,2,71750529345,2469000,1
71.753,8,71750531345,2469000,1
71.7555,22,71752998345,2496006,0
71.7583,20,71755834351,2496006,0
71.7608,15,71758357357,2469000,1
71.7608,23,71758357357,2469000,1
71.7608,2,71758357357,2469000,1
71.7633,12,71760824357,2496006,0
71.7659,3,71763365363,2496006,0
71.7684,22,71765888369,2469000,1
71.7684,3,71765888369,2469000,1
71.7709,16,71768355369,2496006,0
71.7734,1,71770878375,2496006,0
71.7759,20,71773410381,2496006,0
71.7784,20,71775933387,2496006,0
71.7809,2,71778456393,2469000,1
71.7809,1,71778456393,2469000,1
71.7834,14,71780923393,2469000,1
71.7834,7,71780923393,2469000,1
71.7834,15,71780923393,2469000,1
71.7859,3,71783390393,2469000,1
71.7859,20,71783390393,2469000,1
71.7884,12,71785866393,2496006,0
71.7909,9,71788398399,2496006,0
71.7934,16,71790939405,2496006,0
71.796,13,71793471411,2496006,0
71.7985,13,71795994417,2496006,0
71.801,1,71798517423,2496006,0
71.8035,9,71801040429,2496006,0
71.806,19,71803563435,2469000,1
71.806,22,71803563435,2469000,1
71.8085,21,71806039435,2496006,0
71.8111,18,71808562441,2496006,0
71.8136,13,71811085447,2469000,1
71.8136,16,71811085447,2469000,1
71.8136,11,71811085447,2469000,1
71.816,12,71813552447,2496006,0
71.8186,15,71816075453,2496006,0
71.8211,21,71818598459,2496006,0
71.8236,20,71821130465,2496006,0
71.8261,16,71823653471,2469000,1
71.8261,21,71823653471,2469000,1
71.8286,18,71826120471,2469000,1
71.8286,20,71826120471,2469000,1
71.8314,1,71828909477,2496006,0
71.8339,9,71831441483,2496006,0
71.8364,2,71833973489,2469000,1
71.8389,15,71836440489,2496006,0
71.8414,6,71838963495,2469000,1
71.8414,12,71838963495,2469000,1
71.8439,15,71841439495,2496006,0
71.8464,16,71843971501,2469000,1
71.8464,18,71843971501,2469000,1
71.8464,15,71843971501,2469000,1
71.849,9,71846456501,2496006,0
71.8514,23,71848979507,2469000,1
71.8514,1,71848979507,2469000,1
71.8539,12,71851455507,2469000,1
71.8539,15,71851455507,2469000,1
71.8539,9,71851455507,2469000,1
71.8564,23,71853922507,2496006,0
71.8593,12,71856758513,2496006,0
71.8618,21,71859281519,2469000,1
71.8618,20,71859281519,2469000,1
71.8642,17,71861757519,2469000,1
71.8642,13,71861757519,2469000,1
71.8667,5,71864233519,2496006,0
71.8693,3,71866783525,2469000,1
71.8693,22,71866783525,2469000,1
71.8693,9,71866783525,2469000,1
71.8693,23,71866783525,2469000,1
71.8718,6,71869304525,2469000,1
71.8718,12,71869304525,2469000,1
71.8743,5,71871771525,2496006,0
71.8768,4,71874330531,2496006,0
71.8793,10,71876862537,2469000,1
71.8793,1,71876862537,2469000,1
71.8818,5,71879329537,2496006,0
71.8844,22,71881888543,2496006,0
71.8869,4,71884411549,2469000,1
71.8869,22,71884411549,2469000,1
71.8894,23,71886896549,2496006,0
71.8919,9,71889437555,2496006,0
71.8945,5,71891978561,2496006,0
71.897,12,71894510567,2496006,0
71.8995,9,71897033573,2469000,1
71.8995,4,71897033573,2469000,1
71.902,23,71899518573,2496006,0
71.9045,1,71902041579,2496006,0
71.907,15,71904564585,2469000,1
71.907,9,71904564585,2469000,1
71.9095,5,71907040585,2496006,0
71.9121,23,71909563591,2496006,0
71.9146,22,71912086597,2496006,0
71.9171,18,71914609603,2496006,0
71.9196,18,71917132609,2469000,1
71.9221,20,71919599609,2469000,1
71.9221,23,71919599609,2469000,1
71.9246,13,71922066609,2496006,0
71.9296,22,71927112621,2469000,1
71.9296,12,71927112621,2469000,1
71.9324,5,71929892627,2469000,1
71.9324,18,71929892627,2469000,1
71.9348,19,71932359627,2469000,1
71.9348,23,71932359627,2469000,1
71.9373,13,71934835627,2469000,1
71.9373,1,71934835627,2469000,1
71.9373,23,71934835627,2469000,1
71.9398,21,71937302627,2469000,1
71.9398,1,71937304627,2469000,1
71.9423,22,71939825627,2496006,0
71.9449,21,71942357633,2496006,0
71.9474,1,71944880639,2496006,0
71.9499,22,71947412645,2496006,0
71.9524,21,71949953651,2469000,1
71.9524,16,71949953651,2469000,1
71.9524,22,71949953651,2469000,1
71.9549,12,71952420651,2496006,0
71.9574,13,71954952657,2496006,0
71.96,3,71957493663,2496006,0
71.9628,5,71960329669,2496006,0
71.9653,1,71962852675,2496006,0
71.9679,13,71965384681,2469000,1
71.9679,16,71965384681,2469000,1
71.9703,5,71967869681,2469000,1
71.9703,12,71967869681,2469000,1
71.9728,21,71970336681,2496006,0
71.9754,4,71972859687,2496006,0
71.9779,12,71975382693,2496006,0
71.9804,9,71977905699,2469000,1
71.9804,3,71977905699,2469000,1
71.9829,21,71980381699,2496006,0
71.9854,1,71982904705,2496006,0
71.9879,20,71985427711,2496006,0
71.9904,22,71987950717,2496006,0
71.9929,4,71990473723,2469000,1
71.9929,1,71990473723,2469000,1
71.998,21,71995481729,2496006,0
72.0005,13,71998004735,2496006,0
72.003,12,72000527741,2496006,0
72.0055,3,72003059747,2469000,1
72.0055,22,72003059747,2469000,1
72.0055,21,72003059747,2469000,1
72.008,10,72005526747,2469000,1
72.008,13,72005526747,2469000,1
72.0105,13,72007995747,2496006,0
72.013,4,72010518753,2496006,0
72.0156,20,72013059759,2496006,0
72.0181,18,72015600765,2469000,1
72.0181,20,72015600765,2469000,1
72.0206,5,72018067765,2496006,0
72.0231,13,72020590771,2469000,1
72.0231,8,72020590771,2469000,1
72.0256,22,72023057771,2496006,0
72.0281,12,72025580777,2496006,0
72.0306,1,72028103783,2496006,0
72.0331,4,72030635789,2496006,0
72.036,22,72033480795,2496006,0
72.0385,5,72036003801,2469000,1
72.0385,4,72036003801,2469000,1
72.041,20,72038470801,2496006,0
72.0435,13,72040993807,2469000,1
72.0435,4,72040993807,2469000,1
72.046,5,72043460807,2496006,0
72.0485,1,72045983813,2496006,0
72.051,12,72048506819,2496006,0
72.0535,22,72051029825,2496006,0
72.056,5,72053570831,2469000,1
72.056,12,72053570831,2469000,1
72.056,22,72053570831,2469000,1
72.0586,21,72056055831,2496006,0
72.0611,20,72058587837,2496006,0
72.0639,12,72061423843,2496006,0
72.0664,1,72063946849,2496006,0
72.0715,20,72069046861,2496006,0
72.074,12,72071569867,2469000,1
72.074,20,72071569867,2469000,1
72.0765,1,72074036867,2469000,1
72.0765,21,72074036867,2469000,1
72.079,9,72076521867,2496006,0
72.0815,3,72079044873,2496006,0
72.084,13,72081567879,2469000,1
72.084,12,72081567879,2469000,1
72.0865,9,72084043879,2469000,1
72.0865,3,72084043879,2469000,1
72.089,21,72086519879,2469000,1
72.089,9,72086519879,2469000,1
72.0915,22,72088995879,2496006,0
72.094,20,72091518885,2469000,1
72.094,1,72091518885,2469000,1
72.0965,4,72093994885,2496006,0
72.099,5,72096517891,2469000,1
72.099,1,72096517891,2469000,1
72.1015,23,72098993891,2469000,1
72.1015,20,72098993891,2469000,1
72.1015,4,72098993891,2469000,1
72.104,21,72101460891,2496006,0
72.1065,21,72103983897,2496006,0
72.109,15,72106515903,2496006,0
72.1115,8,72109047909,2496006,0
72.1141,12,72111570915,2496006,0
72.1166,5,72114093921,2469000,1
72.1166,4,72114093921,2469000,1
72.1191,22,72116560921,2496006,0
72.1216,4,72119092927,2496006,0
72.1241,15,72121651933,2496006,0
72.1266,4,72124174939,2469000,1
72.1266,1,72124174939,2469000,1
72.1266,21,72124174939,2469000,1
72.1291,18,72126641939,2496006,0
72.1317,8,72129164945,2496006,0
72.1342,8,72131687951,2496006,0
72.137,3,72134532957,2496006,0
72.1395,15,72137055963,2469000,1
72.1395,12,72137055963,2469000,1
72.1395,22,72137055963,2469000,1
72.142,19,72139531963,2469000,1
72.142,20,72139531963,2469000,1
72.142,3,72139531963,2469000,1
72.1445,21,72141998963,2496006,0
72.147,3,72144530969,2496006,0
72.1521,8,72149585981,2496006,0
72.1546,12,72152117987,2496006,0
72.1571,2,72154640993,2469000,1
72.1571,18,72154640993,2469000,1
72.1596,3,72157125993,2496006,0
72.1621,12,72159648999,2469000,1
72.1621,21,72159648999,2469000,1
72.1646,15,72162115999,2469000,1
72.1646,22,72162115999,2469000,1
72.1674,8,72164932005,2496006,0
72.1699,11,72167455011,2469000,1
72.1699,16,72167455011,2469000,1
72.1699,3,72167455011,2469000,1
72.1724,9,72169922011,2496006,0
72.1749,22,72172445017,2496006,0
72.1774,4,72174968023,2469000,1
72.1774,22,72174968023,2469000,1
72.1799,19,72177435023,2496006,0
72.1825,15,72179958029,2496006,0
72.185,18,72182481035,2469000,1
72.185,19,72182481035,2469000,1
72.1875,1,72184966035,2496006,0
72.19,8,72187507041,2496006,0
72.1925,21,72190030047,2469000,1
72.1925,8,72190030047,2469000,1
72.195,3,72192515047,2496006,0
72.1975,9,72195038053,2496006,0
72.2001,5,72197561059,2496006,0
72.2026,15,72200084065,2496006,0
72.2051,3,72202616071,2469000,1
72.2051,1,72202616071,2469000,1
72.2076,12,72205110071,2496006,0
72.2101,9,72207642077,2496006,0
72.2127,5,72210165083,2496006,0
72.2152,8,72212688089,2496006,0
72.2177,19,72215211095,2496006,0
72.2202,12,72217734101,2469000,1
72.2202,9,72217734101,2469000,1
72.2202,5,72217734101,2469000,1
72.2227,22,72220201101,2469000,1
72.2227,15,72220201101,2469000,1
72.2252,8,72222686101,2496006,0
72.2277,13,72225209107,2469000,1
72.2277,21,72225209107,2469000,1
72.2277,15,72225209107,2469000,1
72.2302,3,72227685107,2496006,0
72.2327,22,72230208113,2496006,0
72.2377,19,72235254125,2469000,1
72.2377,3,72235254125,2469000,1
72.2405,8,72238034131,2469000,1
72.2405,12,72238034131,2469000,1
72.243,1,72240519131,2496006,0
72.2456,4,72243060137,2496006,0
72.2481,22,72245583143,2496006,0
72.2506,5,72248106149,2469000,1
72.2506,22,72248106149,2469000,1
72.2531,20,72250618149,2496006,0
72.2556,19,72253141155,2496006,0
72.2582,22,72255664161,2496006,0
72.2607,9,72258187167,2469000,1
72.2607,22,72258187167,2469000,1
72.2631,1,72260654167,2469000,1
72.2631,20,72260654167,2469000,1
72.2656,23,72263130167,2496006,0
72.2685,18,72265966173,2496006,0
72.271,4,72268489179,2496006,0
72.2735,19,72271021185,2469000,1
72.2735,9,72271021185,2469000,1
72.2735,22,72271021185,2469000,1
72.276,18,72273497185,2496006,0
72.2785,3,72276047191,2496006,0
72.281,18,72278570197,2469000,1
72.281,8,72278570197,2469000,1
72.281,3,72278570197,2469000,1
72.2835,1,72281037197,2469000,1
72.2835,23,72281037197,2469000,1
72.2835,19,72281037197,2469000,1
72.2835,22,72281037197,2469000,1
72.286,4,72283513197,2496006,0
72.2885,15,72286045203,2469000,1
72.2885,1,72286045203,2469000,1
72.291,23,72288512203,2496006,0
72.2935,7,72291035209,2496006,0
72.2961,4,72293558215,2496006,0
72.2986,23,72296081221,2496006,0
72.3011,20,72298604227,2496006,0
72.3036,7,72301145233,2496006,0
72.3062,4,72303686239,2496006,0
72.3087,20,72306218245,2496006,0
72.3112,18,72308750251,2469000,1
72.3112,20,72308750251,2469000,1
72.3137,12,72311226251,2469000,1
72.3137,8,72311226251,2469000,1
72.3162,23,72313702251,2469000,1
72.3162,18,72313702251,2469000,1
72.3212,4,72318701257,2496006,0
72.3237,7,72321233263,2496006,0
72.3263,3,72323774269,2496006,0
72.3288,23,72326297275,2496006,0
72.3313,5,72328838281,2496006,0
72.3339,3,72331361287,2496006,0
72.3364,7,72333893293,2496006,0
72.3389,4,72336416299,2496006,0
72.3418,7,72339279305,2496006,0
72.3443,23,72341811311,2496006,0
72.3468,7,72344343317,2496006,0
72.3493,3,72346875323,2469000,1
72.3493,19,72346875323,2469000,1
72.3493,20,72346875323,2469000,1
72.3518,5,72349351323,2469000,1
72.3518,4,72349351323,2469000,1
72.3543,23,72351818323,2469000,1
72.3543,9,72351818323,2469000,1
72.3568,7,72354294323,2496006,0
72.3593,7,72356826329,2496006,0
72.3619,22,72359385335,2496006,0
72.3644,23,72361917341,2496006,0
72.3669,23,72364440347,2496006,0
72.3695,22,72366981353,2469000,1
72.3695,7,72366981353,2469000,1
72.3722,20,72369761359,2469000,1
72.3722,4,72369761359,2469000,1
72.3747,5,72372237359,2496006,0
72.3773,10,72374760365,2496006,0
72.3798,3,72377319371,2469000,1
72.3798,22,72377319371,2469000,1
72.3823,23,72379804371,2496006,0
72.3848,21,72382327377,2496006,0
72.3873,10,72384850383,2469000,1
72.3873,5,72384850383,2469000,1
72.3898,4,72387326383,2496006,0
72.3923,7,72389849389,2496006,0
72.3949,21,72392390395,2496006,0
72.3974,4,72394940401,2496006,0
72.4,23,72397490407,2496006,0
72.4025,21,72400022413,2496006,0
72.405,4,72402545419,2469000,1
72.405,3,72402545419,2469000,1
72.4075,5,72405012419,2469000,1
72.4075,7,72405012419,2469000,1
72.41,10,72407479419,2496006,0
72.4125,13,72410011425,2496006,0
72.415,4,72412534431,2496006,0
72.4176,23,72415075437,2496006,0
72.4201,1,72417598443,2496006,0
72.4226,21,72420121449,2496006,0
72.4251,12,72422644455,2496006,0
72.4277,23,72425167461,2496006,0
72.4302,21,72427690467,2496006,0
72.4327,10,72430231473,2496006,0
72.4353,4,72432754479,2496006,0
72.4378,1,72435277485,2496006,0
72.4403,4,72437800491,2496006,0
72.4428,12,72440323497,2469000,1
72.4428,13,72440323497,2469000,1
72.4456,1,72443103503,2469000,1
72.4456,12,72443103503,2469000,1
72.448,23,72445570503,2469000,1
72.448,6,72445570503,2469000,1
72.448,15,72445570503,2469000,1
72.448,19,72445570503,2469000,1
72.448,1,72445572503,2469000,1
72.4506,5,72448057503,2496006,0
72.453,10,72450580509,2469000,1
72.453,7,72450580509,2469000,1
72.4556,4,72453056509,2496006,0
72.458,21,72455579515,2469000,1
72.458,10,72455579515,2469000,1
72.4605,4,72458046515,2496006,0
72.463,12,72460569521,2469000,1
72.463,23,72460569521,2469000,1
72.4655,13,72463036521,2469000,1
72.4655,21,72463036521,2469000,1
72.468,22,72465503521,2469000,1
72.468,1,72465503521,2469000,1
72.4705,5,72468015521,2496006,0
72.4734,4,72470905527,2496006,0
72.4759,18,72473428533,2496006,0
72.4784,8,72475951539,2496006,0
72.481,8,72478483545,2496006,0
72.4835,5,72481006551,2469000,1
72.4835,18,72481006551,2469000,1
72.486,4,72483518551,2496006,0
72.4885,8,72486041557,2496006,0
72.4911,5,72488564563,2496006,0
72.4936,13,72491105569,2496006,0
72.4961,5,72493637575,2496006,0
72.4986,20,72496169581,2469000,1
72.4986,7,72496169581,2469000,1
72.4986,13,72496169581,2469000,1
72.5011,5,72498636581,2496006,0
72.5037,4,72501177587,2496006,0
72.5062,16,72503700593,2496006,0
72.5087,4,72506232599,2496006,0
72.5112,10,72508755605,2469000,1
72.5112,8,72508755605,2469000,1
72.5137,5,72511222605,2469000,1
72.5137,4,72511222605,2469000,1
72.5162,18,72513689605,2496006,0
72.5187,16,72516212611,2469000,1
72.5187,18,72516212611,2469000,1
72.5212,18,72518697611,2496006,0
72.5237,7,72521220617,2496006,0
72.5262,13,72523752623,2469000,1
72.5287,22,72526237623,2469000,1
72.5287,8,72526237623,2469000,1
72.5312,18,72528704623,2469000,1
72.5312,12,72528704623,2469000,1
72.5336,7,72531171623,2469000,1
72.5361,21,72533638623,2496006,0
72.5387,18,72536179629,2496006,0
72.5412,23,72538702635,2496006,0
72.5466,13,72544070647,2496006,0
72.5491,13,72546593653,2496006,0
72.5516,9,72549116659,2496006,0
72.5541,3,72551648665,2496006,0
72.5567,1,72554171671,2496006,0
72.5592,4,72556694677,2496006,0
72.5617,21,72559217683,2469000,1
72.5617,5,72559217683,2469000,1
72.5642,18,72561684683,2496006,0
72.5667,9,72564207689,2469000,1
72.5667,13,72564207689,2469000,1
72.5667,16,72564207689,2469000,1
72.5692,3,72566683689,2496006,0
72.5717,23,72569206695,2496006,0
72.5742,18,72571729701,2469000,1
72.5742,9,72571729701,2469000,1
72.577,3,72574509707,2496006,0
72.5795,1,72577041713,2469000,1
72.5795,4,72577041713,2469000,1
72.5795,9,72577041713,2469000,1
72.582,3,72579517713,2496006,0
72.5845,21,72582040719,2496006,0
72.5871,3,72584563725,2496006,0
72.5896,7,72587095731,2496006,0
72.5921,23,72589618737,2496006,0
72.5946,1,72592150743,2469000,1
72.5946,4,72592150743,2469000,1
72.5971,21,72594617743,2496006,0
72.5996,7,72597140749,2469000,1
72.5996,5,72597140749,2469000,1
72.6021,23,72599607749,2469000,1
72.6021,3,72599607749,2469000,1
72.6021,18,72599607749,2469000,1
72.6046,6,72602074749,2496006,0
72.6071,5,72604606755,2496006,0
72.6096,21,72607165761,2469000,1
72.6096,23,72607165761,2469000,1
72.6121,5,72609632761,2469000,1
72.6121,6,72609632761,2469000,1
72.6146,4,72612099761,2496006,0
72.6171,14,72614622767,2496006,0
72.6196,14,72617145773,2496006,0
72.6222,13,72619668779,2496006,0
72.6247,1,72622191785,2496006,0
72.6272,18,72624714791,2469000,1
72.6297,1,72627181791,2496006,0
72.6322,14,72629704797,2469000,1
72.6322,1,72629704797,2469000,1
72.6347,14,72632180797,2496006,0
72.6372,5,72634703803,2469000,1
72.6372,1,72634703803,2469000,1
72.6396,16,72637170803,2469000,1
72.6396,7,72637170803,2469000,1
72.6421,8,72639637803,2496006,0
72.6446,13,72642169809,2469000,1
72.6446,4,72642169809,2469000,1
72.6471,10,72644645809,2469000,1
72.6471,21,72644645809,2469000,1
72.6499,23,72647434815,2496006,0
72.6524,14,72649966821,2469000,1
72.6524,23,72649966821,2469000,1
72.6549,3,72652433821,2496006,0
72.6575,7,72654983827,2496006,0
72.66,19,72657506833,2469000,1
72.66,8,72657506833,2469000,1
72.6625,18,72659973833,2496006,0
72.665,6,72662496839,2469000,1
72.665,7,72662496839,2469000,1
72.6675,12,72664963839,2496006,0
72.67,12,72667486845,2496006,0
72.6725,3,72670018851,2469000,1
72.6725,8,72670018851,2469000,1
72.675,18,72672494851,2469000,1
72.675,1,72672494851,2469000,1
72.675,13,72672494851,2469000,1
72.6775,23,72674961851,2496006,0
72.6803,12,72677833857,2496006,0
72.6828,23,72680356863,2469000,1
72.6828,15,72680356863,2469000,1
72.6853,4,72682832863,2496006,0
72.6879,3,72685382869,2469000,1
72.6879,13,72685382869,2469000,1
72.6903,14,72687849869,2469000,1
72.6903,13,72687851869,2469000,1
72.6928,1,72690318869,2469000,1
72.6928,3,72690318869,2469000,1
72.6953,18,72692785869,2496006,0
72.6978,7,72695308875,2496006,0
72.7003,9,72697840881,2469000,1
72.7003,7,72697840881,2469000,1
72.7028,4,72700316881,2496006,0
72.7053,12,72702839887,2496006,0
72.7079,21,72705380893,2496006,0
72.7104,18,72707903899,2496006,0
72.7129,5,72710426905,2496006,0
72.718,12,72715472917,2496006,0
72.7205,21,72718004923,2469000,1
72.7205,4,72718004923,2469000,1
72.723,23,72720471923,2496006,0
72.7255,12,72723012929,2496006,0
72.728,23,72725544935,2496006,0
72.7306,18,72728085941,2469000,1
72.7306,5,72728085941,2469000,1
72.7331,3,72730579941,2496006,0
72.7356,7,72733102947,2496006,0
72.7381,23,72735625953,2469000,1
72.7381,3,72735625953,2469000,1
72.7406,23,72738094953,2496006,0
72.7431,6,72740635959,2469000,1
72.7431,12,72740635959,2469000,1
72.7456,18,72743102959,2469000,1
72.7456,6,72743104959,2469000,1
72.7481,14,72745571959,2496006,0
72.7506,4,72748094965,2469000,1
72.7506,14,72748094965,2469000,1
72.7534,12,72750874971,2496006,0
72.7559,8,72753406977,2496006,0
72.7584,7,72755938983,2469000,1
72.7584,23,72755938983,2469000,1
72.7609,8,72758405983,2469000,1
72.7609,7,72758407983,2469000,1
72.7634,21,72760874983,2496006,0
72.7659,12,72763406989,2496006,0
72.7685,3,72765956995,2496006,0
72.771,12,72768480001,2496006,0
72.7735,21,72771021007,2496006,0
72.776,5,72773544013,2469000,1
72.776,14,72773544013,2469000,1
72.7785,3,72776038013,2469000,1
72.7785,4,72776038013,2469000,1
72.7785,8,72776038013,2469000,1
72.7813,21,72778818019,2496006,0
72.7838,23,72781350025,2496006,0
72.7864,12,72783873031,2496006,0
72.7889,8,72786396037,2496006,0
72.7914,23,72788919043,2496006,0
72.7939,23,72791442049,2496006,0
72.7964,16,72793974055,2469000,1
72.7964,14,72793974055,2469000,1
72.7989,21,72796450055,2496006,0
72.804,12,72801505067,2496006,0
72.8065,7,72804028073,2496006,0
72.809,8,72806551079,2496006,0
72.8116,3,72809110085,2496006,0
72.8141,23,72811642091,2496006,0
72.8166,22,72814165097,2469000,1
72.8166,9,72814165097,2469000,1
72.8191,11,72816632097,2496006,0
72.8217,21,72819155103,2496006,0
72.8242,2,72821687109,2496006,0
72.8267,11,72824219115,2469000,1
72.8267,12,72824219115,2469000,1
72.8292,8,72826686115,2469000,1
72.8292,7,72826686115,2469000,1
72.8292,23,72826686115,2469000,1
72.8292,2,72826686115,2469000,1
72.8316,21,72829162115,2469000,1
72.8316,2,72829162115,2469000,1
72.8341,3,72831629115,2469000,1
72.8341,4,72831629115,2469000,1
72.8366,5,72834096115,2496006,0
72.8391,18,72836628121,2469000,1
72.8391,8,72836628121,2469000,1
72.8391,3,72836628121,2469000,1
72.8416,17,72839095121,2469000,1
72.8416,12,72839095121,2469000,1
72.8416,21,72839095121,2469000,1
72.8416,5,72839095121,2469000,1
72.8441,2,72841598121,2496006,0
72.8467,2,72844157127,2496006,0
72.8492,21,72846680133,2496006,0
72.8517,23,72849203139,2469000,1
72.8517,8,72849203139,2469000,1
72.8545,23,72851983145,2496006,0
72.857,21,72854506151,2496006,0
72.8595,7,72857038157,2469000,1
72.8595,23,72857038157,2469000,1
72.862,12,72859505157,2496006,0
72.8645,2,72862028163,2496006,0
72.8671,12,72864560169,2496006,0
72.8696,18,72867092175,2496006,0
72.8721,11,72869615181,2496006,0
72.8746,12,72872147187,2496006,0
72.8772,6,72874688193,2469000,1
72.8772,5,72874688193,2469000,1
72.8796,21,72877155193,2469000,1
72.8796,6,72877157193,2469000,1
72.8821,18,72879624193,2469000,1
72.8821,22,72879624193,2469000,1
72.8821,3,72879624193,2469000,1
72.8849,16,72882404199,2496006,0
72.8874,23,72884927205,2469000,1
72.8874,2,72884927205,2469000,1
72.8874,21,72884927205,2469000,1
72.8899,5,72887394205,2469000,1
72.8923,3,72889870205,2469000,1
72.8923,16,72889870205,2469000,1
72.8948,11,72892337205,2469000,1
72.8948,20,72892337205,2469000,1
72.8973,12,72894804205,2496006,0
72.8998,16,72897345211,2496006,0
72.9024,8,72899868217,2496006,0
72.9049,16,72902391223,2496006,0
72.9074,12,72904932229,2496006,0
72.91,12,72907464235,2496006,0
72.9125,12,72910023241,2496006,0
72.9151,2,72912555247,2496006,0
72.9176,8,72915078253,2496006,0
72.9201,18,72917610259,2496006,0
72.9226,12,72920133265,2469000,1
72.9226,16,72920133265,2469000,1
72.9226,2,72920133265,2469000,1
72.9251,10,72922600265,2469000,1
72.9251,7,72922600265,2469000,1
72.9251,12,72922602265,2469000,1
72.9276,8,72925087265,2469000,1
72.9276,11,72925087265,2469000,1
72.9301,21,72927563265,2496006,0
72.9326,4,72930086271,2496006,0
72.9351,18,72932609277,2496006,0
72.9377,8,72935159283,2496006,0
72.9402,8,72937691289,2496006,0
72.9427,21,72940223295,2496006,0
72.9452,4,72942746301,2496006,0
72.9478,8,72945278307,2496006,0
72.9503,18,72947810313,2496006,0
72.9528,8,72950351319,2496006,0
72.9554,2,72952874325,2496006,0
72.9582,18,72955710331,2496006,0
72.9607,4,72958233337,2496006,0
72.9632,23,72960756343,2469000,1
72.9632,18,72960756343,2469000,1
72.9657,16,72963232343,2496006,0
72.9682,7,72965755349,2469000,1
72.9682,21,72965755349,2469000,1
72.9732,13,72970772355,2469000,1
72.9732,3,72970772355,2469000,1
72.9732,2,72970772355,2469000,1
72.9757,8,72973257355,2469000,1
72.9757,4,72973257355,2469000,1
72.9782,14,72975724355,2496006,0
72.9808,11,72978274361,2496006,0
72.9833,14,72980806367,2469000,1
72.9833,18,72980806367,2469000,1
72.9833,16,72980806367,2469000,1
72.9861,15,72983586373,2469000,1
72.9861,14,72983586373,2469000,1
72.9886,4,72986071373,2496006,0
72.9911,1,72988594379,2469000,1
72.9911,4,72988594379,2469000,1
72.9935,8,72991061379,2469000,1
72.9935,4,72991063379,2469000,1
72.996,5,72993548379,2469000,1
72.996,12,72993548379,2469000,1
72.9985,21,72996042379,2496006,0
73.0011,11,72998565385,2496006,0
73.0036,2,73001106391,2496006,0
73.0062,21,73003674397,2496006,0
73.0087,11,73006206403,2496006,0
73.0112,2,73008729409,2496006,0
73.0137,21,73011252415,2496006,0
73.0163,16,73013784421,2496006,0
73.0188,21,73016316427,2496006,0
73.0213,11,73018848433,2496006,0
73.0239,21,73021371439,2496006,0
73.0264,2,73023903445,2469000,1
73.0264,11,73023903445,2469000,1
73.0289,18,73026370445,2496006,0
73.0314,11,73028911451,2496006,0
73.0339,16,73031461457,2469000,1
73.0364,18,73033946457,2469000,1
73.0364,14,73033946457,2469000,1
73.0389,4,73036413457,2469000,1
73.0389,21,73036413457,2469000,1
73.0389,18,73036415457,2469000,1
73.0414,11,73038882457,2496006,0
73.0439,16,73041423463,2496006,0
73.0464,11,73043946469,2496006,0
73.049,16,73046496475,2469000,1
73.049,1,73046496475,2469000,1
73.0515,2,73048963475,2496006,0
73.054,14,73051486481,2496006,0
73.0565,23,73054009487,2496006,0
73.0593,14,73056845493,2496006,0
73.0619,11,73059368499,2496006,0
73.0644,8,73061909505,2496006,0
73.0669,14,73064432511,2496006,0
73.0695,11,73066955517,2496006,0
73.072,23,73069478523,2496006,0
73.0745,11,73072001529,2496006,0
73.077,2,73074533535,2496006,0
73.0796,11,73077074541,2496006,0
73.0821,16,73079597547,2496006,0
73.0846,2,73082129553,2469000,1
73.0846,5,73082129553,2469000,1
73.0871,21,73084596553,2469000,1
73.0871,18,73084596553,2469000,1
73.0899,16,73087376559,2496006,0
73.0924,23,73089899565,2496006,0
73.0949,8,73092422571,2496006,0
73.0974,14,73094945577,2469000,1
73.0974,16,73094945577,2469000,1
73.1,8,73097457577,2496006,0
73.1024,17,73099980583,2469000,1
73.1024,11,73099980583,2469000,1
73.1049,5,73102447583,2469000,1
73.1049,16,73102447583,2469000,1
73.1074,23,73104923583,2469000,1
73.1074,5,73104923583,2469000,1
73.1099,7,73107390583,2496006,0
73.1124,2,73109922589,2469000,1
73.1124,17,73109922589,2469000,1
73.1149,4,73112389589,2496006,0
73.1174,8,73114912595,2496006,0
73.1199,2,73117444601,2496006,0
73.1225,2,73119967607,2496006,0
73.125,8,73122499613,2496006,0
73.1275,7,73125022619,2496006,0
73.13,7,73127545625,2496006,0
73.1326,17,73130077631,2496006,0
73.1351,2,73132600637,2496006,0
73.1376,4,73135123643,2496006,0
73.1401,8,73137646649,2469000,1
73.1401,2,73137646649,2469000,1
73.1426,9,73140113649,2496006,0
73.1451,12,73142654655,2469000,1
73.1451,14,73142654655,2469000,1
73.1476,11,73145121655,2496006,0
73.1501,21,73147644661,2496006,0
73.1527,4,73150167667,2496006,0
73.1552,7,73152699673,2469000,1
73.1552,11,73152699673,2469000,1
73.1577,23,73155184673,2469000,1
73.1577,17,73155184673,2469000,1
73.1577,14,73155184673,2469000,1
73.1601,16,73157660673,2469000,1
73.1601,2,73157660673,2469000,1
73.1601,17,73157660673,2469000,1
73.1629,21,73160449679,2469000,1
73.1629,9,73160449679,2469000,1
73.1654,7,73162916679,2496006,0
73.1679,4,73165439685,2469000,1
73.1679,7,73165439685,2469000,1
73.1704,23,73167915685,2496006,0
73.1729,9,73170438691,2469000,1
73.1729,4,73170438691,2469000,1
73.1754,11,73172905691,2469000,1
73.1754,23,73172905691,2469000,1
73.1779,14,73175399691,2496006,0
73.183,8,73180463703,2496006,0
73.1855,14,73183013709,2496006,0
73.1881,8,73185563715,2496006,0
73.1909,23,73188444721,2496006,0
73.1934,14,73190976727,2469000,1
73.1934,21,73190976727,2469000,1
73.196,17,73193461727,2496006,0
73.1985,7,73195984733,2496006,0
73.201,7,73198507739,2496006,0
73.2035,8,73201048745,2496006,0
73.2061,19,73203580751,2496006,0
73.2086,23,73206121757,2496006,0
73.2111,7,73208653763,2469000,1
73.2111,11,73208653763,2469000,1
73.2136,13,73211129763,2469000,1
73.2136,17,73211129763,2469000,1
73.2161,8,73213596763,2496006,0
73.2186,8,73216155769,2469000,1
73.2186,14,73216155769,2469000,1
73.2211,2,73218631769,2469000,1
73.2211,21,73218631769,2469000,1
73.2236,19,73221098769,2469000,1
73.2236,23,73221098769,2469000,1
73.2261,18,73223583769,2496006,0
73.2286,4,73226106775,2496006,0
73.2311,18,73228629781,2469000,1
73.2311,4,73228629781,2469000,1
73.2336,9,73231105781,2469000,1
73.2336,8,73231105781,2469000,1
73.2361,15,73233581781,2496006,0
73.2411,7,73238636793,2496006,0
73.2437,7,73241186799,2496006,0
73.2462,23,73243736805,2496006,0
73.2487,17,73246268811,2469000,1
73.2487,19,73246268811,2469000,1
73.2512,14,73248744811,2496006,0
73.2538,15,73251267817,2496006,0
73.2563,15,73253790823,2496006,0
73.2588,15,73256313829,2496006,0
73.2614,7,73258854835,2496006,0
73.2642,15,73261699841,2469000,1
73.2642,4,73261699841,2469000,1
73.2667,23,73264166841,2496006,0
73.2692,18,73266698847,2496006,0
73.2717,14,73269221853,2496006,0
73.2742,19,73271744859,2469000,1
73.2742,4,73271744859,2469000,1
73.2767,18,73274211859,2496006,0
73.2792,15,73276743865,2496006,0
73.2818,15,73279266871,2496006,0
73.2843,7,73281789877,2469000,1
73.2843,15,73281789877,2469000,1
73.2867,23,73284265877,2469000,1
73.2867,16,73284265877,2469000,1
73.2892,14,73286741877,2496006,0
73.2918,7,73289273883,2496006,0
73.2946,18,73292109889,2469000,1
73.2946,8,73292109889,2469000,1
73.2971,2,73294594889,2469000,1
73.2996,17,73297070889,2496006,0
73.3021,15,73299620895,2469000,1
73.3021,7,73299620895,2469000,1
73.3021,17,73299620895,2469000,1
73.3046,19,73302096895,2496006,0
73.3071,6,73304619901,2496006,0
73.3096,14,73307142907,2469000,1
73.3096,6,73307142907,2469000,1
73.3121,19,73309618907,2496006,0
73.3146,17,73312141913,2496006,0
73.3172,18,73314691919,2469000,1
73.3172,7,73314691919,2469000,1
73.3197,23,73317185919,2469000,1
73.3197,7,73317185919,2469000,1
73.3222,23,73319661919,2496006,0
73.3247,12,73322193925,2469000,1
73.3247,19,73322193925,2469000,1
73.3247,23,73322193925,2469000,1
73.3271,8,73324660925,2469000,1
73.3271,17,73324660925,2469000,1
73.3296,17,73327129925,2496006,0
73.3322,4,73329679931,2496006,0
73.3347,14,73332202937,2496006,0
73.3372,17,73334725943,2496006,0
73.3397,9,73337248949,2496006,0
73.3423,6,73339771955,2496006,0
73.3448,7,73342294961,2496006,0
73.3473,9,73344835967,2496006,0
73.3499,14,73347358973,2496006,0
73.3524,19,73349890979,2469000,1
73.3548,17,73352357979,2469000,1
73.3548,21,73352357979,2469000,1
73.3573,14,73354824979,2496006,0
73.3598,9,73357347985,2496006,0
73.3623,1,73359870991,2469000,1
73.3623,4,73359870991,2469000,1
73.3648,15,73362337991,2496006,0
73.3677,15,73365173997,2496006,0
73.3702,15,73367697003,2496006,0
73.3727,14,73370220009,2469000,1
73.3727,6,73370220009,2469000,1
73.3727,15,73370220009,2469000,1
73.3752,7,73372696009,2496006,0
73.3777,11,73375228015,2496006,0
73.3802,17,73377751021,2496006,0
73.3828,23,73380274027,2496006,0
73.3853,11,73382815033,2469000,1
73.3853,9,73382815033,2469000,1
73.3878,17,73385309033,2469000,1
73.3878,7,73385309033,2469000,1
73.3903,14,73387776033,2496006,0
73.3928,18,73390308039,2496006,0
73.3956,15,73393144045,2469000,1
73.3956,23,73393144045,2469000,1
73.3981,17,73395611045,2496006,0
73.4006,4,73398143051,2496006,0
73.4032,18,73400702057,2496006,0
73.4057,6,73403243063,2469000,1
73.4057,14,73403243063,2469000,1
73.4082,18,73405710063,2496006,0
73.4107,14,73408233069,2496006,0
73.4132,7,73410765075,2469000,1
73.4157,7,73413234075,2496006,0
73.4182,18,73415757081,2469000,1
73.4182,20,73415757081,2469000,1
73.4182,17,73415757081,2469000,1
73.4182,14,73415757081,2469000,1
73.4182,7,73415757081,2469000,1
73.4207,11,73418224081,2496006,0
73.4232,4,73420747087,2496006,0
73.4257,9,73423270093,2469000,1
73.4257,17,73423270093,2469000,1
73.4282,4,73425746093,2469000,1
73.4307,15,73428231093,2496006,0
73.4332,7,73430754099,2469000,1
73.4357,19,73433221099,2496006,0
73.4382,23,73435744105,2496006,0
73.4433,19,73440808117,2469000,1
73.4433,6,73440808117,2469000,1
73.4458,11,73443284117,2496006,0
73.4483,15,73445825123,2496006,0
73.4509,19,73448366129,2496006,0
73.4534,18,73450898135,2496006,0
73.4559,4,73453421141,2469000,1
73.4559,23,73453421141,2469000,1
73.4559,18,73453421141,2469000,1
73.4584,23,73455890141,2496006,0
73.4609,15,73458413147,2469000,1
73.4609,11,73458413147,2469000,1
73.4609,18,73458413147,2469000,1
73.4634,7,73460889147,2496006,0
73.4659,18,73463412153,2496006,0
73.4687,14,73466248159,2496006,0
73.4713,19,73468780165,2496006,0
73.4738,23,73471303171,2469000,1
73.4738,14,73471303171,2469000,1
73.4763,17,73473770171,2496006,0
73.4788,11,73476311177,2496006,0
73.4813,11,73478834183,2496006,0
73.4838,23,73481375189,2469000,1
73.4838,11,73481375189,2469000,1
73.4863,18,73483842189,2469000,1
73.4863,19,73483842189,2469000,1
73.4888,3,73486309189,2496006,0
73.4913,7,73488832195,2496006,0
73.4939,18,73491355201,2496006,0
73.4964,3,73493887207,2496006,0
73.4992,23,73496723213,2496006,0
73.5017,2,73499246219,2469000,1
73.5017,14,73499246219,2469000,1
73.5042,15,73501713219,2469000,1
73.5042,17,73501713219,2469000,1
73.5067,7,73504180219,2496006,0
73.5092,7,73506712225,2469000,1
73.5117,19,73509206225,2469000,1
73.5117,23,73509206225,2469000,1
73.5142,11,73511673225,2496006,0
73.5167,9,73514196231,2469000,1
73.5167,18,73514196231,2469000,1
73.5192,4,73516663231,2496006,0
73.5217,17,73519186237,2496006,0
73.5242,3,73521718243,2496006,0
73.5268,21,73524259249,2496006,0
73.5293,17,73526782255,2496006,0
73.5318,16,73529305261,2496006,0
73.5343,4,73531828267,2469000,1
73.5343,15,73531828267,2469000,1
73.5368,11,73534304267,2496006,0
73.5394,3,73536854273,2496006,0
73.5419,10,73539377279,2496006,0
73.5444,21,73541900285,2469000,1
73.5444,23,73541900285,2469000,1
73.5444,10,73541900285,2469000,1
73.5469,5,73544376285,2496006,0
73.5494,15,73546899291,2496006,0
73.5519,16,73549422297,2496006,0
73.5544,11,73551954303,2469000,1
73.5544,17,73551954303,2469000,1
73.5569,3,73554421303,2469000,1
73.5569,21,73554421303,2469000,1
73.5594,7,73556888303,2469000,1
73.5594,4,73556888303,2469000,1
73.5619,17,73559355303,2496006,0
73.5644,18,73561905309,2469000,1
73.5644,17,73561905309,2469000,1
73.5669,15,73564381309,2469000,1
73.5669,14,73564381309,2469000,1
73.5693,10,73566848309,2496006,0
73.5722,9,73569684315,2469000,1
73.5722,5,73569684315,2469000,1
73.5722,16,73569684315,2469000,1
73.5746,2,73572151315,2469000,1
73.5746,11,73572151315,2469000,1
73.5746,10,73572151315,2469000,1
73.5771,3,73574618315,2496006,0
73.5796,19,73577141321,2496006,0
73.5822,19,73579673327,2496006,0
73.5847,19,73582205333,2469000,1
73.5872,5,73584672333,2496006,0
73.5897,3,73587222339,2469000,1
73.5897,15,73587222339,2469000,1
73.5922,18,73589689339,2496006,0
73.5947,10,73592221345,2496006,0
73.5972,17,73594744351,2496006,0
73.6001,7,73597580357,2496006,0
73.6026,7,73600103363,2496006,0
73.6051,5,73602644369,2496006,0
73.6077,15,73605185375,2496006,0
73.6102,5,73607717381,2496006,0
73.6127,17,73610249387,2496006,0
73.6152,16,73612772393,2469000,1
73.6152,18,73612772393,2469000,1
73.6152,5,73612772393,2469000,1
73.6177,7,73615239393,2469000,1
73.6177,10,73615239393,2469000,1
73.6202,15,73617706393,2496006,0
73.6227,4,73620229399,2469000,1
73.6227,17,73620229399,2469000,1
73.6227,10,73620229399,2469000,1
73.6252,15,73622732399,2469000,1
73.6252,19,73622732399,2469000,1
73.6277,5,73625199399,2496006,0
73.6302,3,73627722405,2469000,1
73.6302,16,73627722405,2469000,1
73.6327,16,73630191405,2496006,0
73.6352,23,73632723411,2496006,0
73.6377,5,73635246417,2496006,0
73.6402,21,73637778423,2469000,1
73.6402,7,73637778423,2469000,1
73.6427,6,73640245423,2496006,0
73.6453,23,73642768429,2496006,0
73.6478,5,73645291435,2496006,0
73.6503,11,73647832441,2469000,1
73.6503,18,73647832441,2469000,1
73.6528,6,73650308441,2496006,0
73.6553,15,73652840447,2469000,1
73.6553,16,73652840447,2469000,1
73.6553,6,73652840447,2469000,1
73.6578,23,73655325447,2496006,0
73.6603,5,73657848453,2469000,1
73.6628,17,73660315453,2496006,0
73.6653,10,73662838459,2469000,1
73.6678,5,73665305459,2496006,0
73.6703,17,73667837465,2469000,1
73.6731,5,73670626471,2469000,1
73.6731,17,73670626471,2469000,1
73.6756,19,73673093471,2469000,1
73.6756,16,73673093471,2469000,1
73.6756,6,73673093471,2469000,1
73.6756,23,73673093471,2469000,1
73.6781,7,73675560471,2496006,0
73.6806,7,73678101477,2469000,1
73.6831,14,73680595477,2496006,0
73.6857,14,73683253483,2496006,0
73.6883,7,73685776489,2496006,0
73.6908,5,73688326495,2469000,1
73.6908,7,73688326495,2469000,1
73.6933,8,73690802495,2469000,1
73.6933,23,73690802495,2469000,1
73.6957,14,73693278495,2469000,1
73.6957,15,73693278495,2469000,1
73.6982,4,73695754495,2469000,1
73.6982,3,73695754495,2469000,1
73.7007,6,73698230495,2496006,0
73.7036,6,73701075501,2496006,0
73.7061,6,73703607507,2496006,0
73.7086,18,73706130513,2496006,0
73.7112,16,73708662519,2496006,0
73.7137,18,73711212525,2469000,1
73.7137,13,73711212525,2469000,1
73.7137,11,73711212525,2469000,1
73.7162,16,73713697525,2469000,1
73.7162,7,73713697525,2469000,1
73.7162,14,73713697525,2469000,1
73.7162,18,73713697525,2469000,1
73.7187,17,73716173525,2496006,0
73.7212,6,73718705531,2496006,0
73.7262,5,73723751543,2496006,0
73.7288,18,73726301549,2496006,0
73.7313,17,73728833555,2496006,0
73.7339,17,73731365561,2496006,0
73.7364,5,73733915567,2496006,0
73.7389,17,73736447573,2469000,1
73.7389,6,73736447573,2469000,1
73.7414,23,73738941573,2469000,1
73.7414,18,73738941573,2469000,1
73.7439,5,73741417573,2496006,0
73.7464,8,73743949579,2496006,0
73.749,14,73746472585,2496006,0
73.7515,19,73748995591,2469000,1
73.7515,16,73748995591,2469000,1
73.7515,5,73748995591,2469000,1
73.7515,8,73748995591,2469000,1
73.7515,14,73748995591,2469000,1
73.7539,6,73751462591,2469000,1
73.7539,18,73751462591,2469000,1
73.7564,9,73753929591,2496006,0
73.7589,17,73756452597,2496006,0
73.7615,10,73758975603,2496006,0
73.764,5,73761507609,2496006,0
73.7691,5,73766571621,2496006,0
73.7716,9,73769103627,2469000,1
73.7716,7,73769103627,2469000,1
73.7741,21,73771597627,2496006,0
73.7769,5,73774433633,2469000,1
73.7769,4,73774433633,2469000,1
73.7769,17,73774433633,2469000,1
73.7794,5,73776902633,2496006,0
73.7819,23,73779425639,2469000,1
73.7819,21,73779425639,2469000,1
73.7844,10,73781892639,2496006,0
73.7869,5,73784415645,2496006,0
73.7894,9,73786938651,2469000,1
73.7894,5,73786938651,2469000,1
73.7919,5,73789407651,2496006,0
73.7944,10,73791930657,2496006,0
73.7969,6,73794453663,2496006,0
73.7995,6,73796976669,2496006,0
73.802,14,73799499675,2496006,0
73.8048,8,73802344681,2469000,1
73.8048,17,73802344681,2469000,1
73.8048,6,73802344681,2469000,1
73.8073,12,73804820681,2496006,0
73.8098,14,73807352687,2496006,0
73.8124,3,73809875693,2496006,0
73.8149,5,73812407699,2496006,0
73.8174,16,73814939705,2496006,0
73.82,10,73817462711,2496006,0
73.8225,5,73819985717,2469000,1
73.8225,16,73819985717,2469000,1
73.8249,12,73822452717,2469000,1
73.8249,10,73822452717,2469000,1
73.8274,14,73824928717,2469000,1
73.8274,12,73824928717,2469000,1
73.8299,3,73827404717,2496006,0
73.8324,18,73829945723,2496006,0
73.835,21,73832468729,2496006,0
73.8375,17,73835000735,2469000,1
73.8375,10,73835000735,2469000,1
73.8399,16,73837467735,2469000,1
73.8399,14,73837467735,2469000,1
73.8424,18,73839934735,2496006,0
73.845,21,73842457741,2496006,0
73.8475,6,73844998747,2496006,0
73.85,23,73847530753,2496006,0
73.8526,3,73850062759,2496006,0
73.8551,6,73852594765,2496006,0
73.8576,23,73855117771,2496006,0
73.8601,21,73857667777,2469000,1
73.8601,12,73857667777,2469000,1
73.8601,18,73857667777,2469000,1
73.8626,5,73860134777,2496006,0
73.8652,15,73862666783,2496006,0
73.8677,8,73865189789,2469000,1
73.8677,5,73865189789,2469000,1
73.8702,23,73867665789,2496006,0
73.8727,9,73870206795,2469000,1
73.8727,3,73870206795,2469000,1
73.8752,6,73872673795,2496006,0
73.878,16,73875509801,2496006,0
73.8805,14,73878032807,2496006,0
73.8856,10,73883096819,2496006,0
73.8881,14,73885619825,2469000,1
73.8881,15,73885619825,2469000,1
73.8906,23,73888086825,2496006,0
73.8931,23,73890618831,2496006,0
73.8956,18,73893141837,2496006,0
73.8982,5,73895664843,2496006,0
73.9007,14,73898187849,2496006,0
73.9032,6,73900710855,2469000,1
73.9032,18,73900710855,2469000,1
73.9057,21,73903195855,2469000,1
73.9057,16,73903195855,2469000,1
73.9085,15,73905984861,2496006,0
73.911,14,73908507867,2469000,1
73.911,23,73908507867,2469000,1
73.911,10,73908507867,2469000,1
73.9135,7,73910992867,2496006,0
73.916,5,73913515873,2496006,0
73.9185,7,73916038879,2496006,0
73.9211,16,73918588885,2469000,1
73.9211,14,73918588885,2469000,1
73.9235,3,73921055885,2469000,1
73.9235,15,73921055885,2469000,1
73.926,5,73923540885,2469000,1
73.926,18,73923540885,2469000,1
73.9285,7,73926016885,2496006,0
73.931,10,73928539891,2469000,1
73.931,18,73928539891,2469000,1
73.9335,15,73931006891,2496006,0
73.936,15,73933565897,2469000,1
73.936,23,73933565897,2469000,1
73.936,16,73933565897,2469000,1
73.9385,6,73936032897,2496006,0
73.9411,7,73938573903,2496006,0
73.9461,17,73943619915,2469000,1
73.9461,12,73943619915,2469000,1
73.9461,3,73943619915,2469000,1
73.9486,15,73946131915,2496006,0
73.9512,5,73948654921,2496006,0
73.9537,6,73951177927,2496006,0
73.9562,7,73953718933,2496006,0
73.9587,5,73956241939,2469000,1
73.9587,15,73956241939,2469000,1
73.9587,3,73956241939,2469000,1
73.9612,15,73958735939,2496006,0
73.9638,14,73961276945,2496006,0
73.9663,15,73963799951,2496006,0
73.9688,5,73966331957,2496006,0
73.9714,10,73968854963,2496006,0
73.9738,6,73971377969,2469000,1
73.9738,7,73971377969,2469000,1
73.9763,14,73973853969,2496006,0
73.9788,21,73976376975,2469000,1
73.9788,17,73976376975,2469000,1
73.9817,15,73979174981,2496006,0
73.9842,5,73981715987,2496006,0
73.9867,8,73984238993,2469000,1
73.9867,14,73984238993,2469000,1
73.9892,18,73986705993,2496006,0
73.9917,21,73989228999,2496006,0
73.9942,10,73991770005,2469000,1
73.9942,6,73991770005,2469000,1
73.9967,15,73994237005,2496006,0
73.9992,15,73996769011,2469000,1
74.0017,16,73999245011,2496006,0
74.0043,10,74001768017,2496006,0
74.0068,5,74004309023,2469000,1
74.0068,18,74004309023,2469000,1
74.0096,9,74007089029,2469000,1
74.0096,8,74007089029,2469000,1
74.012,23,74009565029,2469000,1
74.012,7,74009565029,2469000,1
74.012,21,74009565029,2469000,1
74.0145,16,74012041029,2469000,1
74.0145,14,74012041029,2469000,1
74.0145,21,74012041029,2469000,1
74.017,15,74014508029,2496006,0
74.0195,10,74017031035,2496006,0
74.0221,10,74019572041,2496006,0
74.0246,15,74022113047,2496006,0
74.0271,11,74024636053,2496006,0
74.0297,11,74027168059,2496006,0
74.0322,11,74029709065,2496006,0
74.0347,10,74032241071,2469000,1
74.0347,20,74032241071,2469000,1
74.0372,15,74034708071,2496006,0
74.0397,18,74037231077,2469000,1
74.0397,11,74037231077,2469000,1
74.0422,15,74039707077,2496006,0
74.0447,21,74042230083,2469000,1
74.0447,11,74042230083,2469000,1
74.0447,15,74042230083,2469000,1
74.0472,5,74044697083,2496006,0
74.0497,23,74047229089,2469000,1
74.0497,16,74047229089,2469000,1
74.0522,21,74049696089,2496006,0
74.0547,21,74052228095,2496006,0
74.0598,2,74057337107,2496006,0
74.0624,5,74059860113,2496006,0
74.0649,10,74062392119,2496006,0
74.0674,21,74064915125,2496006,0
74.0699,15,74067438131,2496006,0
74.0725,18,74069961137,2496006,0
74.075,16,74072484143,2469000,1
74.075,21,74072484143,2469000,1
74.0775,5,74074960143,2496006,0
74.08,6,74077510149,2496006,0
74.0829,2,74080364155,2496006,0
74.0854,10,74082887161,2496006,0
74.0879,5,74085419167,2469000,1
74.0879,18,74085419167,2469000,1
74.0904,15,74087886167,2496006,0
74.0929,2,74090427173,2469000,1
74.0929,7,74090427173,2469000,1
74.0929,21,74090427173,2469000,1
74.0954,10,74092894173,2469000,1
74.0954,19,74092894173,2469000,1
74.0954,6,74092894173,2469000,1
74.0954,15,74092894173,2469000,1
74.0978,14,74095370173,2469000,1
74.0978,5,74095370173,2469000,1
74.0978,15,74095370173,2469000,1
74.1004,21,74097855173,2496006,0
74.1029,2,74100396179,2496006,0
74.1054,11,74102919185,2496006,0
74.1105,21,74107974197,2496006,0
74.1133,18,74110828203,2496006,0
74.1158,9,74113351209,2496006,0
74.1184,18,74115874215,2496006,0
74.1209,10,74118397221,2496006,0
74.1234,11,74120920227,2496006,0
74.1259,9,74123452233,2496006,0
74.1285,5,74125984239,2469000,1
74.1285,15,74125984239,2469000,1
74.1285,2,74125984239,2469000,1
74.1309,18,74128451239,2496006,0
74.1335,6,74130992245,2469000,1
74.1335,21,74130992245,2469000,1
74.136,18,74133468245,2496006,0
74.1385,11,74136000251,2496006,0
74.141,10,74138532257,2469000,1
74.141,9,74138532257,2469000,1
74.1435,12,74140999257,2469000,1
74.1435,5,74140999257,2469000,1
74.146,10,74143493257,2496006,0
74.1485,10,74146016263,2496006,0
74.151,11,74148539269,2469000,1
74.151,9,74148539269,2469000,1
74.1535,22,74151006269,2496006,0
74.156,18,74153538275,2496006,0
74.1586,18,74156088281,2496006,0
74.1636,2,74161152293,2469000,1
74.1636,11,74161152293,2469000,1
74.1661,18,74163637293,2469000,1
74.1661,10,74163637293,2469000,1
74.1686,9,74166113293,2496006,0
74.1711,22,74168636299,2496006,0
74.1737,21,74171159305,2496006,0
74.1762,18,74173736311,2496006,0
74.1788,18,74176259317,2496006,0
74.1813,9,74178791323,2469000,1
74.1813,11,74178791323,2469000,1
74.1837,10,74181258323,2469000,1
74.1837,18,74181258323,2469000,1
74.1865,22,74184038329,2496006,0
74.1891,18,74186561335,2496006,0
74.1916,21,74189093341,2496006,0
74.1941,21,74191616347,2496006,0
74.1967,9,74194193353,2496006,0
74.1992,21,74196716359,2469000,1
74.1992,6,74196716359,2469000,1
74.2017,18,74199183359,2496006,0
74.2042,22,74201715365,2496006,0
74.2067,18,74204247371,2469000,1
74.2092,21,74206714371,2469000,1
74.2092,22,74206714371,2469000,1
74.2117,9,74209190371,2496006,0
74.2145,2,74212053377,2469000,1
74.2145,22,74212053377,2469000,1
74.217,22,74214522377,2496006,0
74.2196,16,74217063383,2496006,0
74.2221,7,74219595389,2496006,0
74.2246,9,74222145395,2496006,0
74.2272,16,74224668401,2496006,0
74.2297,7,74227200407,2469000,1
74.2297,22,74227200407,2469000,1
74.2322,9,74229667407,2496006,0
74.2347,18,74232226413,2469000,1
74.2347,22,74232226413,2469000,1
74.2372,9,74234711413,2496006,0
74.2397,10,74237234419,2469000,1
74.2397,21,74237234419,2469000,1
74.2422,16,74239719419,2496006,0
74.2473,3,74244774431,2496006,0
74.2498,15,74247315437,2469000,1
74.2498,3,74247315437,2469000,1
74.2523,16,74249782437,2496006,0
74.2548,14,74252305443,2496006,0
74.2573,9,74254828449,2496006,0
74.2599,7,74257369455,2496006,0
74.2624,14,74259901461,2496006,0
74.2649,21,74262424467,2496006,0
74.2674,7,74264956473,2469000,1
74.2674,16,74264956473,2469000,1
74.2674,21,74264956473,2469000,1
74.2699,11,74267432473,2469000,1
74.2699,7,74267432473,2469000,1
74.2724,1,74269908473,2469000,1
74.2724,3,74269908473,2469000,1
74.2749,9,74272402473,2496006,0
74.2774,14,74274961479,2469000,1
74.2774,16,74274961479,2469000,1
74.2824,9,74279951485,2496006,0
74.285,21,74282474491,2496006,0
74.2878,1,74285328497,2469000,1
74.2878,14,74285328497,2469000,1
74.2903,22,74287804497,2496006,0
74.2928,2,74290336503,2496006,0
74.2954,21,74292859509,2496006,0
74.2979,19,74295391515,2469000,1
74.2979,14,74295391515,2469000,1
74.3004,2,74297867515,2496006,0
74.3029,22,74300408521,2469000,1
74.3029,6,74300408521,2469000,1
74.3029,9,74300408521,2469000,1
74.3053,7,74302875521,2469000,1
74.3053,9,74302877521,2469000,1
74.3078,21,74305353521,2496006,0
74.3104,1,74307885527,2496006,0
74.3129,4,74310417533,2469000,1
74.3129,18,74310417533,2469000,1
74.3129,16,74310417533,2469000,1
74.3154,2,74312902533,2496006,0
74.3208,2,74318288545,2496006,0
74.3233,21,74320811551,2469000,1
74.3233,5,74320811551,2469000,1
74.3233,9,74320811551,2469000,1
74.3257,1,74323278551,2469000,1
74.3257,16,74323278551,2469000,1
74.3283,23,74325754551,2496006,0
74.3308,2,74328277557,2496006,0
74.3333,23,74330836563,2496006,0
74.3359,2,74333395569,2496006,0
74.3384,3,74335927575,2469000,1
74.3384,22,74335927575,2469000,1
74.3384,1,74335927575,2469000,1
74.3409,23,74338394575,2496006,0
74.3434,23,74340926581,2496006,0
74.3459,21,74343449587,2496006,0
74.3485,17,74345981593,2496006,0
74.351,23,74348504599,2496006,0
74.3535,21,74351027605,2469000,1
74.3535,17,74351027605,2469000,1
74.3585,2,74356026611,2496006,0
74.3611,2,74358585617,2496006,0
74.3636,23,74361135623,2469000,1
74.3636,21,74361135623,2469000,1
74.3661,10,74363602623,2496006,0
74.3686,22,74366152629,2496006,0
74.3712,2,74368675635,2496006,0
74.3737,7,74371198641,2496006,0
74.3762,6,74373721647,2469000,1
74.3762,23,74373721647,2469000,1
74.3787,7,74376188647,2496006,0
74.3812,16,74378711653,2469000,1
74.3812,1,74378711653,2469000,1
74.3837,14,74381178653,2496006,0
74.3862,2,74383701659,2469000,1
74.3862,10,74383701659,2469000,1
74.3887,5,74386186659,2469000,1
74.3887,21,74386186659,2469000,1
74.394,17,74391516671,2496006,0
74.3965,22,74394039677,2469000,1
74.3965,17,74394039677,2469000,1
74.399,2,74396524677,2496006,0
74.4015,7,74399047683,2469000,1
74.4015,14,74399047683,2469000,1
74.4041,10,74401577683,2496006,0
74.4066,17,74404136689,2469000,1
74.4066,2,74404136689,2469000,1
74.4091,22,74406612689,2496006,0
74.4116,10,74409144695,2496006,0
74.4142,7,74411685701,2496006,0
74.4195,10,74417080713,2469000,1
74.4195,11,74417080713,2469000,1
74.4195,14,74417080713,2469000,1
74.422,22,74419547713,2496006,0
74.4246,23,74422079719,2496006,0
74.4271,7,74424611725,2469000,1
74.4271,9,74424611725,2469000,1
74.4296,10,74427087725,2496006,0
74.4321,15,74429628731,2496006,0
74.4346,22,74432151737,2496006,0
74.4372,15,74434701743,2496006,0
74.4397,18,74437233749,2469000,1
74.4397,23,74437233749,2469000,1
74.4447,2,74442223755,2496006,0
74.4472,10,74444746761,2469000,1
74.4472,1,74444746761,2469000,1
74.4497,22,74447231761,2496006,0
74.4523,7,74449754767,2496006,0
74.4548,15,74452295773,2496006,0
74.4573,22,74454818779,2496006,0
74.4598,12,74457350785,2469000,1
74.4598,23,74457350785,2469000,1
74.4623,7,74459817785,2469000,1
74.4623,3,74459817785,2469000,1
74.4648,2,74462293785,2496006,0
74.4673,10,74464816791,2496006,0
74.4699,15,74467384797,2469000,1
74.4723,10,74469851797,2496006,0
74.4749,22,74472392803,2496006,0
74.4774,14,74474915809,2496006,0
74.48,2,74477456815,2496006,0
74.4825,22,74479988821,2469000,1
74.4825,23,74479988821,2469000,1
74.4849,17,74482455821,2469000,1
74.4849,15,74482455821,2469000,1
74.4874,2,74484922821,2496006,0
74.4899,14,74487445827,2496006,0
74.4928,21,74490308833,2469000,1
74.4928,10,74490308833,2469000,1
74.4953,23,74492775833,2496006,0
74.4978,7,74495298839,2496006,0
74.5003,10,74497821845,2496006,0
74.5028,2,74500371851,2469000,1
74.5054,10,74502856851,2496006,0
74.5079,2,74505379857,2496006,0
74.5104,14,74507902863,2496006,0
74.5129,23,74510425869,2496006,0
74.5154,7,74512948875,2496006,0
74.518,14,74515498881,2496006,0
74.5205,2,74518021887,2496006,0
74.5233,23,74520857893,2469000,1
74.5233,22,74520857893,2469000,1
74.5258,10,74523333893,2496006,0
74.5284,7,74525874899,2496006,0
74.5309,14,74528406905,2496006,0
74.5334,10,74530947911,2496006,0
74.536,2,74533470917,2496006,0
74.5385,2,74536011923,2469000,1
74.541,10,74538487923,2496006,0
74.546,7,74543551935,2496006,0
74.5486,14,74546074941,2496006,0
74.5512,10,74548669947,2496006,0
74.5537,10,74551192953,2496006,0
74.5562,23,74553715959,2496006,0
74.5587,23,74556247965,2496006,0
74.5612,14,74558770971,2469000,1
74.5612,7,74558770971,2469000,1
74.5637,23,74561246971,2496006,0
74.5662,15,74563769977,2469000,1
74.5662,14,74563769977,2469000,1
74.5688,10,74566254977,2496006,0
74.5713,2,74568777983,2496006,0
74.5738,23,74571300989,2496006,0
74.5763,14,74573823995,2496006,0
74.5788,2,74576347001,2469000,1
74.5813,19,74578814001,2496006,0
74.5838,10,74581337007,2496006,0
74.5864,23,74583878013,2496006,0
74.5889,14,74586401019,2469000,1
74.5889,2,74586401019,2469000,1
74.5889,10,74586401019,2469000,1
74.5914,19,74588868019,2496006,0
74.5939,22,74591391025,2496006,0
74.5967,16,74594245031,2496006,0
74.5993,7,74596768037,2496006,0
74.6018,1,74599309043,2469000,1
74.6018,23,74599309043,2469000,1
74.6018,16,74599309043,2469000,1
74.6043,14,74601776043,2496006,0
74.6068,16,74604299049,2496006,0
74.6093,14,74606822055,2496006,0
74.6118,19,74609345061,2496006,0
74.6144,22,74611868067,2496006,0
74.6169,10,74614409073,2469000,1
74.6169,19,74614409073,2469000,1
74.6194,16,74616894073,2469000,1
74.6194,7,74616894073,2469000,1
74.6219,2,74619361073,2496006,0
74.6272,14,74624720085,2469000,1
74.6272,2,74624720085,2469000,1
74.6297,23,74627214085,2469000,1
74.6297,22,74627214085,2469000,1
74.6322,14,74629735085,2469000,1
74.6322,23,74629735085,2469000,1
74.6347,2,74632220085,2496006,0
74.6372,2,74634743091,2496006,0
74.6398,23,74637284097,2496006,0
74.6423,8,74639807103,2469000,1
74.6423,3,74639807103,2469000,1
74.6448,16,74642274103,2496006,0
74.6473,17,74644797109,2469000,1
74.6473,19,74644797109,2469000,1
74.6498,7,74647273109,2496006,0
74.6523,2,74649796115,2496006,0
74.6548,22,74652328121,2469000,1
74.6548,23,74652328121,2469000,1
74.6573,16,74654822121,2496006,0
74.6598,7,74657363127,2469000,1
74.6623,2,74659839127,2496006,0
74.6648,21,74662362133,2469000,1
74.6648,7,74662362133,2469000,1
74.6673,2,74664829133,2496006,0
74.6698,10,74667352139,2496006,0
74.6724,16,74669893145,2496006,0
74.6749,7,74672452151,2496006,0
74.6775,15,74675002157,2496006,0
74.68,7,74677525163,2496006,0
74.6825,10,74680048169,2496006,0
74.685,23,74682571175,2469000,1
74.685,2,74682571175,2469000,1
74.6875,7,74685038175,2496006,0
74.6901,16,74687579181,2496006,0
74.6926,15,74690111187,2496006,0
74.6951,16,74692634193,2496006,0
74.7005,7,74697993205,2496006,0
74.703,18,74700516211,2496006,0
74.7055,19,74703039217,2469000,1
74.7055,2,74703039217,2469000,1
74.708,10,74705515217,2496006,0
74.7105,16,74708038223,2496006,0
74.7131,15,74710588229,2496006,0
74.7156,14,74713111235,2496006,0
74.7181,16,74715634241,2469000,1
74.7181,7,74715634241,2469000,1
74.7206,14,74718128241,2469000,1
74.7206,10,74718128241,2469000,1
74.7206,18,74718128241,2469000,1
74.7231,22,74720595241,2469000,1
74.7231,2,74720595241,2469000,1
74.7256,1,74723062241,2496006,0
74.7284,15,74725898247,2469000,1
74.7284,7,74725898247,2469000,1
74.7309,17,74728401247,2496006,0
74.7334,23,74730933253,2496006,0
74.7359,10,74733465259,2469000,1
74.7359,18,74733465259,2469000,1
74.7359,1,74733465259,2469000,1
74.741,17,74738473265,2496006,0
74.7435,23,74741050271,2496006,0
74.7461,9,74743582277,2496006,0
74.7486,16,74746105283,2469000,1
74.7486,1,74746105283,2469000,1
74.751,17,74748572283,2469000,1
74.751,14,74748572283,2469000,1
74.7535,15,74751039283,2496006,0
74.7561,6,74753571289,2496006,0
74.7586,6,74756103295,2496006,0
74.7612,9,74758662301,2496006,0
74.7637,6,74761185307,2496006,0
74.7662,10,74763708313,2469000,1
74.7662,23,74763708313,2469000,1
74.7687,23,74766177313,2496006,0
74.7712,23,74768700319,2496006,0
74.7737,23,74771223325,2496006,0
74.7762,15,74773746331,2496006,0
74.7787,17,74776278337,2469000,1
74.7812,2,74778745337,2469000,1
74.7812,14,74778745337,2469000,1
74.7812,15,74778745337,2469000,1
74.7837,6,74781212337,2496006,0
74.7862,9,74783753343,2496006,0
74.7888,10,74786276349,2496006,0
74.7913,23,74788799355,2496006,0
74.7938,11,74791358361,2469000,1
74.7938,1,74791358361,2469000,1
74.7938,15,74791358361,2469000,1
74.7963,10,74793825361,2469000,1
74.7963,6,74793825361,2469000,1
74.7963,18,74793825361,2469000,1
74.7988,23,74796292361,2496006,0
74.8016,9,74799146367,2469000,1
74.8016,7,74799146367,2469000,1
74.8041,19,74801631367,2496006,0
74.8067,16,74804163373,2496006,0
74.8092,23,74806722379,2496006,0
74.8117,19,74809254385,2469000,1
74.8117,10,74809254385,2469000,1
74.8167,13,74814253391,2469000,1
74.8167,6,74814253391,2469000,1
74.8192,9,74816720391,2496006,0
74.8217,13,74819243397,2496006,0
74.8243,22,74821766403,2496006,0
74.8268,16,74824289409,2496006,0
74.8296,9,74827143415,2469000,1
74.8296,23,74827143415,2469000,1
74.8321,10,74829619415,2496006,0
74.8346,10,74832142421,2496006,0
74.8371,16,74834665427,2469000,1
74.8371,22,74834665427,2469000,1
74.8396,19,74837132427,2496006,0
74.8422,13,74839664433,2496006,0
74.8447,13,74842214439,2496006,0
74.8472,19,74844746445,2469000,1
74.8472,14,74844746445,2469000,1
74.8497,10,74847213445,2496006,0
74.8522,13,74849754451,2469000,1
74.8522,22,74849754451,2469000,1
74.8547,10,74852230451,2469000,1
74.8547,17,74852230451,2469000,1
74.8547,1,74852230451,2469000,1
74.8572,15,74854697451,2469000,1
74.8572,6,74854697451,2469000,1
74.8572,22,74854697451,2469000,1
74.8597,9,74857173451,2496006,0
74.8622,9,74859714457,2496006,0
74.8647,15,74862237463,2496006,0
74.8673,15,74864760469,2496006,0
74.8698,16,74867301475,2496006,0
74.8723,23,74869824481,2469000,1
74.8723,15,74869824481,2469000,1
74.8748,9,74872300481,2496006,0
74.8773,18,74874832487,2496006,0
74.8799,18,74877391493,2469000,1
74.8799,9,74877391493,2469000,1
74.8824,19,74879858493,2496006,0
74.8849,14,74882399499,2469000,1
74.8849,13,74882399499,2469000,1
74.8849,10,74882399499,2469000,1
74.8874,16,74884875499,2496006,0
74.8899,7,74887416505,2496006,0
74.8924,19,74889966511,2469000,1
74.8949,16,74892442511,2496006,0
74.8975,16,74894974517,2496006,0
74.9,15,74897497523,2469000,1
74.9,19,74897497523,2469000,1
74.9028,7,74900277529,2496006,0
74.9053,16,74902800535,2496006,0
74.9078,18,74905323541,2496006,0
74.9104,6,74907882547,2496006,0
74.9129,9,74910405553,2496006,0
74.9154,6,74912946559,2469000,1
74.9154,9,74912946559,2469000,1
74.9179,18,74915413559,2496006,0
74.9204,19,74917936565,2496006,0
74.9229,3,74920468571,2469000,1
74.9229,6,74920468571,2469000,1
74.9254,7,74922935571,2469000,1
74.9254,16,74922935571,2469000,1
74.9279,10,74925411571,2496006,0
74.9304,18,74927943577,2496006,0
74.9358,14,74933311589,2496006,0
74.9383,1,74935834595,2469000,1
74.9383,19,74935834595,2469000,1
74.9408,18,74938319595,2469000,1
74.9408,3,74938319595,2469000,1
74.9433,14,74940786595,2469000,1
74.9433,10,74940786595,2469000,1
74.9458,7,74943289595,2496006,0
74.9483,17,74945812601,2469000,1
74.9483,23,74945812601,2469000,1
74.9508,2,74948297601,2496006,0
74.9533,16,74950820607,2469000,1
74.9533,18,74950820607,2469000,1
74.9558,9,74953296607,2496006,0
74.9583,13,74955819613,2496006,0
74.9608,9,74958351619,2496006,0
74.9634,2,74960874625,2496006,0
74.9659,6,74963406631,2496006,0
74.9684,7,74965929637,2496006,0
74.9709,9,74968470643,2469000,1
74.9709,18,74968470643,2469000,1
74.9734,6,74970937643,2469000,1
74.9734,2,74970937643,2469000,1
74.9759,7,74973404643,2496006,0
74.9809,7,74978450655,2496006,0
74.9834,19,74980973661,2469000,1
74.9834,14,74980973661,2469000,1
74.9834,13,74980973661,2469000,1
74.9834,9,74980973661,2469000,1
74.9859,22,74983440661,2496006,0
74.9884,16,74985963667,2469000,1
74.9884,6,74985963667,2469000,1
74.9884,2,74985963667,2469000,1
74.9909,7,74988430667,2496006,0
74.9934,10,74990953673,2496006,0
74.9959,15,74993476679,2469000,1
74.9959,10,74993476679,2469000,1
74.9985,22,74995970679,2496006,0
75.001,18,74998493685,2469000,1
75.001,10,74998493685,2469000,1
75.001,22,74998493685,2469000,1
75.0035,7,75000969685,2496006,0
75.0064,13,75003895691,2469000,1
75.0064,7,75003895691,2469000,1
75.0089,6,75006362691,2496006,0
75.0114,13,75008912697,2496006,0
75.0139,22,75011453703,2496006,0
75.0164,22,75013976709,2469000,1
75.0189,9,75016443709,2496006,0
75.0215,7,75018966715,2496006,0
75.024,6,75021489721,2496006,0
75.0265,13,75024048727,2496006,0
75.0291,7,75026598733,2496006,0
75.0316,9,75029121739,2469000,1
75.0316,22,75029121739,2469000,1
75.0344,10,75031901745,2496006,0
75.0369,6,75034442751,2469000,1
75.0369,15,75034442751,2469000,1
75.0394,10,75036909751,2496006,0
75.0419,10,75039432757,2496006,0
75.0445,2,75041964763,2496006,0
75.047,13,75044496769,2496006,0
75.0495,14,75047019775,2469000,1
75.0495,7,75047019775,2469000,1
75.052,13,75049522775,2496006,0
75.0545,19,75052045781,2469000,1
75.0545,6,75052045781,2469000,1
75.057,22,75054512781,2496006,0
75.0595,2,75057035787,2469000,1
75.0595,17,75057035787,2469000,1
75.062,10,75059520787,2496006,0
75.0645,9,75062043793,2496006,0
75.067,13,75064575799,2469000,1
75.067,2,75064575799,2469000,1
75.0695,22,75067042799,2496006,0
75.0721,10,75069583805,2496006,0
75.0746,18,75072106811,2469000,1
75.0746,13,75072106811,2469000,1
75.0771,16,75074582811,2496006,0
75.0796,9,75077132817,2496006,0
75.0822,22,75079664823,2496006,0
75.0847,2,75082205829,2496006,0
75.0872,9,75084737835,2469000,1
75.0872,7,75084737835,2469000,1
75.0897,10,75087204835,2469000,1
75.0897,7,75087206835,2469000,1
75.0922,2,75089682835,2496006,0
75.0972,16,75094728847,2496006,0
75.0997,22,75097251853,2496006,0
75.1023,9,75099783859,2496006,0
75.1048,2,75102315865,2469000,1
75.1048,23,75102315865,2469000,1
75.1048,9,75102315865,2469000,1
75.1076,2,75105113871,2496006,0
75.1101,22,75107645877,2496006,0
75.1127,16,75110168883,2496006,0
75.1152,10,75112700889,2469000,1
75.1152,9,75112700889,2469000,1
75.1176,2,75115176889,2469000,1
75.1176,6,75115176889,2469000,1
75.1201,22,75117652889,2496006,0
75.1227,22,75120175895,2496006,0
75.1252,16,75122725901,2496006,0
75.1278,2,75125257907,2496006,0
75.1303,16,75127789913,2496006,0
75.1328,22,75130321919,2469000,1
75.1328,2,75130321919,2469000,1
75.1353,2,75132790919,2496006,0
75.1407,2,75138176931,2496006,0
75.1432,22,75140717937,2496006,0
75.1457,14,75143240943,2496006,0
75.1483,16,75145772949,2496006,0
75.1508,7,75148304955,2469000,1
75.1508,16,75148304955,2469000,1
75.1533,22,75150780955,2496006,0
75.1558,13,75153303961,2496006,0
75.1583,14,75155826967,2496006,0
75.1608,2,75158349973,2496006,0
75.1634,16,75160872979,2496006,0
75.1659,9,75163413985,2469000,1
75.1659,2,75163413985,2469000,1
75.1659,16,75163413985,2469000,1
75.1684,13,75165880985,2496006,0
75.1709,14,75168403991,2496006,0
75.1734,22,75170926997,2469000,1
75.1734,2,75170926997,2469000,1
75.1759,10,75173411997,2496006,0
75.1784,10,75175953003,2496006,0
75.1835,14,75181017015,2496006,0
75.186,14,75183540021,2496006,0
75.1886,13,75186063027,2496006,0
75.1911,7,75188586033,2496006,0
75.1936,16,75191109039,2496006,0
75.1961,7,75193632045,2496006,0
75.1987,10,75196155051,2496006,0
75.2011,20,75198678057,2469000,1
75.2011,22,75198678057,2469000,1
75.2037,16,75201154057,2496006,0
75.2062,10,75203695063,2496006,0
75.209,15,75206531069,2496006,0
75.2116,14,75209054075,2496006,0
75.2141,19,75211577081,2496006,0
75.2166,16,75214100087,2469000,1
75.2166,13,75214100087,2469000,1
75.2166,20,75214100087,2469000,1
75.2191,7,75216576087,2496006,0
75.2216,14,75219099093,2469000,1
75.2216,19,75219099093,2469000,1
75.2241,3,75221566093,2496006,0
75.2266,9,75224134099,2469000,1
75.2266,7,75224134099,2469000,1
75.2291,3,75226601099,2469000,1
75.2291,10,75226601099,2469000,1
75.2316,15,75229068099,2496006,0
75.2341,15,75231618105,2469000,1
75.2366,6,75234094105,2496006,0
75.2394,19,75236930111,2496006,0
75.242,16,75239471117,2496006,0
75.2445,19,75241994123,2469000,1
75.2445,16,75241994123,2469000,1
75.2469,13,75244470123,2469000,1
75.2469,16,75244470123,2469000,1
75.2494,14,75246937123,2496006,0
75.252,10,75249478129,2496006,0
75.2545,20,75252001135,2496006,0
75.257,10,75254524141,2496006,0
75.2595,7,75257056147,2469000,1
75.2595,6,75257056147,2469000,1
75.262,22,75259523147,2496006,0
75.2645,2,75262046153,2496006,0
75.2671,14,75264569159,2496006,0
75.2696,22,75267092165,2496006,0
75.2721,20,75269624171,2496006,0
75.2746,20,75272147177,2496006,0
75.2772,3,75274688183,2469000,1
75.2772,20,75274688183,2469000,1
75.2796,22,75277164183,2469000,1
75.2796,10,75277164183,2469000,1
75.2821,14,75279631183,2469000,1
75.2821,2,75279631183,2469000,1
75.2821,6,75279631183,2469000,1
75.2846,19,75282098183,2469000,1
75.2846,7,75282098183,2469000,1
75.2871,15,75284565183,2496006,0
75.2896,2,75287115189,2469000,1
75.2896,15,75287115189,2469000,1
75.2921,13,75289582189,2496006,0
75.2971,20,75294637201,2469000,1
75.2971,14,75294637201,2469000,1
75.2996,16,75297131201,2469000,1
75.2996,6,75297131201,2469000,1
75.3021,23,75299607201,2496006,0
75.3046,13,75302130207,2496006,0
75.3072,21,75304680213,2496006,0
75.3097,13,75307203219,2496006,0
75.3126,22,75310066225,2496006,0
75.3151,15,75312589231,2496006,0
75.3176,21,75315112237,2496006,0
75.3201,22,75317644243,2496006,0
75.3226,10,75320167249,2469000,1
75.3226,23,75320167249,2469000,1
75.3251,15,75322634249,2469000,1
75.3251,20,75322634249,2469000,1
75.3276,15,75325110249,2496006,0
75.3301,21,75327633255,2496006,0
75.3327,13,75330156261,2496006,0
75.3352,15,75332688267,2496006,0
75.3377,3,75335211273,2469000,1
75.3377,10,75335211273,2469000,1
75.3405,23,75338000279,2496006,0
75.343,22,75340523285,2469000,1
75.343,23,75340523285,2469000,1
75.3455,14,75343017285,2496006,0
75.348,19,75345540291,2496006,0
75.3506,21,75348081297,2496006,0
75.3531,13,75350604303,2496006,0
75.3581,15,75355650315,2496006,0
75.3607,15,75358173321,2496006,0
75.3632,13,75360705327,2496006,0
75.3657,22,75363237333,2496006,0
75.3682,19,75365769339,2469000,1
75.3682,14,75365769339,2469000,1
75.3707,2,75368236339,2496006,0
75.3733,15,75370768345,2496006,0
75.3758,22,75373300351,2496006,0
75.3783,21,75375823357,2496006,0
75.3809,13,75378355363,2496006,0
75.3834,1,75380878369,2496006,0
75.3859,19,75383401375,2496006,0
75.3884,2,75385933381,2496006,0
75.3909,22,75388456387,2469000,1
75.3909,15,75388456387,2469000,1
75.3909,4,75388456387,2469000,1
75.3934,23,75390923387,2496006,0
75.396,21,75393500393,2469000,1
75.396,13,75393500393,2469000,1
75.3985,1,75395967393,2496006,0
75.401,14,75398508399,2469000,1
75.401,2,75398508399,2469000,1
75.4035,19,75400975399,2496006,0
75.406,23,75403498405,2496006,0
75.4085,1,75406021411,2469000,1
75.4085,22,75406021411,2469000,1
75.411,16,75408497411,2496006,0
75.4138,23,75411351417,2496006,0
75.4189,16,75416406429,2469000,1
75.4189,19,75416406429,2469000,1
75.4189,21,75416406429,2469000,1
75.4214,2,75418882429,2496006,0
75.4239,20,75421405435,2496006,0
75.4264,23,75423937441,2469000,1
75.4264,12,75423937441,2469000,1
75.4264,13,75423937441,2469000,1
75.4289,15,75426413441,2496006,0
75.4314,7,75428954447,2469000,1
75.4314,19,75428954447,2469000,1
75.4339,15,75431430447,2496006,0
75.4364,2,75433962453,2469000,1
75.4364,13,75433962453,2469000,1
75.4389,1,75436438453,2496006,0
75.4414,20,75438961459,2469000,1
75.4414,2,75438961459,2469000,1
75.4442,6,75441741465,2496006,0
75.4468,10,75444282471,2496006,0
75.4493,6,75446814477,2469000,1
75.4493,22,75446814477,2469000,1
75.4518,23,75449290477,2496006,0
75.4543,15,75451822483,2469000,1
75.4543,1,75451822483,2469000,1
75.4568,10,75454289483,2496006,0
75.4593,16,75456821489,2496006,0
75.4618,14,75459353495,2496006,0
75.4644,23,75461921501,2496006,0
75.4669,20,75464453507,2496006,0
75.4695,23,75466976513,2496006,0
75.472,14,75469499519,2469000,1
75.472,3,75469499519,2469000,1
75.4745,10,75471966519,2496006,0
75.477,23,75474489525,2496006,0
75.4795,16,75477012531,2496006,0
75.482,13,75479544537,2469000,1
75.482,16,75479544537,2469000,1
75.4845,19,75482011537,2496006,0
75.487,10,75484534543,2496006,0
75.4896,17,75487057549,2496006,0
75.4921,20,75489589555,2469000,1
75.4921,10,75489589555,2469000,1
75.4946,21,75492056555,2496006,0
75.497,23,75494579561,2469000,1
75.497,15,75494579561,2469000,1
75.4995,17,75497046561,2469000,1
75.4995,6,75497046561,2469000,1
75.502,20,75499513561,2496006,0
75.5045,1,75502045567,2496006,0
75.5071,19,75504586573,2496006,0
75.5096,10,75507118579,2496006,0
75.5121,21,75509650585,2496006,0
75.5146,1,75512173591,2469000,1
75.5146,23,75512173591,2469000,1
75.5175,19,75514962597,2496006,0
75.52,20,75517494603,2496006,0
75.5225,16,75520017609,2496006,0
75.525,14,75522540615,2496006,0
75.5276,21,75525063621,2496006,0
75.5301,10,75527586627,2496006,0
75.5326,14,75530145633,2469000,1
75.5326,2,75530145633,2469000,1
75.5351,20,75532612633,2496006,0
75.5401,17,75537667645,2469000,1
75.5401,19,75537667645,2469000,1
75.5426,9,75540134645,2469000,1
75.5426,16,75540134645,2469000,1
75.5454,10,75542914651,2469000,1
75.5454,21,75542914651,2469000,1
75.5454,14,75542914651,2469000,1
75.5479,21,75545399651,2496006,0
75.5504,20,75547931657,2496006,0
75.553,1,75550472663,2496006,0
75.5555,21,75552995669,2496006,0
75.558,21,75555527675,2496006,0
75.5605,21,75558050681,2496006,0
75.5631,16,75560573687,2496006,0
75.5656,20,75563114693,2469000,1
75.5656,23,75563114693,2469000,1
75.5681,16,75565590693,2469000,1
75.5681,1,75565590693,2469000,1
75.5706,15,75568084693,2469000,1
75.5706,19,75568084693,2469000,1
75.5731,7,75570560693,2496006,0
75.5756,10,75573083699,2469000,1
75.5756,21,75573083699,2469000,1
75.5781,23,75575568699,2496006,0
75.5806,3,75578091705,2469000,1
75.5806,16,75578091705,2469000,1
75.5831,22,75580558705,2496006,0
75.5856,14,75583081711,2469000,1
75.5856,20,75583081711,2469000,1
75.588,6,75585557711,2469000,1
75.588,1,75585557711,2469000,1
75.588,7,75585557711,2469000,1
75.5905,2,75588024711,2496006,0
75.5931,14,75590565717,2496006,0
75.5956,6,75593115723,2496006,0
75.5981,23,75595638729,2469000,1
75.5981,22,75595638729,2469000,1
75.6006,17,75598105729,2469000,1
75.6031,2,75600581729,2469000,1
75.6031,10,75600581729,2469000,1
75.6055,14,75603048729,2496006,0
75.6081,7,75605589735,2496006,0
75.6106,21,75608112741,2469000,1
75.6106,22,75608112741,2469000,1
75.6131,6,75610606741,2496006,0
75.6156,5,75613156747,2469000,1
75.6156,16,75613156747,2469000,1
75.6156,7,75613156747,2469000,1
75.6181,14,75615623747,2469000,1
75.6206,20,75618090747,2496006,0
75.6231,15,75620622753,2469000,1
75.6231,1,75620622753,2469000,1
75.6256,23,75623089753,2496006,0
75.6281,6,75625630759,2496006,0
75.6307,20,75628171765,2496006,0
75.6332,23,75630703771,2496006,0
75.6357,20,75633235777,2496006,0
75.6383,23,75635767783,2496006,0
75.6408,20,75638290789,2496006,0
75.6433,2,75640813795,2496006,0
75.6458,19,75643345801,2469000,1
75.6458,7,75643345801,2469000,1
75.6486,6,75646143807,2496006,0
75.6511,2,75648675813,2469000,1
75.6511,17,75648675813,2469000,1
75.6536,20,75651151813,2496006,0
75.6562,6,75653674819,2496006,0
75.6587,15,75656197825,2469000,1
75.6612,14,75658664825,2496006,0
75.6637,23,75661187831,2496006,0
75.6662,2,75663737837,2496006,0
75.6688,2,75666269843,2496006,0
75.6713,14,75668801849,2469000,1
75.6713,20,75668801849,2469000,1
75.6713,22,75668801849,2469000,1
75.6738,6,75671286849,2496006,0
75.6763,23,75673809855,2469000,1
75.6763,14,75673809855,2469000,1
75.6788,2,75676276855,2496006,0
75.6813,20,75678844861,2469000,1
75.6813,23,75678844861,2469000,1
75.6838,21,75681320861,2496006,0
75.6863,21,75683843867,2496006,0
75.6889,16,75686375873,2496006,0
75.6914,7,75688898879,2469000,1
75.6914,6,75688898879,2469000,1
75.6939,10,75691374879,2496006,0
75.6964,2,75693906885,2496006,0
75.6989,21,75696447891,2469000,1
75.6989,2,75696447891,2469000,1
75.7014,10,75698923891,2496006,0
75.7039,1,75701446897,2496006,0
75.7065,16,75703969903,2496006,0
75.709,16,75706519909,2469000,1
75.7115,1,75708986909,2469000,1
75.714,2,75711482909,2496006,0
75.719,10,75716546921,2496006,0
75.7219,18,75719382927,2496006,0
75.7244,16,75721905933,2496006,0
75.7269,21,75724428939,2496006,0
75.7294,6,75726951945,2496006,0
75.732,2,75729483951,2469000,1
75.732,14,75729483951,2469000,1
75.7345,1,75731959951,2496006,0
75.737,6,75734491957,2469000,1
75.737,18,75734491957,2469000,1
75.7395,19,75736958957,2496006,0
75.742,10,75739499963,2496006,0
75.7445,16,75742022969,2496006,0
75.747,2,75744545975,2469000,1
75.747,6,75744545975,2469000,1
75.747,10,75744545975,2469000,1
75.7495,7,75747012975,2496006,0
75.7523,22,75749848981,2496006,0
75.7548,20,75752371987,2469000,1
75.7548,21,75752371987,2469000,1
75.7548,1,75752371987,2469000,1
75.7573,18,75754856987,2469000,1
75.7573,22,75754856987,2469000,1
75.7598,19,75757332987,2469000,1
75.7598,16,75757332987,2469000,1
75.7623,21,75759817987,2496006,0
75.7648,23,75762340993,2469000,1
75.7648,7,75762340993,2469000,1
75.7673,21,75764816993,2496006,0
75.7698,19,75767339999,2496006,0
75.7724,19,75769872005,2496006,0
75.7749,10,75772395011,2496006,0
75.7774,22,75774918017,2469000,1
75.7774,19,75774918017,2469000,1
75.7799,18,75777403017,2496006,0
75.7824,1,75779935023,2496006,0
75.785,6,75782494029,2469000,1
75.785,21,75782494029,2469000,1
75.785,19,75782494029,2469000,1
75.7875,10,75784961029,2496006,0
75.79,18,75787484035,2496006,0
75.7925,19,75790016041,2469000,1
75.7925,10,75790016041,2469000,1
75.795,1,75792483041,2496006,0
75.7975,18,75795006047,2469000,1
75.7975,1,75795006047,2469000,1
75.8,16,75797482047,2496006,0
75.8025,7,75800005053,2496006,0
75.8051,2,75802564059,2496006,0
75.8076,10,75805132065,2496006,0
75.8102,10,75807655071,2496006,0
75.8127,7,75810178077,2496006,0
75.8152,2,75812710083,2469000,1
75.8152,16,75812710083,2469000,1
75.8177,13,75815186083,2496006,0
75.8202,9,75817718089,2469000,1
75.8202,21,75817718089,2469000,1
75.8227,7,75820194089,2496006,0
75.8255,18,75823048095,2469000,1
75.828,10,75825515095,2496006,0
75.8305,20,75828038101,2496006,0
75.8331,2,75830570107,2496006,0
75.8356,1,75833093113,2469000,1
75.8356,13,75833093113,2469000,1
75.8356,20,75833093113,2469000,1
75.8381,23,75835569113,2496006,0
75.8406,10,75838092119,2469000,1
75.8406,2,75838092119,2469000,1
75.8431,23,75840586119,2469000,1
75.8431,16,75840586119,2469000,1
75.8455,7,75843053119,2496006,0
75.8481,6,75845594125,2496006,0
75.8506,11,75848126131,2469000,1
75.8506,22,75848126131,2469000,1
75.8534,23,75850906137,2496006,0
75.8559,13,75853438143,2469000,1
75.8559,23,75853438143,2469000,1
75.8584,19,75855905143,2496006,0
75.8609,19,75858428149,2496006,0
75.8635,19,75860969155,2496006,0
75.866,7,75863492161,2496006,0
75.8685,20,75866024167,2496006,0
75.871,13,75868547173,2496006,0
75.8735,19,75871070179,2469000,1
75.8735,6,75871070179,2469000,1
75.876,10,75873537179,2496006,0
75.8786,22,75876060185,2496006,0
75.8811,13,75878592191,2496006,0
75.8836,20,75881115197,2469000,1
75.8836,3,75881115197,2469000,1
75.8861,4,75883582197,2496006,0
75.8886,7,75886105203,2469000,1
75.8886,2,75886105203,2469000,1
75.8886,19,75886105203,2469000,1
75.8911,13,75888572203,2496006,0
75.8962,13,75893663215,2496006,0
75.8987,22,75896186221,2469000,1
75.8987,7,75896186221,2469000,1
75.9011,10,75898653221,2469000,1
75.9011,4,75898653221,2469000,1
75.9036,23,75901120221,2496006,0
75.9061,18,75903652227,2496006,0
75.9087,14,75906184233,2469000,1
75.9087,21,75906184233,2469000,1
75.9111,1,75908651233,2469000,1
75.9111,6,75908651233,2469000,1
75.9136,4,75911127233,2496006,0
75.9161,23,75913659239,2469000,1
75.9161,10,75913659239,2469000,1
75.9186,13,75916135239,2469000,1
75.9186,18,75916135239,2469000,1
75.9211,20,75918602239,2496006,0
75.9236,7,75921125245,2469000,1
75.9236,10,75921125245,2469000,1
75.9264,4,75923914251,2496006,0
75.9289,20,75926446257,2496006,0
75.9315,23,75928969263,2496006,0
75.934,8,75931501269,2496006,0
75.9365,4,75934033275,2496006,0
75.939,16,75936565281,2469000,1
75.939,13,75936565281,2469000,1
75.9415,20,75939032281,2469000,1
75.9415,2,75939032281,2469000,1
75.944,22,75941499281,2496006,0
75.9465,23,75944031287,2496006,0
75.9491,19,75946554293,2496006,0
75.9516,8,75949077299,2496006,0
75.9541,8,75951609305,2496006,0
75.9569,8,75954445311,2496006,0
75.962,23,75959491323,2469000,1
75.962,4,75959491323,2469000,1
75.9645,18,75961985323,2469000,1
75.9645,4,75961985323,2469000,1
75.9669,10,75964452323,2496006,0
75.9695,22,75966984329,2496006,0
75.972,19,75969507335,2496006,0
75.9745,20,75972048341,2496006,0
75.9771,19,75974580347,2496006,0
75.9796,8,75977103353,2496006,0
75.9821,22,75979626359,2469000,1
75.9821,23,75979626359,2469000,1
75.9846,6,75982093359,2496006,0
75.9871,20,75984616365,2496006,0
75.9896,7,75987148371,2496006,0
75.9922,10,75989671377,2496006,0
75.9947,8,75992194383,2469000,1
75.9947,1,75992194383,2469000,1
75.9947,7,75992194383,2469000,1
75.9972,10,75994688383,2469000,1
75.9972,22,75994688383,2469000,1
75.9997,19,75997182383,2469000,1
75.9997,6,75997182383,2469000,1
76.0021,17,75999649383,2469000,1
76.0021,8,75999649383,2469000,1
76.0046,21,76002116383,2469000,1
76.0046,20,76002116383,2469000,1
76.0071,16,76004592383,2469000,1
76.0071,21,76004592383,2469000,1
76.0096,6,76007068383,2496006,0
76.0121,13,76009600389,2469000,1
76.0121,20,76009600389,2469000,1
76.0146,7,76012094389,2496006,0
76.0171,6,76014617395,2496006,0
76.0196,4,76017140401,2496006,0
76.0222,6,76019663407,2496006,0
76.0272,4,76024718419,2469000,1
76.0272,6,76024718419,2469000,1
76.03,10,76027507425,2496006,0
76.0325,7,76030030431,2469000,1
76.0325,18,76030030431,2469000,1
76.0325,19,76030030431,2469000,1
76.035,5,76032515431,2496006,0
76.0375,22,76035047437,2496006,0
76.0401,6,76037570443,2496006,0
76.0426,5,76040111449,2496006,0
76.0452,6,76042670455,2496006,0
76.0477,10,76045193461,2496006,0
76.0502,10,76047716467,2496006,0
76.0527,5,76050239473,2496006,0
76.0552,19,76052762479,2469000,1
76.0552,10,76052762479,2469000,1
76.058,7,76055560485,2469000,1
76.058,22,76055560485,2469000,1
76.0605,23,76058045485,2496006,0
76.0631,4,76060586491,2469000,1
76.0631,6,76060586491,2469000,1
76.0656,5,76063062491,2496006,0
76.0681,20,76065594497,2496006,0
76.0706,23,76068117503,2496006,0
76.0731,5,76070640509,2496006,0
76.0757,23,76073172515,2496006,0
76.0782,22,76075713521,2496006,0
76.0807,8,76078236527,2496006,0
76.0858,20,76083309539,2496006,0
76.0883,6,76085841545,2496006,0
76.0908,23,76088364551,2469000,1
76.0908,10,76088364551,2469000,1
76.0933,5,76090831551,2496006,0
76.0959,7,76093354557,2496006,0
76.0983,20,76095877563,2469000,1
76.0983,8,76095877563,2469000,1
76.1008,22,76098344563,2496006,0
76.1033,4,76100867569,2469000,1
76.1033,7,76100867569,2469000,1
76.1058,8,76103334569,2496006,0
76.1083,22,76105875575,2469000,1
76.1083,6,76105875575,2469000,1
76.1108,6,76108351575,2496006,0
76.1134,5,76110874581,2496006,0
76.1159,2,76113397587,2496006,0
76.1184,8,76115929593,2469000,1
76.1184,13,76115929593,2469000,1
76.1184,20,76115929593,2469000,1
76.1184,6,76115929593,2469000,1
76.1209,23,76118396593,2469000,1
76.1209,8,76118398593,2469000,1
76.1234,18,76120892593,2469000,1
76.1234,6,76120892593,2469000,1
76.1259,2,76123368593,2496006,0
76.1284,5,76125891599,2496006,0
76.1312,5,76128772605,2469000,1
76.1312,2,76128772605,2469000,1
76.1312,7,76128772605,2469000,1
76.1337,4,76131248605,2496006,0
76.1363,4,76133789611,2496006,0
76.1388,22,76136312617,2496006,0
76.1439,15,76141367629,2496006,0
76.1464,5,76143890635,2496006,0
76.1489,5,76146431641,2496006,0
76.1515,15,76148972647,2496006,0
76.154,4,76151495653,2496006,0
76.1565,16,76154027659,2496006,0
76.1591,5,76156559665,2496006,0
76.1619,22,76159395671,2496006,0
76.1644,15,76161927677,2496006,0
76.1669,2,76164450683,2496006,0
76.1694,20,76166973689,2469000,1
76.1694,7,76166973689,2469000,1
76.1719,16,76169440689,2469000,1
76.1719,6,76169440689,2469000,1
76.1744,4,76171916689,2496006,0
76.1769,2,76174448695,2496006,0
76.1795,7,76176971701,2496006,0
76.182,15,76179503707,2469000,1
76.182,10,76179503707,2469000,1
76.1845,7,76181970707,2496006,0
76.187,7,76184493713,2496006,0
76.1895,23,76187016719,2469000,1
76.1895,5,76187016719,2469000,1
76.192,8,76189483719,2469000,1
76.192,22,76189483719,2469000,1
76.1944,2,76191977719,2469000,1
76.1944,4,76191977719,2469000,1
76.1944,16,76191977719,2469000,1
76.1969,5,76194453719,2496006,0
76.1995,5,76196994725,2496006,0
76.202,7,76199517731,2469000,1
76.202,8,76199517731,2469000,1
76.207,5,76204534737,2496006,0
76.2096,15,76207075743,2496006,0
76.2121,15,76209634749,2469000,1
76.2121,23,76209634749,2469000,1
76.2146,4,76212119749,2496006,0
76.2171,5,76214642755,2469000,1
76.2171,22,76214642755,2469000,1
76.2196,19,76217145755,2496006,0
76.2222,20,76219668761,2496006,0
76.2247,2,76222191767,2496006,0
76.2272,1,76224723773,2469000,1
76.2272,19,76224723773,2469000,1
76.2297,20,76227190773,2496006,0
76.2322,7,76229713779,2496006,0
76.2351,4,76232558785,2496006,0
76.2376,6,76235090791,2496006,0
76.2401,23,76237622797,2496006,0
76.2426,14,76240154803,2469000,1
76.2426,15,76240154803,2469000,1
76.2451,23,76242630803,2496006,0
76.2476,2,76245153809,2496006,0
76.2502,19,76247685815,2469000,1
76.2502,20,76247685815,2469000,1
76.2502,7,76247685815,2469000,1
76.2502,23,76247685815,2469000,1
76.2526,4,76250152815,2496006,0
76.2552,16,76252675821,2496006,0
76.2577,5,76255198827,2469000,1
76.2577,16,76255198827,2469000,1
76.2601,6,76257674827,2469000,1
76.263,23,76260481833,2496006,0
76.2655,2,76263004839,2496006,0
76.268,4,76265527845,2496006,0
76.2706,19,76268059851,2496006,0
76.2731,5,76270582857,2496006,0
76.2756,4,76273132863,2496006,0
76.2782,23,76275664869,2496006,0
76.2807,5,76278187875,2469000,1
76.2807,2,76278187875,2469000,1
76.2807,22,76278187875,2469000,1
76.2807,4,76278187875,2469000,1
76.2832,16,76280663875,2496006,0
76.2857,2,76283186881,2469000,1
76.2857,16,76283186881,2469000,1
76.2881,7,76285653881,2496006,0
76.2907,6,76288176887,2496006,0
76.2932,20,76290708893,2469000,1
76.2932,19,76290708893,2469000,1
76.2957,10,76293175893,2496006,0
76.2982,20,76295707899,2496006,0
76.3007,23,76298230905,2496006,0
76.3032,6,76300753911,2496006,0
76.3058,7,76303285917,2469000,1
76.3058,4,76303285917,2469000,1
76.3058,23,76303285917,2469000,1
76.3082,10,76305752917,2496006,0
76.3107,6,76308275923,2469000,1
76.3107,10,76308275923,2469000,1
76.3133,5,76310769923,2496006,0
76.3158,23,76313292929,2496006,0
76.3183,20,76315824935,2496006,0
76.3233,12,76320870947,2469000,1
76.3233,6,76320870947,2469000,1
76.3233,23,76320870947,2469000,1
76.3259,10,76323355947,2496006,0
76.3284,4,76325887953,2469000,1
76.3284,12,76325887953,2469000,1
76.3309,15,76328354953,2496006,0
76.3334,4,76330877959,2496006,0
76.3362,16,76333713965,2496006,0
76.3387,5,76336236971,2496006,0
76.3412,20,76338759977,2469000,1
76.3412,19,76338759977,2469000,1
76.3437,12,76341235977,2496006,0
76.3463,20,76343776983,2496006,0
76.3488,10,76346299989,2496006,0
76.3513,13,76348822995,2469000,1
76.3513,7,76348822995,2469000,1
76.3538,12,76351289995,2469000,1
76.3538,4,76351289995,2469000,1
76.3563,15,76353756995,2496006,0
76.3587,16,76356280001,2469000,1
76.3587,23,76356280001,2469000,1
76.3587,5,76356280001,2469000,1
76.3612,10,76358747001,2496006,0
76.3637,20,76361270007,2469000,1
76.3637,6,76361270007,2469000,1
76.3637,4,76361270007,2469000,1
76.3665,19,76364068013,2469000,1
76.3665,10,76364068013,2469000,1
76.369,15,76366544013,2496006,0
76.3715,8,76369067019,2469000,1
76.3715,20,76369067019,2469000,1
76.3715,15,76369067019,2469000,1
76.374,2,76371534019,2469000,1
76.374,16,76371534019,2469000,1
76.3766,23,76374055019,2496006,0
76.3791,5,76376578025,2496006,0
76.3816,16,76379137031,2469000,1
76.3841,5,76381613031,2496006,0
76.3866,23,76384136037,2496006,0
76.3892,12,76386659043,2496006,0
76.3917,15,76389191049,2496006,0
76.3942,6,76391714055,2469000,1
76.3942,19,76391714055,2469000,1
76.3967,5,76394217055,2469000,1
76.3967,10,76394217055,2469000,1
76.3992,12,76396693055,2469000,1
76.3992,18,76396693055,2469000,1
76.4016,15,76399160055,2469000,1
76.4016,10,76399160055,2469000,1
76.4041,12,76401636055,2496006,0
76.4066,22,76404168061,2469000,1
76.4066,23,76404168061,2469000,1
76.4091,23,76406637061,2496006,0
76.4117,12,76409160067,2496006,0
76.4142,4,76411692073,2496006,0
76.4167,20,76414224079,2496006,0
76.4192,4,76416747085,2496006,0
76.4218,5,76419270091,2496006,0
76.4243,20,76421793097,2496006,0
76.4268,4,76424316103,2496006,0
76.4293,20,76426839109,2496006,0
76.4319,15,76429362115,2496006,0
76.4344,12,76431885121,2496006,0
76.4369,23,76434426127,2496006,0
76.4398,2,76437262133,2496006,0
76.4423,7,76439785139,2496006,0
76.4448,4,76442308145,2496006,0
76.4473,12,76444831151,2496006,0
76.4499,5,76447363157,2496006,0
76.4524,4,76449886163,2496006,0
76.4549,4,76452409169,2469000,1
76.4573,12,76454876169,2469000,1
76.4573,20,76454876169,2469000,1
76.4598,15,76457352169,2469000,1
76.4598,23,76457352169,2469000,1
76.4623,2,76459819169,2469000,1
76.4623,12,76459819169,2469000,1
76.4648,7,76462286169,2496006,0
76.4676,9,76465131175,2496006,0
76.4702,7,76467672181,2496006,0
76.4727,9,76470204187,2469000,1
76.4727,5,76470204187,2469000,1
76.4752,7,76472671187,2496006,0
76.4777,5,76475203193,2496006,0
76.4802,6,76477726199,2496006,0
76.4828,12,76480258205,2496006,0
76.4853,20,76482781211,2469000,1
76.4853,2,76482781211,2469000,1
76.4853,5,76482781211,2469000,1
76.4853,6,76482781211,2469000,1
76.4877,15,76485248211,2496006,0
76.4903,19,76487771217,2496006,0
76.4928,19,76490294223,2496006,0
76.4953,4,76492817229,2496006,0
76.4978,12,76495340235,2469000,1
76.4978,23,76495340235,2469000,1
76.5003,7,76497825235,2496006,0
76.5028,19,76500357241,2469000,1
76.5028,12,76500357241,2469000,1
76.5053,23,76502824241,2496006,0
76.5079,7,76505365247,2496006,0
76.5104,6,76507888253,2496006,0
76.5129,9,76510411259,2469000,1
76.5129,5,76510411259,2469000,1
76.5154,15,76512878259,2496006,0
76.5179,4,76515410265,2496006,0
76.5205,23,76517960271,2496006,0
76.523,4,76520492277,2469000,1
76.523,2,76520492277,2469000,1
76.5255,7,76522977277,2496006,0
76.528,6,76525518283,2496006,0
76.5305,19,76528041289,2469000,1
76.5305,15,76528041289,2469000,1
76.533,23,76530508289,2496006,0
76.5381,7,76535635301,2469000,1
76.5381,15,76535635301,2469000,1
76.5409,6,76538415307,2496006,0
76.5434,23,76540947313,2496006,0
76.546,5,76543470319,2496006,0
76.5485,4,76546029325,2496006,0
76.551,6,76548552331,2496006,0
76.5536,20,76551093337,2469000,1
76.5536,9,76551093337,2469000,1
76.5561,7,76553560337,2496006,0
76.5586,19,76556092343,2496006,0
76.5611,5,76558615349,2496006,0
76.5636,6,76561138355,2496006,0
76.5661,16,76563661361,2469000,1
76.5661,12,76563661361,2469000,1
76.5661,23,76563661361,2469000,1
76.5661,19,76563661361,2469000,1
76.5686,7,76566128361,2496006,0
76.5715,7,76568964367,2496006,0
76.574,4,76571496373,2496006,0
76.5765,5,76574019379,2469000,1
76.5765,10,76574019379,2469000,1
76.579,13,76576513379,2496006,0
76.5815,19,76579036385,2496006,0
76.5841,6,76581559391,2496006,0
76.5866,7,76584091397,2496006,0
76.5891,18,76586623403,2496006,0
76.5916,6,76589146409,2469000,1
76.5916,4,76589146409,2469000,1
76.5941,19,76591631409,2496006,0
76.5967,23,76594154415,2496006,0
76.5992,13,76596686421,2469000,1
76.5992,6,76596686421,2469000,1
76.5992,19,76596686421,2469000,1
76.6016,12,76599153421,2469000,1
76.6041,7,76601629421,2469000,1
76.6041,2,76601629421,2469000,1
76.6066,15,76604096421,2469000,1
76.6066,18,76604096421,2469000,1
76.6091,22,76606563421,2496006,0
76.6116,22,76609113427,2496006,0
76.6141,23,76611636433,2496006,0
76.6167,4,76614159439,2496006,0
76.6192,5,76616700445,2496006,0
76.6217,4,76619232451,2496006,0
76.6243,22,76621755457,2496006,0
76.6268,4,76624287463,2496006,0
76.6293,4,76626810469,2496006,0
76.6318,20,76629333475,2469000,1
76.6318,13,76629333475,2469000,1
76.6318,7,76629333475,2469000,1
76.6318,4,76629333475,2469000,1
76.6343,23,76631800475,2496006,0
76.6368,5,76634332481,2496006,0
76.6394,18,76636855487,2496006,0
76.6419,17,76639387493,2496006,0
76.6447,23,76642223499,2496006,0
76.6472,22,76644755505,2469000,1
76.6472,19,76644755505,2469000,1
76.6497,4,76647231505,2496006,0
76.6522,17,76649763511,2469000,1
76.6522,6,76649763511,2469000,1
76.6547,2,76652230511,2496006,0
76.6572,7,76654753517,2496006,0
76.6597,21,76657276523,2469000,1
76.6597,5,76657276523,2469000,1
76.6622,18,76659743523,2496006,0
76.6648,4,76662284529,2496006,0
76.6673,9,76664807535,2496006,0
76.6698,18,76667330541,2469000,1
76.6698,7,76667330541,2469000,1
76.6698,23,76667330541,2469000,1
76.6726,4,76670110547,2496006,0
76.6751,2,76672642553,2469000,1
76.6751,22,76672642553,2469000,1
76.6801,22,76677632559,2496006,0
76.6827,13,76680155565,2496006,0
76.6852,4,76682678571,2496006,0
76.6877,18,76685201577,2496006,0
76.6902,7,76687724583,2496006,0
76.6927,17,76690247589,2496006,0
76.6953,22,76692770595,2496006,0
76.6978,9,76695293601,2469000,1
76.6978,17,76695293601,2469000,1
76.6978,22,76695293601,2469000,1
76.7003,5,76697760601,2496006,0
76.7028,7,76700283607,2496006,0
76.7053,15,76702806613,2496006,0
76.7078,4,76705338619,2496006,0
76.7104,18,76707870625,2496006,0
76.7129,13,76710393631,2496006,0
76.7154,15,76712925637,2469000,1
76.7154,2,76712925637,2469000,1
76.7179,5,76715401637,2496006,0
76.7204,23,76717924643,2496006,0
76.7229,18,76720447649,2469000,1
76.7229,4,76720447649,2469000,1
76.7229,23,76720447649,2469000,1
76.7254,17,76722923649,2469000,1
76.7254,7,76722923649,2469000,1
76.7279,5,76725426649,2469000,1
76.7279,13,76725426649,2469000,1
76.7279,4,76725426649,2469000,1
76.7279,7,76725426649,2469000,1
76.7304,8,76727920649,2496006,0
76.7329,9,76730443655,2496006,0
76.7355,18,76732966661,2496006,0
76.738,18,76735489667,2496006,0
76.7405,8,76738021673,2469000,1
76.7405,4,76738021673,2469000,1
76.743,19,76740488673,2496006,0
76.7458,22,76743324679,2469000,1
76.7458,18,76743324679,2469000,1
76.7483,4,76745791679,2496006,0
76.7508,13,76748323685,2496006,0
76.7533,23,76750846691,2469000,1
76.7533,4,76750846691,2469000,1
76.7558,20,76753313691,2496006,0
76.7583,20,76755845697,2496006,0
76.7609,8,76758368703,2496006,0
76.7634,5,76760891709,2496006,0
76.7659,13,76763414715,2469000,1
76.7659,15,76763414715,2469000,1
76.7659,9,76763414715,2469000,1
76.7659,19,76763414715,2469000,1
76.7659,22,76763414715,2469000,1
76.7709,13,76768413721,2496006,0
76.7734,5,76770945727,2469000,1
76.7734,8,76770945727,2469000,1
76.7762,9,76773725733,2496006,0
76.7787,20,76776257739,2469000,1
76.7787,6,76776257739,2469000,1
76.7787,22,76776257739,2469000,1
76.7812,4,76778724739,2496006,0
76.7838,18,76781274745,2496006,0
76.7863,17,76783797751,2469000,1
76.7863,5,76783797751,2469000,1
76.7888,2,76786264751,2496006,0
76.7913,13,76788787757,2469000,1
76.7913,9,76788787757,2469000,1
76.7938,7,76791263757,2496006,0
76.7963,4,76793804763,2469000,1
76.7963,8,76793804763,2469000,1
76.7963,18,76793804763,2469000,1
76.7988,2,76796271763,2496006,0
76.8013,7,76798821769,2496006,0
76.8038,7,76801344775,2496006,0
76.8064,2,76803885781,2496006,0
76.8089,19,76806408787,2496006,0
76.8114,15,76808931793,2496006,0
76.814,18,76811454799,2496006,0
76.8165,2,76813977805,2496006,0
76.819,13,76816509811,2496006,0
76.8215,7,76819032817,2496006,0
76.824,2,76821564823,2469000,1
76.824,20,76821564823,2469000,1
76.8265,18,76824031823,2469000,1
76.8265,9,76824031823,2469000,1
76.829,4,76826498823,2469000,1
76.829,7,76826498823,2469000,1
76.8315,15,76828974823,2496006,0
76.834,19,76831497829,2496006,0
76.8365,23,76834020835,2496006,0
76.839,4,76836543841,2496006,0
76.8415,16,76839075847,2469000,1
76.8415,4,76839075847,2469000,1
76.844,5,76841542847,2469000,1
76.844,7,76841542847,2469000,1
76.8465,15,76844009847,2496006,0
76.8493,13,76846845853,2469000,1
76.8493,4,76846845853,2469000,1
76.8518,23,76849312853,2496006,0
76.8543,17,76851844859,2496006,0
76.8568,19,76854367865,2469000,1
76.8568,2,76854367865,2469000,1
76.8593,15,76856834865,2496006,0
76.8619,9,76859366871,2496006,0
76.8644,18,76861898877,2469000,1
76.8644,9,76861898877,2469000,1
76.8668,12,76864365877,2469000,1
76.8668,20,76864365877,2469000,1
76.8693,15,76866832877,2469000,1
76.8693,23,76866832877,2469000,1
76.8718,17,76869299877,2469000,1
76.8743,15,76871775877,2496006,0
76.8771,10,76874629883,2469000,1
76.8771,19,76874629883,2469000,1
76.8796,7,76877105883,2496006,0
76.8821,13,76879628889,2496006,0
76.8846,8,76882151895,2496006,0
76.8872,9,76884674901,2496006,0
76.8897,8,76887197907,2496006,0
76.8922,13,76889720913,2496006,0
76.8948,15,76892261919,2496006,0
76.8973,2,76894793925,2496006,0
76.8998,9,76897316931,2496006,0
76.9023,23,76899848937,2469000,1
76.9023,7,76899848937,2469000,1
76.9048,13,76902315937,2496006,0
76.9073,8,76904847943,2496006,0
76.9099,13,76907388949,2469000,1
76.9099,15,76907388949,2469000,1
76.9124,4,76909855949,2496006,0
76.9149,19,76912378955,2496006,0
76.9174,2,76914901961,2496006,0
76.9199,8,76917424967,2469000,1
76.9199,5,76917424967,2469000,1
76.9199,18,76917424967,2469000,1
76.9224,17,76919900967,2469000,1
76.9224,13,76919900967,2469000,1
76.9248,4,76922367967,2469000,1
76.9248,9,76922367967,2469000,1
76.9273,20,76924852967,2496006,0
76.9299,23,76927375973,2496006,0
76.9324,19,76929925979,2469000,1
76.9324,2,76929925979,2469000,1
76.9324,23,76929925979,2469000,1
76.9349,8,76932401979,2496006,0
76.9374,7,76934924985,2496006,0
76.94,1,76937483991,2496006,0
76.9425,8,76940006997,2469000,1
76.9425,20,76940006997,2469000,1
76.945,19,76942473997,2496006,0
76.9475,15,76945024003,2469000,1
76.9475,19,76945024003,2469000,1
76.9503,1,76947804009,2496006,0
76.9528,7,76950336015,2496006,0
76.9553,9,76952859021,2469000,1
76.9553,23,76952859021,2469000,1
76.9578,8,76955326021,2496006,0
76.9603,13,76957867027,2469000,1
76.9603,4,76957867027,2469000,1
76.9629,1,76960361027,2496006,0
76.9654,1,76962884033,2496006,0
76.9679,15,76965407039,2469000,1
76.9704,1,76967883039,2496006,0
76.9729,20,76970406045,2469000,1
76.9729,8,76970406045,2469000,1
76.9753,2,76972873045,2469000,1
76.9753,7,76972873045,2469000,1
76.9753,1,76972873045,2469000,1
76.9779,6,76975403045,2496006,0
76.9807,8,76978248051,2496006,0
76.9832,19,76980780057,2469000,1
76.9832,8,76980780057,2469000,1
76.9857,9,76983247057,2496006,0
76.9883,17,76985806063,2496006,0
76.9908,14,76988329069,2496006,0
76.9933,9,76990852075,2469000,1
76.9933,22,76990852075,2469000,1
76.9933,23,76990852075,2469000,1
76.9958,8,76993319075,2496006,0
76.9983,7,76995842081,2469000,1
76.9983,1,76995842081,2469000,1
77.0008,14,76998309081,2496006,0
77.0033,13,77000832087,2469000,1
77.0033,6,77000832087,2469000,1
77.0058,14,77003308087,2496006,0
77.0084,8,77005858093,2496006,0
77.0109,17,77008381099,2496006,0
77.0134,14,77010904105,2496006,0
77.0159,4,77013427111,2496006,0
77.0184,7,77015968117,2469000,1
77.0184,6,77015968117,2469000,1
77.021,4,77018462117,2496006,0
77.0235,14,77020985123,2496006,0
77.026,17,77023517129,2469000,1
77.026,20,77023517129,2469000,1
77.026,7,77023517129,2469000,1
77.0285,8,77026002129,2496006,0
77.031,9,77028525135,2496006,0
77.0336,2,77031075141,2496006,0
77.0361,17,77033598147,2496006,0
77.0386,8,77036121153,2496006,0
77.0411,4,77038644159,2469000,1
77.0411,14,77038644159,2469000,1
77.0411,2,77038644159,2469000,1
77.0411,17,77038644159,2469000,1
77.0436,14,77041113159,2496006,0
77.0461,8,77043645165,2496006,0
77.0487,8,77046177171,2496006,0
77.054,9,77051536183,2469000,1
77.054,4,77051536183,2469000,1
77.0565,14,77054012183,2469000,1
77.0565,16,77054012183,2469000,1
77.0565,15,77054012183,2469000,1
77.059,1,77056515183,2496006,0
77.0616,18,77059056189,2496006,0
77.064,8,77061579195,2469000,1
77.064,18,77061579195,2469000,1
77.0666,19,77064064195,2496006,0
77.0691,2,77066587201,2469000,1
77.0691,14,77066587201,2469000,1
77.0716,1,77069099201,2496006,0
77.0741,8,77071622207,2496006,0
77.0766,19,77074145213,2496006,0
77.0792,19,77076668219,2496006,0
77.082,17,77079504225,2496006,0
77.0845,9,77082027231,2469000,1
77.0845,19,77082027231,2469000,1
77.087,8,77084494231,2496006,0
77.0895,17,77087026237,2496006,0
77.092,1,77089549243,2469000,1
77.092,6,77089549243,2469000,1
77.092,8,77089549243,2469000,1
77.0945,19,77092016243,2496006,0
77.097,5,77094539249,2496006,0
77.0996,17,77097071255,2496006,0
77.1021,18,77099603261,2496006,0
77.1046,19,77102153267,2469000,1
77.1046,2,77102153267,2469000,1
77.1046,18,77102153267,2469000,1
77.1071,20,77104629267,2496006,0
77.1097,18,77107161273,2496006,0
77.1122,8,77109684279,2496006,0
77.1147,23,77112216285,2469000,1
77.1147,5,77112216285,2469000,1
77.1172,22,77114692285,2469000,1
77.1172,17,77114692285,2469000,1
77.1172,8,77114692285,2469000,1
77.1197,18,77117159285,2496006,0
77.1222,18,77119700291,2496006,0
77.1247,5,77122232297,2496006,0
77.1272,20,77124755303,2469000,1
77.1297,18,77127231303,2496006,0
77.1322,5,77129772309,2469000,1
77.1322,14,77129772309,2469000,1
77.1322,1,77129772309,2469000,1
77.1322,19,77129772309,2469000,1
77.1348,4,77132257309,2496006,0
77.1373,17,77134807315,2496006,0
77.1398,13,77137330321,2496006,0
77.1423,8,77139853327,2496006,0
77.1448,18,77142376333,2469000,1
77.1448,13,77142376333,2469000,1
77.1473,4,77144861333,2469000,1
77.1473,9,77144861333,2469000,1
77.1498,17,77147337333,2496006,0
77.1524,17,77149896339,2496006,0
77.1552,8,77152732345,2496006,0
77.1578,13,77155264351,2496006,0
77.1603,8,77157796357,2496006,0
77.1628,5,77160319363,2496006,0
77.1653,20,77162842369,2496006,0
77.1679,20,77165374375,2496006,0
77.1704,8,77167924381,2496006,0
77.173,17,77170456387,2496006,0
77.1755,8,77172997393,2496006,0
77.178,20,77175520399,2469000,1
77.178,13,77175520399,2469000,1
77.178,5,77175520399,2469000,1
77.1805,18,77177996399,2469000,1
77.1805,4,77177996399,2469000,1
77.183,19,77180472399,2496006,0
77.1858,17,77183317405,2469000,1
77.1858,1,77183317405,2469000,1
77.1883,8,77185784405,2469000,1
77.1883,17,77185786405,2469000,1
77.1933,5,77190776411,2496006,0
77.1958,19,77193353417,2496006,0
77.1984,18,77195885423,2496006,0
77.2009,18,77198426429,2496006,0
77.2034,6,77200958435,2469000,1
77.2034,8,77200958435,2469000,1
77.2059,2,77203425435,2496006,0
77.2084,5,77205948441,2469000,1
77.2084,13,77205948441,2469000,1
77.2109,19,77208415441,2496006,0
77.2134,19,77210947447,2496006,0
77.216,2,77213470453,2496006,0
77.2185,4,77215993459,2469000,1
77.2185,17,77215993459,2469000,1
77.221,18,77218460459,2496006,0
77.2235,20,77220983465,2496006,0
77.226,20,77223524471,2496006,0
77.2285,18,77226047477,2496006,0
77.2311,9,77228570483,2496006,0
77.2336,19,77231093489,2469000,1
77.2336,2,77231093489,2469000,1
77.2336,20,77231093489,2469000,1
77.2361,9,77233560489,2496006,0
77.2386,15,77236083495,2469000,1
77.2386,5,77236083495,2469000,1
77.2386,4,77236083495,2469000,1
77.2386,9,77236083495,2469000,1
77.2411,11,77238604495,2496006,0
77.2436,6,77241127501,2496006,0
77.2462,6,77243668507,2496006,0
77.2487,18,77246191513,2469000,1
77.2487,19,77246191513,2469000,1
77.2487,9,77246191513,2469000,1
77.2511,6,77248658513,2469000,1
77.2511,19,77248660513,2469000,1
77.2536,2,77251127513,2496006,0
77.2561,11,77253650519,2496006,0
77.259,17,77256495525,2496006,0
77.2616,23,77259081531,2496006,0
77.2641,11,77261631537,2496006,0
77.2666,17,77264154543,2469000,1
77.2666,20,77264154543,2469000,1
77.2666,2,77264154543,2469000,1
77.2691,10,77266621543,2496006,0
77.2716,23,77269153549,2469000,1
77.2716,18,77269153549,2469000,1
77.2741,13,77271638549,2469000,1
77.2741,4,77271638549,2469000,1
77.2766,14,77274114549,2496006,0
77.2792,20,77276655555,2496006,0
77.2816,6,77279178561,2469000,1
77.2816,11,77279178561,2469000,1
77.2841,8,77281654561,2469000,1
77.2841,10,77281654561,2469000,1
77.2869,20,77284434567,2496006,0
77.2894,2,77286957573,2469000,1
77.2894,10,77286957573,2469000,1
77.2919,5,77289451573,2496006,0
77.2944,14,77291974579,2469000,1
77.2944,9,77291974579,2469000,1
77.2944,2,77291974579,2469000,1
77.2969,20,77294441579,2496006,0
77.2995,23,77296964585,2496006,0
77.302,12,77299487591,2496006,0
77.307,19,77304551603,2496006,0
77.3096,20,77307083609,2496006,0
77.3121,17,77309606615,2496006,0
77.3146,5,77312129621,2496006,0
77.3171,23,77314652627,2469000,1
77.3171,20,77314652627,2469000,1
77.3196,19,77317128627,2496006,0
77.3221,3,77319651633,2496006,0
77.3247,8,77322174639,2496006,0
77.3272,2,77324706645,2496006,0
77.3297,11,77327229651,2469000,1
77.3297,12,77327229651,2469000,1
77.3322,19,77329696651,2469000,1
77.3322,1,77329696651,2469000,1
77.3346,13,77332172651,2469000,1
77.3346,9,77332172651,2469000,1
77.3346,20,77332172651,2469000,1
77.3371,8,77334639651,2496006,0
77.3396,17,77337162657,2469000,1
77.3396,5,77337162657,2469000,1
77.3396,1,77337162657,2469000,1
77.3421,6,77339638657,2469000,1
77.3421,14,77339638657,2469000,1
77.3446,3,77342105657,2469000,1
77.3446,5,77342105657,2469000,1
77.3471,12,77344590657,2469000,1
77.3471,19,77344590657,2469000,1
77.3495,2,77347057657,2469000,1
77.3495,8,77347057657,2469000,1
77.352,7,77349533657,2496006,0
77.3546,7,77352056663,2496006,0
77.3571,8,77354588669,2469000,1
77.3571,7,77354588669,2469000,1
77.3599,23,77357404675,2496006,0
77.3624,10,77359927681,2469000,1
77.3624,17,77359927681,2469000,1
77.3624,2,77359927681,2469000,1
77.3649,18,77362403681,2469000,1
77.3674,7,77364933681,2496006,0
77.3699,3,77367456687,2469000,1
77.3699,23,77367456687,2469000,1
77.3724,19,77369932687,2496006,0
77.375,23,77372455693,2496006,0
77.3775,23,77374978699,2496006,0
77.38,10,77377528705,2496006,0
77.3826,20,77380060711,2496006,0
77.3851,19,77382601717,2496006,0
77.3876,12,77385124723,2496006,0
77.3904,20,77387960729,2469000,1
77.3904,23,77387960729,2469000,1
77.3904,11,77387960729,2469000,1
77.3904,7,77387960729,2469000,1
77.393,10,77390454729,2496006,0
77.3955,7,77392986735,2496006,0
77.398,19,77395509741,2469000,1
77.398,10,77395509741,2469000,1
77.4005,5,77397994741,2496006,0
77.403,12,77400544747,2469000,1
77.403,20,77400544747,2469000,1
77.4055,14,77403029747,2469000,1
77.4055,7,77403029747,2469000,1
77.408,19,77405505747,2469000,1
77.4105,5,77407981747,2496006,0
77.413,17,77410504753,2496006,0
77.4155,17,77413036759,2496006,0
77.4181,10,77415568765,2496006,0
77.4206,3,77418091771,2496006,0
77.4231,8,77420623777,2469000,1
77.4231,2,77420623777,2469000,1
77.4231,23,77420623777,2469000,1
77.4256,11,77423099777,2469000,1
77.4256,7,77423099777,2469000,1
77.4281,12,77425566777,2496006,0
77.4306,5,77428089783,2496006,0
77.4331,17,77430612789,2469000,1
77.4331,23,77430612789,2469000,1
77.4356,5,77433106789,2469000,1
77.4356,10,77433106789,2469000,1
77.4381,3,77435573789,2496006,0
77.4406,17,77438096795,2496006,0
77.4431,7,77440628801,2496006,0
77.4456,12,77443151807,2496006,0
77.4482,3,77445674813,2496006,0
77.4507,3,77448233819,2469000,1
77.4507,12,77448233819,2469000,1
77.4507,5,77448233819,2469000,1
77.4532,15,77450709819,2496006,0
77.4557,7,77453232825,2469000,1
77.4582,17,77455726825,2469000,1
77.4582,3,77455726825,2469000,1
77.4607,20,77458193825,2496006,0
77.4635,15,77461029831,2496006,0
77.4686,7,77466084843,2496006,0
77.4711,17,77468607849,2496006,0
77.4736,15,77471139855,2496006,0
77.4762,10,77473662861,2496006,0
77.4787,15,77476248867,2469000,1
77.4787,11,77476248867,2469000,1
77.4787,12,77476248867,2469000,1
77.4787,20,77476248867,2469000,1
77.4812,17,77478715867,2469000,1
77.4812,6,77478715867,2469000,1
77.4812,14,77478715867,2469000,1
77.4837,17,77481184867,2496006,0
77.4862,7,77483716873,2496006,0
77.4887,10,77486239879,2496006,0
77.4916,20,77489084885,2496006,0
77.4941,19,77491607891,2469000,1
77.4941,5,77491607891,2469000,1
77.4941,3,77491607891,2469000,1
77.4966,7,77494110891,2469000,1
77.4966,8,77494110891,2469000,1
77.4991,20,77496586891,2496006,0
77.5016,10,77499109897,2496006,0
77.5041,17,77501641903,2496006,0
77.5067,15,77504164909,2496006,0
77.5092,10,77506687915,2496006,0
77.5117,19,77509210921,2496006,0
77.5142,10,77511733927,2469000,1
77.5167,17,77514218927,2469000,1
77.5167,7,77514218927,2469000,1
77.5192,15,77516694927,2496006,0
77.5217,16,77519226933,2469000,1
77.5217,20,77519226933,2469000,1
77.5242,18,77521693933,2496006,0
77.5267,23,77524216939,2496006,0
77.5292,15,77526739945,2496006,0
77.5318,19,77529280951,2496006,0
77.5343,18,77531812957,2469000,1
77.5343,2,77531812957,2469000,1
77.5343,10,77531812957,2469000,1
77.5343,17,77531812957,2469000,1
77.5368,23,77534315957,2496006,0
77.5393,9,77536874963,2469000,1
77.5393,19,77536874963,2469000,1
77.5418,15,77539341963,2469000,1
77.5418,18,77539341963,2469000,1
77.5443,13,77541808963,2469000,1
77.5443,17,77541808963,2469000,1
77.5443,19,77541808963,2469000,1
77.5467,20,77544275963,2469000,1
77.5467,18,77544275963,2469000,1
77.5492,7,77546769963,2469000,1
77.5492,23,77546769963,2469000,1
77.5517,5,77549245963,2496006,0
77.5543,13,77551768969,2496006,0
77.5593,20,77556823981,2469000,1
77.5593,5,77556823981,2469000,1
77.5618,6,77559299981,2469000,1
77.5618,8,77559299981,2469000,1
77.5646,12,77562088987,2496006,0
77.5671,15,77564629993,2469000,1
77.5671,12,77564629993,2469000,1
77.5696,13,77567105993,2496006,0
77.5722,10,77569664999,2496006,0
77.5747,12,77572197005,2496006,0
77.5772,3,77574729011,2469000,1
77.5772,19,77574729011,2469000,1
77.5797,2,77577214011,2496006,0
77.5822,13,77579746017,2469000,1
77.5822,23,77579746017,2469000,1
77.5847,5,77582240017,2496006,0
77.5873,12,77584763023,2496006,0
77.5898,10,77587295029,2496006,0
77.5923,2,77589818035,2469000,1
77.5923,12,77589818035,2469000,1
77.5951,10,77592598041,2496006,0
77.5976,19,77595130047,2496006,0
77.6001,12,77597653053,2469000,1
77.6001,10,77597653053,2469000,1
77.6026,2,77600120053,2496006,0
77.6051,5,77602643059,2496006,0
77.6077,12,77605175065,2496006,0
77.6102,5,77607698071,2496006,0
77.6127,2,77610221077,2496006,0
77.6153,20,77612789083,2496006,0
77.6178,19,77615321089,2469000,1
77.6178,20,77615321089,2469000,1
77.6203,13,77617788089,2496006,0
77.6228,12,77620311095,2496006,0
77.6253,19,77622843101,2496006,0
77.6279,5,77625375107,2496006,0
77.6304,2,77627898113,2496006,0
77.6354,5,77632980125,2469000,1
77.6354,13,77632980125,2469000,1
77.638,19,77635456125,2496006,0
77.6405,20,77637979131,2496006,0
77.643,7,77640511137,2469000,1
77.643,10,77640511137,2469000,1
77.643,12,77640511137,2469000,1
77.643,13,77640511137,2469000,1
77.6455,2,77642978137,2496006,0
77.648,15,77645510143,2469000,1
77.648,23,77645510143,2469000,1
77.648,13,77645510143,2469000,1
77.6505,20,77647986143,2496006,0
77.653,2,77650509149,2469000,1
77.653,17,77650509149,2469000,1
77.6555,4,77652976149,2496006,0
77.658,18,77655499155,2496006,0
77.6605,20,77658031161,2496006,0
77.6631,4,77660554167,2496006,0
77.6656,19,77663086173,2496006,0
77.6684,12,77665922179,2496006,0
77.6709,18,77668445185,2496006,0
77.6735,20,77670968191,2496006,0
77.676,4,77673500197,2496006,0
77.6785,5,77676032203,2496006,0
77.681,12,77678573209,2469000,1
77.6836,20,77681058209,2496006,0
77.6861,19,77683590215,2469000,1
77.6861,20,77683590215,2469000,1
77.6885,5,77686057215,2469000,1
77.6885,18,77686057215,2469000,1
77.691,4,77688533215,2496006,0
77.6935,14,77691056221,2469000,1
77.6935,2,77691056221,2469000,1
77.6963,19,77693845227,2496006,0
77.6988,13,77696368233,2469000,1
77.6988,18,77696368233,2469000,1
77.7013,9,77698835233,2496006,0
77.7039,10,77701385239,2469000,1
77.7039,9,77701385239,2469000,1
77.7063,2,77703861239,2469000,1
77.7063,9,77703861239,2469000,1
77.7088,19,77706346239,2496006,0
77.7114,4,77708869245,2496006,0
77.7139,12,77711392251,2469000,1
77.7139,4,77711392251,2469000,1
77.7164,5,77713859251,2496006,0
77.7189,4,77716382257,2496006,0
77.7214,20,77718914263,2469000,1
77.7214,18,77718914263,2469000,1
77.7239,9,77721381263,2469000,1
77.7239,5,77721381263,2469000,1
77.7264,5,77723857263,2496006,0
77.7289,5,77726398269,2496006,0
77.7314,19,77728930275,2469000,1
77.7314,4,77728930275,2469000,1
77.7339,3,77731433275,2496006,0
77.7365,5,77733956281,2496006,0
77.739,19,77736497287,2496006,0
77.7415,5,77739029293,2496006,0
77.744,19,77741570299,2469000,1
77.744,5,77741570299,2469000,1
77.7465,3,77744037299,2496006,0
77.7491,9,77746569305,2496006,0
77.7516,4,77749128311,2496006,0
77.7541,3,77751651317,2469000,1
77.7541,18,77751651317,2469000,1
77.7566,4,77754154317,2469000,1
77.7566,19,77754154317,2469000,1
77.7566,3,77754154317,2469000,1
77.7591,5,77756639317,2469000,1
77.7591,4,77756639317,2469000,1
77.7616,9,77759115317,2496006,0
77.7642,12,77761656323,2496006,0
77.7695,12,77767015335,2496006,0
77.7721,5,77769574341,2496006,0
77.7746,9,77772106347,2496006,0
77.7771,17,77774629353,2496006,0
77.7797,9,77777161359,2496006,0
77.7822,6,77779693365,2469000,1
77.7822,15,77779693365,2469000,1
77.7822,20,77779693365,2469000,1
77.7822,19,77779693365,2469000,1
77.7846,12,77782178365,2469000,1
77.7846,23,77782178365,2469000,1
77.7871,5,77784645365,2496006,0
77.7897,17,77787195371,2469000,1
77.7897,3,77787195371,2469000,1
77.7897,20,77787195371,2469000,1
77.7922,9,77789689371,2496006,0
77.7947,17,77792212377,2469000,1
77.7947,9,77792212377,2469000,1
77.7972,19,77794688377,2469000,1
77.8,5,77797486383,2496006,0
77.8025,7,77800018389,2496006,0
77.805,12,77802541395,2496006,0
77.8076,12,77805073401,2496006,0
77.8101,7,77807650407,2496006,0
77.8127,5,77810173413,2496006,0
77.8152,10,77812705419,2496006,0
77.8177,21,77815228425,2496006,0
77.8202,4,77817778431,2469000,1
77.8202,17,77817778431,2469000,1
77.8202,9,77817778431,2469000,1
77.8202,21,77817778431,2469000,1
77.8227,12,77820245431,2496006,0
77.8252,10,77822768437,2469000,1
77.8277,5,77825235437,2469000,1
77.8277,12,77825235437,2469000,1
77.8302,2,77827702437,2469000,1
77.8302,12,77827704437,2469000,1
77.8327,7,77830198437,2496006,0
77.8353,5,77832793443,2496006,0
77.8378,18,77835316449,2469000,1
77.8378,21,77835316449,2469000,1
77.8378,5,77835316449,2469000,1
77.8403,7,77837792449,2496006,0
77.8454,7,77842901461,2496006,0
77.8479,10,77845442467,2496006,0
77.8504,3,77847965473,2469000,1
77.8504,7,77847965473,2469000,1
77.853,10,77850468473,2496006,0
77.8581,5,77855559485,2496006,0
77.8606,10,77858118491,2469000,1
77.8606,7,77858118491,2469000,1
77.8631,5,77860585491,2496006,0
77.8657,9,77863162497,2496006,0
77.8707,1,77868208509,2496006,0
77.8735,12,77871053515,2469000,1
77.8735,10,77871053515,2469000,1
77.876,5,77873520515,2496006,0
77.8785,1,77876052521,2469000,1
77.8785,4,77876052521,2469000,1
77.881,9,77878537521,2496006,0
77.8836,5,77881078527,2496006,0
77.8861,18,77883619533,2469000,1
77.8861,1,77883619533,2469000,1
77.8886,5,77886095533,2496006,0
77.8911,9,77888627539,2496006,0
77.8936,5,77891150545,2496006,0
77.8962,21,77893673551,2496006,0
77.8987,7,77896196557,2496006,0
77.9015,21,77899041563,2469000,1
77.9015,7,77899041563,2469000,1
77.904,5,77901508563,2496006,0
77.9065,9,77904040569,2496006,0
77.9091,9,77906581575,2496006,0
77.9116,5,77909104581,2469000,1
77.9116,10,77909104581,2469000,1
77.9166,21,77914112587,2496006,0
77.9191,5,77916635593,2496006,0
77.9216,13,77919176599,2469000,1
77.9216,21,77919176599,2469000,1
77.9242,9,77921697599,2496006,0
77.9267,21,77924238605,2496006,0
77.9293,5,77926770611,2496006,0
77.9318,7,77929311617,2496006,0
77.9343,21,77931834623,2496006,0
77.9394,21,77936925635,2469000,1
77.9394,9,77936925635,2469000,1
77.9419,5,77939410635,2496006,0
77.9444,17,77941951641,2469000,1
77.9444,1,77941951641,2469000,1
77.9469,7,77944418641,2496006,0
77.9494,1,77946941647,2496006,0
77.952,1,77949464653,2496006,0
77.9545,8,77951996659,2469000,1
77.9545,9,77951996659,2469000,1
77.957,9,77954472659,2496006,0
77.9595,11,77956995665,2496006,0
77.962,1,77959518671,2469000,1
77.962,5,77959518671,2469000,1
77.967,10,77964508677,2496006,0
77.9695,11,77967049683,2469000,1
77.9695,3,77967049683,2469000,1
77.972,7,77969516683,2496006,0
77.9748,7,77972352689,2496006,0
77.9774,21,77974884695,2496006,0
77.9799,9,77977416701,2469000,1
77.9799,1,77977416701,2469000,1
77.9824,21,77979901701,2496006,0
77.9849,7,77982424707,2496006,0
77.9875,10,77984956713,2496006,0
77.99,9,77987488719,2496006,0
77.9925,7,77990011725,2496006,0
77.995,10,77992552731,2469000,1
77.995,15,77992552731,2469000,1
77.9975,11,77995019731,2496006,0
78.0028,9,78000378743,2469000,1
78.0028,21,78000378743,2469000,1
78.0054,12,78002872743,2496006,0
78.0079,5,78005404749,2469000,1
78.0079,7,78005404749,2469000,1
78.0104,11,78007898749,2496006,0
78.013,11,78010466755,2496006,0
78.0155,1,78012989761,2469000,1
78.0155,12,78012989761,2469000,1
78.0179,20,78015465761,2469000,1
78.0179,21,78015465761,2469000,1
78.0204,11,78017932761,2496006,0
78.023,2,78020482767,2496006,0
78.0255,2,78023005773,2496006,0
78.028,10,78025537779,2469000,1
78.0305,7,78028004779,2496006,0
78.033,7,78030527785,2496006,0
78.0356,9,78033059791,2496006,0
78.0381,11,78035582797,2496006,0
78.0406,2,78038141803,2496006,0
78.0432,7,78040664809,2496006,0
78.0457,12,78043196815,2469000,1
78.0457,2,78043196815,2469000,1
78.0482,9,78045681815,2469000,1
78.0482,23,78045681815,2469000,1
78.0482,20,78045681815,2469000,1
78.0507,7,78048157815,2496006,0
78.0532,11,78050680821,2496006,0
78.0557,5,78053203827,2496006,0
78.0582,2,78055726833,2496006,0
78.0607,7,78058258839,2469000,1
78.0607,5,78058258839,2469000,1
78.0658,11,78063266845,2496006,0
78.0683,9,78065807851,2469000,1
78.0683,2,78065807851,2469000,1
78.0707,7,78068274851,2469000,1
78.0707,2,78068276851,2469000,1
78.0732,5,78070752851,2496006,0
78.0761,19,78073597857,2469000,1
78.0761,5,78073597857,2469000,1
78.0786,11,78076064857,2496006,0
78.0811,21,78078596863,2496006,0
78.0836,4,78081146869,2496006,0
78.0862,21,78083678875,2496006,0
78.0887,11,78086201881,2469000,1
78.0887,5,78086201881,2469000,1
78.0912,4,78088713881,2496006,0
78.0963,11,78093759893,2496006,0
78.0988,9,78096282899,2469000,1
78.0988,21,78096282899,2469000,1
78.1012,10,78098749899,2469000,1
78.1012,7,78098749899,2469000,1
78.1037,12,78101225899,2469000,1
78.1037,5,78101225899,2469000,1
78.1065,4,78104005905,2496006,0
78.109,10,78106528911,2496006,0
78.1116,4,78109060917,2496006,0
78.1141,21,78111601923,2496006,0
78.1167,11,78114160929,2496006,0
78.1192,4,78116692935,2496006,0
78.1217,11,78119215941,2496006,0
78.1242,10,78121747947,2496006,0
78.1267,7,78124270953,2469000,1
78.1267,4,78124270953,2469000,1
78.1292,14,78126737953,2496006,0
78.1343,21,78131783965,2496006,0
78.1368,21,78134306971,2496006,0
78.1393,11,78136865977,2469000,1
78.1393,10,78136865977,2469000,1
78.1418,14,78139350977,2496006,0
78.1444,2,78141873983,2496006,0
78.1469,4,78144396989,2496006,0
78.1494,14,78146928995,2496006,0
78.1519,2,78149470001,2469000,1
78.1519,14,78149470001,2469000,1
78.1544,21,78151937001,2496006,0
78.157,4,78154478007,2496006,0
78.1595,14,78157028013,2496006,0
78.162,11,78159551019,2496006,0
78.1646,1,78162074025,2496006,0
78.1696,2,78167138037,2496006,0
78.1722,4,78169670043,2496006,0
78.1747,21,78172193049,2469000,1
78.1747,4,78172193049,2469000,1
78.1772,10,78174660049,2496006,0
78.18,1,78177505055,2496006,0
78.1825,11,78180028061,2469000,1
78.1825,14,78180028061,2469000,1
78.1825,10,78180028061,2469000,1
78.185,17,78182495061,2469000,1
78.185,21,78182495061,2469000,1
78.1875,3,78184971061,2496006,0
78.19,4,78187494067,2496006,0
78.1925,1,78190017073,2469000,1
78.1925,2,78190017073,2469000,1
78.195,2,78192493073,2496006,0
78.1975,4,78195052079,2496006,0
78.2001,3,78197584085,2496006,0
78.2026,14,78200107091,2496006,0
78.2051,2,78202648097,2496006,0
78.208,3,78205493103,2469000,1
78.2105,1,78207969103,2496006,0
78.213,2,78210510109,2469000,1
78.213,11,78210510109,2469000,1
78.2155,9,78212977109,2496006,0
78.218,4,78215509115,2496006,0
78.2205,12,78218050121,2469000,1
78.2205,10,78218050121,2469000,1
78.2205,14,78218050121,2469000,1
78.223,9,78220517121,2469000,1
78.223,1,78220517121,2469000,1
78.223,4,78220517121,2469000,1
78.2255,5,78223002121,2496006,0
78.228,7,78225525127,2469000,1
78.228,12,78225525127,2469000,1
78.228,14,78225525127,2469000,1
78.228,5,78225525127,2469000,1
78.2305,1,78228001127,2496006,0
78.233,14,78230533133,2496006,0
78.2356,3,78233092139,2496006,0
78.2381,6,78235642145,2496006,0
78.2406,1,78238174151,2469000,1
78.2431,14,78240650151,2496006,0
78.2457,5,78243173157,2496006,0
78.2482,2,78245696163,2496006,0
78.2507,3,78248219169,2496006,0
78.2532,21,78250751175,2469000,1
78.2532,9,78250751175,2469000,1
78.2532,6,78250751175,2469000,1
78.2532,5,78250751175,2469000,1
78.2557,14,78253218175,2496006,0
78.2582,4,78255741181,2496006,0
78.2608,14,78258264187,2496006,0
78.2633,2,78260787193,2469000,1
78.2633,4,78260787193,2469000,1
78.2658,2,78263256193,2496006,0
78.2683,3,78265797199,2496006,0
78.2708,14,78268347205,2469000,1
78.2708,4,78268347205,2469000,1
78.2733,5,78270814205,2496006,0
78.2758,3,78273337211,2469000,1
78.2758,22,78273337211,2469000,1
78.2783,2,78275804211,2496006,0
78.2837,2,78281199223,2496006,0
78.2862,6,78283731229,2496006,0
78.2888,1,78286254235,2496006,0
78.2912,10,78288777241,2469000,1
78.2912,5,78288777241,2469000,1
78.2912,3,78288777241,2469000,1
78.2937,1,78291271241,2469000,1
78.2937,6,78291271241,2469000,1
78.2937,11,78291271241,2469000,1
78.2963,3,78293756241,2496006,0
78.2988,2,78296297247,2469000,1
78.2988,3,78296297247,2469000,1
78.3013,5,78298782247,2496006,0
78.3038,14,78301332253,2496006,0
78.3063,11,78303873259,2469000,1
78.3063,14,78303873259,2469000,1
78.3089,1,78306358259,2496006,0
78.3117,5,78309203265,2469000,1
78.3117,10,78309203265,2469000,1
78.3167,4,78314202271,2469000,1
78.3167,2,78314202271,2469000,1
78.3192,6,78316678271,2496006,0
78.3217,9,78319219277,2496006,0
78.3242,3,78321742283,2496006,0
78.3268,9,78324283289,2496006,0
78.3293,5,78326806295,2496006,0
78.3318,1,78329329301,2469000,1
78.3318,5,78329329301,2469000,1
78.3343,3,78331796301,2469000,1
78.3343,6,78331796301,2469000,1
78.3343,9,78331796301,2469000,1
78.3368,14,78334290301,2496006,0
78.3393,14,78336876307,2469000,1
78.3393,6,78336876307,2469000,1
78.3444,1,78341911313,2496006,0
78.3469,5,78344434319,2496006,0
78.3495,5,78346975325,2496006,0
78.352,5,78349516331,2496006,0
78.3545,19,78352039337,2469000,1
78.3545,2,78352039337,2469000,1
78.357,1,78354506337,2496006,0
78.3595,1,78357047343,2496006,0
78.362,3,78359570349,2469000,1
78.362,9,78359570349,2469000,1
78.3645,2,78362046349,2496006,0
78.3671,1,78364569355,2496006,0
78.3721,14,78369633367,2496006,0
78.3747,5,78372156373,2496006,0
78.3772,14,78374679379,2496006,0
78.3797,5,78377238385,2469000,1
78.3797,1,78377238385,2469000,1
78.3797,2,78377238385,2469000,1
78.3797,9,78377238385,2469000,1
78.3822,2,78379741385,2496006,0
78.3851,14,78382604391,2496006,0
78.3876,1,78385127397,2496006,0
78.3901,1,78387650403,2496006,0
78.3927,13,78390182409,2469000,1
78.3927,1,78390182409,2469000,1
78.3977,2,78395181415,2496006,0
78.4002,14,78397704421,2469000,1
78.4002,21,78397704421,2469000,1
78.4027,5,78400207421,2496006,0
78.4052,6,78402739427,2469000,1
78.4052,1,78402739427,2469000,1
78.4077,2,78405242427,2496006,0
78.4103,10,78407765433,2496006,0
78.4131,14,78410601439,2496006,0
78.4156,10,78413133445,2496006,0
78.4182,10,78415665451,2496006,0
78.4207,5,78418188457,2496006,0
78.4232,2,78420711463,2469000,1
78.4257,14,78423205463,2496006,0
78.4282,3,78425728469,2496006,0
78.4308,3,78428296475,2496006,0
78.4333,10,78430828481,2496006,0
78.4358,14,78433351487,2496006,0
78.4384,5,78435874493,2496006,0
78.4409,3,78438397499,2496006,0
78.4434,2,78440929505,2496006,0
78.4459,17,78443452511,2496006,0
78.4485,3,78445975517,2496006,0
78.451,1,78448498523,2496006,0
78.4535,3,78451030529,2496006,0
78.4586,5,78456076541,2496006,0
78.4611,10,78458599547,2496006,0
78.4636,14,78461122553,2496006,0
78.4661,5,78463645559,2469000,1
78.4661,10,78463645559,2469000,1
78.4686,2,78466112559,2496006,0
78.4711,17,78468644565,2496006,0
78.4736,5,78471167571,2469000,1
78.4736,17,78471167571,2469000,1
78.4761,1,78473634571,2469000,1
78.4761,4,78473634571,2469000,1
78.4786,14,78476119571,2496006,0
78.4811,3,78478642577,2496006,0
78.4837,3,78481174583,2496006,0
78.4865,2,78484037589,2496006,0
78.4891,15,78486560595,2496006,0
78.4916,5,78489083601,2496006,0
78.4941,3,78491615607,2469000,1
78.4941,15,78491615607,2469000,1
78.4966,2,78494091607,2469000,1
78.4966,3,78494091607,2469000,1
78.4991,14,78496558607,2496006,0
78.5041,5,78501604619,2469000,1
78.5041,17,78501604619,2469000,1
78.5041,2,78501604619,2469000,1
78.5066,15,78504071619,2496006,0
78.5091,10,78506594625,2496006,0
78.5116,10,78509135631,2496006,0
78.5142,23,78511658637,2496006,0
78.517,14,78514521643,2469000,1
78.517,23,78514521643,2469000,1
78.5195,10,78516997643,2469000,1
78.5195,1,78516997643,2469000,1
78.5195,5,78516997643,2469000,1
78.5219,15,78519464643,2469000,1
78.5219,5,78519466643,2469000,1
78.5244,9,78521933643,2469000,1
78.5244,23,78521933643,2469000,1
78.5269,2,78524400643,2496006,0
78.5294,14,78526923649,2496006,0
78.532,23,78529473655,2496006,0
78.5345,23,78532005661,2496006,0
78.537,2,78534528667,2469000,1
78.537,17,78534528667,2469000,1
78.5395,23,78536995667,2496006,0
78.542,14,78539527673,2469000,1
78.542,3,78539527673,2469000,1
78.5445,23,78542012673,2469000,1
78.5445,10,78542012673,2469000,1
78.5495,15,78547029679,2496006,0
78.5521,15,78549588685,2469000,1
78.5521,23,78549588685,2469000,1
78.5546,2,78552055685,2496006,0
78.5571,22,78554623691,2496006,0
78.5597,22,78557155697,2496006,0
78.5622,2,78559705703,2469000,1
78.5622,15,78559705703,2469000,1
78.5647,19,78562181703,2469000,1
78.5647,2,78562181703,2469000,1
78.5671,22,78564648703,2496006,0
78.5696,11,78567180709,2469000,1
78.5696,1,78567180709,2469000,1
78.5696,14,78567180709,2469000,1
78.5721,6,78569647709,2496006,0
78.5746,8,78572179715,2469000,1
78.5746,5,78572179715,2469000,1
78.5746,2,78572179715,2469000,1
78.5772,22,78574655715,2496006,0
78.5796,6,78577178721,2469000,1
78.5796,2,78577178721,2469000,1
78.5821,23,78579645721,2496006,0
78.5847,15,78582168727,2496006,0
78.5872,22,78584700733,2469000,1
78.59,21,78587480739,2496006,0
78.5925,18,78590003745,2496006,0
78.5951,10,78592562751,2496006,0
78.5976,23,78595085757,2496006,0
78.6001,15,78597608763,2496006,0
78.6026,21,78600149769,2496006,0
78.6052,7,78602699775,2496006,0
78.6077,18,78605222781,2496006,0
78.6103,10,78607763787,2496006,0
78.6128,23,78610286793,2496006,0
78.6153,15,78612818799,2496006,0
78.6181,18,78615663805,2469000,1
78.6181,14,78615663805,2469000,1
78.6206,10,78618130805,2469000,1
78.6206,21,78618130805,2469000,1
78.6206,22,78618130805,2469000,1
78.6231,15,78620606805,2469000,1
78.6231,6,78620606805,2469000,1
78.6256,7,78623073805,2496006,0
78.6281,10,78625605811,2469000,1
78.6305,23,78628072811,2469000,1
78.6305,3,78628072811,2469000,1
78.633,23,78630541811,2496006,0
78.6356,23,78633073817,2496006,0
78.6381,21,78635596823,2496006,0
78.6406,15,78638119829,2496006,0
78.6432,21,78640678835,2496006,0
78.6457,23,78643219841,2469000,1
78.6457,7,78643219841,2469000,1
78.6482,15,78645722841,2469000,1
78.6482,18,78645722841,2469000,1
78.6507,15,78648191841,2496006,0
78.6532,10,78650714847,2469000,1
78.6532,7,78650714847,2469000,1
78.6557,21,78653190847,2469000,1
78.6557,18,78653190847,2469000,1
78.6582,14,78655693847,2496006,0
78.6607,15,78658216853,2496006,0
78.6632,22,78660739859,2496006,0
78.6683,17,78665794871,2496006,0
78.6708,17,78668317877,2496006,0
78.6733,15,78670840883,2496006,0
78.6759,7,78673390889,2496006,0
78.6784,22,78675913895,2469000,1
78.6784,16,78675913895,2469000,1
78.6808,21,78678380895,2469000,1
78.6808,14,78678380895,2469000,1
78.6833,14,78680849895,2496006,0
78.6859,14,78683372901,2496006,0
78.6884,14,78685895907,2496006,0
78.6912,6,78688731913,2469000,1
78.6912,23,78688731913,2469000,1
78.6937,17,78691198913,2496006,0
78.6962,7,78693721919,2496006,0
78.6987,15,78696244925,2469000,1
78.6987,1,78696244925,2469000,1
78.7012,16,78698729925,2496006,0
78.7038,14,78701288931,2496006,0
78.7063,21,78703811937,2496006,0
78.7088,17,78706334943,2469000,1
78.7088,7,78706334943,2469000,1
78.7113,15,78708819943,2469000,1
78.7138,21,78711295943,2469000,1
78.7138,22,78711295943,2469000,1
78.7138,15,78711295943,2469000,1
78.7163,14,78713762943,2496006,0
78.7188,16,78716294949,2469000,1
78.7188,14,78716294949,2469000,1
78.7216,15,78719074955,2496006,0
78.7241,14,78721624961,2496006,0
78.7267,14,78724165967,2496006,0
78.7292,23,78726697973,2469000,1
78.7292,17,78726697973,2469000,1
78.7292,14,78726697973,2469000,1
78.7317,15,78729200973,2496006,0
78.7342,10,78731732979,2469000,1
78.7342,7,78731732979,2469000,1
78.7367,2,78734199979,2496006,0
78.7392,14,78736722985,2496006,0
78.7418,16,78739272991,2496006,0
78.7443,18,78741804997,2496006,0
78.7468,2,78744328003,2496006,0
78.7493,16,78746851009,2496006,0
78.7519,21,78749374015,2496006,0
78.7544,15,78751897021,2469000,1
78.7568,21,78754373021,2469000,1
78.7568,15,78754373021,2469000,1
78.7593,2,78756840021,2496006,0
78.7619,2,78759363027,2496006,0
78.7644,14,78761895033,2496006,0
78.7669,16,78764418039,2496006,0
78.7694,3,78766959045,2469000,1
78.7694,18,78766959045,2469000,1
78.7719,18,78769444045,2496006,0
78.7744,2,78771967051,2469000,1
78.7744,23,78771967051,2469000,1
78.7744,7,78771967051,2469000,1
78.777,18,78774461051,2496006,0
78.7795,2,78776984057,2496006,0
78.782,14,78779516063,2469000,1
78.782,2,78779516063,2469000,1
78.7845,22,78781983063,2469000,1
78.7845,16,78781983063,2469000,1
78.7869,6,78784450063,2496006,0
78.7895,18,78787009069,2496006,0
78.792,6,78789559075,2469000,1
78.792,21,78789559075,2469000,1
78.7974,18,78794889087,2496006,0
78.7999,17,78797421093,2496006,0
78.8024,17,78799944099,2496006,0
78.805,15,78802467105,2496006,0
78.8075,15,78804990111,2496006,0
78.81,4,78807522117,2469000,1
78.81,17,78807522117,2469000,1
78.8125,15,78809998117,2496006,0
78.815,18,78812521123,2496006,0
78.8175,14,78815044129,2496006,0
78.82,12,78817567135,2469000,1
78.82,2,78817567135,2469000,1
78.8228,16,78820347141,2496006,0
78.8254,18,78822870147,2496006,0
78.8279,10,78825411153,2496006,0
78.8304,14,78827934159,2496006,0
78.833,9,78830457165,2496006,0
78.8354,16,78832980171,2469000,1
78.8354,9,78832980171,2469000,1
78.8379,6,78835465171,2469000,1
78.8379,15,78835465171,2469000,1
78.8404,10,78837950171,2469000,1
78.8404,17,78837950171,2469000,1
78.8454,14,78842940177,2496006,0
78.8479,21,78845463183,2469000,1
78.8479,18,78845463183,2469000,1
78.8504,5,78847930183,2496006,0
78.8529,18,78850453189,2496006,0
78.8555,23,78852976195,2496006,0
78.858,22,78855508201,2496006,0
78.8605,22,78858040207,2496006,0
78.863,18,78860563213,2469000,1
78.863,17,78860563213,2469000,1
78.8655,5,78863039213,2496006,0
78.868,14,78865562219,2469000,1
78.868,5,78865562219,2469000,1
78.8705,15,78868029219,2496006,0
78.8731,16,78870561225,2496006,0
78.8756,23,78873102231,2496006,0
78.8781,9,78875625237,2496006,0
78.8807,22,78878166243,2496006,0
78.8832,9,78880698249,2469000,1
78.8832,2,78880698249,2469000,1
78.8832,5,78880698249,2469000,1
78.8857,10,78883174249,2496006,0
78.8882,5,78885697255,2496006,0
78.8907,15,78888229261,2496006,0
78.8932,23,78890752267,2469000,1
78.8932,9,78890752267,2469000,1
78.8932,10,78890752267,2469000,1
78.8932,5,78890752267,2469000,1
78.8932,15,78890752267,2469000,1
78.896,16,78893532273,2469000,1
78.896,10,78893532273,2469000,1
78.8985,14,78896017273,2496006,0
78.901,18,78898540279,2469000,1
78.901,23,78898540279,2469000,1
78.9035,22,78901016279,2496006,0
78.906,1,78903557285,2469000,1
78.906,16,78903557285,2469000,1
78.9085,14,78906024285,2496006,0
78.911,6,78908547291,2496006,0
78.9136,10,78911070297,2496006,0
78.9161,10,78913593303,2496006,0
78.9186,23,78916125309,2496006,0
78.9212,10,78918657315,2496006,0
78.9237,18,78921189321,2496006,0
78.9265,7,78924034327,2469000,1
78.9265,22,78924034327,2469000,1
78.929,23,78926519327,2469000,1
78.929,5,78926519327,2469000,1
78.9315,14,78928995327,2469000,1
78.9315,6,78928995327,2469000,1
78.934,18,78931462327,2496006,0
78.9365,9,78933985333,2496006,0
78.939,15,78936508339,2469000,1
78.939,9,78936508339,2469000,1
78.9415,10,78938975339,2496006,0
78.944,22,78941543345,2496006,0
78.9466,9,78944093351,2469000,1
78.9466,22,78944093351,2469000,1
78.9491,14,78946569351,2496006,0
78.9516,10,78949092357,2469000,1
78.9516,18,78949092357,2469000,1
78.954,23,78951577357,2469000,1
78.954,22,78951577357,2469000,1
78.9565,7,78954080357,2469000,1
78.9565,6,78954080357,2469000,1
78.9565,14,78954080357,2469000,1
78.9591,9,78956556357,2496006,0
78.9616,5,78959115363,2496006,0
78.9641,14,78961638369,2496006,0
78.9667,9,78964206375,2469000,1
78.9667,16,78964206375,2469000,1
78.9692,10,78966691375,2496006,0
78.9717,14,78969214381,2496006,0
78.9742,5,78971737387,2496006,0
78.9767,17,78974269393,2469000,1
78.9767,9,78974269393,2469000,1
78.9767,5,78974269393,2469000,1
78.9792,18,78976745393,2496006,0
78.9818,10,78979286399,2496006,0
78.9843,14,78981809405,2469000,1
78.9843,6,78981809405,2469000,1
78.9868,21,78984285405,2496006,0
78.9893,18,78986817411,2469000,1
78.9893,15,78986817411,2469000,1
78.9918,10,78989293411,2496006,0
78.9968,21,78994348423,2469000,1
78.9968,23,78994348423,2469000,1
78.9997,10,78997155429,2496006,0
79.0021,22,78999678435,2469000,1
79.0021,14,78999678435,2469000,1
79.0046,10,79002145435,2496006,0
79.0072,21,79004686441,2496006,0
79.0097,5,79007236447,2496006,0
79.0122,10,79009759453,2469000,1
79.0122,5,79009759453,2469000,1
79.0147,5,79012228453,2496006,0
79.0173,21,79014760459,2496006,0
79.0198,18,79017292465,2496006,0
79.0223,18,79019824471,2496006,0
79.0249,2,79022356477,2496006,0
79.0277,5,79025210483,2496006,0
79.0302,20,79027742489,2469000,1
79.0302,5,79027742489,2469000,1
79.0327,21,79030209489,2469000,1
79.0352,6,79032676489,2496006,0
79.0377,2,79035208495,2496006,0
79.0402,6,79037749501,2469000,1
79.0402,18,79037749501,2469000,1
79.0427,10,79040216501,2469000,1
79.0427,2,79040216501,2469000,1
79.0452,21,79042701501,2496006,0
79.0477,11,79045242507,2496006,0
79.0503,11,79047801513,2496006,0
79.0528,6,79050324519,2496006,0
79.0553,21,79052847525,2469000,1
79.0553,9,79052847525,2469000,1
79.0578,14,79055350525,2496006,0
79.0604,6,79057873531,2496006,0
79.0629,22,79060405537,2496006,0
79.0654,10,79062937543,2469000,1
79.0654,22,79062937543,2469000,1
79.0679,5,79065404543,2496006,0
79.0704,5,79067936549,2496006,0
79.0729,2,79070459555,2469000,1
79.0729,11,79070459555,2469000,1
79.0754,5,79072926555,2496006,0
79.0779,18,79075449561,2469000,1
79.0779,22,79075449561,2469000,1
79.0804,14,79077934561,2496006,0
79.0829,21,79080475567,2469000,1
79.0829,6,79080475567,2469000,1
79.0854,3,79082951567,2469000,1
79.0854,15,79082951567,2469000,1
79.0879,6,79085418567,2496006,0
79.0905,5,79087977573,2496006,0
79.093,14,79090500579,2496006,0
79.0955,15,79093032585,2496006,0
79.0981,11,79095573591,2496006,0
79.1034,14,79100932603,2496006,0
79.1059,15,79103464609,2469000,1
79.1059,9,79103464609,2469000,1
79.1084,6,79105931609,2496006,0
79.111,5,79108490615,2496006,0
79.1135,6,79111031621,2469000,1
79.1135,14,79111031621,2469000,1
79.116,11,79113498621,2496006,0
79.1185,16,79116039627,2496006,0
79.1211,2,79118571633,2496006,0
79.1236,11,79121103639,2496006,0
79.1261,5,79123635645,2469000,1
79.1261,6,79123635645,2469000,1
79.1286,18,79126129645,2496006,0
79.1314,11,79128965651,2469000,1
79.1314,7,79128965651,2469000,1
79.1339,15,79131432651,2469000,1
79.1339,11,79131434651,2469000,1
79.1364,2,79133901651,2496006,0
79.1389,16,79136424657,2496006,0
79.1415,21,79138965663,2496006,0
79.144,16,79141506669,2469000,1
79.144,14,79141506669,2469000,1
79.1465,23,79144000669,2469000,1
79.1465,22,79144000669,2469000,1
79.149,16,79146467669,2496006,0
79.1515,18,79148990675,2469000,1
79.1515,2,79148990675,2469000,1
79.154,21,79151457675,2496006,0
79.1565,21,79153998681,2496006,0
79.159,14,79156521687,2496006,0
79.1615,5,79159053693,2496006,0
79.1641,15,79161612699,2496006,0
79.1666,11,79164135705,2469000,1
79.1691,16,79166602705,2496006,0
79.1716,16,79169125711,2496006,0
79.1742,15,79171657717,2496006,0
79.1767,2,79174180723,2496006,0
79.1792,5,79176703729,2469000,1
79.1792,21,79176703729,2469000,1
79.1817,14,79179170729,2496006,0
79.1842,18,79181693735,2496006,0
79.1867,14,79184225741,2496006,0
79.1893,16,79186766747,2496006,0
79.1918,16,79189298753,2496006,0
79.1943,18,79191830759,2496006,0
79.1968,16,79194353765,2496006,0
79.1993,14,79196876771,2469000,1
79.1993,15,79196876771,2469000,1
79.2018,2,79199352771,2469000,1
79.2018,5,79199352771,2469000,1
79.2046,18,79202132777,2469000,1
79.2046,16,79202132777,2469000,1
79.2071,10,79204608777,2496006,0
79.2096,6,79207131783,2496006,0
79.2122,10,79209654789,2496006,0
79.2172,6,79214700801,2496006,0
79.2197,21,79217241807,2496006,0
79.2223,5,79219764813,2496006,0
79.2248,10,79222287819,2496006,0
79.2273,14,79224810825,2496006,0
79.2298,10,79227360831,2469000,1
79.2298,15,79227360831,2469000,1
79.2326,14,79230140837,2469000,1
79.2326,6,79230140837,2469000,1
79.2351,21,79232634837,2469000,1
79.2351,10,79232634837,2469000,1
79.2376,17,79235119837,2469000,1
79.2376,16,79235119837,2469000,1
79.2376,5,79235119837,2469000,1
79.2376,6,79235119837,2469000,1
79.2401,2,79237595837,2496006,0
79.2426,23,79240118843,2469000,1
79.2426,18,79240118843,2469000,1
79.2451,5,79242648843,2496006,0
79.2477,2,79245198849,2496006,0
79.2502,5,79247721855,2496006,0
79.2553,22,79252767867,2496006,0
79.2578,14,79255299873,2496006,0
79.2603,2,79257822879,2469000,1
79.2603,21,79257822879,2469000,1
79.2628,5,79260298879,2496006,0
79.2653,22,79262821885,2496006,0
79.2679,10,79265380891,2496006,0
79.2704,22,79267921897,2496006,0
79.2729,4,79270453903,2469000,1
79.2729,16,79270453903,2469000,1
79.2754,19,79272920903,2469000,1
79.2754,15,79272920903,2469000,1
79.2754,14,79272920903,2469000,1
79.2779,14,79275389903,2496006,0
79.2804,8,79277930909,2469000,1
79.2804,5,79277930909,2469000,1
79.2829,13,79280397909,2496006,0
79.2854,3,79282920915,2469000,1
79.2854,22,79282920915,2469000,1
79.2854,8,79282920915,2469000,1
79.2879,10,79285387915,2469000,1
79.2879,13,79285387915,2469000,1
79.2929,19,79290413921,2496006,0
79.2954,2,79292936927,2496006,0
79.298,18,79295459933,2496006,0
79.3005,11,79297982939,2469000,1
79.3005,6,79297982939,2469000,1
79.3005,14,79297982939,2469000,1
79.3005,8,79297982939,2469000,1
79.3029,10,79300458939,2469000,1
79.3029,6,79300458939,2469000,1
79.3057,5,79303238945,2496006,0
79.3083,5,79305761951,2496006,0
79.3108,19,79308284957,2496006,0
79.3133,2,79310816963,2469000,1
79.3133,21,79310816963,2469000,1
79.3158,5,79313283963,2496006,0
79.3183,18,79315806969,2496006,0
79.3208,22,79318329975,2496006,0
79.3233,13,79320852981,2496006,0
79.3259,8,79323393987,2496006,0
79.3284,5,79325916993,2469000,1
79.3284,19,79325916993,2469000,1
79.3309,14,79328383993,2469000,1
79.3309,2,79328383993,2469000,1
79.3309,5,79328385993,2469000,1
79.3333,13,79330852993,2469000,1
79.3333,6,79330852993,2469000,1
79.3361,18,79333632999,2496006,0
79.3387,22,79336156005,2496006,0
79.3412,13,79338679011,2496006,0
79.3437,13,79341202017,2496006,0
79.3462,8,79343725023,2496006,0
79.3487,16,79346248029,2469000,1
79.3487,22,79346248029,2469000,1
79.3512,18,79348715029,2496006,0
79.3537,19,79351238035,2496006,0
79.3588,19,79356293047,2496006,0
79.3613,13,79358825053,2496006,0
79.3639,15,79361357059,2496006,0
79.3663,8,79363880065,2469000,1
79.3663,13,79363880065,2469000,1
79.3689,19,79366365065,2496006,0
79.3714,13,79368906071,2496006,0
79.3739,18,79371429077,2496006,0
79.3765,13,79373961083,2496006,0
79.379,22,79376484089,2496006,0
79.3815,15,79379007095,2496006,0
79.384,18,79381539101,2496006,0
79.3866,19,79384071107,2496006,0
79.3891,15,79386594113,2496006,0
79.3916,8,79389117119,2469000,1
79.3916,15,79389117119,2469000,1
79.3941,2,79391584119,2496006,0
79.3966,8,79394134125,2496006,0
79.3991,10,79396657131,2469000,1
79.3991,22,79396657131,2469000,1
79.4016,13,79399124131,2496006,0
79.4042,18,79401665137,2496006,0
79.4067,3,79404188143,2496006,0
79.4095,2,79407024149,2496006,0
79.412,15,79409547155,2496006,0
79.4145,19,79412070161,2469000,1
79.4145,18,79412070161,2469000,1
79.4171,2,79414564161,2496006,0
79.4196,13,79417087167,2496006,0
79.4221,5,79419610173,2469000,1
79.4221,8,79419610173,2469000,1
79.4245,11,79422077173,2469000,1
79.4245,22,79422077173,2469000,1
79.4245,3,79422077173,2469000,1
79.4296,19,79427067179,2496006,0
79.4321,15,79429590185,2496006,0
79.4346,14,79432113191,2469000,1
79.4346,15,79432113191,2469000,1
79.4374,2,79434893197,2496006,0
79.4399,13,79437416203,2496006,0
79.4424,9,79439939209,2496006,0
79.445,9,79442507215,2496006,0
79.4475,2,79445030221,2496006,0
79.4501,19,79447580227,2496006,0
79.4526,9,79450103233,2496006,0
79.4551,18,79452635239,2469000,1
79.4551,9,79452635239,2469000,1
79.4576,13,79455102239,2469000,1
79.4576,9,79455104239,2469000,1
79.4601,15,79457580239,2496006,0
79.4626,22,79460103245,2469000,1
79.4626,3,79460103245,2469000,1
79.4651,21,79462579245,2496006,0
79.4676,8,79465120251,2469000,1
79.4676,2,79465120251,2469000,1
79.4701,19,79467596251,2469000,1
79.4701,8,79467596251,2469000,1
79.4726,9,79470081251,2496006,0
79.4751,15,79472613257,2496006,0
79.4776,2,79475136263,2496006,0
79.4802,9,79477668269,2496006,0
79.4827,21,79480200275,2496006,0
79.4852,2,79482723281,2469000,1
79.4852,9,79482723281,2469000,1
79.4877,13,79485217281,2496006,0
79.4928,13,79490290293,2469000,1
79.4928,18,79490290293,2469000,1
79.4928,15,79490290293,2469000,1
79.4928,21,79490290293,2469000,1
79.4953,2,79492784293,2496006,0
79.4978,19,79495307299,2469000,1
79.4978,9,79495307299,2469000,1
79.5003,21,79497774299,2496006,0
79.5028,15,79500324305,2496006,0
79.5053,21,79502856311,2469000,1
79.5053,3,79502856311,2469000,1
79.5078,18,79505332311,2496006,0
79.5107,2,79508195317,2496006,0
79.5132,22,79510727323,2469000,1
79.5132,15,79510727323,2469000,1
79.5157,18,79513212323,2496006,0
79.5182,1,79515771329,2469000,1
79.5182,10,79515771329,2469000,1
79.5182,2,79515771329,2469000,1
79.5207,13,79518247329,2496006,0
79.5233,21,79520788335,2496006,0
79.5258,13,79523311341,2496006,0
79.5283,8,79525861347,2469000,1
79.5283,19,79525861347,2469000,1
79.5283,15,79525861347,2469000,1
79.5308,9,79528328347,2469000,1
79.5308,18,79528328347,2469000,1
79.5333,21,79530795347,2496006,0
79.5384,13,79535886359,2496006,0
79.5412,18,79538722365,2496006,0
79.5437,21,79541245371,2469000,1
79.5437,5,79541245371,2469000,1
79.5462,18,79543721371,2496006,0
79.5488,21,79546262377,2496006,0
79.5513,18,79548794383,2469000,1
79.5513,22,79548794383,2469000,1
79.5538,2,79551288383,2469000,1
79.5538,13,79551288383,2469000,1
79.5563,16,79553827383,2469000,1
79.5563,21,79553827383,2469000,1
79.5588,14,79556294383,2496006,0
79.5639,14,79561448395,2469000,1
79.5639,18,79561448395,2469000,1
79.5664,2,79563924395,2496006,0
79.569,21,79566465401,2496006,0
79.5715,14,79568988407,2496006,0
79.574,13,79571511413,2496006,0
79.5765,13,79574052419,2496006,0
79.5791,13,79576593425,2496006,0
79.5816,19,79579116431,2469000,1
79.5816,15,79579116431,2469000,1
79.5866,13,79584106437,2496006,0
79.5891,2,79586629443,2496006,0
79.5916,21,79589152449,2496006,0
79.5942,14,79591675455,2496006,0
79.5967,11,79594198461,2496006,0
79.5992,14,79596721467,2496006,0
79.6018,3,79599271473,2496006,0
79.6043,21,79601812479,2469000,1
79.6043,2,79601812479,2469000,1
79.6043,13,79601812479,2469000,1
79.6067,11,79604279479,2469000,1
79.6067,3,79604279479,2469000,1
79.6092,21,79606746479,2496006,0
79.6121,14,79609582485,2469000,1
79.6121,2,79609582485,2469000,1
79.6145,18,79612067485,2469000,1
79.6145,13,79612067485,2469000,1
79.617,23,79614534485,2496006,0
79.6221,21,79619625497,2496006,0
79.6246,23,79622148503,2496006,0
79.6272,13,79624689509,2496006,0
79.6297,23,79627212515,2469000,1
79.6297,13,79627212515,2469000,1
79.6322,2,79629688515,2496006,0
79.6347,23,79632238521,2469000,1
79.6347,2,79632238521,2469000,1
79.6372,21,79634705521,2496006,0
79.6397,14,79637228527,2469000,1
79.6397,21,79637228527,2469000,1
79.6425,15,79640026533,2469000,1
79.6425,13,79640026533,2469000,1
79.645,11,79642511533,2469000,1
79.645,3,79642511533,2469000,1
79.6475,18,79644987533,2469000,1
79.6475,2,79644987533,2469000,1
79.6525,21,79649995539,2496006,0
79.655,23,79652536545,2496006,0
79.6576,13,79655095551,2496006,0
79.6601,21,79657618557,2496006,0
79.6626,9,79660150563,2496006,0
79.6652,23,79662736569,2496006,0
79.6677,9,79665259575,2469000,1
79.6677,21,79665259575,2469000,1
79.6677,23,79665259575,2469000,1
79.6702,7,79667735575,2469000,1
79.6702,23,79667735575,2469000,1
79.6727,2,79670202575,2469000,1
79.6727,13,79670202575,2469000,1
79.6752,3,79672768575,2469000,1
79.6752,13,79672768575,2469000,1
79.6777,18,79675280575,2469000,1
79.6777,9,79675280575,2469000,1
79.6803,18,79677765575,2496006,0
79.6828,14,79680288581,2496006,0
79.6853,18,79682820587,2496006,0
79.6878,21,79685343593,2496006,0
79.6904,11,79687875599,2496006,0
79.6954,21,79692939611,2469000,1
79.6954,18,79692939611,2469000,1
79.6979,14,79695415611,2496006,0
79.7004,15,79697938617,2496006,0
79.703,13,79700461623,2496006,0
79.7055,14,79702984629,2496006,0
79.708,2,79705507635,2496006,0
79.7105,2,79708039641,2496006,0
79.7131,18,79710562647,2496006,0
79.7159,11,79713398653,2469000,1
79.7159,9,79713398653,2469000,1
79.7183,10,79715865653,2469000,1
79.7183,11,79715867653,2469000,1
79.7208,14,79718361653,2469000,1
79.7233,15,79720846653,2469000,1
79.7233,13,79720846653,2469000,1
79.7258,14,79723322653,2496006,0
79.7284,2,79725863659,2496006,0
79.7309,19,79728386665,2496006,0
79.7334,17,79730909671,2469000,1
79.7334,18,79730909671,2469000,1
79.7359,12,79733376671,2496006,0
79.7384,23,79735899677,2496006,0
79.7409,21,79738422683,2469000,1
79.7409,19,79738422683,2469000,1
79.7437,11,79741211689,2496006,0
79.7462,2,79743734695,2496006,0
79.7488,23,79746257701,2496006,0
79.7513,15,79748789707,2496006,0
79.7538,14,79751312713,2496006,0
79.7563,11,79753835719,2469000,1
79.7563,23,79753835719,2469000,1
79.7588,2,79756311719,2469000,1
79.7588,5,79756311719,2469000,1
79.7638,2,79761301725,2496006,0
79.7663,12,79763824731,2469000,1
79.7663,2,79763824731,2469000,1
79.7688,13,79766300731,2496006,0
79.7713,15,79768823737,2496006,0
79.7739,12,79771355743,2496006,0
79.7764,15,79773878749,2496006,0
79.7789,13,79776410755,2469000,1
79.7789,23,79776410755,2469000,1
79.7814,14,79778877755,2496006,0
79.7839,15,79781418761,2496006,0
79.7864,12,79783941767,2469000,1
79.7864,19,79783941767,2469000,1
79.7889,3,79786408767,2469000,1
79.7889,18,79786408767,2469000,1
79.7914,13,79788884767,2496006,0
79.7939,14,79791425773,2469000,1
79.7939,11,79791425773,2469000,1
79.7964,23,79793910773,2496006,0
79.7989,8,79796433779,2496006,0
79.8015,2,79798983785,2496006,0
79.804,8,79801506791,2469000,1
79.804,15,79801506791,2469000,1
79.809,23,79806496797,2496006,0
79.8115,13,79809019803,2469000,1
79.8115,15,79809019803,2469000,1
79.814,2,79811495803,2469000,1
79.814,21,79811495803,2469000,1
79.8165,23,79813971803,2496006,0
79.8193,8,79816807809,2496006,0
79.8218,19,79819330815,2496006,0
79.8244,12,79821871821,2496006,0
79.8269,6,79824412827,2469000,1
79.8269,2,79824412827,2469000,1
79.8293,23,79826879827,2469000,1
79.8293,12,79826879827,2469000,1
79.8318,9,79829346827,2496006,0
79.8344,19,79831878833,2496006,0
79.8369,8,79834401839,2496006,0
79.8394,18,79836942845,2469000,1
79.8394,14,79836942845,2469000,1
79.8419,19,79839418845,2469000,1
79.8419,15,79839418845,2469000,1
79.8444,2,79841885845,2496006,0
79.8472,9,79844721851,2469000,1
79.8472,13,79844721851,2469000,1
79.8472,19,79844721851,2469000,1
79.8497,12,79847206851,2496006,0
79.8522,12,79849738857,2496006,0
79.8547,16,79852279863,2469000,1
79.8547,8,79852279863,2469000,1
79.8572,12,79854746863,2496006,0
79.8598,2,79857269869,2496006,0
79.8623,23,79859819875,2496006,0
79.8649,23,79862360881,2496006,0
79.8674,2,79864892887,2496006,0
79.8699,12,79867424893,2496006,0
79.8725,11,79869956899,2496006,0
79.875,2,79872497905,2496006,0
79.8775,9,79875038911,2469000,1
79.8775,8,79875038911,2469000,1
79.88,23,79877505911,2496006,0
79.8825,19,79880046917,2496006,0
79.8851,12,79882569923,2496006,0
79.8876,11,79885101929,2496006,0
79.8901,2,79887651935,2469000,1
79.8901,11,79887651935,2469000,1
79.8926,13,79890127935,2496006,0
79.8951,22,79892650941,2496006,0
79.9002,23,79897696953,2496006,0
79.9027,19,79900228959,2496006,0
79.9052,13,79902760965,2469000,1
79.9052,12,79902760965,2469000,1
79.9077,2,79905236965,2496006,0
79.9103,19,79907759971,2496006,0
79.9128,23,79910282977,2469000,1
79.9128,21,79910282977,2469000,1
79.9152,14,79912749977,2496006,0
79.9178,9,79915272983,2496006,0
79.9206,15,79918135989,2469000,1
79.9206,22,79918135989,2469000,1
79.9231,23,79920602989,2496006,0
79.9256,9,79923125995,2469000,1
79.9256,11,79923125995,2469000,1
79.9281,19,79925592995,2496006,0
79.9306,13,79928116001,2469000,1
79.9306,12,79928116001,2469000,1
79.9331,2,79930592001,2469000,1
79.9331,19,79930592001,2469000,1
79.9356,14,79933077001,2496006,0
79.9381,18,79935600007,2496006,0
79.9406,23,79938123013,2496006,0
79.9432,22,79940655019,2496006,0
79.9457,9,79943196025,2496006,0
79.9485,18,79946032031,2496006,0
79.951,18,79948555037,2469000,1
79.9535,2,79951022037,2496006,0
79.9561,22,79953563043,2496006,0
79.9586,14,79956086049,2469000,1
79.9586,2,79956086049,2469000,1
79.961,9,79958553049,2496006,0
79.9636,23,79961076055,2496006,0
79.9661,18,79963617061,2496006,0
79.9686,8,79966149067,2469000,1
79.9686,19,79966149067,2469000,1
79.9711,18,79968661067,2469000,1
79.9711,14,79968661067,2469000,1
79.9736,23,79971128067,2496006,0
79.9761,22,79973651073,2469000,1
79.9761,9,79973651073,2469000,1
79.9786,8,79976136073,2496006,0
79.9811,12,79978659079,2469000,1
79.9811,2,79978659079,2469000,1
79.9836,22,79981126079,2496006,0
79.9861,13,79983649085,2496006,0
79.9887,8,79986172091,2496006,0
79.9912,23,79988695097,2496006,0
79.9937,9,79991227103,2496006,0
79.9962,13,79993759109,2469000,1
79.9962,20,79993759109,2469000,1
79.9987,8,79996226109,2496006,0
80.0012,23,79998749115,2496006,0
80.0038,11,80001272121,2496006,0
80.0063,18,80003795127,2469000,1
80.0063,11,80003795127,2469000,1
80.0088,22,80006262127,2496006,0
80.0113,23,80008794133,2469000,1
80.0138,9,80011261133,2496006,0
80.0163,20,80013793139,2496006,0
80.0188,3,80016325145,2496006,0
80.0216,11,80019161151,2469000,1
80.0216,23,80019161151,2469000,1
80.0216,3,80019161151,2469000,1
80.0241,22,80021628151,2496006,0
80.0266,20,80024151157,2496006,0
80.0292,8,80026683163,2496006,0
80.0317,22,80029215169,2469000,1
80.0317,9,80029215169,2469000,1
80.0317,18,80029215169,2469000,1
80.0342,20,80031718169,2496006,0
80.0367,8,80034241175,2469000,1
80.0367,2,80034241175,2469000,1
80.0392,20,80036726175,2496006,0
80.0417,13,80039249181,2496006,0
80.0443,9,80041772187,2496006,0
80.0468,12,80044304193,2469000,1
80.0468,22,80044304193,2469000,1
80.0468,20,80044304193,2469000,1
80.0493,9,80046771193,2496006,0
80.0521,8,80049607199,2496006,0
80.0546,9,80052139205,2496006,0
80.0572,14,80054662211,2496006,0
80.0597,11,80057185217,2496006,0
80.0622,14,80059708223,2496006,0
80.0647,3,80062231229,2496006,0
80.0672,9,80064754235,2469000,1
80.0672,14,80064754235,2469000,1
80.0697,19,80067230235,2469000,1
80.0697,13,80067230235,2469000,1
80.0722,13,80069699235,2496006,0
80.0747,11,80072222241,2469000,1
80.0747,8,80072222241,2469000,1
80.0747,20,80072222241,2469000,1
80.0747,14,80072222241,2469000,1
80.0772,3,80074707241,2496006,0
80.0822,23,80079771253,2469000,1
80.0822,20,80079771253,2469000,1
80.0848,23,80082283253,2496006,0
80.0873,13,80084815259,2496006,0
80.0898,23,80087338265,2496006,0
80.0923,3,80089870271,2469000,1
80.0923,23,80089870271,2469000,1
80.0948,21,80092337271,2469000,1
80.0948,11,80092337271,2469000,1
80.0948,8,80092337271,2469000,1
80.0973,20,80094804271,2496006,0
80.0998,13,80097336277,2496006,0
80.1024,9,80099877283,2496006,0
80.1049,20,80102400289,2496006,0
80.1074,9,80104923295,2496006,0
80.1099,2,80107446301,2496006,0
80.1125,20,80110005307,2469000,1
80.1125,23,80110005307,2469000,1
80.115,13,80112481307,2469000,1
80.115,22,80112481307,2469000,1
80.1174,9,80114948307,2496006,0
80.12,2,80117507313,2496006,0
80.1225,3,80120030319,2496006,0
80.1253,18,80122875325,2469000,1
80.1253,2,80122875325,2469000,1
80.1278,19,80125351325,2496006,0
80.1304,9,80127874331,2496006,0
80.1329,2,80130397337,2496006,0
80.1354,8,80132929343,2496006,0
80.1405,19,80138002355,2496006,0
80.143,3,80140525361,2496006,0
80.1455,8,80143048367,2469000,1
80.1455,2,80143048367,2469000,1
80.1455,9,80143048367,2469000,1
80.1455,3,80143048367,2469000,1
80.148,19,80145515367,2496006,0
80.1505,12,80148038373,2469000,1
80.1505,13,80148038373,2469000,1
80.1533,13,80150836379,2496006,0
80.1559,14,80153359385,2496006,0
80.1584,20,80155891391,2469000,1
80.1584,8,80155891391,2469000,1
80.1584,13,80155891391,2469000,1
80.1609,23,80158412391,2469000,1
80.1609,19,80158412391,2469000,1
80.1633,22,80160879391,2469000,1
80.1633,14,80160879391,2469000,1
80.1659,11,80163355391,2496006,0
80.1684,9,80165896397,2496006,0
80.1709,2,80168437403,2469000,1
80.1709,8,80168437403,2469000,1
80.1734,11,80170904403,2469000,1
80.1734,19,80170904403,2469000,1
80.1759,18,80173380403,2496006,0
80.1784,3,80175912409,2496006,0
80.1809,9,80178444415,2496006,0
80.1835,3,80181003421,2469000,1
80.1835,18,80181003421,2469000,1
80.1835,13,80181003421,2469000,1
80.1859,9,80183479421,2469000,1
80.1885,19,80185955421,2496006,0
80.191,14,80188487427,2469000,1
80.191,3,80188487427,2469000,1
80.191,9,80188487427,2469000,1
80.1935,11,80190990427,2496006,0
80.196,18,80193531433,2469000,1
80.196,19,80193531433,2469000,1
80.1985,8,80196016433,2496006,0
80.201,2,80198548439,2496006,0
80.2036,11,80201098445,2469000,1
80.2036,18,80201098445,2469000,1
80.2061,8,80203592445,2496006,0
80.2086,20,80206115451,2496006,0
80.2111,9,80208647457,2496006,0
80.2136,10,80211170463,2469000,1
80.2136,9,80211170463,2469000,1
80.2162,2,80213655463,2496006,0
80.2187,20,80216187469,2469000,1
80.2187,11,80216187469,2469000,1
80.2212,14,80218654469,2496006,0
80.2236,9,80221177475,2469000,1
80.2236,20,80221177475,2469000,1
80.2264,13,80223975481,2469000,1
80.2264,19,80223975481,2469000,1
80.2289,8,80226451481,2496006,0
80.2315,2,80229019487,2469000,1
80.2315,14,80229019487,2469000,1
80.234,3,80231486487,2496006,0
80.2365,15,80234036493,2496006,0
80.2391,18,80236568499,2496006,0
80.2416,8,80239091505,2496006,0
80.2441,18,80241614511,2496006,0
80.2466,15,80244137517,2496006,0
80.2492,3,80246660523,2496006,0
80.2517,2,80249183529,2496006,0
80.2571,18,80254614541,2496006,0
80.2596,2,80257137547,2469000,1
80.2596,3,80257137547,2469000,1
80.2596,8,80257137547,2469000,1
80.2596,15,80257137547,2469000,1
80.2621,9,80259640547,2469000,1
80.2621,2,80259640547,2469000,1
80.2646,14,80262116547,2496006,0
80.2671,14,80264648553,2496006,0
80.2697,19,80267171559,2496006,0
80.2722,11,80269694565,2469000,1
80.2722,3,80269694565,2469000,1
80.2747,3,80272170565,2496006,0
80.2772,3,80274693571,2496006,0
80.2797,18,80277216577,2469000,1
80.2797,15,80277216577,2469000,1
80.2822,20,80279683577,2496006,0
80.2847,3,80282206583,2496006,0
80.2872,20,80284729589,2496006,0
80.2923,3,80289802601,2469000,1
80.2923,19,80289802601,2469000,1
80.2947,23,80292269601,2469000,1
80.2947,8,80292269601,2469000,1
80.2947,14,80292269601,2469000,1
80.2972,8,80294738601,2496006,0
80.2998,20,80297288607,2496006,0
80.3023,14,80299811613,2496006,0
80.3048,8,80302343619,2496006,0
80.3074,19,80304866625,2496006,0
80.3099,14,80307389631,2496006,0
80.3124,18,80309948637,2496006,0
80.315,8,80312489643,2496006,0
80.3175,14,80315012649,2496006,0
80.32,19,80317535655,2469000,1
80.32,3,80317535655,2469000,1
80.32,20,80317535655,2469000,1
80.3225,9,80320038655,2469000,1
80.325,18,80322514655,2496006,0
80.3275,19,80325046661,2496006,0
80.3304,14,80327882667,2496006,0
80.3329,8,80330414673,2496006,0
80.3354,14,80332937679,2496006,0
80.338,15,80335460685,2496006,0
80.3405,18,80338010691,2469000,1
80.3405,2,80338010691,2469000,1
80.3429,15,80340477691,2469000,1
80.3429,20,80340477691,2469000,1
80.3454,19,80342944691,2496006,0
80.3479,8,80345467697,2469000,1
80.3479,16,80345467697,2469000,1
80.3479,2,80345467697,2469000,1
80.3504,14,80347934697,2496006,0
80.353,13,80350475703,2496006,0
80.3555,20,80353007709,2496006,0
80.3583,14,80355861715,2469000,1
80.3583,22,80355861715,2469000,1
80.3583,19,80355861715,2469000,1
80.3608,19,80358330715,2496006,0
80.3659,8,80363376727,2496006,0
80.3684,8,80365908733,2496006,0
80.3709,11,80368440739,2469000,1
80.3709,3,80368440739,2469000,1
80.3734,13,80370916739,2469000,1
80.3734,20,80370916739,2469000,1
80.3759,8,80373392739,2496006,0
80.3784,9,80375933745,2469000,1
80.3784,19,80375933745,2469000,1
80.3809,8,80378409745,2496006,0
80.3834,18,80380932751,2496006,0
80.386,20,80383455757,2496006,0
80.3885,15,80385996763,2469000,1
80.3885,18,80385996763,2469000,1
80.391,19,80388481763,2496006,0
80.3935,8,80391004769,2496006,0
80.3961,14,80393554775,2496006,0
80.3986,20,80396086781,2496006,0
80.4036,8,80401168793,2469000,1
80.4036,19,80401168793,2469000,1
80.4061,14,80403635793,2496006,0
80.4087,13,80406158799,2496006,0
80.4112,8,80408690805,2469000,1
80.4112,13,80408690805,2469000,1
80.4137,18,80411157805,2496006,0
80.4162,11,80413689811,2496006,0
80.4187,20,80416221817,2496006,0
80.4212,18,80418744823,2469000,1
80.4212,14,80418744823,2469000,1
80.4237,11,80421220823,2496006,0
80.4262,15,80423752829,2496006,0
80.4287,3,80426275835,2469000,1
80.4287,8,80426275835,2469000,1
80.4316,14,80429055841,2496006,0
80.4341,13,80431605847,2496006,0
80.4366,5,80434128853,2496006,0
80.4391,11,80436660859,2469000,1
80.4391,20,80436660859,2469000,1
80.4416,19,80439127859,2469000,1
80.4416,5,80439127859,2469000,1
80.4441,1,80441603859,2469000,1
80.4465,13,80444070859,2469000,1
80.4465,15,80444070859,2469000,1
80.449,14,80446537859,2496006,0
80.4516,10,80449078865,2496006,0
80.4541,18,80451637871,2496006,0
80.4566,11,80454160877,2469000,1
80.4566,20,80454160877,2469000,1
80.4591,10,80456636877,2469000,1
80.4591,13,80456636877,2469000,1
80.4619,14,80459416883,2496006,0
80.4644,18,80461939889,2496006,0
80.467,5,80464507895,2496006,0
80.4695,5,80467030901,2496006,0
80.472,18,80469571907,2469000,1
80.472,5,80469571907,2469000,1
80.4745,19,80472038907,2496006,0
80.477,10,80474561913,2469000,1
80.477,14,80474561913,2469000,1
80.4795,15,80477028913,2496006,0
80.482,3,80479551919,2469000,1
80.482,15,80479551919,2469000,1
80.4845,2,80482045919,2469000,1
80.4845,11,80482045919,2469000,1
80.487,22,80484512919,2469000,1
80.487,19,80484512919,2469000,1
80.4895,19,80486981919,2496006,0
80.492,19,80489522925,2496006,0
80.4946,19,80492054931,2496006,0
80.497,20,80494577937,2469000,1
80.497,14,80494577937,2469000,1
80.4995,15,80497044937,2496006,0
80.5021,10,80499567943,2496006,0
80.5046,5,80502135949,2496006,0
80.5072,10,80504667955,2496006,0
80.5097,18,80507190961,2496006,0
80.5122,19,80509713967,2496006,0
80.5147,15,80512254973,2469000,1
80.5147,19,80512254973,2469000,1
80.5172,19,80514723973,2496006,0
80.5197,10,80517246979,2469000,1
80.5197,15,80517246979,2469000,1
80.5222,5,80519722979,2496006,0
80.5248,13,80522263985,2496006,0
80.5298,18,80527318997,2469000,1
80.5298,13,80527318997,2469000,1
80.5323,10,80529803997,2496006,0
80.5351,19,80532649003,2496006,0
80.5377,5,80535190009,2496006,0
80.5402,18,80537713015,2469000,1
80.5402,19,80537713015,2469000,1
80.5402,5,80537713015,2469000,1
80.5426,10,80540180015,2469000,1
80.5426,3,80540180015,2469000,1
80.5451,8,80542656015,2469000,1
80.5451,18,80542656015,2469000,1
80.5476,10,80545150015,2496006,0
80.5502,13,80547673021,2496006,0
80.5527,13,80550232027,2496006,0
80.5553,10,80552755033,2496006,0
80.5578,19,80555296039,2496006,0
80.5603,5,80557837045,2469000,1
80.5603,19,80557837045,2469000,1
80.5656,5,80563149057,2496006,0
80.5682,4,80565672063,2496006,0
80.5707,10,80568195069,2469000,1
80.5707,14,80568195069,2469000,1
80.5707,15,80568195069,2469000,1
80.5732,13,80570671069,2496006,0
80.5757,23,80573194075,2496006,0
80.5782,5,80575717081,2496006,0
80.5808,5,80578258087,2496006,0
80.5833,5,80580781093,2496006,0
80.5858,4,80583331099,2496006,0
80.5883,23,80585854105,2469000,1
80.5883,18,80585854105,2469000,1
80.5908,13,80588321105,2496006,0
80.5934,20,80590880111,2496006,0
80.5959,5,80593412117,2496006,0
80.5984,19,80595944123,2469000,1
80.5984,4,80595944123,2469000,1
80.6034,13,80600952129,2496006,0
80.606,20,80603502135,2469000,1
80.606,10,80603502135,2469000,1
80.606,15,80603502135,2469000,1
80.6085,10,80605996135,2496006,0
80.611,5,80608519141,2496006,0
80.6135,5,80611051147,2496006,0
80.6161,13,80613583153,2496006,0
80.6186,4,80616106159,2496006,0
80.6211,20,80618629165,2496006,0
80.6236,23,80621152171,2496006,0
80.6262,5,80623693177,2496006,0
80.6287,5,80626216183,2496006,0
80.6312,20,80628757189,2469000,1
80.6312,10,80628757189,2469000,1
80.6337,13,80631233189,2496006,0
80.6366,12,80634087195,2469000,1
80.639,23,80636563195,2469000,1
80.639,4,80636563195,2469000,1
80.6415,13,80639030195,2496006,0
80.644,11,80641562201,2469000,1
80.644,5,80641562201,2469000,1
80.6466,13,80644056201,2496006,0
80.6491,4,80646579207,2496006,0
80.6516,10,80649129213,2496006,0
80.6541,20,80651652219,2496006,0
80.6566,13,80654175225,2469000,1
80.6566,23,80654175225,2469000,1
80.6592,4,80656660225,2496006,0
80.6617,13,80659192231,2496006,0
80.6642,20,80661715237,2496006,0
80.6671,10,80664560243,2496006,0
80.6696,10,80667092249,2496006,0
80.6721,13,80669615255,2496006,0
80.6746,19,80672138261,2469000,1
80.6771,4,80674605261,2496006,0
80.6796,10,80677128267,2496006,0
80.6822,14,80679660273,2496006,0
80.6847,5,80682219279,2469000,1
80.6847,20,80682219279,2469000,1
80.6872,14,80684695279,2496006,0
80.6897,10,80687218285,2496006,0
80.6922,13,80689759291,2469000,1
80.6922,4,80689759291,2469000,1
80.6922,5,80689759291,2469000,1
80.6947,10,80692226291,2496006,0
80.6972,21,80694758297,2469000,1
80.6972,11,80694758297,2469000,1
80.6998,20,80697261297,2496006,0
80.7023,10,80699784303,2496006,0
80.7048,14,80702307309,2496006,0
80.7074,10,80704857315,2496006,0
80.7124,14,80709903327,2469000,1
80.7124,10,80709903327,2469000,1
80.7149,20,80712370327,2496006,0
80.7174,20,80714893333,2496006,0
80.7199,13,80717434339,2496006,0
80.7224,23,80719957345,2469000,1
80.7224,14,80719957345,2469000,1
80.7224,13,80719957345,2469000,1
80.7249,20,80722442345,2469000,1
80.7249,4,80722442345,2469000,1
80.7274,9,80724936345,2469000,1
80.7274,10,80724936345,2469000,1
80.7274,13,80724936345,2469000,1
80.7325,14,80730070351,2469000,1
80.7325,20,80730070351,2469000,1
80.735,18,80732546351,2469000,1
80.735,20,80732546351,2469000,1
80.7375,7,80735022351,2469000,1
80.7375,19,80735022351,2469000,1
80.7404,7,80737883357,2496006,0
80.7455,4,80742965369,2496006,0
80.748,7,80745488375,2469000,1
80.748,8,80745488375,2469000,1
80.7505,10,80747982375,2496006,0
80.753,13,80750514381,2496006,0
80.7555,13,80753055387,2469000,1
80.758,10,80755531387,2496006,0
80.7606,1,80758063393,2496006,0
80.7631,4,80760586399,2496006,0
80.7656,1,80763109405,2496006,0
80.7684,10,80765945411,2496006,0
80.771,1,80768486417,2496006,0
80.7735,20,80771009423,2496006,0
80.776,4,80773532429,2469000,1
80.776,1,80773532429,2469000,1
80.7785,10,80775999429,2469000,1
80.7785,4,80776001429,2469000,1
80.7835,7,80781045435,2469000,1
80.7835,20,80781045435,2469000,1
80.786,17,80783548435,2469000,1
80.786,10,80783548435,2469000,1
80.7885,13,80786024435,2496006,0
80.7911,13,80788565441,2496006,0
80.7936,7,80791088447,2496006,0
80.7961,16,80793620453,2469000,1
80.7961,7,80793620453,2469000,1
80.7986,5,80796087453,2469000,1
80.7986,1,80796087453,2469000,1
80.8036,7,80801122459,2496006,0
80.8061,10,80803645465,2469000,1
80.8061,1,80803645465,2469000,1
80.8086,13,80806121465,2496006,0
80.8111,16,80808653471,2496006,0
80.8137,4,80811203477,2469000,1
80.8137,20,80811203477,2469000,1
80.8162,13,80813670477,2496006,0
80.8187,21,80816193483,2496006,0
80.8212,7,80818725489,2496006,0
80.8263,16,80823771501,2496006,0
80.8288,14,80826303507,2496006,0
80.8313,23,80828826513,2496006,0
80.8338,23,80831349519,2496006,0
80.8364,21,80833881525,2496006,0
80.8389,16,80836404531,2496006,0
80.8417,7,80839240537,2469000,1
80.8417,21,80839240537,2469000,1
80.8442,20,80841707537,2469000,1
80.8442,13,80841707537,2469000,1
80.8467,13,80844183537,2496006,0
80.8492,14,80846724543,2496006,0
80.8518,23,80849265549,2496006,0
80.8543,16,80851788555,2496006,0
80.8568,14,80854320561,2469000,1
80.8593,13,80856796561,2496006,0
80.8618,6,80859319567,2496006,0
80.8643,13,80861842573,2496006,0
80.8668,23,80864365579,2469000,1
80.8668,10,80864365579,2469000,1
80.8668,6,80864365579,2469000,1
80.8693,13,80866832579,2496006,0
80.8722,21,80869677585,2496006,0
80.8747,16,80872200591,2496006,0
80.8772,16,80874741597,2496006,0
80.8798,7,80877282603,2496006,0
80.8823,16,80879832609,2469000,1
80.8823,15,80879832609,2469000,1
80.8848,14,80882299609,2496006,0
80.8873,13,80884822615,2469000,1
80.8873,14,80884822615,2469000,1
80.8898,5,80887289615,2496006,0
80.8923,21,80889821621,2496006,0
80.8974,21,80894885633,2496006,0
80.8999,7,80897408639,2469000,1
80.8999,13,80897408639,2469000,1
80.9024,21,80899893639,2496006,0
80.9049,6,80902434645,2496006,0
80.9075,23,80904966651,2496006,0
80.91,4,80907489657,2469000,1
80.91,5,80907489657,2469000,1
80.9125,2,80909974657,2496006,0
80.915,21,80912515663,2496006,0
80.9175,16,80915047669,2469000,1
80.9175,14,80915047669,2469000,1
80.92,6,80917532669,2496006,0
80.9226,23,80920082675,2496006,0
80.9251,21,80922614681,2496006,0
80.9276,2,80925146687,2469000,1
80.9301,16,80927622687,2496006,0
80.9326,23,80930145693,2469000,1
80.9326,1,80930145693,2469000,1
80.9326,5,80930145693,2469000,1
80.9351,7,80932612693,2469000,1
80.9351,2,80932612693,2469000,1
80.9376,18,80935088693,2469000,1
80.9376,16,80935088693,2469000,1
80.94,6,80937555693,2469000,1
80.94,7,80937555693,2469000,1
80.9425,21,80940049693,2496006,0
80.9454,23,80942921699,2496006,0
80.9479,16,80945453705,2469000,1
80.9479,23,80945453705,2469000,1
80.9504,2,80947920705,2496006,0
80.9529,21,80950443711,2496006,0
80.9555,5,80953011717,2496006,0
80.9606,14,80958066729,2496006,0
80.9631,21,80960607735,2496006,0
80.9656,2,80963139741,2496006,0
80.9682,13,80965671747,2496006,0
80.9707,6,80968194753,2496006,0
80.9735,7,80971030759,2496006,0
80.976,5,80973553765,2496006,0
80.9785,20,80976076771,2469000,1
80.9785,7,80976076771,2469000,1
80.981,14,80978543771,2496006,0
80.9836,6,80981084777,2469000,1
80.9836,16,80981084777,2469000,1
80.986,5,80983551777,2469000,1
80.986,14,80983551777,2469000,1
80.986,6,80983553777,2469000,1
80.9885,11,80986020777,2496006,0
80.991,23,80988543783,2469000,1
80.991,21,80988543783,2469000,1
80.9935,13,80991019783,2496006,0
80.996,2,80993542789,2496006,0
81.0011,2,80998597801,2496006,0
81.0036,11,81001138807,2496006,0
81.0062,13,81003697813,2496006,0
81.0087,21,81006220819,2496006,0
81.0112,5,81008743825,2496006,0
81.0138,7,81011275831,2496006,0
81.0163,14,81013798837,2496006,0
81.0188,2,81016330843,2496006,0
81.0213,4,81018853849,2496006,0
81.0239,14,81021376855,2496006,0
81.0264,14,81023899861,2496006,0
81.0289,11,81026422867,2469000,1
81.0289,2,81026422867,2469000,1
81.0289,4,81026422867,2469000,1
81.0314,21,81028889867,2469000,1
81.0314,11,81028891867,2469000,1
81.0339,5,81031358867,2496006,0
81.0364,13,81033881873,2496006,0
81.0389,11,81036404879,2496006,0
81.0414,23,81038927885,2496006,0
81.044,13,81041459891,2496006,0
81.0468,7,81044295897,2496006,0
81.0493,5,81046818903,2496006,0
81.0518,21,81049341909,2496006,0
81.0543,5,81051864915,2469000,1
81.0543,21,81051864915,2469000,1
81.0568,11,81054331915,2496006,0
81.0594,23,81056854921,2496006,0
81.0619,7,81059377927,2496006,0
81.0644,14,81061900933,2496006,0
81.0669,11,81064441939,2496006,0
81.0695,14,81066973945,2496006,0
81.072,19,81069496951,2469000,1
81.072,4,81069496951,2469000,1
81.072,13,81069496951,2469000,1
81.0745,23,81071963951,2496006,0
81.0773,14,81074799957,2496006,0
81.0798,5,81077322963,2469000,1
81.0798,14,81077322963,2469000,1
81.0823,11,81079789963,2469000,1
81.0823,21,81079789963,2469000,1
81.0847,7,81082256963,2469000,1
81.0847,2,81082256963,2469000,1
81.0872,14,81084741963,2496006,0
81.0898,11,81087264969,2496006,0
81.0923,7,81089787975,2496006,0
81.0948,23,81092319981,2496006,0
81.0973,14,81094851987,2496006,0
81.0999,6,81097374993,2496006,0
81.1024,6,81099897999,2496006,0
81.1049,6,81102448005,2496006,0
81.1074,23,81104980011,2469000,1
81.1074,2,81104980011,2469000,1
81.1099,14,81107447011,2469000,1
81.1099,7,81107447011,2469000,1
81.1099,13,81107447011,2469000,1
81.1124,11,81109923011,2496006,0
81.115,2,81112455017,2496006,0
81.1175,2,81114978023,2496006,0
81.1225,6,81120033035,2496006,0
81.1251,11,81122565041,2496006,0
81.1276,6,81125088047,2496006,0
81.1301,7,81127620053,2496006,0
81.1327,2,81130170059,2496006,0
81.1352,14,81132693065,2496006,0
81.1377,14,81135216071,2496006,0
81.1402,5,81137748077,2469000,1
81.1402,2,81137748077,2469000,1
81.1427,6,81140233077,2469000,1
81.1427,23,81140233077,2469000,1
81.1452,11,81142700077,2496006,0
81.1477,11,81145223083,2469000,1
81.1502,7,81147690083,2496006,0
81.1527,14,81150213089,2496006,0
81.1552,16,81152736095,2496006,0
81.1578,14,81155259101,2496006,0
81.1603,2,81157782107,2496006,0
81.1628,2,81160305113,2496006,0
81.1653,6,81162828119,2496006,0
81.1678,16,81165360125,2469000,1
81.1678,4,81165360125,2469000,1
81.1703,6,81167836125,2496006,0
81.1728,2,81170359131,2469000,1
81.1728,14,81170359131,2469000,1
81.1753,7,81172835131,2496006,0
81.1782,21,81175671137,2496006,0
81.1807,6,81178203143,2469000,1
81.1807,14,81178203143,2469000,1
81.1832,11,81180679143,2496006,0
81.1857,13,81183220149,2469000,1
81.1857,11,81183220149,2469000,1
81.1882,23,81185696149,2496006,0
81.1907,2,81188219155,2496006,0
81.1932,7,81190742161,2496006,0
81.1983,2,81195806173,2496006,0
81.2008,21,81198329179,2496006,0
81.2033,11,81200852185,2496006,0
81.2059,23,81203393191,2496006,0
81.2084,2,81205916197,2469000,1
81.2084,7,81205916197,2469000,1
81.2109,6,81208383197,2469000,1
81.2109,14,81208383197,2469000,1
81.2133,21,81210850197,2496006,0
81.2158,16,81213373203,2469000,1
81.2158,21,81213373203,2469000,1
81.2183,23,81215849203,2469000,1
81.2183,2,81215849203,2469000,1
81.2208,7,81218316203,2496006,0
81.2234,11,81220857209,2496006,0
81.2259,11,81223380215,2496006,0
81.2284,11,81225939221,2496006,0
81.2309,10,81228462227,2469000,1
81.2309,23,81228462227,2469000,1
81.2334,11,81230938227,2496006,0
81.236,7,81233488233,2496006,0
81.2385,6,81236029239,2496006,0
81.2411,7,81238588245,2496006,0
81.2436,6,81241111251,2496006,0
81.2461,21,81243634257,2496006,0
81.2487,16,81246157263,2496006,0
81.2515,11,81248993269,2496006,0
81.254,21,81251543275,2496006,0
81.2566,23,81254066281,2496006,0
81.2591,2,81256589287,2496006,0
81.2616,7,81259112293,2496006,0
81.2667,16,81264167305,2496006,0
81.2692,6,81266708311,2496006,0
81.2717,2,81269231317,2496006,0
81.2742,16,81271754323,2469000,1
81.2742,11,81271754323,2469000,1
81.2767,4,81274221323,2496006,0
81.2792,7,81276753329,2469000,1
81.2792,21,81276753329,2469000,1
81.282,23,81279542335,2496006,0
81.2846,6,81282074341,2496006,0
81.2871,4,81284606347,2496006,0
81.2896,2,81287147353,2496006,0
81.2922,7,81289679359,2496006,0
81.2947,4,81292220365,2496006,0
81.2972,12,81294752371,2469000,1
81.2972,23,81294752371,2469000,1
81.2997,2,81297219371,2469000,1
81.2997,16,81297219371,2469000,1
81.3022,6,81299695371,2496006,0
81.3047,23,81302218377,2496006,0
81.3072,5,81304741383,2469000,1
81.3072,11,81304741383,2469000,1
81.3097,21,81307208383,2496006,0
81.3122,7,81309740389,2496006,0
81.3148,23,81312263395,2496006,0
81.3173,4,81314795401,2469000,1
81.3173,11,81314795401,2469000,1
81.3198,1,81317262401,2496006,0
81.3223,20,81319803407,2496006,0
81.3248,21,81322326413,2496006,0
81.3273,7,81324849419,2469000,1
81.3273,6,81324849419,2469000,1
81.3298,14,81327343419,2469000,1
81.3298,2,81327343419,2469000,1
81.3323,23,81329810419,2496006,0
81.3374,20,81334856431,2496006,0
81.3399,4,81337379437,2496006,0
81.3424,1,81339902443,2496006,0
81.3449,21,81342425449,2496006,0
81.3474,21,81344948455,2496006,0
81.35,7,81347471461,2496006,0
81.3525,21,81350003467,2496006,0
81.3553,4,81352848473,2469000,1
81.3553,7,81352848473,2469000,1
81.3578,23,81355342473,2496006,0
81.3604,1,81357874479,2496006,0
81.3629,20,81360397485,2496006,0
81.3654,8,81362920491,2496006,0
81.3679,6,81365452497,2496006,0
81.3705,1,81367984503,2469000,1
81.3705,23,81367984503,2469000,1
81.3705,22,81367984503,2469000,1
81.3705,13,81367984503,2469000,1
81.3705,21,81367984503,2469000,1
81.3729,6,81370478503,2469000,1
81.3729,1,81370478503,2469000,1
81.3755,8,81372954503,2496006,0
81.378,20,81375477509,2496006,0
81.3805,4,81378000515,2496006,0
81.3833,7,81380836521,2496006,0
81.3859,7,81383359527,2496006,0
81.3884,16,81385882533,2496006,0
81.3909,8,81388405539,2496006,0
81.3934,6,81390937545,2469000,1
81.3934,16,81390937545,2469000,1
81.3959,7,81393404545,2469000,1
81.3959,23,81393404545,2469000,1
81.3984,7,81395907545,2496006,0
81.4009,4,81398439551,2496006,0
81.4035,20,81400962557,2496006,0
81.406,8,81403485563,2469000,1
81.406,16,81403485563,2469000,1
81.4085,7,81405961563,2496006,0
81.411,1,81408484569,2469000,1
81.4134,4,81410978569,2469000,1
81.4134,2,81410978569,2469000,1
81.4134,21,81410978569,2469000,1
81.4134,20,81410978569,2469000,1
81.4159,20,81413447569,2496006,0
81.4185,7,81415979575,2496006,0
81.421,13,81418520581,2469000,1
81.421,23,81418520581,2469000,1
81.4235,8,81421032581,2496006,0
81.4261,7,81423555587,2496006,0
81.4286,1,81426087593,2496006,0
81.4311,20,81428610599,2496006,0
81.4336,8,81431151605,2496006,0
81.4362,4,81433674611,2496006,0
81.4387,14,81436206617,2469000,1
81.4387,6,81436206617,2469000,1
81.4412,7,81438673617,2496006,0
81.4437,20,81441241623,2496006,0
81.4463,1,81443764629,2496006,0
81.4488,20,81446296635,2496006,0
81.4513,8,81448828641,2469000,1
81.4513,4,81448828641,2469000,1
81.4538,1,81451295641,2469000,1
81.4538,21,81451295641,2469000,1
81.4565,7,81454075647,2469000,1
81.4565,11,81454075647,2469000,1
81.4565,16,81454075647,2469000,1
81.4591,20,81456569647,2496006,0
81.4616,23,81459101653,2496006,0
81.4641,4,81461624659,2496006,0
81.4666,20,81464147665,2496006,0
81.4692,8,81466697671,2469000,1
81.4717,20,81469164671,2496006,0
81.4742,20,81471705677,2496006,0
81.4767,4,81474237683,2496006,0
81.4793,23,81476760689,2496006,0
81.4818,1,81479292695,2496006,0
81.4846,20,81482128701,2496006,0
81.4872,20,81484660707,2496006,0
81.4897,7,81487219713,2469000,1
81.4897,1,81487219713,2469000,1
81.4922,20,81489686713,2469000,1
81.4922,23,81489686713,2469000,1
81.4947,7,81492162713,2496006,0
81.4972,4,81494685719,2496006,0
81.4997,23,81497226725,2496006,0
81.5022,15,81499776731,2469000,1
81.5022,23,81499776731,2469000,1
81.5047,2,81502252731,2496006,0
81.5072,7,81504775737,2469000,1
81.5072,20,81504775737,2469000,1
81.5097,5,81507242737,2469000,1
81.5097,7,81507244737,2469000,1
81.5122,21,81509711737,2496006,0
81.5147,4,81512234743,2469000,1
81.5147,2,81512234743,2469000,1
81.5172,21,81514728743,2496006,0
81.5197,6,81517278749,2469000,1
81.5223,4,81519754749,2496006,0
81.5248,1,81522286755,2496006,0
81.5273,11,81524809761,2469000,1
81.5273,4,81524809761,2469000,1
81.5298,16,81527285761,2469000,1
81.5323,23,81529761761,2496006,0
81.5348,8,81532284767,2496006,0
81.5373,23,81534807773,2496006,0
81.5398,21,81537330779,2496006,0
81.5423,2,81539862785,2469000,1
81.5448,8,81542329785,2496006,0
81.5473,1,81544852791,2469000,1
81.5473,21,81544852791,2469000,1
81.5498,1,81547328791,2496006,0
81.5549,21,81552392803,2496006,0
81.5577,23,81555228809,2496006,0
81.5602,1,81557769815,2469000,1
81.5602,8,81557769815,2469000,1
81.5628,1,81560281815,2496006,0
81.5653,4,81562804821,2496006,0
81.5678,23,81565327827,2496006,0
81.5703,21,81567868833,2469000,1
81.5703,23,81567868833,2469000,1
81.5728,1,81570335833,2496006,0
81.5754,4,81572876839,2496006,0
81.5779,20,81575399845,2496006,0
81.5804,18,81577940851,2496006,0
81.583,1,81580472857,2496006,0
81.5855,4,81582995863,2469000,1
81.5855,8,81582995863,2469000,1
81.5883,7,81585784869,2469000,1
81.5883,1,81585784869,2469000,1
81.5907,23,81588251869,2496006,0
81.5933,23,81590774875,2496006,0
81.5958,20,81593315881,2469000,1
81.5958,4,81593315881,2469000,1
81.6008,18,81598341887,2496006,0
81.6034,23,81600882893,2496006,0
81.6059,21,81603405899,2496006,0
81.6085,23,81605982905,2469000,1
81.6085,18,81605982905,2469000,1
81.6085,1,81605982905,2469000,1
81.6109,20,81608449905,2496006,0
81.6135,21,81610972911,2496006,0
81.616,21,81613504917,2496006,0
81.6185,2,81616027923,2496006,0
81.6211,21,81618568929,2496006,0
81.6236,21,81621109935,2496006,0
81.6261,23,81623632941,2496006,0
81.6287,20,81626155947,2496006,0
81.6312,2,81628678953,2496006,0
81.6337,2,81631201959,2496006,0
81.6362,23,81633724965,2496006,0
81.6387,23,81636247971,2496006,0
81.6412,3,81638779977,2469000,1
81.6412,2,81638779977,2469000,1
81.6438,21,81641264977,2496006,0
81.6463,23,81643787983,2496006,0
81.6488,19,81646337989,2496006,0
81.6514,20,81648860995,2496006,0
81.6539,4,81651393001,2496006,0
81.6564,18,81653916007,2496006,0
81.659,18,81656457013,2496006,0
81.6618,8,81659293019,2496006,0
81.6643,21,81661834025,2496006,0
81.6669,23,81664357031,2496006,0
81.6694,8,81666889037,2469000,1
81.6694,4,81666889037,2469000,1
81.6694,20,81666889037,2469000,1
81.6694,19,81666889037,2469000,1
81.6694,21,81666889037,2469000,1
81.6719,7,81669356037,2496006,0
81.6744,18,81671888043,2496006,0
81.6769,2,81674429049,2496006,0
81.6794,1,81676952055,2496006,0
81.682,19,81679484061,2496006,0
81.6845,23,81682016067,2469000,1
81.6845,4,81682016067,2469000,1
81.687,7,81684483067,2496006,0
81.6898,19,81687319073,2496006,0
81.6923,20,81689860079,2469000,1
81.6923,21,81689860079,2469000,1
81.6948,18,81692327079,2496006,0
81.6973,21,81694850085,2496006,0
81.6999,19,81697391091,2469000,1
81.6999,2,81697391091,2469000,1
81.6999,1,81697391091,2469000,1
81.7023,21,81699867091,2469000,1
81.7023,18,81699867091,2469000,1
81.7023,8,81699867091,2469000,1
81.7048,6,81702343091,2496006,0
81.7074,19,81704866097,2496006,0
81.7099,14,81707398103,2469000,1
81.7099,7,81707398103,2469000,1
81.7124,20,81709865103,2496006,0
81.7149,6,81712406109,2496006,0
81.7174,20,81714938115,2496006,0
81.7199,6,81717461121,2469000,1
81.7199,20,81717461121,2469000,1
81.7224,6,81719930121,2496006,0
81.725,2,81722471127,2496006,0
81.7275,9,81724994133,2496006,0
81.73,6,81727517139,2469000,1
81.73,20,81727517139,2469000,1
81.7325,23,81729984139,2469000,1
81.7325,19,81729984139,2469000,1
81.7349,1,81732451139,2496006,0
81.74,1,81737524151,2496006,0
81.7425,21,81740056157,2469000,1
81.7425,9,81740056157,2469000,1
81.745,18,81742532157,2496006,0
81.7475,2,81745064163,2469000,1
81.7475,9,81745064163,2469000,1
81.75,21,81747531163,2496006,0
81.7526,18,81750054169,2496006,0
81.755,7,81752577175,2469000,1
81.755,1,81752577175,2469000,1
81.7575,19,81755044175,2496006,0
81.7601,4,81757567181,2496006,0
81.7629,21,81760403187,2469000,1
81.7629,6,81760403187,2469000,1
81.7654,8,81762906187,2496006,0
81.7679,8,81765438193,2496006,0
81.7705,18,81767988199,2496006,0
81.773,4,81770511205,2496006,0
81.7755,8,81773034211,2469000,1
81.7755,18,81773034211,2469000,1
81.778,19,81775501211,2469000,1
81.778,4,81775501211,2469000,1
81.7805,4,81777970211,2496006,0
81.783,4,81780493217,2496006,0
81.7855,8,81783016223,2496006,0
81.788,2,81785548229,2496006,0
81.7905,23,81788080235,2469000,1
81.7905,21,81788080235,2469000,1
81.7934,1,81790860241,2496006,0
81.7959,17,81793383247,2469000,1
81.7983,4,81795850247,2496006,0
81.8009,1,81798373253,2496006,0
81.8034,4,81800914259,2496006,0
81.8059,8,81803437265,2496006,0
81.8085,10,81805969271,2496006,0
81.811,2,81808492277,2496006,0
81.8135,17,81811024283,2496006,0
81.816,20,81813547289,2496006,0
81.8186,10,81816070295,2496006,0
81.8211,10,81818602301,2496006,0
81.8236,17,81821125307,2469000,1
81.8236,2,81821125307,2469000,1
81.8236,8,81821125307,2469000,1
81.8236,19,81821125307,2469000,1
81.8261,20,81823601307,2469000,1
81.8261,1,81823601307,2469000,1
81.8286,18,81826068307,2496006,0
81.8311,4,81828600313,2496006,0
81.8336,2,81831132319,2496006,0
81.8362,15,81833655325,2496006,0
81.8386,8,81836178331,2469000,1
81.8386,1,81836178331,2469000,1
81.8411,2,81838645331,2496006,0
81.8436,9,81841177337,2469000,1
81.8436,10,81841177337,2469000,1
81.8461,18,81843653337,2496006,0
81.8487,4,81846194343,2469000,1
81.8487,15,81846194343,2469000,1
81.8511,23,81848661343,2469000,1
81.8511,7,81848661343,2469000,1
81.8536,2,81851128343,2496006,0
81.8561,17,81853660349,2469000,1
81.8561,2,81853660349,2469000,1
81.8586,6,81856127349,2496006,0
81.8612,16,81858668355,2496006,0
81.8665,6,81864027367,2469000,1
81.8665,21,81864027367,2469000,1
81.869,18,81866503367,2469000,1
81.869,15,81866503367,2469000,1
81.8715,20,81868970367,2496006,0
81.874,16,81871511373,2496006,0
81.8765,9,81874052379,2496006,0
81.8791,19,81876584385,2496006,0
81.8816,4,81879107391,2496006,0
81.8841,9,81881648397,2496006,0
81.8867,20,81884171403,2496006,0
81.8892,10,81886694409,2496006,0
81.8917,18,81889226415,2469000,1
81.8917,15,81889226415,2469000,1
81.8945,19,81892006421,2469000,1
81.8945,16,81892006421,2469000,1
81.897,3,81894473421,2496006,0
81.8995,19,81897005427,2496006,0
81.902,5,81899528433,2496006,0
81.9045,9,81902051439,2469000,1
81.9045,8,81902051439,2469000,1
81.907,2,81904518439,2469000,1
81.907,6,81904518439,2469000,1
81.9095,1,81906985439,2469000,1
81.9095,10,81906985439,2469000,1
81.9119,19,81909452439,2469000,1
81.9119,4,81909452439,2469000,1
81.9144,20,81911919439,2469000,1
81.9144,9,81911919439,2469000,1
81.9169,19,81914386439,2496006,0
81.9194,3,81916927445,2496006,0
81.922,16,81919468451,2496006,0
81.9245,9,81921991457,2496006,0
81.927,5,81924514463,2496006,0
81.9295,16,81927037469,2496006,0
81.9321,5,81929560475,2496006,0
81.9346,4,81932083481,2496006,0
81.9371,9,81934606487,2469000,1
81.9371,5,81934606487,2469000,1
81.9395,19,81937073487,2469000,1
81.9395,10,81937073487,2469000,1
81.942,17,81939540487,2469000,1
81.942,21,81939540487,2469000,1
81.9445,20,81942007487,2496006,0
81.947,3,81944530493,2496006,0
81.9521,7,81949576505,2496006,0
81.9546,3,81952099511,2496006,0
81.9571,1,81954622517,2496006,0
81.9596,21,81957145523,2496006,0
81.9621,20,81959668529,2469000,1
81.9621,7,81959668529,2469000,1
81.9646,16,81962135529,2469000,1
81.9646,5,81962135529,2469000,1
81.9674,14,81964915535,2469000,1
81.9674,7,81964915535,2469000,1
81.9699,4,81967382535,2496006,0
81.9724,1,81969905541,2496006,0
81.9749,21,81972446547,2469000,1
81.9749,7,81972446547,2469000,1
81.9774,1,81974922547,2469000,1
81.9774,19,81974922547,2469000,1
81.9799,3,81977389547,2496006,0
81.9824,16,81979939553,2496006,0
81.985,8,81982462559,2496006,0
81.9875,15,81984994565,2469000,1
81.9875,21,81984994565,2469000,1
81.9875,16,81984994565,2469000,1
81.9899,3,81987461565,2469000,1
81.9899,4,81987461565,2469000,1
81.9924,9,81989946565,2496006,0
81.995,4,81992469571,2496006,0
81.9978,10,81995314577,2469000,1
81.9978,1,81995314577,2469000,1
82.0003,20,81997781577,2469000,1
82.0003,21,81997781577,2469000,1
82.0003,9,81997781577,2469000,1
82.0027,1,82000248577,2469000,1
82.0027,21,82000250577,2469000,1
82.0052,18,82002717577,2496006,0
82.0077,8,82005240583,2496006,0
82.0103,4,82007781589,2496006,0
82.0128,18,82010304595,2496006,0
82.0153,17,82012827601,2469000,1
82.0153,20,82012827601,2469000,1
82.0178,8,82015294601,2496006,0
82.0203,6,82017817607,2469000,1
82.0203,4,82017817607,2469000,1
82.0228,2,82020284607,2496006,0
82.0253,2,82022834613,2496006,0
82.0279,18,82025384619,2496006,0
82.0304,16,82027907625,2469000,1
82.0304,10,82027907625,2469000,1
82.0304,9,82027907625,2469000,1
82.0329,3,82030374625,2496006,0
82.0354,8,82032897631,2496006,0
82.0379,23,82035420637,2496006,0
82.0404,4,82037943643,2496006,0
82.043,19,82040466649,2496006,0
82.0455,7,82042998655,2469000,1
82.0455,18,82042998655,2469000,1
82.0505,19,82047988661,2469000,1
82.0505,18,82047988661,2469000,1
82.0529,2,82050455661,2469000,1
82.0529,5,82050455661,2469000,1
82.0554,8,82052922661,2496006,0
82.058,1,82055454667,2496006,0
82.0605,3,82057977673,2496006,0
82.063,4,82060509679,2469000,1
82.063,20,82060509679,2469000,1
82.0655,23,82062985679,2496006,0
82.068,8,82065508685,2496006,0
82.0708,19,82068344691,2496006,0
82.0734,23,82070903697,2469000,1
82.0734,1,82070903697,2469000,1
82.0759,3,82073370697,2496006,0
82.0784,3,82075893703,2496006,0
82.0809,3,82078434709,2496006,0
82.0835,8,82080957715,2496006,0
82.086,19,82083480721,2496006,0
82.0885,2,82086003727,2496006,0
82.0911,4,82088571733,2496006,0
82.0936,19,82091112739,2469000,1
82.0936,3,82091112739,2469000,1
82.0961,8,82093579739,2496006,0
82.0989,4,82096424745,2496006,0
82.1014,2,82098947751,2469000,1
82.1014,3,82098947751,2469000,1
82.1039,1,82101414751,2496006,0
82.1065,4,82103955757,2496006,0
82.109,23,82106505763,2496006,0
82.1115,8,82109028769,2496006,0
82.114,4,82111551775,2496006,0
82.1166,8,82114074781,2496006,0
82.1191,4,82116597787,2496006,0
82.1216,1,82119120793,2469000,1
82.1216,16,82119120793,2469000,1
82.1216,18,82119120793,2469000,1
82.1241,9,82121587793,2469000,1
82.1241,19,82121587793,2469000,1
82.1265,13,82124054793,2469000,1
82.1265,5,82124054793,2469000,1
82.129,23,82126530793,2496006,0
82.1315,6,82129062799,2469000,1
82.1315,2,82129062799,2469000,1
82.134,12,82131538799,2469000,1
82.134,20,82131538799,2469000,1
82.1365,23,82134005799,2496006,0
82.139,4,82136528805,2469000,1
82.139,2,82136528805,2469000,1
82.1415,8,82139004805,2469000,1
82.1415,19,82139004805,2469000,1
82.144,23,82141489805,2469000,1
82.1464,12,82143974805,2469000,1
82.1464,8,82143974805,2469000,1
82.149,1,82146531805,2469000,1
82.149,8,82146531805,2469000,1
82.1515,17,82148998805,2496006,0
82.154,3,82151548811,2469000,1
82.154,12,82151548811,2469000,1
82.1565,17,82154015811,2496006,0
82.159,18,82156574817,2469000,1
82.159,4,82156574817,2469000,1
82.1616,23,82159068817,2496006,0
82.1641,17,82161618823,2496006,0
82.1666,11,82164141829,2469000,1
82.1666,17,82164141829,2469000,1
82.1691,23,82166617829,2496006,0
82.1717,12,82169203835,2496006,0
82.1745,12,82172039841,2496006,0
82.1771,23,82174571847,2496006,0
82.1796,17,82177103853,2496006,0
82.1821,21,82179635859,2496006,0
82.1847,23,82182176865,2496006,0
82.1872,16,82184708871,2496006,0
82.1897,2,82187231877,2496006,0
82.1923,12,82189754883,2496006,0
82.1948,23,82192304889,2496006,0
82.1973,17,82194827895,2496006,0
82.2027,21,82200186907,2496006,0
82.2052,2,82202709913,2496006,0
82.2077,16,82205232919,2496006,0
82.2102,17,82207755925,2469000,1
82.2102,12,82207755925,2469000,1
82.2127,2,82210222925,2496006,0
82.2153,19,82212772931,2496006,0
82.2178,21,82215313937,2469000,1
82.2178,4,82215313937,2469000,1
82.2178,23,82215313937,2469000,1
82.2203,2,82217789937,2469000,1
82.2203,1,82217789937,2469000,1
82.2227,16,82220256937,2469000,1
82.2227,23,82220256937,2469000,1
82.2252,3,82222723937,2469000,1
82.2252,21,82222723937,2469000,1
82.2277,23,82225235937,2496006,0
82.2302,12,82227758943,2469000,1
82.2302,19,82227758943,2469000,1
82.2327,2,82230234943,2496006,0
82.2353,15,82232802949,2469000,1
82.2353,5,82232802949,2469000,1
82.2378,17,82235305949,2469000,1
82.2378,23,82235305949,2469000,1
82.2403,16,82237790949,2469000,1
82.2403,2,82237790949,2469000,1
82.2427,2,82240259949,2469000,1
82.2453,9,82242789949,2496006,0
82.2478,7,82245321955,2469000,1
82.2478,19,82245321955,2469000,1
82.2503,23,82247842955,2496006,0
82.2529,9,82250410961,2496006,0
82.2555,8,82252969967,2496006,0
82.258,16,82255501973,2496006,0
82.2605,2,82258033979,2496006,0
82.263,23,82260556985,2469000,1
82.2655,21,82263032985,2496006,0
82.2681,12,82265555991,2496006,0
82.2705,16,82268078997,2469000,1
82.2705,8,82268078997,2469000,1
82.2705,19,82268078997,2469000,1
82.273,2,82270545997,2496006,0
82.2759,9,82273382003,2469000,1
82.2759,2,82273382003,2469000,1
82.2784,10,82275885003,2496006,0
82.2809,17,82278426009,2496006,0
82.2834,2,82280949015,2496006,0
82.2859,21,82283472021,2469000,1
82.2859,12,82283472021,2469000,1
82.2859,2,82283472021,2469000,1
82.2884,16,82285939021,2496006,0
82.2935,17,82291003033,2469000,1
82.2935,5,82291003033,2469000,1
82.2935,21,82291003033,2469000,1
82.296,9,82293479033,2496006,0
82.2985,17,82296011039,2496006,0
82.301,16,82298534045,2469000,1
82.301,9,82298534045,2469000,1
82.3038,1,82301314051,2469000,1
82.3038,23,82301314051,2469000,1
82.3038,10,82301314051,2469000,1
82.3063,4,82303799051,2496006,0
82.3088,8,82306349057,2496006,0
82.3114,17,82308872063,2496006,0
82.3139,20,82311413069,2469000,1
82.3139,2,82311413069,2469000,1
82.3164,21,82313889069,2469000,1
82.3164,9,82313889069,2469000,1
82.3188,17,82316374069,2469000,1
82.3213,8,82318841069,2496006,0
82.3238,4,82321364075,2469000,1
82.3238,9,82321364075,2469000,1
82.3263,12,82323831075,2496006,0
82.3289,18,82326363081,2496006,0
82.3314,8,82328904087,2496006,0
82.3339,10,82331436093,2496006,0
82.3365,10,82333959099,2496006,0
82.339,8,82336500105,2496006,0
82.3415,16,82339023111,2496006,0
82.3441,12,82341564117,2496006,0
82.3466,18,82344096123,2496006,0
82.3491,16,82346619129,2496006,0
82.3516,1,82349151135,2496006,0
82.3567,18,82354197147,2469000,1
82.3567,10,82354197147,2469000,1
82.3592,8,82356673147,2496006,0
82.3617,1,82359196153,2496006,0
82.3642,17,82361728159,2469000,1
82.3642,18,82361728159,2469000,1
82.3667,2,82364195159,2496006,0
82.3692,4,82366718165,2496006,0
82.3717,12,82369241171,2496006,0
82.3743,4,82371773177,2496006,0
82.3771,8,82374618183,2469000,1
82.3771,16,82374618183,2469000,1
82.3796,12,82377085183,2496006,0
82.3821,10,82379608189,2496006,0
82.3846,1,82382131195,2469000,1
82.3846,8,82382131195,2469000,1
82.3871,10,82384598195,2469000,1
82.3871,1,82384600195,2469000,1
82.3896,4,82387076195,2496006,0
82.3921,18,82389599201,2496006,0
82.3946,10,82392131207,2469000,1
82.3946,4,82392131207,2469000,1
82.3971,2,82394598207,2496006,0
82.3996,23,82397121213,2496006,0
82.4022,19,82399662219,2496006,0
82.4075,12,82405021231,2469000,1
82.4075,19,82405021231,2469000,1
82.41,2,82407497231,2496006,0
82.4125,23,82410020237,2469000,1
82.4125,18,82410020237,2469000,1
82.415,23,82412496237,2496006,0
82.4175,2,82415019243,2496006,0
82.42,4,82417551249,2496006,0
82.4226,23,82420074255,2496006,0
82.4251,6,82422624261,2469000,1
82.4251,16,82422624261,2469000,1
82.4276,2,82425100261,2496006,0
82.4301,12,82427632267,2496006,0
82.4327,23,82430173273,2496006,0
82.4352,4,82432723279,2496006,0
82.4377,23,82435246285,2496006,0
82.4402,17,82437769291,2469000,1
82.4402,18,82437769291,2469000,1
82.4427,12,82440236291,2469000,1
82.4427,2,82440236291,2469000,1
82.4427,16,82440236291,2469000,1
82.4452,19,82442712291,2496006,0
82.4477,23,82445262297,2469000,1
82.4477,17,82445262297,2469000,1
82.4502,10,82447747297,2469000,1
82.4527,21,82450214297,2496006,0
82.4552,8,82452737303,2496006,0
82.4578,4,82455260309,2496006,0
82.4603,1,82457783315,2469000,1
82.4603,2,82457783315,2469000,1
82.4627,18,82460268315,2469000,1
82.4627,19,82460268315,2469000,1
82.4652,19,82462737315,2496006,0
82.4678,22,82465260321,2496006,0
82.4703,9,82467783327,2496006,0
82.4728,12,82470306333,2496006,0
82.4753,8,82472829339,2496006,0
82.4778,3,82475352345,2496006,0
82.4807,21,82478197351,2496006,0
82.4832,10,82480720357,2496006,0
82.4857,9,82483243363,2469000,1
82.4857,22,82483243363,2469000,1
82.4857,21,82483243363,2469000,1
82.4882,4,82485710363,2469000,1
82.4882,1,82485710363,2469000,1
82.4907,19,82488186363,2469000,1
82.4907,20,82488186363,2469000,1
82.4907,2,82488186363,2469000,1
82.4931,9,82490662363,2469000,1
82.4931,4,82490662363,2469000,1
82.4956,12,82493138363,2469000,1
82.4956,9,82493138363,2469000,1
82.4981,3,82495605363,2496006,0
82.5006,10,82498128369,2496006,0
82.5031,8,82500651375,2496006,0
82.5057,23,82503174381,2496006,0
82.5085,3,82506010387,2496006,0
82.511,12,82508542393,2496006,0
82.5136,23,82511074399,2496006,0
82.5161,23,82513597405,2469000,1
82.5186,3,82516064405,2496006,0
82.5211,9,82518587411,2496006,0
82.5236,10,82521110417,2496006,0
82.5261,8,82523633423,2496006,0
82.5287,22,82526174429,2496006,0
82.5312,19,82528697435,2469000,1
82.5312,8,82528697435,2469000,1
82.5337,4,82531173435,2496006,0
82.5362,12,82533705441,2496006,0
82.5387,19,82536228447,2496006,0
82.5412,21,82538751453,2496006,0
82.5438,3,82541274459,2496006,0
82.5463,23,82543797465,2469000,1
82.5463,10,82543797465,2469000,1
82.5487,1,82546264465,2469000,1
82.5487,19,82546264465,2469000,1
82.5512,13,82548731465,2469000,1
82.5512,9,82548731465,2469000,1
82.5537,4,82551198465,2496006,0
82.5562,21,82553730471,2469000,1
82.5562,22,82553730471,2469000,1
82.5587,21,82556199471,2469000,1
82.5587,22,82556199471,2469000,1
82.5612,3,82558666471,2496006,0
82.5637,4,82561198477,2469000,1
82.5637,12,82561198477,2469000,1
82.5662,3,82563674477,2496006,0
82.5687,8,82566197483,2469000,1
82.5687,3,82566197483,2469000,1
82.5712,7,82568664483,2496006,0
82.5737,10,82571196489,2496006,0
82.5762,16,82573719495,2469000,1
82.5762,4,82573719495,2469000,1
82.5787,2,82576186495,2496006,0
82.5812,19,82578727501,2496006,0
82.5841,7,82581572507,2496006,0
82.5866,9,82584095513,2469000,1
82.5866,10,82584095513,2469000,1
82.5891,9,82586564513,2496006,0
82.5916,2,82589087519,2469000,1
82.5916,12,82589087519,2469000,1
82.5916,10,82589087519,2469000,1
82.5941,19,82591563519,2496006,0
82.5966,22,82594086525,2496006,0
82.5991,9,82596609531,2469000,1
82.5991,22,82596609531,2469000,1
82.6041,21,82601617537,2496006,0
82.6067,7,82604176543,2496006,0
82.6092,8,82606699549,2496006,0
82.612,21,82609544555,2469000,1
82.612,6,82609544555,2469000,1
82.6145,19,82612011555,2496006,0
82.617,18,82614534561,2469000,1
82.617,3,82614534561,2469000,1
82.6195,8,82617019561,2469000,1
82.6195,2,82617019561,2469000,1
82.6195,22,82617019561,2469000,1
82.622,4,82619495561,2496006,0
82.6245,7,82622018567,2496006,0
82.627,15,82624541573,2496006,0
82.6295,23,82627064579,2469000,1
82.6295,7,82627064579,2469000,1
82.6295,15,82627064579,2469000,1
82.6321,9,82629558579,2496006,0
82.6346,21,82632081585,2496006,0
82.6371,19,82634604591,2496006,0
82.6396,4,82637145597,2469000,1
82.6396,8,82637145597,2469000,1
82.6421,22,82639612597,2496006,0
82.6446,12,82642162603,2469000,1
82.6446,4,82642162603,2469000,1
82.6471,19,82644629603,2496006,0
82.6496,21,82647161609,2469000,1
82.6496,9,82647161609,2469000,1
82.6522,19,82649664609,2496006,0
82.6547,22,82652187615,2496006,0
82.6572,21,82654710621,2496006,0
82.6597,7,82657233627,2469000,1
82.6597,15,82657233627,2469000,1
82.6622,19,82659709627,2469000,1
82.6622,10,82659709627,2469000,1
82.6622,7,82659709627,2469000,1
82.6647,22,82662194627,2496006,0
82.6672,2,82664717633,2469000,1
82.6672,22,82664717633,2469000,1
82.6697,9,82667193633,2469000,1
82.6697,2,82667193633,2469000,1
82.6721,4,82669660633,2469000,1
82.6721,22,82669660633,2469000,1
82.6746,8,82672127633,2496006,0
82.6771,22,82674650639,2496006,0
82.6796,21,82677173645,2469000,1
82.6821,9,82679649645,2496006,0
82.685,22,82682494651,2469000,1
82.685,19,82682494651,2469000,1
82.6875,8,82684988651,2496006,0
82.69,9,82687511657,2469000,1
82.69,8,82687511657,2469000,1
82.6925,15,82689987657,2496006,0
82.695,3,82692519663,2496006,0
82.6975,8,82695042669,2496006,0
82.7,12,82697565675,2469000,1
82.7,15,82697565675,2469000,1
82.7025,3,82700041675,2496006,0
82.7051,9,82702609681,2496006,0
82.7076,22,82705141687,2496006,0
82.7102,21,82707673693,2496006,0
82.7127,8,82710196699,2496006,0
82.7155,3,82713050705,2496006,0
82.7181,15,82715582711,2496006,0
82.7206,8,82718105717,2496006,0
82.7231,21,82720637723,2469000,1
82.7231,23,82720637723,2469000,1
82.7256,22,82723104723,2496006,0
82.7281,9,82725636729,2496006,0
82.7307,3,82728159735,2496006,0
82.7332,22,82730691741,2469000,1
82.7332,15,82730691741,2469000,1
82.7357,5,82733176741,2496006,0
82.7382,8,82735708747,2469000,1
82.7382,5,82735708747,2469000,1
82.7407,22,82738175747,2496006,0
82.7432,23,82740707753,2469000,1
82.7432,3,82740707753,2469000,1
82.7432,8,82740707753,2469000,1
82.7457,22,82743174753,2496006,0
82.7482,19,82745697759,2496006,0
82.7507,9,82748220765,2496006,0
82.7532,3,82750743771,2469000,1
82.7557,17,82753219771,2496006,0
82.7583,17,82755778777,2496006,0
82.7608,19,82758301783,2469000,1
82.7608,9,82758301783,2469000,1
82.7633,22,82760777783,2496006,0
82.7658,7,82763318789,2469000,1
82.7658,21,82763318789,2469000,1
82.7658,15,82763318789,2469000,1
82.7683,10,82765794789,2469000,1
82.7683,17,82765794789,2469000,1
82.7708,15,82768279789,2496006,0
82.7733,15,82770811795,2496006,0
82.7758,19,82773334801,2496006,0
82.7784,9,82775857807,2496006,0
82.7809,5,82778380813,2496006,0
82.7834,19,82780903819,2496006,0
82.7859,22,82783426825,2496006,0
82.7887,4,82786271831,2469000,1
82.7887,5,82786271831,2469000,1
82.7912,9,82788738831,2496006,0
82.7938,10,82791261837,2496006,0
82.7963,5,82793784843,2496006,0
82.7988,19,82796307849,2496006,0
82.8013,15,82798830855,2496006,0
82.8038,22,82801353861,2496006,0
82.8064,22,82803894867,2496006,0
82.8089,5,82806417873,2496006,0
82.8114,9,82808958879,2469000,1
82.8114,17,82808958879,2469000,1
82.8139,22,82811443879,2469000,1
82.8139,15,82811443879,2469000,1
82.8167,10,82814223885,2469000,1
82.8167,19,82814223885,2469000,1
82.8192,5,82816708885,2496006,0
82.8243,10,82821781897,2496006,0
82.8268,22,82824331903,2496006,0
82.8293,5,82826854909,2469000,1
82.8293,8,82826854909,2469000,1
82.8293,9,82826854909,2469000,1
82.8318,5,82829323909,2496006,0
82.8344,3,82831855915,2496006,0
82.8369,4,82834387921,2496006,0
82.8394,19,82836910927,2496006,0
82.8419,7,82839442933,2496006,0
82.8444,22,82841965939,2469000,1
82.8444,8,82841965939,2469000,1
82.8444,7,82841965939,2469000,1
82.8469,10,82844432939,2496006,0
82.8495,7,82846955945,2496006,0
82.852,8,82849478951,2496006,0
82.8545,4,82852001957,2469000,1
82.8545,3,82852001957,2469000,1
82.8545,15,82852001957,2469000,1
82.8569,5,82854468957,2469000,1
82.8569,10,82854468957,2469000,1
82.8594,19,82856935957,2496006,0
82.862,21,82859458963,2496006,0
82.8645,16,82861981969,2469000,1
82.8645,10,82861981969,2469000,1
82.867,18,82864475969,2496006,0
82.8695,19,82866998975,2496006,0
82.872,21,82869521981,2469000,1
82.872,12,82869521981,2469000,1
82.872,18,82869521981,2469000,1
82.872,19,82869521981,2469000,1
82.8745,7,82871988981,2496006,0
82.877,8,82874529987,2496006,0
82.8795,17,82877061993,2469000,1
82.8795,19,82877061993,2469000,1
82.882,7,82879528993,2469000,1
82.882,3,82879528993,2469000,1
82.882,17,82879530993,2469000,1
82.8845,21,82881997993,2496006,0
82.887,5,82884520999,2496006,0
82.8899,3,82887357005,2496006,0
82.8924,5,82889889011,2496006,0
82.8949,3,82892412017,2496006,0
82.8974,11,82894935023,2496006,0
82.9,8,82897458029,2496006,0
82.9025,21,82899999035,2469000,1
82.9025,22,82899999035,2469000,1
82.9025,8,82899999035,2469000,1
82.9075,11,82904989041,2469000,1
82.9075,3,82904989041,2469000,1
82.9075,18,82904989041,2469000,1
82.91,4,82907456041,2496006,0
82.9125,10,82909988047,2496006,0
82.915,5,82912520053,2496006,0
82.9176,4,82915070059,2496006,0
82.9204,9,82917906065,2496006,0
82.9229,21,82920429071,2496006,0
82.9255,5,82922961077,2496006,0
82.928,4,82925493083,2496006,0
82.9305,7,82928016089,2469000,1
82.9305,3,82928016089,2469000,1
82.933,10,82930501089,2496006,0
82.9355,5,82933033095,2469000,1
82.9355,10,82933033095,2469000,1
82.938,9,82935500095,2496006,0
82.9405,11,82938032101,2496006,0
82.943,8,82940555107,2469000,1
82.943,21,82940555107,2469000,1
82.9455,8,82943024107,2496006,0
82.948,19,82945547113,2469000,1
82.948,8,82945547113,2469000,1
82.9505,11,82948023113,2469000,1
82.9505,9,82948023113,2469000,1
82.9505,4,82948023113,2469000,1
82.953,15,82950499113,2496006,0
82.9555,10,82953022119,2469000,1
82.9555,9,82953022119,2469000,1
82.958,18,82955525119,2469000,1
82.958,8,82955525119,2469000,1
82.9605,21,82957992119,2496006,0
82.963,21,82960524125,2496006,0
82.9656,15,82963056131,2496006,0
82.9681,22,82965588137,2496006,0
82.9706,21,82968120143,2496006,0
82.9731,22,82970652149,2496006,0
82.9757,21,82973193155,2469000,1
82.9757,11,82973193155,2469000,1
82.9782,5,82975660155,2496006,0
82.9807,15,82978192161,2469000,1
82.9807,3,82978192161,2469000,1
82.9857,5,82983191167,2496006,0
82.9882,4,82985741173,2469000,1
82.9882,22,82985741173,2469000,1
82.9907,8,82988235173,2496006,0
82.9935,7,82991080179,2469000,1
82.9935,22,82991080179,2469000,1
82.9961,5,82993556179,2496006,0
82.9986,15,82996088185,2496006,0
83.0011,10,82998620191,2496006,0
83.0036,8,83001143197,2469000,1
83.0036,10,83001143197,2469000,1
83.0061,21,83003610197,2469000,1
83.0061,8,83003612197,2469000,1
83.0086,11,83006088197,2496006,0
83.0111,17,83008620203,2496006,0
83.0136,5,83011152209,2496006,0
83.0162,15,83013684215,2469000,1
83.0162,2,83013684215,2469000,1
83.0186,16,83016151215,2496006,0
83.0215,9,83018987221,2496006,0
83.024,16,83021510227,2496006,0
83.0265,17,83024069233,2469000,1
83.0265,11,83024069233,2469000,1
83.029,5,83026536233,2496006,0
83.0316,5,83029059239,2496006,0
83.0341,10,83031582245,2469000,1
83.0341,15,83031582245,2469000,1
83.0365,9,83034049245,2496006,0
83.0391,16,83036581251,2469000,1
83.0391,9,83036581251,2469000,1
83.0416,9,83039057251,2496006,0
83.0441,17,83041580257,2496006,0
83.0466,5,83044121263,2496006,0
83.0491,9,83046644269,2469000,1
83.0491,11,83046644269,2469000,1
83.0516,4,83049111269,2469000,1
83.0516,8,83049111269,2469000,1
83.0541,21,83051578269,2496006,0
83.0566,5,83054119275,2469000,1
83.0566,17,83054119275,2469000,1
83.0616,10,83059118281,2496006,0
83.0641,10,83061641287,2496006,0
83.0667,21,83064164293,2496006,0
83.0692,5,83066687299,2496006,0
83.0717,17,83069228305,2496006,0
83.0742,5,83071760311,2469000,1
83.0742,22,83071760311,2469000,1
83.0742,11,83071760311,2469000,1
83.0767,19,83074227311,2496006,0
83.0792,10,83076750317,2496006,0
83.0818,16,83079282323,2496006,0
83.0843,21,83081805329,2469000,1
83.0843,9,83081805329,2469000,1
83.0868,10,83084272329,2496006,0
83.0893,19,83086804335,2469000,1
83.0893,22,83086804335,2469000,1
83.0918,21,83089280335,2496006,0
83.0946,5,83092125341,2496006,0
83.0971,10,83094648347,2469000,1
83.0971,3,83094648347,2469000,1
83.0971,16,83094648347,2469000,1
83.0996,15,83097115347,2469000,1
83.0996,17,83097115347,2469000,1
83.0996,5,83097115347,2469000,1
83.1021,21,83099654347,2469000,1
83.1021,17,83099654347,2469000,1
83.1046,23,83102139347,2496006,0
83.1072,23,83104671353,2496006,0
83.1097,5,83107203359,2496006,0
83.1122,16,83109735365,2496006,0
83.1147,18,83112267371,2469000,1
83.1147,15,83112267371,2469000,1
83.1172,10,83114734371,2496006,0
83.1198,19,83117284377,2496006,0
83.1223,16,83119807383,2469000,1
83.1223,21,83119807383,2469000,1
83.1251,10,83122587389,2469000,1
83.1251,23,83122587389,2469000,1
83.1275,5,83125054389,2469000,1
83.13,19,83127548389,2469000,1
83.13,7,83127548389,2469000,1
83.1325,5,83130015389,2469000,1
83.1325,19,83130017389,2469000,1
83.135,17,83132484389,2496006,0
83.1375,21,83135025395,2496006,0
83.14,23,83137548401,2469000,1
83.14,17,83137548401,2469000,1
83.1425,9,83140033401,2496006,0
83.1451,10,83142556407,2496006,0
83.1476,8,83145088413,2496006,0
83.1501,4,83147620419,2469000,1
83.1501,21,83147620419,2469000,1
83.1526,19,83150087419,2496006,0
83.1551,9,83152619425,2496006,0
83.1576,9,83155142431,2496006,0
83.1601,15,83157665437,2469000,1
83.1601,16,83157665437,2469000,1
83.1626,7,83160141437,2496006,0
83.1651,8,83162664443,2469000,1
83.1651,9,83162664443,2469000,1
83.1676,8,83165140443,2496006,0
83.1702,10,83167663449,2496006,0
83.1727,7,83170195455,2496006,0
83.1752,9,83172727461,2496006,0
83.1777,17,83175250467,2469000,1
83.1777,21,83175250467,2469000,1
83.1802,19,83177717467,2496006,0
83.1827,9,83180249473,2496006,0
83.1853,8,83182772479,2496006,0
83.1878,23,83185295485,2469000,1
83.1878,16,83185295485,2469000,1
83.1903,7,83187771485,2496006,0
83.1928,10,83190294491,2496006,0
83.1953,5,83192826497,2469000,1
83.1953,21,83192826497,2469000,1
83.1981,16,83195606503,2496006,0
83.2006,7,83198138509,2469000,1
83.2006,1,83198138509,2469000,1
83.2056,9,83203128515,2469000,1
83.2056,19,83203128515,2469000,1
83.2081,11,83205622515,2469000,1
83.2081,8,83205622515,2469000,1
83.2106,10,83208089515,2469000,1
83.2106,16,83208089515,2469000,1
83.2131,7,83210574515,2496006,0
83.2156,8,83213115521,2496006,0
83.2181,7,83215638527,2496006,0
83.2207,8,83218161533,2496006,0
83.2232,9,83220684539,2496006,0
83.226,19,83223520545,2496006,0
83.2285,3,83226043551,2496006,0
83.231,9,83228566557,2469000,1
83.231,3,83228566557,2469000,1
83.2335,7,83231042557,2496006,0
83.2361,7,83233565563,2496006,0
83.2386,17,83236088569,2496006,0
83.2411,17,83238611575,2496006,0
83.2436,10,83241134581,2496006,0
83.2462,8,83243657587,2496006,0
83.2487,10,83246189593,2496006,0
83.2512,16,83248712599,2496006,0
83.2537,19,83251235605,2496006,0
83.2562,7,83253776611,2469000,1
83.2562,23,83253776611,2469000,1
83.2562,3,83253776611,2469000,1
83.2587,8,83256252611,2469000,1
83.2587,17,83256252611,2469000,1
83.2612,8,83258728611,2496006,0
83.2637,19,83261269617,2469000,1
83.2637,8,83261269617,2469000,1
83.2662,10,83263754617,2469000,1
83.2662,17,83263754617,2469000,1
83.2687,14,83266221617,2469000,1
83.2687,16,83266221617,2469000,1
83.2712,19,83268697617,2496006,0
83.2737,8,83271238623,2496006,0
83.2762,7,83273761629,2469000,1
83.2762,8,83273761629,2469000,1
83.2787,19,83276228629,2469000,1
83.2787,9,83276228629,2469000,1
83.2812,16,83278704629,2469000,1
83.2837,16,83281189629,2496006,0
83.2862,8,83283712635,2496006,0
83.2887,14,83286244641,2496006,0
83.2912,10,83288767647,2469000,1
83.2912,14,83288767647,2469000,1
83.2938,21,83291270647,2496006,0
83.2963,7,83293793653,2469000,1
83.2963,21,83293793653,2469000,1
83.2991,8,83296573659,2496006,0
83.3016,16,83299096665,2496006,0
83.3041,21,83301619671,2469000,1
83.3041,8,83301619671,2469000,1
83.3066,16,83304131671,2469000,1
83.3066,8,83304131671,2469000,1
83.3091,21,83306607671,2496006,0
83.3116,2,83309130677,2469000,1
83.3116,19,83309130677,2469000,1
83.3141,9,83311633677,2496006,0
83.3167,9,83314165683,2496006,0
83.3192,16,83316688689,2496006,0
83.3217,16,83319220695,2496006,0
83.3242,14,83321743701,2496006,0
83.3268,21,83324275707,2496006,0
83.3296,10,83327138713,2496006,0
83.3322,17,83329661719,2496006,0
83.3347,3,83332184725,2496006,0
83.3372,16,83334707731,2496006,0
83.3397,9,83337230737,2469000,1
83.3397,17,83337230737,2469000,1
83.3422,14,83339697737,2496006,0
83.3447,3,83342220743,2496006,0
83.3472,5,83344743749,2469000,1
83.3472,9,83344743749,2469000,1
83.3497,21,83347210749,2469000,1
83.3497,14,83347210749,2469000,1
83.3547,14,83352227755,2496006,0
83.3572,16,83354750761,2496006,0
83.3598,10,83357273767,2496006,0
83.3623,16,83359796773,2496006,0
83.3648,3,83362319779,2469000,1
83.3648,10,83362319779,2469000,1
83.3673,17,83364795779,2496006,0
83.3698,14,83367354785,2469000,1
83.3698,12,83367354785,2469000,1
83.3723,22,83369830785,2469000,1
83.3723,8,83369830785,2469000,1
83.3748,16,83372306785,2496006,0
83.3773,16,83374829791,2496006,0
83.3799,21,83377361797,2496006,0
83.3824,17,83379911803,2496006,0
83.3849,21,83382443809,2496006,0
83.3875,3,83384966815,2496006,0
83.39,11,83387498821,2469000,1
83.39,10,83387498821,2469000,1
83.3924,16,83389974821,2469000,1
83.3924,10,83389974821,2469000,1
83.3949,21,83392459821,2469000,1
83.3949,19,83392459821,2469000,1
83.3975,17,83394971821,2496006,0
83.4,3,83397494827,2496006,0
83.4028,17,83400330833,2496006,0
83.4054,14,83402862839,2496006,0
83.4079,9,83405421845,2496006,0
83.413,14,83410467857,2496006,0
83.4155,3,83413008863,2496006,0
83.418,18,83415558869,2469000,1
83.418,16,83415558869,2469000,1
83.418,17,83415558869,2469000,1
83.4205,3,83418034869,2496006,0
83.4231,9,83420566875,2496006,0
83.4256,21,83423089881,2496006,0
83.4281,14,83425630887,2496006,0
83.431,9,83428484893,2469000,1
83.431,3,83428484893,2469000,1
83.4335,21,83430969893,2496006,0
83.436,8,83433492899,2496006,0
83.4385,21,83436024905,2496006,0
83.441,7,83438556911,2469000,1
83.441,14,83438556911,2469000,1
83.4435,8,83441023911,2496006,0
83.446,17,83443546917,2496006,0
83.4486,10,83446087923,2496006,0
83.4511,4,83448619929,2496006,0
83.4536,21,83451142935,2496006,0
83.4562,17,83453710941,2496006,0
83.4612,4,83458756953,2469000,1
83.4612,16,83458756953,2469000,1
83.4612,8,83458756953,2469000,1
83.4637,10,83461250953,2496006,0
83.4663,3,83463773959,2496006,0
83.4688,9,83466305965,2496006,0
83.4713,21,83468828971,2496006,0
83.4738,17,83471360977,2469000,1
83.4738,9,83471360977,2469000,1
83.4763,16,83473827977,2496006,0
83.4788,14,83476350983,2496006,0
83.4814,4,83478873989,2496006,0
83.4839,8,83481405995,2469000,1
83.4839,16,83481405995,2469000,1
83.4839,4,83481405995,2469000,1
83.4864,10,83483890995,2496006,0
83.4889,14,83486414001,2469000,1
83.4889,3,83486414001,2469000,1
83.4914,21,83488890001,2469000,1
83.4914,14,83488890001,2469000,1
83.4939,17,83491393001,2469000,1
83.4939,21,83491393001,2469000,1
83.4964,4,83493878001,2496006,0
83.4989,10,83496428007,2496006,0
83.5014,16,83498951013,2496006,0
83.5043,19,83501787019,2469000,1
83.5067,4,83504254019,2469000,1
83.5067,23,83504254019,2469000,1
83.5092,8,83506739019,2496006,0
83.5117,9,83509262025,2469000,1
83.5117,8,83509262025,2469000,1
83.5142,10,83511729025,2469000,1
83.5142,17,83511729025,2469000,1
83.5167,3,83514196025,2496006,0
83.5192,20,83516728031,2496006,0
83.5218,16,83519269037,2496006,0
83.5243,16,83521828043,2496006,0
83.5268,9,83524351049,2496006,0
83.5294,16,83526883055,2496006,0
83.5319,20,83529406061,2496006,0
83.5347,3,83532242067,2496006,0
83.5373,8,83534792073,2496006,0
83.5398,3,83537342079,2469000,1
83.5398,4,83537342079,2469000,1
83.5423,9,83539809079,2469000,1
83.5423,14,83539809079,2469000,1
83.5448,16,83542276079,2496006,0
83.5473,20,83544799085,2496006,0
83.5498,20,83547322091,2469000,1
83.5523,10,83549789091,2496006,0
83.5548,13,83552321097,2496006,0
83.5574,16,83554871103,2496006,0
83.5599,17,83557394109,2469000,1
83.5599,8,83557394109,2469000,1
83.5624,10,83559861109,2496006,0
83.5649,21,83562384115,2496006,0
83.5674,21,83564907121,2496006,0
83.5699,10,83567430127,2496006,0
83.5725,20,83569962133,2496006,0
83.575,21,83572485139,2496006,0
83.5775,13,83575017145,2496006,0
83.58,3,83577540151,2469000,1
83.58,9,83577540151,2469000,1
83.58,8,83577540151,2469000,1
83.5825,16,83580007151,2469000,1
83.5825,13,83580007151,2469000,1
83.585,10,83582474151,2496006,0
83.5875,15,83584997157,2496006,0
83.5901,21,83587556163,2496006,0
83.5926,20,83590097169,2496006,0
83.5951,15,83592647175,2496006,0
83.5976,13,83595170181,2469000,1
83.5976,10,83595170181,2469000,1
83.6001,20,83597637181,2469000,1
83.6001,21,83597637181,2469000,1
83.6026,16,83600104181,2496006,0
83.6051,3,83602636187,2496006,0
83.6105,10,83608004199,2496006,0
83.613,10,83610527205,2496006,0
83.6155,20,83613050211,2496006,0
83.618,16,83615573217,2469000,1
83.618,7,83615573217,2469000,1
83.618,15,83615573217,2469000,1
83.6205,5,83618040217,2496006,0
83.6231,4,83620581223,2496006,0
83.6256,21,83623104229,2496006,0
83.6281,20,83625627235,2496006,0
83.6306,3,83628150241,2496006,0
83.6332,21,83630700247,2469000,1
83.6332,5,83630700247,2469000,1
83.636,10,83633498253,2469000,1
83.636,15,83633498253,2469000,1
83.6385,23,83635965253,2496006,0
83.641,20,83638488259,2469000,1
83.641,4,83638488259,2469000,1
83.641,10,83638488259,2469000,1
83.6435,3,83640955259,2496006,0
83.646,16,83643505265,2469000,1
83.646,15,83643505265,2469000,1
83.6485,23,83645981265,2496006,0
83.651,3,83648522271,2496006,0
83.6535,5,83651045277,2469000,1
83.6535,20,83651045277,2469000,1
83.656,21,83653530277,2469000,1
83.656,3,83653530277,2469000,1
83.661,9,83658520283,2469000,1
83.661,8,83658520283,2469000,1
83.6635,20,83661023283,2496006,0
83.666,23,83663546289,2496006,0
83.6685,4,83666069295,2469000,1
83.6685,10,83666069295,2469000,1
83.671,20,83668536295,2496006,0
83.6736,13,83671095301,2496006,0
83.6761,5,83673618307,2469000,1
83.6761,23,83673618307,2469000,1
83.6786,13,83676103307,2496006,0
83.6811,20,83678635313,2469000,1
83.6811,23,83678635313,2469000,1
83.6836,13,83681120313,2496006,0
83.6861,3,83683643319,2469000,1
83.6861,13,83683643319,2469000,1
83.6886,11,83686110319,2496006,0
83.6911,3,83688633325,2496006,0
83.6937,14,83691183331,2469000,1
83.6937,4,83691183331,2469000,1
83.6962,3,83693659331,2496006,0
83.6987,8,83696182337,2496006,0
83.7012,16,83698705343,2496006,0
83.7037,13,83701237349,2496006,0
83.7091,11,83706605361,2496006,0
83.7116,18,83709137367,2496006,0
83.7142,3,83711660373,2496006,0
83.7167,23,83714183379,2496006,0
83.7192,8,83716706385,2496006,0
83.7217,13,83719238391,2496006,0
83.7243,20,83721761397,2496006,0
83.7268,16,83724284403,2496006,0
83.7293,11,83726807409,2469000,1
83.7293,13,83726807409,2469000,1
83.7318,18,83729274409,2496006,0
83.7343,15,83731815415,2496006,0
83.7368,23,83734338421,2469000,1
83.7368,3,83734338421,2469000,1
83.7396,20,83737136427,2469000,1
83.7396,16,83737136427,2469000,1
83.7421,8,83739621427,2496006,0
83.7446,11,83742144433,2496006,0
83.7471,18,83744676439,2469000,1
83.7471,21,83744676439,2469000,1
83.7497,8,83747188439,2469000,1
83.7497,4,83747188439,2469000,1
83.7497,15,83747188439,2469000,1
83.7522,8,83749657439,2496006,0
83.7547,16,83752189445,2496006,0
83.7572,13,83754712451,2469000,1
83.7572,11,83754712451,2469000,1
83.7597,10,83757188451,2496006,0
83.7622,23,83759711457,2496006,0
83.7647,5,83762234463,2496006,0
83.7672,3,83764757469,2469000,1
83.7672,11,83764757469,2469000,1
83.7697,20,83767233469,2496006,0
83.7723,5,83769783475,2496006,0
83.7748,8,83772315481,2496006,0
83.7773,16,83774847487,2496006,0
83.7799,18,83777370493,2496006,0
83.7824,15,83779902499,2469000,1
83.7824,10,83779902499,2469000,1
83.7824,23,83779902499,2469000,1
83.7849,8,83782369499,2496006,0
83.7874,18,83784892505,2496006,0
83.7899,20,83787415511,2496006,0
83.7924,18,83789938517,2496006,0
83.7949,9,83792461523,2469000,1
83.7949,23,83792461523,2469000,1
83.7974,5,83794928523,2469000,1
83.7974,18,83794928523,2469000,1
83.7999,16,83797395523,2496006,0
83.8024,8,83799918529,2469000,1
83.8024,10,83799918529,2469000,1
83.8049,16,83802394529,2496006,0
83.8074,20,83804917535,2496006,0
83.81,20,83807458541,2496006,0
83.8128,11,83810294547,2496006,0
83.8153,16,83812826553,2496006,0
83.8178,20,83815358559,2469000,1
83.8203,13,83817852559,2469000,1
83.8203,3,83817852559,2469000,1
83.8228,18,83820337559,2496006,0
83.8253,11,83822860565,2469000,1
83.8253,15,83822860565,2469000,1
83.8253,16,83822860565,2469000,1
83.8278,8,83825336565,2496006,0
83.8304,17,83827904571,2496006,0
83.8329,23,83830427577,2496006,0
83.8354,5,83832950583,2469000,1
83.8354,18,83832950583,2469000,1
83.8379,19,83835426583,2469000,1
83.8379,20,83835426583,2469000,1
83.8379,23,83835426583,2469000,1
83.8407,17,83838224589,2496006,0
83.8432,11,83840747595,2496006,0
83.8458,8,83843270601,2496006,0
83.8483,8,83845793607,2496006,0
83.8508,17,83848316613,2496006,0
83.8533,22,83850839619,2496006,0
83.8559,22,83853389625,2496006,0
83.8584,10,83855912631,2496006,0
83.8609,11,83858435637,2469000,1
83.8609,16,83858435637,2469000,1
83.8609,18,83858435637,2469000,1
83.8634,22,83860902637,2496006,0
83.866,17,83863461643,2496006,0
83.8685,23,83865984649,2469000,1
83.8685,17,83865984649,2469000,1
83.8709,22,83868451649,2469000,1
83.8709,4,83868451649,2469000,1
83.8709,8,83868451649,2469000,1
83.8759,21,83873441655,2496006,0
83.8785,10,83875982661,2496006,0
83.881,3,83878505667,2496006,0
83.8835,5,83881028673,2496006,0
83.886,15,83883551679,2496006,0
83.8886,10,83886074685,2496006,0
83.8911,21,83888597691,2496006,0
83.8936,18,83891129697,2496006,0
83.8961,23,83893652703,2496006,0
83.8987,5,83896175709,2496006,0
83.9012,15,83898698715,2469000,1
83.9012,17,83898698715,2469000,1
83.9036,18,83901174715,2469000,1
83.9036,3,83901174715,2469000,1
83.9061,11,83903641715,2496006,0
83.9087,10,83906173721,2496006,0
83.9112,20,83908696727,2469000,1
83.9112,8,83908696727,2469000,1
83.9112,18,83908696727,2469000,1
83.914,21,83911503733,2469000,1
83.914,5,83911503733,2469000,1
83.9165,23,83913988733,2496006,0
83.919,10,83916511739,2496006,0
83.9215,16,83919034745,2469000,1
83.9215,21,83919034745,2469000,1
83.924,11,83921501745,2469000,1
83.924,22,83921501745,2469000,1
83.9265,10,83923968745,2496006,0
83.929,10,83926491751,2496006,0
83.9315,6,83929014757,2496006,0
83.934,17,83931537763,2496006,0
83.9366,17,83934060769,2496006,0
83.9391,21,83936592775,2496006,0
83.9416,21,83939115781,2496006,0
83.9444,11,83941951787,2496006,0
83.9469,10,83944474793,2469000,1
83.9494,6,83946941793,2496006,0
83.9519,13,83949464799,2469000,1
83.9519,21,83949464799,2469000,1
83.9544,20,83951931799,2469000,1
83.9544,5,83951931799,2469000,1
83.9544,23,83951931799,2469000,1
83.9569,11,83954398799,2469000,1
83.9569,15,83954398799,2469000,1
83.9594,3,83956883799,2496006,0
83.9619,6,83959406805,2469000,1
83.9619,17,83959406805,2469000,1
83.9645,21,83961954805,2496006,0
83.967,14,83964486811,2496006,0
83.9695,10,83967009817,2469000,1
83.9695,17,83967009817,2469000,1
83.972,3,83969485817,2469000,1
83.972,14,83969485817,2469000,1
83.9744,21,83971952817,2496006,0
83.977,23,83974475823,2496006,0
83.9795,23,83977034829,2496006,0
83.9821,21,83979566835,2496006,0
83.9846,18,83982089841,2469000,1
83.9846,11,83982089841,2469000,1
83.987,23,83984574841,2469000,1
83.987,6,83984574841,2469000,1
83.987,21,83984574841,2469000,1
83.9895,8,83987041841,2469000,1
83.9895,3,83987041841,2469000,1
83.992,21,83989517841,2496006,0
83.9945,15,83992049847,2496006,0
83.9971,22,83994572853,2496006,0
83.9996,2,83997104859,2469000,1
83.9996,14,83997104859,2469000,1
84.0021,15,83999571859,2496006,0
84.0046,23,84002103865,2496006,0
84.0071,21,84004626871,2469000,1
84.0071,18,84004626871,2469000,1
84.0096,5,84007102871,2496006,0
84.0121,15,84009625877,2469000,1
84.0121,17,84009625877,2469000,1
84.0121,3,84009625877,2469000,1
84.0146,8,84012092877,2496006,0
84.0174,16,84014937883,2496006,0
84.02,22,84017469889,2496006,0
84.0225,11,84019992895,2496006,0
84.025,11,84022515901,2496006,0
84.0275,14,84025038907,2469000,1
84.0275,23,84025038907,2469000,1
84.03,21,84027505907,2469000,1
84.03,5,84027505907,2469000,1
84.0325,9,84029972907,2496006,0
84.035,11,84032495913,2496006,0
84.0375,16,84035018919,2469000,1
84.0375,23,84035018919,2469000,1
84.04,8,84037494919,2469000,1
84.04,16,84037494919,2469000,1
84.0425,10,84039988919,2496006,0
84.0453,11,84042824925,2496006,0
84.0478,22,84045347931,2496006,0
84.0504,5,84047870937,2496006,0
84.0529,11,84050402943,2496006,0
84.0554,15,84052925949,2496006,0
84.0579,9,84055448955,2469000,1
84.0579,5,84055448955,2469000,1
84.0604,15,84057924955,2496006,0
84.0629,21,84060447961,2496006,0
84.0655,22,84062970967,2496006,0
84.068,10,84065493973,2469000,1
84.068,22,84065493973,2469000,1
84.0704,8,84067960973,2469000,1
84.0704,15,84067960973,2469000,1
84.0729,10,84070427973,2496006,0
84.0754,8,84072950979,2496006,0
84.078,10,84075500985,2469000,1
84.078,11,84075500985,2469000,1
84.078,15,84075500985,2469000,1
84.0805,11,84077969985,2496006,0
84.083,23,84080492991,2496006,0
84.0855,21,84083015997,2496006,0
84.088,21,84085539003,2496006,0
84.0905,6,84088062009,2469000,1
84.0905,5,84088062009,2469000,1
84.0956,11,84093079015,2496006,0
84.0981,8,84095602021,2496006,0
84.1006,23,84098143027,2469000,1
84.1006,8,84098143027,2469000,1
84.1031,16,84100610027,2496006,0
84.1056,22,84103142033,2469000,1
84.1056,8,84103142033,2469000,1
84.1081,21,84105618033,2496006,0
84.1106,9,84108141039,2496006,0
84.1131,16,84110664045,2469000,1
84.1131,22,84110664045,2469000,1
84.1156,11,84113140045,2496006,0
84.1185,10,84116012051,2496006,0
84.121,23,84118535057,2496006,0
84.1236,21,84121076063,2496006,0
84.1261,15,84123599069,2496006,0
84.1286,9,84126131075,2496006,0
84.1312,15,84128654081,2496006,0
84.1337,11,84131186087,2496006,0
84.1362,16,84133718093,2496006,0
84.1387,21,84136241099,2469000,1
84.1387,23,84136241099,2469000,1
84.1412,10,84138708099,2469000,1
84.1412,11,84138708099,2469000,1
84.1412,16,84138708099,2469000,1
84.1437,10,84141177099,2496006,0
84.1462,9,84143700105,2496006,0
84.149,15,84146554111,2469000,1
84.149,21,84146554111,2469000,1
84.149,9,84146554111,2469000,1
84.1515,11,84149039111,2496006,0
84.1541,5,84151562117,2496006,0
84.1566,10,84154085123,2469000,1
84.1566,8,84154085123,2469000,1
84.1591,3,84156561123,2496006,0
84.1616,6,84159129129,2469000,1
84.1616,9,84159129129,2469000,1
84.1641,11,84161596129,2496006,0
84.1666,20,84164119135,2469000,1
84.1666,23,84164119135,2469000,1
84.1666,5,84164119135,2469000,1
84.1691,3,84166586135,2496006,0
84.1741,15,84171632147,2496006,0
84.1766,16,84174164153,2469000,1
84.1766,10,84174164153,2469000,1
84.1791,15,84176640153,2496006,0
84.1817,11,84179181159,2496006,0
84.1842,16,84181722165,2496006,0
84.1867,3,84184245171,2496006,0
84.1893,22,84186768177,2496006,0
84.1918,14,84189291183,2496006,0
84.1943,23,84191832189,2496006,0
84.1969,21,84194355195,2496006,0
84.1993,14,84196878201,2469000,1
84.1993,3,84196878201,2469000,1
84.1993,16,84196878201,2469000,1
84.1993,8,84196878201,2469000,1
84.2018,18,84199345201,2469000,1
84.2018,15,84199345201,2469000,1
84.2018,21,84199345201,2469000,1
84.2018,8,84199347201,2469000,1
84.2043,11,84201814201,2469000,1
84.2043,9,84201814201,2469000,1
84.2068,17,84204281201,2496006,0
84.2093,17,84206849207,2469000,1
84.2093,5,84206849207,2469000,1
84.2093,22,84206849207,2469000,1
84.2118,23,84209325207,2496006,0
84.2143,23,84211848213,2496006,0
84.2168,11,84214371219,2469000,1
84.2168,23,84214371219,2469000,1
84.2194,21,84216865219,2496006,0
84.2222,16,84219719225,2496006,0
84.2247,14,84222242231,2496006,0
84.2273,23,84224765237,2496006,0
84.2298,15,84227288243,2496006,0
84.2323,16,84229820249,2496006,0
84.2348,3,84232343255,2469000,1
84.2348,23,84232343255,2469000,1
84.2373,14,84234819255,2496006,0
84.2398,21,84237342261,2496006,0
84.2424,10,84239865267,2496006,0
84.2449,15,84242397273,2469000,1
84.2449,22,84242397273,2469000,1
84.2449,3,84242397273,2469000,1
84.2473,10,84244873273,2469000,1
84.2473,15,84244873273,2469000,1
84.2527,21,84250176285,2496006,0
84.2552,3,84252699291,2496006,0
84.2577,11,84255222297,2496006,0
84.2602,17,84257745303,2469000,1
84.2602,5,84257745303,2469000,1
84.2627,16,84260212303,2496006,0
84.2652,14,84262744309,2496006,0
84.2678,13,84265267315,2496006,0
84.2703,16,84267790321,2496006,0
84.2728,3,84270313327,2469000,1
84.2728,16,84270313327,2469000,1
84.2753,23,84272807327,2469000,1
84.2753,21,84272807327,2469000,1
84.2753,3,84272807327,2469000,1
84.2778,17,84275274327,2496006,0
84.2803,11,84277806333,2496006,0
84.2828,14,84280338339,2469000,1
84.2828,10,84280338339,2469000,1
84.2853,17,84282814339,2496006,0
84.2878,16,84285346345,2496006,0
84.2904,13,84287869351,2496006,0
84.2929,11,84290410357,2496006,0
84.2954,14,84292933363,2496006,0
84.298,11,84295456369,2496006,0
84.3005,21,84297979375,2496006,0
84.303,5,84300520381,2496006,0
84.3055,11,84303043387,2469000,1
84.3055,17,84303043387,2469000,1
84.3055,7,84303043387,2469000,1
84.3055,19,84303043387,2469000,1
84.308,5,84305528387,2496006,0
84.3105,21,84308051393,2496006,0
84.3131,16,84310574399,2496006,0
84.3156,13,84313097405,2496006,0
84.3181,14,84315620411,2496006,0
84.3206,21,84318143417,2496006,0
84.3235,15,84320988423,2496006,0
84.326,23,84323529429,2496006,0
84.3285,5,84326070435,2469000,1
84.3285,21,84326070435,2469000,1
84.331,13,84328537435,2469000,1
84.331,22,84328537435,2469000,1
84.331,17,84328537435,2469000,1
84.3335,3,84331004435,2496006,0
84.336,23,84333527441,2469000,1
84.336,16,84333527441,2469000,1
84.341,14,84338517447,2496006,0
84.3436,15,84341067453,2496006,0
84.3461,22,84343590459,2469000,1
84.3461,15,84343590459,2469000,1
84.3486,16,84346066459,2496006,0
84.3511,5,84348589465,2469000,1
84.3511,3,84348589465,2469000,1
84.3511,16,84348589465,2469000,1
84.3539,10,84351369471,2496006,0
84.3564,14,84353892477,2469000,1
84.3564,11,84353892477,2469000,1
84.3564,3,84353892477,2469000,1
84.3589,9,84356377477,2496006,0
84.3614,15,84358918483,2469000,1
84.3614,9,84358918483,2469000,1
84.3639,21,84361403483,2496006,0
84.3664,13,84363926489,2469000,1
84.3664,9,84363926489,2469000,1
84.3689,10,84366393489,2496006,0
84.3714,21,84368925495,2496006,0
84.374,10,84371457501,2496006,0
84.3765,20,84373989507,2469000,1
84.3765,23,84373989507,2469000,1
84.3765,15,84373989507,2469000,1
84.379,11,84376483507,2496006,0
84.3815,17,84379006513,2469000,1
84.3815,16,84379006513,2469000,1
84.384,5,84381491513,2496006,0
84.3865,14,84384032519,2496006,0
84.3891,21,84386555525,2496006,0
84.3915,10,84389078531,2469000,1
84.3915,21,84389078531,2469000,1
84.394,14,84391563531,2469000,1
84.394,11,84391563531,2469000,1
84.394,21,84391563531,2469000,1
84.3965,5,84394039531,2496006,0
84.3991,14,84396562537,2496006,0
84.4016,14,84399121543,2496006,0
84.4041,5,84401671549,2469000,1
84.4041,14,84401671549,2469000,1
84.4066,14,84404140549,2496006,0
84.4092,10,84406672555,2496006,0
84.4117,9,84409195561,2469000,1
84.4142,11,84411671561,2496006,0
84.4167,3,84414194567,2496006,0
84.4192,11,84416717573,2496006,0
84.4217,21,84419240579,2496006,0
84.4242,14,84421763585,2469000,1
84.4242,23,84421763585,2469000,1
84.4242,11,84421763585,2469000,1
84.4242,21,84421763585,2469000,1
84.427,10,84424543591,2469000,1
84.427,3,84424543591,2469000,1
84.4295,14,84427010591,2469000,1
84.4295,10,84427012591,2469000,1
84.432,16,84429479591,2496006,0
84.4345,11,84432011597,2496006,0
84.4371,11,84434561603,2496006,0
84.4396,16,84437129609,2496006,0
84.4422,17,84439661615,2496006,0
84.4447,11,84442184621,2469000,1
84.4447,13,84442184621,2469000,1
84.4447,16,84442184621,2469000,1
84.4472,17,84444660621,2496006,0
84.4497,5,84447192627,2469000,1
84.4497,14,84447192627,2469000,1
84.4497,17,84447192627,2469000,1
84.4522,21,84449677627,2496006,0
84.455,11,84452513633,2496006,0
84.4575,3,84455045639,2496006,0
84.4601,21,84457568645,2496006,0
84.4626,16,84460127651,2496006,0
84.4652,3,84462659657,2496006,0
84.4677,8,84465191663,2469000,1
84.4677,17,84465191663,2469000,1
84.4702,5,84467667663,2496006,0
84.4727,11,84470190669,2496006,0
84.4752,16,84472713675,2496006,0
84.4777,11,84475236681,2496006,0
84.4803,21,84477759687,2496006,0
84.4853,3,84482823699,2496006,0
84.4879,16,84485364705,2496006,0
84.4904,10,84487887711,2496006,0
84.4929,5,84490410717,2496006,0
84.4954,16,84492951723,2469000,1
84.4954,5,84492951723,2469000,1
84.4979,10,84495418723,2469000,1
84.4979,1,84495418723,2469000,1
84.4979,11,84495418723,2469000,1
84.5004,21,84497903723,2496006,0
84.5029,3,84500426729,2496006,0
84.5054,13,84502949735,2496006,0
84.508,5,84505472741,2496006,0
84.5105,13,84508022747,2496006,0
84.513,22,84510545753,2496006,0
84.5156,6,84513068759,2496006,0
84.5181,3,84515600765,2469000,1
84.5181,6,84515600765,2469000,1
84.5206,3,84518069765,2496006,0
84.5231,21,84520601771,2496006,0
84.5256,5,84523124777,2469000,1
84.5256,15,84523124777,2469000,1
84.5256,16,84523124777,2469000,1
84.5284,3,84525904783,2496006,0
84.5309,22,84528436789,2469000,1
84.5309,9,84528436789,2469000,1
84.5309,14,84528436789,2469000,1
84.5309,10,84528436789,2469000,1
84.5334,21,84530921789,2496006,0
84.5359,13,84533444795,2496006,0
84.5385,16,84535967801,2496006,0
84.541,11,84538499807,2469000,1
84.541,21,84538499807,2469000,1
84.5434,17,84540975807,2469000,1
84.5434,6,84540975807,2469000,1
84.546,3,84543460807,2496006,0
84.5485,13,84546001813,2469000,1
84.5485,5,84546001813,2469000,1
84.5509,16,84548468813,2469000,1
84.5534,21,84550944813,2496006,0
84.556,22,84553467819,2496006,0
84.5588,3,84556303825,2496006,0
84.5613,23,84558826831,2496006,0
84.5639,4,84561376837,2496006,0
84.5664,11,84563908843,2496006,0
84.5689,13,84566431849,2496006,0
84.5715,4,84568954855,2496006,0
84.574,13,84571477861,2496006,0
84.5765,4,84574009867,2496006,0
84.579,21,84576532873,2496006,0
84.5815,23,84579055879,2469000,1
84.5815,22,84579055879,2469000,1
84.5815,4,84579055879,2469000,1
84.584,3,84581522879,2496006,0
84.5866,11,84584054885,2496006,0
84.5891,21,84586577891,2496006,0
84.5916,11,84589118897,2496006,0
84.5941,3,84591650903,2496006,0
84.5966,21,84594173909,2469000,1
84.5966,23,84594173909,2469000,1
84.5991,13,84596649909,2496006,0
84.6017,16,84599172915,2496006,0
84.6042,11,84601713921,2496006,0
84.6067,4,84604236927,2496006,0
84.6092,10,84606759933,2469000,1
84.6092,3,84606759933,2469000,1
84.6092,11,84606759933,2469000,1
84.6117,4,84609244933,2496006,0
84.6143,4,84611767939,2496006,0
84.6168,16,84614317945,2469000,1
84.6168,22,84614317945,2469000,1
84.6193,13,84616784945,2496006,0
84.6218,9,84619325951,2469000,1
84.6243,13,84621801951,2496006,0
84.6268,21,84624324957,2496006,0
84.6296,14,84627169963,2469000,1
84.6296,6,84627169963,2469000,1
84.6321,16,84629636963,2496006,0
84.6346,3,84632168969,2469000,1
84.6346,11,84632168969,2469000,1
84.6346,4,84632168969,2469000,1
84.6371,21,84634635969,2496006,0
84.6397,5,84637185975,2469000,1
84.6397,21,84637185975,2469000,1
84.6421,16,84639652975,2469000,1
84.6421,13,84639652975,2469000,1
84.6447,4,84642200975,2496006,0
84.6472,13,84644741981,2496006,0
84.6498,23,84647264987,2496006,0
84.6523,22,84649787993,2496006,0
84.6548,3,84652310999,2496006,0
84.6573,4,84654834005,2469000,1
84.6573,6,84654834005,2469000,1
84.6601,21,84657614011,2496006,0
84.6626,23,84660146017,2469000,1
84.6626,21,84660146017,2469000,1
84.6651,3,84662622017,2496006,0
84.6676,13,84665145023,2469000,1
84.6676,4,84665145023,2469000,1
84.6701,16,84667621023,2496006,0
84.6726,22,84670144029,2469000,1
84.6726,10,84670144029,2469000,1
84.6726,16,84670144029,2469000,1
84.6751,21,84672611029,2496006,0
84.6776,3,84675134035,2496006,0
84.6801,23,84677657041,2469000,1
84.6801,13,84677657041,2469000,1
84.6826,22,84680142041,2469000,1
84.6826,10,84680142041,2469000,1
84.6851,23,84682609041,2496006,0
84.6902,23,84687664053,2496006,0
84.6927,21,84690187059,2496006,0
84.6952,3,84692710065,2496006,0
84.6977,17,84695233071,2469000,1
84.6977,23,84695233071,2469000,1
84.7002,16,84697709071,2496006,0
84.7027,16,84700232077,2496006,0
84.7053,3,84702755083,2496006,0
84.7078,11,84705296089,2496006,0
84.7103,21,84707864095,2469000,1
84.7103,23,84707864095,2469000,1
84.7128,11,84710349095,2496006,0
84.7154,3,84712881101,2496006,0
84.7179,16,84715404107,2496006,0
84.7204,3,84717936113,2496006,0
84.723,16,84720486119,2469000,1
84.723,11,84720486119,2469000,1
84.7254,19,84722953119,2469000,1
84.7254,4,84722953119,2469000,1
84.7254,16,84722955119,2469000,1
84.7279,3,84725440119,2469000,1
84.7279,11,84725440119,2469000,1
84.7304,12,84727907119,2496006,0
84.7332,22,84730743125,2496006,0
84.7358,21,84733266131,2496006,0
84.7383,7,84735789137,2496006,0
84.7408,22,84738339143,2469000,1
84.7408,13,84738339143,2469000,1
84.7433,7,84740824143,2496006,0
84.7458,12,84743347149,2496006,0
84.7483,3,84745870155,2469000,1
84.7483,12,84745870155,2469000,1
84.7509,11,84748355155,2496006,0
84.7534,21,84750878161,2496006,0
84.7559,7,84753410167,2496006,0
84.7584,3,84755942173,2496006,0
84.7613,23,84758787179,2496006,0
84.7638,21,84761310185,2496006,0
84.7663,7,84763833191,2469000,1
84.7663,11,84763833191,2469000,1
84.7688,3,84766309191,2496006,0
84.7713,23,84768832197,2469000,1
84.7713,21,84768832197,2469000,1
84.7738,16,84771362197,2469000,1
84.7738,3,84771362197,2469000,1
84.7763,22,84773829197,2496006,0
84.7788,12,84776352203,2469000,1
84.7788,11,84776352203,2469000,1
84.7813,7,84778828203,2496006,0
84.7839,4,84781360209,2496006,0
84.7864,18,84783892215,2469000,1
84.7864,23,84783892215,2469000,1
84.7889,3,84786359215,2496006,0
84.7914,12,84788882221,2496006,0
84.7939,12,84791414227,2496006,0
84.7964,12,84793946233,2496006,0
84.799,11,84796469239,2496006,0
84.8015,22,84798992245,2469000,1
84.8015,4,84798992245,2469000,1
84.8039,21,84801468245,2469000,1
84.8039,11,84801468245,2469000,1
84.8064,7,84803935245,2496006,0
84.8115,3,84808981257,2496006,0
84.814,5,84811504263,2469000,1
84.814,11,84811504263,2469000,1
84.8165,22,84813998263,2496006,0
84.819,4,84816530269,2496006,0
84.8215,23,84819062275,2469000,1
84.8215,12,84819062275,2469000,1
84.824,4,84821529275,2496006,0
84.8265,4,84824052281,2496006,0
84.8291,21,84826584287,2469000,1
84.8291,7,84826584287,2469000,1
84.8291,12,84826584287,2469000,1
84.8315,22,84829060287,2469000,1
84.8315,3,84829060287,2469000,1
84.834,15,84831527287,2469000,1
84.834,7,84831527287,2469000,1
84.834,22,84831529287,2469000,1
84.8369,4,84834372293,2496006,0
84.8394,23,84836931299,2469000,1
84.8394,7,84836931299,2469000,1
84.8419,4,84839452299,2496006,0
84.8445,3,84841984305,2496006,0
84.847,4,84844516311,2496006,0
84.8495,3,84847048317,2469000,1
84.8521,5,84849569317,2496006,0
84.8546,4,84852110323,2496006,0
84.8571,6,84854633329,2496006,0
84.8597,12,84857156335,2496006,0
84.8622,11,84859697341,2496006,0
84.865,3,84862533347,2496006,0
84.8676,6,84865056353,2496006,0
84.8701,5,84867579359,2496006,0
84.8726,4,84870129365,2469000,1
84.8726,13,84870129365,2469000,1
84.8751,6,84872596365,2496006,0
84.8776,3,84875119371,2496006,0
84.8801,11,84877642377,2496006,0
84.8826,5,84880165383,2469000,1
84.8826,23,84880165383,2469000,1
84.8851,12,84882632383,2496006,0
84.8877,12,84885173389,2496006,0
84.8927,4,84890219401,2496006,0
84.8952,22,84892742407,2469000,1
84.8952,4,84892742407,2469000,1
84.8977,11,84895209407,2496006,0
84.9002,7,84897732413,2496006,0
84.9027,6,84900264419,2469000,1
84.9027,22,84900264419,2469000,1
84.9052,3,84902731419,2496006,0
84.9078,5,84905263425,2496006,0
84.9103,11,84907786431,2496006,0
84.9128,16,84910309437,2469000,1
84.9128,5,84910309437,2469000,1
84.9153,12,84912776437,2496006,0
84.9178,7,84915317443,2496006,0
84.9203,3,84917840449,2496006,0
84.9229,7,84920363455,2496006,0
84.9254,17,84922886461,2496006,0
84.9279,6,84925409467,2469000,1
84.9279,11,84925409467,2469000,1
84.9304,11,84927878467,2496006,0
84.9329,11,84930410473,2496006,0
84.9354,7,84932933479,2469000,1
84.9354,14,84932933479,2469000,1
84.9382,12,84935731485,2496006,0
84.9407,3,84938272491,2469000,1
84.9407,12,84938272491,2469000,1
84.9432,5,84940739491,2469000,1
84.9432,11,84940739491,2469000,1
84.9482,4,84945729497,2469000,1
84.9482,12,84945729497,2469000,1
84.9507,17,84948196497,2496006,0
84.9532,3,84950728503,2496006,0
84.9558,5,84953278509,2496006,0
84.9583,7,84955819515,2496006,0
84.9608,3,84958342521,2496006,0
84.9634,7,84960865527,2496006,0
84.9662,5,84963719533,2496006,0
84.9687,3,84966242539,2469000,1
84.9687,17,84966242539,2469000,1
84.9713,7,84968754539,2496006,0
84.9738,5,84971277545,2496006,0
84.9763,11,84973809551,2496006,0
84.9788,21,84976332557,2496006,0
84.9814,7,84978855563,2496006,0
84.9838,21,84981378569,2469000,1
84.9838,7,84981378569,2469000,1
84.9864,11,84983854569,2496006,0
84.9889,22,84986395575,2469000,1
84.9889,6,84986395575,2469000,1
84.9889,3,84986395575,2469000,1
84.9914,5,84988889575,2496006,0
84.9939,3,84991412581,2496006,0
84.9964,21,84993935587,2469000,1
84.9989,12,84996402587,2469000,1
84.9989,17,84996402587,2469000,1
84.9989,21,84996404587,2469000,1
85.0013,7,84998880587,2469000,1
85.0013,11,84998880587,2469000,1
85.0039,6,85001365587,2496006,0
85.0064,12,85003906593,2496006,0
85.0089,5,85006429599,2496006,0
85.0115,3,85008961605,2496006,0
85.014,6,85011520611,2496006,0
85.0165,3,85014043617,2496006,0
85.0191,12,85016566623,2496006,0
85.0216,4,85019089629,2496006,0
85.0241,3,85021612635,2496006,0
85.0266,5,85024153641,2496006,0
85.0292,4,85026694647,2496006,0
85.0317,11,85029226653,2496006,0
85.0342,6,85031749659,2496006,0
85.0368,3,85034272665,2496006,0
85.0396,5,85037117671,2496006,0
85.0421,6,85039640677,2496006,0
85.0447,12,85042163683,2496006,0
85.0472,3,85044686689,2496006,0
85.0497,11,85047209695,2469000,1
85.0522,5,85049685695,2469000,1
85.0522,4,85049685695,2469000,1
85.0547,12,85052188695,2469000,1
85.0547,6,85052188695,2469000,1
85.0572,11,85054655695,2496006,0
85.0597,5,85057178701,2496006,0
85.0622,11,85059719707,2496006,0
85.0647,7,85062242713,2496006,0
85.0673,3,85064765719,2496006,0
85.0701,5,85067610725,2469000,1
85.0701,7,85067610725,2469000,1
85.0726,17,85070086725,2496006,0
85.0751,3,85072627731,2469000,1
85.0751,4,85072627731,2469000,1
85.0776,21,85075112731,2469000,1
85.0776,3,85075112731,2469000,1
85.0801,12,85077597731,2496006,0
85.0826,11,85080120737,2496006,0
85.0851,6,85082643743,2496006,0
85.0877,17,85085166749,2496006,0
85.0902,12,85087698755,2496006,0
85.0927,4,85090248761,2496006,0
85.0953,5,85092780767,2496006,0
85.0978,5,85095303773,2469000,1
85.1003,11,85097770773,2496006,0
85.1028,6,85100293779,2496006,0
85.1078,7,85105348791,2469000,1
85.1078,17,85105348791,2469000,1
85.1103,12,85107824791,2496006,0
85.1129,22,85110365797,2496006,0
85.1154,4,85112897803,2496006,0
85.1179,6,85115429809,2469000,1
85.1179,11,85115429809,2469000,1
85.1179,22,85115429809,2469000,1
85.1204,8,85117896809,2496006,0
85.1229,12,85120428815,2496006,0
85.1254,3,85122951821,2469000,1
85.1254,6,85122951821,2469000,1
85.1254,11,85122951821,2469000,1
85.128,4,85125490821,2496006,0
85.1305,8,85128013827,2469000,1
85.1305,4,85128013827,2469000,1
85.1329,5,85130480827,2469000,1
85.1329,11,85130480827,2469000,1
85.1354,17,85132965827,2469000,1
85.1354,12,85132965827,2469000,1
85.1379,7,85135450827,2496006,0
85.1405,16,85138000833,2469000,1
85.1433,4,85140789839,2469000,1
85.1433,12,85140789839,2469000,1
85.1458,12,85143274839,2496006,0
85.1483,22,85145806845,2496006,0
85.1508,7,85148347851,2496006,0
85.1534,7,85150897857,2496006,0
85.1559,6,85153420863,2496006,0
85.1584,6,85155943869,2496006,0
85.1609,12,85158466875,2469000,1
85.1609,8,85158466875,2469000,1
85.1634,22,85160942875,2496006,0
85.166,6,85163465881,2496006,0
85.1685,7,85165997887,2496006,0
85.1714,22,85168869893,2496006,0
85.1764,7,85173915905,2469000,1
85.1764,17,85173915905,2469000,1
85.1789,6,85176382905,2496006,0
85.1814,12,85178932911,2496006,0
85.184,4,85181464917,2496006,0
85.1865,6,85183987923,2496006,0
85.189,22,85186519929,2469000,1
85.189,13,85186519929,2469000,1
85.1915,5,85188986929,2496006,0
85.194,4,85191527935,2496006,0
85.1966,12,85194059941,2496006,0
85.1991,10,85196600947,2496006,0
85.2016,22,85199123953,2496006,0
85.2041,6,85201646959,2469000,1
85.2041,10,85201646959,2469000,1
85.2066,7,85204131959,2469000,1
85.2066,6,85204131959,2469000,1
85.2091,12,85206598959,2469000,1
85.2091,5,85206598959,2469000,1
85.2141,7,85211606965,2496006,0
85.2166,4,85214129971,2469000,1
85.2166,10,85214129971,2469000,1
85.2191,8,85216614971,2496006,0
85.2216,7,85219146977,2469000,1
85.2216,11,85219146977,2469000,1
85.2216,22,85219146977,2469000,1
85.2241,8,85221613977,2496006,0
85.2267,22,85224199983,2496006,0
85.2292,10,85226722989,2496006,0
85.2318,8,85229254995,2496006,0
85.2343,4,85231805001,2496006,0
85.2368,10,85234355007,2469000,1
85.2368,12,85234355007,2469000,1
85.2368,7,85234355007,2469000,1
85.2418,5,85239345013,2496006,0
85.2447,22,85242181019,2496006,0
85.2472,2,85244704025,2469000,1
85.2472,12,85244704025,2469000,1
85.2497,5,85247171025,2496006,0
85.2522,8,85249694031,2496006,0
85.2547,5,85252217037,2496006,0
85.2573,2,85254767043,2496006,0
85.2598,4,85257290049,2469000,1
85.2598,22,85257290049,2469000,1
85.2622,5,85259757049,2469000,1
85.2622,9,85259757049,2469000,1
85.2622,3,85259757049,2469000,1
85.2647,22,85262233049,2496006,0
85.2673,2,85264756055,2496006,0
85.2698,8,85267279061,2496006,0
85.2723,10,85269811067,2469000,1
85.2723,22,85269811067,2469000,1
85.2751,1,85272609073,2469000,1
85.2751,5,85272609073,2469000,1
85.2776,7,85275085073,2496006,0
85.2801,8,85277608079,2469000,1
85.2826,2,85280102079,2496006,0
85.2851,20,85282634085,2496006,0
85.2877,3,85285157091,2496006,0
85.2901,6,85287680097,2469000,1
85.2901,1,85287680097,2469000,1
85.2927,20,85290165097,2496006,0
85.2952,7,85292688103,2496006,0
85.2977,3,85295211109,2469000,1
85.2977,4,85295211109,2469000,1
85.3002,2,85297678109,2496006,0
85.3027,6,85300210115,2496006,0
85.3052,22,85302760121,2469000,1
85.3052,8,85302760121,2469000,1
85.3052,6,85302760121,2469000,1
85.3078,2,85305263121,2496006,0
85.3103,20,85307786127,2469000,1
85.3103,3,85307786127,2469000,1
85.3127,7,85310253127,2469000,1
85.3127,2,85310253127,2469000,1
85.3152,7,85312722127,2496006,0
85.3177,20,85315245133,2469000,1
85.3177,7,85315245133,2469000,1
85.3202,1,85317721133,2469000,1
85.3227,2,85320188133,2496006,0
85.3253,2,85322801139,2469000,1
85.3253,3,85322801139,2469000,1
85.3277,17,85325268139,2469000,1
85.3277,4,85325268139,2469000,1
85.3277,6,85325268139,2469000,1
85.3303,10,85327762139,2496006,0
85.3328,22,85330285145,2496006,0
85.3353,1,85332808151,2496006,0
85.3378,6,85335331157,2469000,1
85.3378,22,85335331157,2469000,1
85.3403,5,85337807157,2496006,0
85.3428,10,85340330163,2469000,1
85.3428,2,85340330163,2469000,1
85.3428,1,85340330163,2469000,1
85.3453,7,85342797163,2469000,1
85.3453,17,85342797163,2469000,1
85.3481,5,85345586169,2496006,0
85.3506,6,85348136175,2496006,0
85.3557,5,85353200187,2469000,1
85.3557,7,85353200187,2469000,1
85.3582,8,85355703187,2469000,1
85.3582,10,85355703187,2469000,1
85.3607,1,85358170187,2496006,0
85.3632,21,85360702193,2469000,1
85.3632,1,85360702193,2469000,1
85.3657,5,85363169193,2496006,0
85.3682,6,85365701199,2496006,0
85.3707,5,85368224205,2496006,0
85.3732,20,85370747211,2496006,0
85.3761,22,85373583217,2496006,0
85.3786,6,85376106223,2496006,0
85.3811,15,85378647229,2496006,0
85.3837,15,85381188235,2496006,0
85.3862,1,85383729241,2469000,1
85.3887,6,85386196241,2469000,1
85.3887,5,85386196241,2469000,1
85.3912,12,85388663241,2496006,0
85.3937,22,85391186247,2496006,0
85.3962,20,85393709253,2496006,0
85.3987,7,85396232259,2496006,0
85.4013,15,85398764265,2496006,0
85.4038,2,85401314271,2469000,1
85.4038,6,85401314271,2469000,1
85.4063,7,85403781271,2496006,0
85.4088,18,85406304277,2496006,0
85.4113,18,85408827283,2496006,0
85.4138,22,85411350289,2469000,1
85.4138,7,85411350289,2469000,1
85.4163,23,85413826289,2469000,1
85.4163,12,85413826289,2469000,1
85.4163,7,85413826289,2469000,1
85.4188,20,85416293289,2496006,0
85.4213,3,85418816295,2469000,1
85.4213,15,85418816295,2469000,1
85.4238,8,85421310295,2496006,0
85.4263,21,85423851301,2469000,1
85.4263,12,85423851301,2469000,1
85.4313,18,85428850307,2496006,0
85.4339,10,85431382313,2469000,1
85.4339,5,85431382313,2469000,1
85.4339,7,85431382313,2469000,1
85.4339,20,85431382313,2469000,1
85.4364,22,85433867313,2496006,0
85.4389,8,85436390319,2469000,1
85.4389,22,85436390319,2469000,1
85.4414,15,85438857319,2496006,0
85.4439,18,85441380325,2496006,0
85.4464,8,85443921331,2496006,0
85.4493,1,85446784337,2469000,1
85.4493,20,85446784337,2469000,1
85.4517,15,85449278337,2469000,1
85.4517,8,85449278337,2469000,1
85.4543,18,85451763337,2496006,0
85.4568,4,85454304343,2496006,0
85.4593,4,85456845349,2496006,0
85.4619,8,85459377355,2496006,0
85.4669,22,85464423367,2496006,0
85.4694,18,85466946373,2496006,0
85.472,4,85469469379,2496006,0
85.4745,8,85472010385,2469000,1
85.4745,6,85472010385,2469000,1
85.477,18,85474495385,2496006,0
85.4798,15,85477340391,2496006,0
85.4824,15,85479863397,2496006,0
85.4849,10,85482395403,2469000,1
85.4849,5,85482395403,2469000,1
85.4849,22,85482395403,2469000,1
85.4873,15,85484880403,2469000,1
85.4873,4,85484880403,2469000,1
85.4899,22,85487356403,2496006,0
85.4924,12,85489879409,2496006,0
85.4949,18,85492402415,2496006,0
85.4974,15,85494934421,2496006,0
85.5,7,85497466427,2496006,0
85.5025,7,85499998433,2496006,0
85.5076,18,85505089445,2469000,1
85.5076,4,85505089445,2469000,1
85.5076,12,85505089445,2469000,1
85.5101,22,85507556445,2496006,0
85.5125,15,85510079451,2469000,1
85.5125,8,85510079451,2469000,1
85.5125,22,85510079451,2469000,1
85.515,7,85512546451,2496006,0
85.5176,20,85515087457,2496006,0
85.5201,20,85517646463,2496006,0
85.5227,15,85520169469,2496006,0
85.5252,2,85522710475,2496006,0
85.5277,18,85525242481,2496006,0
85.5302,7,85527765487,2469000,1
85.5302,18,85527765487,2469000,1
85.5327,20,85530241487,2496006,0
85.5353,7,85532764493,2496006,0
85.5378,15,85535287499,2496006,0
85.5403,2,85537810505,2469000,1
85.5403,12,85537810505,2469000,1
85.5428,11,85540286505,2469000,1
85.5453,2,85542762505,2496006,0
85.5478,7,85545294511,2496006,0
85.5503,20,85547835517,2496006,0
85.5531,2,85550680523,2469000,1
85.5531,22,85550680523,2469000,1
85.5531,15,85550680523,2469000,1
85.5556,18,85553147523,2496006,0
85.5582,2,85555724529,2496006,0
85.5607,7,85558256535,2469000,1
85.5607,15,85558256535,2469000,1
85.5632,18,85560723535,2469000,1
85.5632,1,85560723535,2469000,1
85.5657,5,85563190535,2469000,1
85.5657,20,85563190535,2469000,1
85.5682,6,85565675535,2496006,0
85.5707,2,85568216541,2496006,0
85.5732,2,85570757547,2469000,1
85.5757,10,85573224547,2496006,0
85.5782,8,85575747553,2469000,1
85.5782,18,85575747553,2469000,1
85.581,4,85578527559,2496006,0
85.5836,6,85581059565,2496006,0
85.5861,6,85583609571,2496006,0
85.5886,2,85586132577,2496006,0
85.5911,4,85588664583,2469000,1
85.5911,10,85588664583,2469000,1
85.5936,12,85591131583,2496006,0
85.5962,12,85593672589,2496006,0
85.5987,2,85596195595,2469000,1
85.5987,22,85596195595,2469000,1
85.6012,6,85598662595,2496006,0
85.6037,7,85601185601,2469000,1
85.6037,20,85601185601,2469000,1
85.6062,4,85603679601,2496006,0
85.6112,4,85608734613,2496006,0
85.6137,18,85611266619,2469000,1
85.6137,6,85611266619,2469000,1
85.6162,6,85613742619,2496006,0
85.6188,19,85616265625,2496006,0
85.6213,4,85618788631,2469000,1
85.6213,12,85618788631,2469000,1
85.6238,8,85621264631,2496006,0
85.6263,15,85623787637,2469000,1
85.6263,10,85623787637,2469000,1
85.6288,15,85626272637,2496006,0
85.6313,2,85628795643,2496006,0
85.6338,6,85631327649,2496006,0
85.6363,4,85633850655,2496006,0
85.6389,15,85636382661,2496006,0
85.6414,4,85638905667,2469000,1
85.6414,15,85638905667,2469000,1
85.6438,8,85641372667,2469000,1
85.6438,4,85641374667,2469000,1
85.6463,19,85643841667,2469000,1
85.6463,10,85643841667,2469000,1
85.6463,8,85643841667,2469000,1
85.6488,6,85646317667,2496006,0
85.6513,7,85648840673,2496006,0
85.6542,7,85651676679,2496006,0
85.6567,2,85654208685,2469000,1
85.6567,6,85654208685,2469000,1
85.6592,12,85656675685,2496006,0
85.6617,4,85659207691,2496006,0
85.6642,2,85661748697,2496006,0
85.6668,15,85664289703,2496006,0
85.6693,4,85666821709,2469000,1
85.6693,15,85666821709,2469000,1
85.6718,12,85669288709,2469000,1
85.6718,16,85669288709,2469000,1
85.6718,7,85669288709,2469000,1
85.6742,2,85671773709,2469000,1
85.6742,15,85671773709,2469000,1
85.6742,7,85671773709,2469000,1
85.6767,6,85674249709,2496006,0
85.6793,2,85676781715,2496006,0
85.6818,12,85679304721,2469000,1
85.6818,2,85679304721,2469000,1
85.6846,19,85682102727,2496006,0
85.6871,4,85684634733,2496006,0
85.6896,6,85687166739,2469000,1
85.6896,22,85687166739,2469000,1
85.6921,20,85689651739,2496006,0
85.6947,22,85692192745,2496006,0
85.6972,19,85694724751,2496006,0
85.7023,20,85699770763,2496006,0
85.7048,19,85702302769,2469000,1
85.7048,20,85702302769,2469000,1
85.7073,2,85704769769,2496006,0
85.7098,4,85707292775,2496006,0
85.7123,2,85709833781,2496006,0
85.7149,4,85712365787,2496006,0
85.7174,22,85714888793,2496006,0
85.7199,22,85717411799,2496006,0
85.7224,2,85719934805,2469000,1
85.7224,4,85719934805,2469000,1
85.7249,20,85722410805,2496006,0
85.7274,18,85724933811,2496006,0
85.7299,12,85727456817,2469000,1
85.7299,19,85727456817,2469000,1
85.7324,22,85729923817,2496006,0
85.7349,8,85732446823,2496006,0
85.7374,7,85734969829,2469000,1
85.7374,6,85734969829,2469000,1
85.7399,7,85737438829,2496006,0
85.7425,7,85739961835,2496006,0
85.745,8,85742493841,2496006,0
85.7475,20,85745052847,2496006,0
85.7501,18,85747584853,2496006,0
85.7526,3,85750107859,2469000,1
85.7526,22,85750107859,2469000,1
85.755,7,85752574859,2469000,1
85.7578,20,85755372865,2469000,1
85.7578,8,85755372865,2469000,1
85.7603,15,85757839865,2496006,0
85.7629,2,85760362871,2496006,0
85.7654,18,85762894877,2496006,0
85.7679,18,85765435883,2496006,0
85.7705,15,85767958889,2496006,0
85.773,4,85770481895,2496006,0
85.7755,4,85773013901,2496006,0
85.778,7,85775545907,2496006,0
85.7806,2,85778095913,2496006,0
85.7831,22,85780618919,2469000,1
85.7831,2,85780618919,2469000,1
85.7859,18,85783416925,2496006,0
85.7884,19,85785939931,2496006,0
85.791,15,85788462937,2496006,0
85.7935,7,85790985943,2469000,1
85.7935,4,85790985943,2469000,1
85.7959,14,85793461943,2469000,1
85.7959,20,85793461943,2469000,1
85.7984,19,85795928943,2469000,1
85.7984,2,85795928943,2469000,1
85.8009,7,85798404943,2496006,0
85.8034,8,85800927949,2496006,0
85.8059,6,85803459955,2469000,1
85.8059,15,85803459955,2469000,1
85.8084,10,85805926955,2469000,1
85.8084,19,85805926955,2469000,1
85.8109,8,85808393955,2496006,0
85.8134,7,85810916961,2469000,1
85.8134,18,85810916961,2469000,1
85.8159,22,85813383961,2496006,0
85.8184,13,85815906967,2469000,1
85.8184,8,85815906967,2469000,1
85.8184,7,85815906967,2469000,1
85.8209,19,85818382967,2496006,0
85.8235,19,85820968973,2496006,0
85.826,22,85823491979,2496006,0
85.8285,5,85826014985,2469000,1
85.8285,2,85826014985,2469000,1
85.831,4,85828499985,2469000,1
85.831,8,85828499985,2469000,1
85.831,7,85828499985,2469000,1
85.8335,15,85830966985,2496006,0
85.836,18,85833498991,2496006,0
85.8385,19,85836021997,2496006,0
85.841,22,85838545003,2496006,0
85.8436,15,85841167009,2469000,1
85.8436,18,85841167009,2469000,1
85.8461,22,85843634009,2469000,1
85.8461,19,85843634009,2469000,1
85.8486,21,85846110009,2469000,1
85.8486,12,85846110009,2469000,1
85.8511,18,85848604009,2496006,0
85.8536,7,85851127015,2496006,0
85.8562,18,85853668021,2496006,0
85.8615,20,85859054033,2469000,1
85.8615,15,85859054033,2469000,1
85.864,7,85861539033,2469000,1
85.864,18,85861539033,2469000,1
85.8665,19,85864006033,2496006,0
85.869,4,85866538039,2496006,0
85.8716,5,85869061045,2496006,0
85.8741,20,85871593051,2496006,0
85.8767,4,85874161057,2496006,0
85.8792,19,85876684063,2469000,1
85.8792,22,85876684063,2469000,1
85.8816,20,85879151063,2496006,0
85.8841,1,85881674069,2469000,1
85.8841,8,85881674069,2469000,1
85.8841,15,85881674069,2469000,1
85.8841,18,85881674069,2469000,1
85.8841,4,85881674069,2469000,1
85.8867,20,85884159069,2496006,0
85.8895,5,85886995075,2496006,0
85.892,19,85889527081,2496006,0
85.8946,18,85892059087,2496006,0
85.8996,7,85897132099,2469000,1
85.8996,20,85897132099,2469000,1
85.9021,18,85899599099,2496006,0
85.9047,5,85902158105,2496006,0
85.9072,18,85904699111,2469000,1
85.9072,19,85904699111,2469000,1
85.9097,15,85907166111,2496006,0
85.9122,15,85909743117,2469000,1
85.9122,4,85909743117,2469000,1
85.9147,5,85912219117,2496006,0
85.9172,18,85914751123,2469000,1
85.9172,15,85914751123,2469000,1
85.9197,7,85917236123,2496006,0
85.9223,6,85919759129,2496006,0
85.9248,5,85922282135,2496006,0
85.9273,20,85924805141,2469000,1
85.9298,15,85927290141,2496006,0
85.9323,6,85929813147,2496006,0
85.9348,7,85932336153,2496006,0
85.9374,19,85934859159,2496006,0
85.9399,15,85937436165,2496006,0
85.9424,4,85939959171,2469000,1
85.9424,5,85939959171,2469000,1
85.9449,7,85942444171,2496006,0
85.9475,6,85944967177,2496006,0
85.95,19,85947499183,2496006,0
85.9525,17,85950022189,2469000,1
85.9525,7,85950022189,2469000,1
85.955,22,85952489189,2496006,0
85.9575,15,85955012195,2496006,0
85.96,19,85957535201,2496006,0
85.9654,6,85962894213,2469000,1
85.9654,2,85962894213,2469000,1
85.9679,5,85965370213,2496006,0
85.9704,7,85967911219,2496006,0
85.9729,6,85970443225,2496006,0
85.9755,15,85972993231,2469000,1
85.9755,19,85972993231,2469000,1
85.978,22,85975460231,2496006,0
85.9805,5,85977992237,2496006,0
85.983,4,85980551243,2496006,0
85.9856,7,85983074249,2496006,0
85.9881,8,85985606255,2469000,1
85.9881,6,85985606255,2469000,1
85.9909,22,85988395261,2496006,0
85.9934,5,85990927267,2496006,0
85.9984,4,85995973279,2469000,1
85.9984,6,85995973279,2469000,1
85.9984,22,85995973279,2469000,1
86.0009,18,85998449279,2496006,0
86.0035,20,86000981285,2469000,1
86.0035,7,86000981285,2469000,1
86.0059,6,86003448285,2496006,0
86.0085,5,86005980291,2496006,0
86.011,5,86008503297,2496006,0
86.0135,15,86011026303,2496006,0
86.0161,22,86013558309,2496006,0
86.0186,5,86016090315,2469000,1
86.0186,19,86016090315,2469000,1
86.0186,15,86016090315,2469000,1
86.021,22,86018557315,2469000,1
86.021,19,86018559315,2469000,1
86.0235,18,86021026315,2496006,0
86.026,18,86023549321,2496006,0
86.0286,6,86026072327,2496006,0
86.0311,6,86028631333,2496006,0
86.0337,5,86031163339,2496006,0
86.0387,6,86036245351,2469000,1
86.0387,7,86036245351,2469000,1
86.0412,4,86038712351,2496006,0
86.0437,5,86041235357,2469000,1
86.0437,12,86041235357,2469000,1
86.0437,18,86041235357,2469000,1
86.0437,7,86041235357,2469000,1
86.0462,11,86043702357,2496006,0
86.0487,15,86046234363,2496006,0
86.0513,22,86048775369,2496006,0
86.0538,15,86051298375,2496006,0
86.0564,22,86053857381,2496006,0
86.0588,11,86056380387,2469000,1
86.0588,19,86056380387,2469000,1
86.0613,4,86058847387,2496006,0
86.0642,18,86061683393,2469000,1
86.0642,11,86061683393,2469000,1
86.0667,4,86064177393,2496006,0
86.0692,11,86066700399,2496006,0
86.0717,15,86069223405,2496006,0
86.0743,4,86071755411,2496006,0
86.0768,6,86074278417,2496006,0
86.0793,22,86076801423,2469000,1
86.0793,15,86076801423,2469000,1
86.0818,4,86079286423,2496006,0
86.0843,6,86081818429,2496006,0
86.0868,11,86084341435,2469000,1
86.0868,5,86084341435,2469000,1
86.0868,18,86084341435,2469000,1
86.0893,15,86086817435,2496006,0
86.0918,6,86089349441,2469000,1
86.0918,15,86089349441,2469000,1
86.0946,4,86092147447,2469000,1
86.0946,19,86092147447,2469000,1
86.0971,22,86094632447,2496006,0
86.0997,15,86097182453,2496006,0
86.1023,22,86099786459,2496006,0
86.1048,22,86102309465,2496006,0
86.1073,6,86104832471,2496006,0
86.1123,15,86109878483,2469000,1
86.1123,10,86109878483,2469000,1
86.1123,11,86109878483,2469000,1
86.1148,22,86112372483,2469000,1
86.1148,20,86112372483,2469000,1
86.1174,4,86114893483,2469000,1
86.1174,6,86114893483,2469000,1
86.1199,3,86117360483,2496006,0
86.1224,5,86119937489,2496006,0
86.125,15,86122460495,2496006,0
86.1275,6,86124992501,2496006,0
86.1325,15,86130056513,2469000,1
86.1325,3,86130056513,2469000,1
86.1325,22,86130056513,2469000,1
86.135,5,86132523513,2496006,0
86.1376,6,86135091519,2496006,0
86.1401,5,86137614525,2496006,0
86.1427,5,86140173531,2496006,0
86.1452,5,86142696537,2496006,0
86.1503,6,86147769549,2496006,0
86.1528,6,86150301555,2496006,0
86.1553,11,86152842561,2469000,1
86.1553,15,86152842561,2469000,1
86.1578,5,86155318561,2496006,0
86.1603,2,86157850567,2496006,0
86.1629,2,86160373573,2496006,0
86.1657,3,86163209579,2496006,0
86.1682,5,86165741585,2496006,0
86.1708,21,86168264591,2496006,0
86.1733,8,86170787597,2496006,0
86.1758,21,86173310603,2469000,1
86.1783,18,86175777603,2496006,0
86.1808,6,86178300609,2496006,0
86.1833,21,86180841615,2496006,0
86.1859,2,86183364621,2496006,0
86.1884,7,86185896627,2469000,1
86.1884,4,86185896627,2469000,1
86.1909,3,86188372627,2496006,0
86.1934,15,86190895633,2469000,1
86.1934,5,86190895633,2469000,1
86.1962,21,86193675639,2496006,0
86.1987,21,86196207645,2496006,0
86.2012,8,86198730651,2469000,1
86.2012,18,86198730651,2469000,1
86.2012,2,86198730651,2469000,1
86.2037,6,86201197651,2469000,1
86.2037,8,86201199651,2469000,1
86.2062,22,86203693651,2469000,1
86.2062,5,86203693651,2469000,1
86.2087,21,86206160651,2496006,0
86.2112,6,86208683657,2496006,0
86.2162,3,86213738669,2469000,1
86.2162,8,86213738669,2469000,1
86.2187,18,86216232669,2496006,0
86.2213,6,86218791675,2496006,0
86.2238,2,86221314681,2469000,1
86.2238,21,86221314681,2469000,1
86.2263,11,86223790681,2496006,0
86.2288,6,86226331687,2496006,0
86.2314,6,86228854693,2496006,0
86.2339,18,86231386699,2496006,0
86.2364,5,86233945705,2496006,0
86.239,3,86236468711,2496006,0
86.2415,3,86238991717,2496006,0
86.244,11,86241523723,2469000,1
86.244,5,86241523723,2469000,1
86.2465,3,86243990723,2496006,0
86.2515,21,86249045735,2469000,1
86.2515,3,86249045735,2469000,1
86.254,18,86251512735,2469000,1
86.254,6,86251512735,2469000,1
86.2564,11,86253979735,2469000,1
86.2564,5,86253979735,2469000,1
86.259,6,86256473735,2496006,0
86.2615,5,86258996741,2496006,0
86.264,18,86261537747,2496006,0
86.2666,3,86264060753,2496006,0
86.2694,5,86266905759,2469000,1
86.2694,6,86266905759,2469000,1
86.2694,18,86266905759,2469000,1
86.2719,2,86269399759,2496006,0
86.2744,6,86271931765,2496006,0
86.277,3,86274454771,2496006,0
86.2795,22,86276986777,2469000,1
86.2795,5,86276986777,2469000,1
86.282,18,86279462777,2496006,0
86.2845,2,86281994783,2469000,1
86.2869,21,86284470783,2469000,1
86.2869,18,86284470783,2469000,1
86.2894,12,86286946783,2496006,0
86.292,6,86289478789,2496006,0
86.2945,3,86292028795,2496006,0
86.2974,20,86294873801,2496006,0
86.2999,2,86297396807,2496006,0
86.3024,3,86299937813,2469000,1
86.3024,20,86299937813,2469000,1
86.3049,6,86302413813,2469000,1
86.3049,7,86302413813,2469000,1
86.3074,2,86304889813,2469000,1
86.3074,8,86304889813,2469000,1
86.3074,12,86304889813,2469000,1
86.3099,2,86307383813,2496006,0
86.3124,4,86309924819,2496006,0
86.3175,6,86314979831,2496006,0
86.32,18,86317502837,2496006,0
86.3225,2,86320025843,2496006,0
86.3251,4,86322557849,2496006,0
86.3276,11,86325080855,2496006,0
86.3301,12,86327603861,2469000,1
86.3301,11,86327603861,2469000,1
86.3325,18,86330070861,2469000,1
86.3325,3,86330070861,2469000,1
86.3351,6,86332555861,2496006,0
86.3376,20,86335087867,2496006,0
86.3401,15,86337610873,2496006,0
86.3426,4,86340133879,2469000,1
86.3426,5,86340133879,2469000,1
86.3451,2,86342609879,2496006,0
86.3476,20,86345150885,2496006,0
86.3502,11,86347673891,2496006,0
86.3527,4,86350205897,2496006,0
86.3552,11,86352728903,2469000,1
86.3552,4,86352728903,2469000,1
86.3577,2,86355195903,2496006,0
86.3602,16,86357718909,2469000,1
86.3602,6,86357718909,2469000,1
86.3602,15,86357718909,2469000,1
86.3627,2,86360185909,2496006,0
86.3652,17,86362708915,2469000,1
86.3652,11,86362708915,2469000,1
86.3677,18,86365175915,2496006,0
86.3705,20,86368029921,2469000,1
86.3705,4,86368029921,2469000,1
86.373,2,86370514921,2496006,0
86.3755,6,86373055927,2469000,1
86.3755,18,86373055927,2469000,1
86.378,2,86375549927,2496006,0
86.3806,11,86378081933,2496006,0
86.3831,18,86380604939,2496006,0
86.3856,3,86383136945,2496006,0
86.3881,20,86385659951,2469000,1
86.3881,11,86385659951,2469000,1
86.3881,18,86385659951,2469000,1
86.3906,2,86388135951,2469000,1
86.3906,12,86388135951,2469000,1
86.3931,3,86390602951,2496006,0
86.3956,15,86393134957,2496006,0
86.3981,15,86395666963,2469000,1
86.4009,4,86398446969,2496006,0
86.4035,20,86400969975,2496006,0
86.406,21,86403528981,2496006,0
86.4085,4,86406051987,2496006,0
86.4111,9,86408583993,2469000,1
86.4111,11,86408583993,2469000,1
86.4135,3,86411050993,2496006,0
86.4161,20,86413582999,2469000,1
86.4161,3,86413582999,2469000,1
86.4186,21,86416085999,2469000,1
86.4186,18,86416085999,2469000,1
86.421,4,86418552999,2496006,0
86.4236,2,86421076005,2496006,0
86.4261,6,86423599011,2496006,0
86.4286,11,86426122017,2496006,0
86.4311,4,86428663023,2469000,1
86.4311,20,86428663023,2469000,1
86.4336,6,86431166023,2469000,1
86.4336,15,86431166023,2469000,1
86.4361,11,86433633023,2469000,1
86.4361,21,86433633023,2469000,1
86.4386,2,86436100023,2496006,0
86.4437,12,86441173035,2496006,0
86.4462,3,86443705041,2469000,1
86.4462,20,86443705041,2469000,1
86.4462,21,86443705041,2469000,1
86.4487,18,86446181041,2469000,1
86.4487,20,86446181041,2469000,1
86.4511,3,86448648041,2496006,0
86.4537,11,86451189047,2469000,1
86.4537,2,86451189047,2469000,1
86.4562,6,86453656047,2496006,0
86.4586,1,86456179053,2469000,1
86.4586,15,86456179053,2469000,1
86.4611,22,86458664053,2469000,1
86.4611,12,86458664053,2469000,1
86.4611,6,86458664053,2469000,1
86.4636,3,86461131053,2496006,0
86.4662,23,86463654059,2496006,0
86.4687,4,86466186065,2496006,0
86.4712,23,86468745071,2496006,0
86.4741,4,86471608077,2496006,0
86.4766,2,86474140083,2496006,0
86.4791,3,86476663089,2469000,1
86.4791,4,86476663089,2469000,1
86.4816,5,86479130089,2496006,0
86.4841,18,86481653095,2496006,0
86.4866,12,86484176101,2469000,1
86.4866,2,86484176101,2469000,1
86.4866,3,86484176101,2469000,1
86.4891,21,86486643101,2496006,0
86.4917,23,86489166107,2496006,0
86.4942,4,86491689113,2496006,0
86.4967,18,86494230119,2496006,0
86.4992,21,86496771125,2469000,1
86.4992,12,86496771125,2469000,1
86.5021,18,86499556003,2496006,0
86.5046,6,86502079009,2496006,0
86.5071,5,86504602015,2469000,1
86.5071,6,86504602015,2469000,1
86.5096,5,86507078015,2496006,0
86.5121,4,86509610021,2496006,0
86.5146,23,86512133027,2496006,0
86.5171,6,86514656033,2469000,1
86.5171,5,86514656033,2469000,1
86.5196,13,86517123033,2496006,0
86.5221,2,86519646039,2496006,0
86.5246,4,86522169045,2469000,1
86.5246,18,86522169045,2469000,1
86.5271,21,86524663045,2469000,1
86.5271,23,86524663045,2469000,1
86.5296,13,86527130045,2496006,0
86.5321,3,86529653051,2469000,1
86.5347,18,86532165051,2496006,0
86.5372,11,86534688057,2469000,1
86.5372,2,86534688057,2469000,1
86.5372,18,86534688057,2469000,1
86.5397,13,86537173057,2496006,0
86.5422,3,86539723063,2496006,0
86.5448,5,86542282069,2496006,0
86.5473,3,86544805075,2469000,1
86.5473,12,86544805075,2469000,1
86.5498,13,86547308075,2469000,1
86.5498,21,86547308075,2469000,1
86.5522,4,86549775075,2469000,1
86.5522,23,86549775075,2469000,1
86.5547,6,86552242075,2469000,1
86.5547,2,86552242075,2469000,1
86.5572,5,86554709075,2496006,0
86.5597,8,86557250081,2496006,0
86.5623,8,86559782087,2496006,0
86.5648,23,86562314093,2496006,0
86.5673,2,86564837099,2496006,0
86.5698,8,86567360105,2469000,1
86.5698,23,86567360105,2469000,1
86.5723,18,86569836105,2469000,1
86.5776,5,86575148111,2496006,0
86.5802,8,86577671117,2496006,0
86.5827,3,86580194123,2496006,0
86.5852,2,86582735129,2496006,0
86.5877,8,86585267135,2469000,1
86.5877,21,86585267135,2469000,1
86.5902,15,86587734135,2496006,0
86.5928,3,86590284141,2496006,0
86.5953,15,86592807147,2496006,0
86.5978,5,86595330153,2496006,0
86.6003,13,86597853159,2469000,1
86.6003,2,86597853159,2469000,1
86.6003,3,86597853159,2469000,1
86.6028,18,86600329159,2469000,1
86.6028,21,86600329159,2469000,1
86.6056,15,86603145165,2496006,0
86.6082,23,86605695171,2496006,0
86.6107,8,86608236177,2469000,1
86.6107,5,86608236177,2469000,1
86.6132,4,86610703177,2469000,1
86.6157,15,86613206177,2496006,0
86.6183,23,86615756183,2496006,0
86.6208,11,86618288189,2496006,0
86.6233,2,86620811195,2496006,0
86.6258,23,86623343201,2469000,1
86.6258,3,86623343201,2469000,1
86.6283,13,86625828201,2469000,1
86.6283,5,86625828201,2469000,1
86.6283,3,86625828201,2469000,1
86.6308,15,86628295201,2496006,0
86.6333,2,86630818207,2496006,0
86.6358,5,86633350213,2496006,0
86.6384,20,86635873219,2496006,0
86.6409,11,86638405225,2496006,0
86.6434,11,86640946231,2496006,0
86.6459,20,86643478237,2469000,1
86.6459,2,86643478237,2469000,1
86.6484,23,86645945237,2469000,1
86.6509,5,86648412237,2496006,0
86.6534,15,86650935243,2496006,0
86.656,18,86653458249,2496006,0
86.6585,10,86655999255,2469000,1
86.6585,15,86655999255,2469000,1
86.661,6,86658502255,2469000,1
86.661,11,86658502255,2469000,1
86.6635,23,86660978255,2496006,0
86.666,18,86663501261,2496006,0
86.6685,8,86666033267,2469000,1
86.6685,5,86666033267,2469000,1
86.671,2,86668500267,2496006,0
86.6735,3,86671023273,2469000,1
86.6735,20,86671023273,2469000,1
86.6735,15,86671023273,2469000,1
86.676,18,86673526273,2496006,0
86.6789,18,86676380279,2496006,0
86.6814,2,86678903285,2469000,1
86.6814,18,86678903285,2469000,1
86.6838,23,86681370285,2469000,1
86.6864,8,86683855285,2496006,0
86.6914,8,86688919297,2496006,0
86.6939,5,86691442303,2496006,0
86.6965,5,86693965309,2496006,0
86.699,19,86696524315,2469000,1
86.699,11,86696524315,2469000,1
86.7015,2,86699009315,2469000,1
86.7015,18,86699009315,2469000,1
86.704,15,86701476315,2496006,0
86.7065,15,86703999321,2496006,0
86.7093,4,86706844327,2496006,0
86.7118,23,86709367333,2469000,1
86.7118,8,86709367333,2469000,1
86.7118,5,86709367333,2469000,1
86.7144,4,86711861333,2496006,0
86.7169,15,86714411339,2469000,1
86.7169,5,86714411339,2469000,1
86.7219,4,86719428345,2496006,0
86.7245,13,86721996351,2496006,0
86.727,5,86724519357,2496006,0
86.7295,4,86727051363,2469000,1
86.7295,8,86727051363,2469000,1
86.7295,15,86727051363,2469000,1
86.732,5,86729545363,2469000,1
86.732,11,86729545363,2469000,1
86.7345,3,86732039363,2496006,0
86.7371,20,86734571369,2496006,0
86.7396,15,86737094375,2496006,0
86.7421,3,86739617381,2496006,0
86.7446,13,86742140387,2496006,0
86.7471,20,86744663393,2469000,1
86.7497,3,86747166393,2496006,0
86.7522,13,86749689399,2469000,1
86.7522,5,86749689399,2469000,1
86.7547,12,86752156399,2496006,0
86.7572,18,86754688405,2496006,0
86.7597,15,86757220411,2496006,0
86.7622,3,86759743417,2496006,0
86.7648,12,86762266423,2496006,0
86.7673,2,86764789429,2496006,0
86.7698,18,86767330435,2469000,1
86.7698,4,86767330435,2469000,1
86.7723,2,86769797435,2496006,0
86.7748,6,86772329441,2496006,0
86.7773,15,86774852447,2496006,0
86.7802,12,86777688453,2496006,0
86.7827,2,86780220459,2469000,1
86.7827,20,86780220459,2469000,1
86.7852,3,86782687459,2496006,0
86.7877,23,86785219465,2469000,1
86.7877,20,86785219465,2469000,1
86.7902,6,86787686465,2496006,0
86.7927,15,86790227471,2496006,0
86.7952,13,86792750477,2496006,0
86.7978,2,86795291483,2469000,1
86.7978,3,86795291483,2469000,1
86.8003,15,86797758483,2496006,0
86.8028,12,86800281489,2469000,1
86.8028,2,86800281489,2469000,1
86.8052,13,86802748489,2469000,1
86.8052,15,86802748489,2469000,1
86.8077,6,86805233489,2496006,0
86.8106,18,86808069495,2496006,0
86.8131,11,86810610501,2496006,0
86.8156,8,86813133507,2469000,1
86.8156,18,86813133507,2469000,1
86.8181,20,86815618507,2496006,0
86.8206,6,86818150513,2496006,0
86.8231,5,86820673519,2469000,1
86.8231,20,86820673519,2469000,1
86.8256,13,86823140519,2496006,0
86.8282,18,86825681525,2469000,1
86.8306,15,86828148525,2469000,1
86.8306,11,86828148525,2469000,1
86.8357,4,86833165531,2496006,0
86.8382,14,86835688537,2469000,1
86.8382,3,86835688537,2469000,1
86.8382,6,86835688537,2469000,1
86.8406,1,86838164537,2469000,1
86.8406,20,86838164537,2469000,1
86.8406,13,86838164537,2469000,1
86.8431,15,86840631537,2496006,0
86.8457,12,86843172543,2496006,0
86.8482,6,86845695549,2496006,0
86.8507,4,86848218555,2496006,0
86.8532,4,86850741561,2496006,0
86.8558,15,86853282567,2496006,0
86.8583,14,86855805573,2469000,1
86.8583,15,86855805573,2469000,1
86.8608,12,86858299573,2469000,1
86.8608,18,86858299573,2469000,1
86.8633,12,86860768573,2496006,0
86.8658,4,86863309579,2496006,0
86.8683,6,86865832585,2496006,0
86.8708,12,86868355591,2469000,1
86.8708,5,86868355591,2469000,1
86.8733,23,86870822591,2496006,0
86.8758,11,86873345597,2496006,0
86.8809,11,86878400609,2496006,0
86.8837,13,86881245615,2496006,0
86.8862,23,86883768621,2469000,1
86.8862,8,86883768621,2469000,1
86.8887,4,86886235621,2496006,0
86.8913,13,86888758627,2496006,0
86.8938,4,86891281633,2496006,0
86.8963,15,86893813639,2469000,1
86.8963,6,86893813639,2469000,1
86.8987,14,86896280639,2469000,1
86.8987,11,86896280639,2469000,1
86.8987,13,86896280639,2469000,1
86.9012,11,86898749639,2496006,0
86.9038,4,86901290645,2469000,1
86.9038,3,86901290645,2469000,1
86.9038,12,86901290645,2469000,1
86.9063,11,86903775645,2496006,0
86.9088,22,86906325651,2496006,0
86.9117,11,86909161657,2496006,0
86.9142,6,86911684663,2469000,1
86.9142,22,86911684663,2469000,1
86.9167,13,86914160663,2496006,0
86.9192,20,86916683669,2496006,0
86.9217,11,86919215675,2496006,0
86.9242,23,86921747681,2496006,0
86.9293,11,86926811693,2469000,1
86.9293,13,86926811693,2469000,1
86.9318,11,86929287693,2496006,0
86.9343,20,86931810699,2496006,0
86.9368,2,86934333705,2496006,0
86.9394,4,86936856711,2496006,0
86.9418,23,86939379717,2469000,1
86.9418,14,86939379717,2469000,1
86.9418,20,86939379717,2469000,1
86.9443,5,86941846717,2496006,0
86.9468,2,86944378723,2469000,1
86.9468,23,86944378723,2469000,1
86.9493,7,86946845723,2469000,1
86.9493,13,86946845723,2469000,1
86.9518,22,86949312723,2496006,0
86.9543,18,86951844729,2496006,0
86.9568,6,86954376735,2469000,1
86.9568,11,86954376735,2469000,1
86.9593,20,86956843735,2496006,0
86.9618,22,86959375741,2469000,1
86.9618,4,86959375741,2469000,1
86.9618,20,86959375741,2469000,1
86.9643,14,86961842741,2496006,0
86.9668,5,86964365747,2469000,1
86.9668,2,86964365747,2469000,1
86.9668,22,86964365747,2469000,1
86.9693,11,86966832747,2496006,0
86.9719,18,86969355753,2496006,0
86.9744,20,86971878759,2496006,0
86.9769,14,86974401765,2469000,1
86.9769,23,86974401765,2469000,1
86.9769,4,86974401765,2469000,1
86.9794,14,86976895765,2496006,0
86.9819,15,86979445771,2496006,0
86.9844,18,86981977777,2469000,1
86.9844,12,86981977777,2469000,1
86.9897,11,86987280789,2469000,1
86.9897,15,86987280789,2469000,1
86.9922,20,86989747789,2496006,0
86.9948,14,86992270795,2496006,0
86.9973,13,86994802801,2469000,1
86.9973,14,86994802801,2469000,1
86.9998,5,86997287801,2496006,0
87.0024,20,86999864807,2496006,0
87.0049,11,87002405813,2496006,0
87.0074,11,87004937819,2496006,0
87.01,11,87007469825,2496006,0
87.0125,15,87009992831,2496006,0
87.0153,5,87012828837,2496006,0
87.0179,11,87015360843,2496006,0
87.0204,18,87017883849,2496006,0
87.0229,4,87020406855,2496006,0
87.0254,1,87022938861,2469000,1
87.0254,20,87022938861,2469000,1
87.0279,14,87025423861,2496006,0
87.0304,22,87027946867,2496006,0
87.033,22,87030469873,2496006,0
87.0355,2,87033001879,2496006,0
87.038,14,87035524885,2469000,1
87.038,6,87035524885,2469000,1
87.038,5,87035524885,2469000,1
87.0405,15,87037991885,2469000,1
87.0405,11,87037991885,2469000,1
87.0405,4,87037991885,2469000,1
87.043,1,87040467885,2496006,0
87.0455,5,87042990891,2496006,0
87.048,18,87045513897,2469000,1
87.048,5,87045513897,2469000,1
87.0505,22,87048007897,2496006,0
87.053,5,87050530903,2496006,0
87.0555,1,87053053909,2496006,0
87.0581,2,87055585915,2496006,0
87.0606,14,87058108921,2496006,0
87.0631,11,87060640927,2496006,0
87.0657,5,87063163933,2496006,0
87.0682,2,87065686939,2496006,0
87.0707,5,87068227945,2496006,0
87.0732,14,87070750951,2469000,1
87.0732,1,87070750951,2469000,1
87.0732,20,87070750951,2469000,1
87.0732,15,87070750951,2469000,1
87.0732,22,87070750951,2469000,1
87.0757,1,87073219951,2496006,0
87.0782,4,87075742957,2496006,0
87.0808,11,87078265963,2496006,0
87.0833,14,87080788969,2469000,1
87.0833,11,87080788969,2469000,1
87.0858,13,87083264969,2496006,0
87.0886,3,87086100975,2496006,0
87.0911,11,87088623981,2496006,0
87.0937,2,87091155987,2496006,0
87.0962,18,87093687993,2496006,0
87.0987,1,87096210999,2469000,1
87.0987,5,87096210999,2469000,1
87.1012,1,87098679999,2496006,0
87.1037,18,87101212005,2496006,0
87.1062,18,87103735011,2496006,0
87.1088,4,87106258017,2496006,0
87.1113,11,87108781023,2469000,1
87.1113,8,87108781023,2469000,1
87.1137,1,87111248023,2469000,1
87.1137,13,87111248023,2469000,1
87.1165,2,87114037029,2469000,1
87.1165,3,87114037029,2469000,1
87.1165,4,87114037029,2469000,1
87.119,20,87116504029,2496006,0
87.1215,22,87119027035,2496006,0
87.124,23,87121550041,2469000,1
87.124,14,87121550041,2469000,1
87.124,4,87121550041,2469000,1
87.1265,1,87124017041,2469000,1
87.129,22,87126484041,2496006,0
87.1315,14,87129007047,2496006,0
87.134,11,87131530053,2496006,0
87.1365,18,87134053059,2496006,0
87.139,5,87136576065,2469000,1
87.139,3,87136576065,2469000,1
87.139,22,87136576065,2469000,1
87.1415,18,87139043065,2496006,0
87.1441,13,87141566071,2496006,0
87.1466,15,87144107077,2496006,0
87.1491,14,87146639083,2469000,1
87.1491,12,87146639083,2469000,1
87.1491,20,87146639083,2469000,1
87.1517,11,87149160083,2496006,0
87.1542,18,87151683089,2469000,1
87.1542,11,87151683089,2469000,1
87.1566,15,87154150089,2496006,0
87.1592,13,87156673095,2496006,0
87.1617,2,87159205101,2496006,0
87.1642,15,87161737107,2496006,0
87.1667,13,87164269113,2469000,1
87.1667,22,87164269113,2469000,1
87.1692,20,87166745113,2496006,0
87.1718,2,87169268119,2496006,0
87.1743,18,87171800125,2496006,0
87.1768,1,87174323131,2496006,0
87.1793,4,87176855137,2469000,1
87.1793,3,87176855137,2469000,1
87.1818,14,87179322137,2469000,1
87.1818,15,87179322137,2469000,1
87.1843,5,87181807137,2469000,1
87.1843,22,87181807137,2469000,1
87.1868,1,87184292137,2469000,1
87.1868,15,87184292137,2469000,1
87.1893,18,87186759137,2496006,0
87.1921,20,87189595143,2469000,1
87.1921,2,87189595143,2469000,1
87.1946,11,87192062143,2496006,0
87.1971,14,87194594149,2496006,0
87.1996,3,87197144155,2496006,0
87.2047,5,87202199167,2469000,1
87.2047,18,87202199167,2469000,1
87.2072,3,87204666167,2496006,0
87.2097,11,87207207173,2469000,1
87.2097,13,87207207173,2469000,1
87.2097,18,87207207173,2469000,1
87.2122,14,87209674173,2496006,0
87.2147,2,87212206179,2496006,0
87.2172,3,87214738185,2469000,1
87.2172,11,87214738185,2469000,1
87.22,13,87217518191,2496006,0
87.2225,4,87220059197,2469000,1
87.2225,13,87220059197,2469000,1
87.225,2,87222571197,2469000,1
87.225,3,87222571197,2469000,1
87.2275,1,87225038197,2469000,1
87.2275,14,87225038197,2469000,1
87.23,20,87227514197,2496006,0
87.2326,18,87230055203,2496006,0
87.2351,20,87232587209,2469000,1
87.2351,13,87232587209,2469000,1
87.2376,15,87235063209,2496006,0
87.2401,14,87237631215,2496006,0
87.2427,14,87240163221,2496006,0
87.2452,18,87242686227,2496006,0
87.2477,18,87245218233,2496006,0
87.2502,15,87247741239,2496006,0
87.2528,14,87250291245,2496006,0
87.2553,18,87252823251,2469000,1
87.2553,14,87252823251,2469000,1
87.2578,2,87255290251,2496006,0
87.2603,20,87257813257,2496006,0
87.2628,14,87260336263,2496006,0
87.2653,15,87262859269,2469000,1
87.2653,22,87262859269,2469000,1
87.2678,18,87265344269,2496006,0
87.2704,18,87267876275,2496006,0
87.2729,20,87270408281,2469000,1
87.2729,11,87270408281,2469000,1
87.2729,1,87270408281,2469000,1
87.2729,18,87270408281,2469000,1
87.2754,21,87272884281,2496006,0
87.2779,14,87275416287,2496006,0
87.2804,2,87277939293,2496006,0
87.2829,15,87280462299,2469000,1
87.2829,2,87280462299,2469000,1
87.2854,23,87282938299,2496006,0
87.288,2,87285497305,2496006,0
87.2905,21,87288029311,2469000,1
87.2905,17,87288029311,2469000,1
87.2933,18,87290809317,2496006,0
87.2958,23,87293332323,2469000,1
87.2958,21,87293332323,2469000,1
87.2983,15,87295799323,2496006,0
87.3008,2,87298322329,2469000,1
87.3008,14,87298322329,2469000,1
87.3033,3,87300825329,2496006,0
87.3058,13,87303348335,2469000,1
87.3058,18,87303348335,2469000,1
87.3083,15,87305815335,2496006,0
87.3108,22,87308338341,2469000,1
87.3108,20,87308338341,2469000,1
87.3108,18,87308338341,2469000,1
87.3133,12,87310805341,2469000,1
87.3133,17,87310805341,2469000,1
87.3133,3,87310805341,2469000,1
87.3158,5,87313272341,2496006,0
87.3183,2,87315822347,2469000,1
87.3183,3,87315822347,2469000,1
87.3208,21,87318325347,2469000,1
87.3236,15,87321105353,2496006,0
87.3261,5,87323628359,2496006,0
87.3287,20,87326160365,2496006,0
87.3312,2,87328701371,2496006,0
87.3337,5,87331224377,2496006,0
87.3362,15,87333747383,2496006,0
87.3387,23,87336279389,2469000,1
87.3387,14,87336279389,2469000,1
87.3413,20,87338755389,2496006,0
87.3437,15,87341278395,2469000,1
87.3437,23,87341278395,2469000,1
87.3462,18,87343745395,2496006,0
87.3487,5,87346268401,2469000,1
87.3487,7,87346268401,2469000,1
87.3487,20,87346268401,2469000,1
87.3512,2,87348735401,2496006,0
87.3538,1,87351267407,2496006,0
87.3563,17,87353790413,2496006,0
87.3588,2,87356340419,2469000,1
87.3588,15,87356340419,2469000,1
87.3613,17,87358825419,2496006,0
87.3638,6,87361357425,2469000,1
87.3638,18,87361357425,2469000,1
87.3663,17,87363833425,2496006,0
87.3689,1,87366356431,2496006,0
87.3714,5,87368879437,2496006,0
87.3739,20,87371411443,2496006,0
87.3764,17,87373943449,2469000,1
87.3764,20,87373943449,2469000,1
87.3789,2,87376410449,2496006,0
87.3814,3,87378933455,2496006,0
87.3865,20,87383979467,2496006,0
87.389,2,87386529473,2469000,1
87.389,20,87386529473,2469000,1
87.3915,14,87388996473,2469000,1
87.3915,1,87388996473,2469000,1
87.3939,3,87391463473,2469000,1
87.3939,17,87391463473,2469000,1
87.3967,5,87394252479,2496006,0
87.3993,21,87396820485,2496006,0
87.4018,21,87399343491,2496006,0
87.4044,18,87401875497,2496006,0
87.4069,20,87404407503,2496006,0
87.4095,5,87406966509,2496006,0
87.412,21,87409516515,2469000,1
87.412,5,87409516515,2469000,1
87.4145,10,87411983515,2496006,0
87.417,1,87414506521,2496006,0
87.4195,18,87417029527,2469000,1
87.4195,5,87417029527,2469000,1
87.422,15,87419496527,2469000,1
87.422,3,87419496527,2469000,1
87.4248,11,87422276533,2496006,0
87.4273,11,87424799539,2496006,0
87.4298,20,87427322545,2469000,1
87.4298,2,87427322545,2469000,1
87.4323,21,87429798545,2496006,0
87.4348,18,87432339551,2496006,0
87.4374,17,87434871557,2496006,0
87.4424,10,87439926569,2496006,0
87.4449,21,87442449575,2469000,1
87.4449,23,87442449575,2469000,1
87.4449,1,87442449575,2469000,1
87.4449,11,87442449575,2469000,1
87.4474,17,87444934575,2496006,0
87.4499,18,87447466581,2469000,1
87.4499,13,87447466581,2469000,1
87.4524,20,87449933581,2469000,1
87.4524,2,87449933581,2469000,1
87.4549,14,87452427581,2469000,1
87.4549,18,87452427581,2469000,1
87.4574,10,87454930581,2496006,0
87.4599,1,87457471587,2469000,1
87.4599,11,87457471587,2469000,1
87.4599,17,87457471587,2469000,1
87.4624,21,87459938587,2496006,0
87.465,5,87462497593,2496006,0
87.4675,10,87465029599,2496006,0
87.47,19,87467552605,2496006,0
87.4726,20,87470093611,2469000,1
87.4726,10,87470093611,2469000,1
87.4726,19,87470093611,2469000,1
87.4751,5,87472596611,2469000,1
87.4751,21,87472596611,2469000,1
87.4751,18,87472596611,2469000,1
87.4776,5,87475081611,2469000,1
87.4801,19,87477557611,2496006,0
87.4826,11,87480080617,2496006,0
87.4851,17,87482639623,2496006,0
87.4877,19,87485180629,2496006,0
87.4902,3,87487703635,2496006,0
87.4927,1,87490226641,2469000,1
87.4927,21,87490226641,2469000,1
87.4952,19,87492720641,2496006,0
87.4981,11,87495565647,2496006,0
87.5006,10,87498088653,2496006,0
87.5031,3,87500611659,2496006,0
87.5056,19,87503152665,2469000,1
87.5056,17,87503152665,2469000,1
87.5081,10,87505619665,2469000,1
87.5081,15,87505619665,2469000,1
87.5081,3,87505619665,2469000,1
87.5106,11,87508086665,2496006,0
87.5131,17,87510636671,2469000,1
87.5131,11,87510636671,2469000,1
87.5156,4,87513112671,2469000,1
87.5156,2,87513112671,2469000,1
87.5156,21,87513112671,2469000,1
87.5181,18,87515579671,2496006,0
87.5206,17,87518111677,2496006,0
87.5231,18,87520643683,2496006,0
87.5257,19,87523166689,2496006,0
87.5285,5,87526047695,2496006,0
87.5311,19,87528579701,2496006,0
87.5336,4,87531120707,2496006,0
87.5361,17,87533643713,2496006,0
87.5386,19,87536166719,2469000,1
87.5386,10,87536166719,2469000,1
87.5411,3,87538633719,2469000,1
87.5411,18,87538633719,2469000,1
87.5436,17,87541100719,2496006,0
87.5461,5,87543632725,2496006,0
87.5512,17,87548705737,2496006,0
87.5537,11,87551228743,2496006,0
87.5563,21,87553760749,2496006,0
87.5588,5,87556283755,2496006,0
87.5613,4,87558806761,2469000,1
87.5613,10,87558806761,2469000,1
87.5638,19,87561273761,2496006,0
87.5663,19,87563796767,2496006,0
87.5688,5,87566319773,2496006,0
87.5713,12,87568842779,2496006,0
87.5739,4,87571365785,2496006,0
87.5764,19,87573888791,2496006,0
87.5789,21,87576411797,2469000,1
87.5789,12,87576411797,2469000,1
87.5814,5,87578887797,2496006,0
87.5839,18,87581410803,2469000,1
87.5839,17,87581410803,2469000,1
87.5864,6,87583877803,2496006,0
87.5889,11,87586400809,2496006,0
87.5914,12,87588923815,2496006,0
87.5939,1,87591446821,2469000,1
87.5939,3,87591446821,2469000,1
87.5939,6,87591446821,2469000,1
87.5964,21,87593922821,2496006,0
87.5993,5,87596767827,2496006,0
87.6018,4,87599290833,2469000,1
87.6018,18,87599290833,2469000,1
87.6018,5,87599290833,2469000,1
87.6042,20,87601766833,2469000,1
87.6042,19,87601766833,2469000,1
87.6067,15,87604233833,2496006,0
87.6092,5,87606765839,2469000,1
87.6092,15,87606765839,2469000,1
87.6117,23,87609232839,2469000,1
87.6117,11,87609232839,2469000,1
87.6117,12,87609232839,2469000,1
87.6142,21,87611717839,2496006,0
87.6167,1,87614240845,2496006,0
87.6193,1,87616772851,2496006,0
87.6218,8,87619313857,2496006,0
87.6243,17,87621845863,2496006,0
87.6269,8,87624386869,2469000,1
87.6269,11,87624386869,2469000,1
87.6296,21,87627166875,2469000,1
87.6296,15,87627166875,2469000,1
87.6321,19,87629633875,2496006,0
87.6346,4,87632156881,2469000,1
87.6346,11,87632156881,2469000,1
87.6371,18,87634623881,2496006,0
87.6396,1,87637146887,2496006,0
87.6421,17,87639669893,2469000,1
87.6421,6,87639669893,2469000,1
87.6446,19,87642136893,2469000,1
87.6446,11,87642136893,2469000,1
87.6471,16,87644648893,2469000,1
87.6471,21,87644648893,2469000,1
87.6496,12,87647115893,2469000,1
87.6496,8,87647115893,2469000,1
87.6521,1,87649591893,2496006,0
87.6546,18,87652114899,2469000,1
87.6546,1,87652114899,2469000,1
87.6596,19,87657140905,2496006,0
87.6622,13,87659699911,2469000,1
87.6622,16,87659699911,2469000,1
87.6647,15,87662166911,2496006,0
87.6672,3,87664689917,2496006,0
87.6697,19,87667221923,2496006,0
87.6722,5,87669744929,2496006,0
87.6748,19,87672267935,2496006,0
87.6773,17,87674799941,2469000,1
87.6773,19,87674799941,2469000,1
87.6798,5,87677266941,2496006,0
87.6823,20,87679789947,2469000,1
87.6823,4,87679789947,2469000,1
87.6848,16,87682256947,2496006,0
87.6873,16,87684779953,2496006,0
87.6898,18,87687302959,2496006,0
87.6923,16,87689825965,2496006,0
87.6948,8,87692357971,2469000,1
87.6948,18,87692357971,2469000,1
87.6973,1,87694824971,2469000,1
87.6973,15,87694824971,2469000,1
87.6998,3,87697291971,2496006,0
87.7026,12,87700127977,2496006,0
87.7051,5,87702650983,2496006,0
87.7077,2,87705173989,2496006,0
87.7102,12,87707705995,2496006,0
87.7128,1,87710256001,2496006,0
87.7153,16,87712788007,2496006,0
87.7178,2,87715320013,2469000,1
87.7178,21,87715320013,2469000,1
87.7203,6,87717787013,2469000,1
87.7203,3,87717787013,2469000,1
87.7203,2,87717789013,2469000,1
87.7252,1,87722779019,2469000,1
87.7252,5,87722779019,2469000,1
87.7277,12,87725255019,2469000,1
87.7277,19,87725255019,2469000,1
87.7277,15,87725255019,2469000,1
87.7302,15,87727724019,2496006,0
87.7331,16,87730560025,2496006,0
87.7356,1,87733083031,2469000,1
87.7356,12,87733083031,2469000,1
87.738,2,87735550031,2496006,0
87.7406,18,87738091037,2496006,0
87.7431,15,87740623043,2496006,0
87.7456,14,87743146049,2496006,0
87.7482,2,87745669055,2496006,0
87.7507,16,87748192061,2496006,0
87.7532,16,87750715067,2496006,0
87.7557,10,87753238073,2496006,0
87.7583,5,87755779079,2496006,0
87.7608,5,87758302085,2496006,0
87.7633,15,87760825091,2496006,0
87.7658,14,87763348097,2496006,0
87.7683,10,87765880103,2469000,1
87.7683,17,87765880103,2469000,1
87.7683,18,87765880103,2469000,1
87.7708,8,87768374103,2469000,1
87.7708,3,87768374103,2469000,1
87.7708,2,87768374103,2469000,1
87.7733,16,87770841103,2496006,0
87.7759,10,87773364109,2496006,0
87.7784,5,87775905115,2469000,1
87.7784,2,87775905115,2469000,1
87.7809,15,87778372115,2496006,0
87.7834,14,87780904121,2496006,0
87.7859,5,87783427127,2496006,0
87.7884,12,87785950133,2496006,0
87.791,9,87788482139,2469000,1
87.791,10,87788482139,2469000,1
87.7935,2,87790958139,2496006,0
87.796,12,87793490145,2469000,1
87.796,1,87793490145,2469000,1
87.796,18,87793490145,2469000,1
87.7984,14,87795957145,2469000,1
87.7984,16,87795957145,2469000,1
87.8009,15,87798424145,2496006,0
87.8034,2,87800947151,2469000,1
87.8034,5,87800947151,2469000,1
87.8062,4,87803745157,2469000,1
87.8062,9,87803745157,2469000,1
87.8087,15,87806212157,2496006,0
87.8112,10,87808744163,2469000,1
87.8112,5,87808744163,2469000,1
87.8137,16,87811220163,2496006,0
87.8162,2,87813743169,2496006,0
87.8188,19,87816311175,2496006,0
87.8213,16,87818834181,2496006,0
87.8239,14,87821357187,2496006,0
87.8264,12,87823880193,2496006,0
87.8289,2,87826403199,2469000,1
87.8289,19,87826403199,2469000,1
87.8314,15,87828870199,2496006,0
87.8342,3,87831715205,2496006,0
87.8367,19,87834238211,2496006,0
87.8393,9,87836761217,2496006,0
87.8418,2,87839284223,2496006,0
87.8443,16,87841807229,2496006,0
87.8468,3,87844330235,2469000,1
87.8468,15,87844330235,2469000,1
87.8468,10,87844330235,2469000,1
87.8493,12,87846806235,2469000,1
87.8493,2,87846806235,2469000,1
87.8518,14,87849273235,2496006,0
87.8543,16,87851796241,2469000,1
87.8543,15,87851796241,2469000,1
87.8568,19,87854263241,2496006,0
87.8593,2,87856795247,2496006,0
87.8618,9,87859318253,2469000,1
87.8618,3,87859318253,2469000,1
87.8643,14,87861785253,2496006,0
87.8668,19,87864353259,2469000,1
87.8668,21,87864353259,2469000,1
87.8668,2,87864353259,2469000,1
87.8693,14,87866820259,2496006,0
87.8718,16,87869352265,2496006,0
87.8744,16,87871902271,2496006,0
87.8769,14,87874425277,2469000,1
87.8769,19,87874425277,2469000,1
87.8794,11,87876937277,2469000,1
87.8794,6,87876937277,2469000,1
87.8794,5,87876937277,2469000,1
87.8794,9,87876937277,2469000,1
87.8819,18,87879404277,2496006,0
87.8844,23,87881936283,2496006,0
87.887,16,87884459289,2496006,0
87.8895,12,87886982295,2496006,0
87.892,12,87889514301,2496006,0
87.8946,2,87892064307,2496006,0
87.8971,2,87894596313,2496006,0
87.8996,12,87897119319,2496006,0
87.9021,15,87899642325,2469000,1
87.9021,18,87899642325,2469000,1
87.9021,12,87899642325,2469000,1
87.9046,10,87902109325,2496006,0
87.9074,23,87904945331,2496006,0
87.9099,14,87907477337,2469000,1
87.9099,16,87907477337,2469000,1
87.9099,10,87907477337,2469000,1
87.9125,2,87909998337,2469000,1
87.9125,18,87909998337,2469000,1
87.9149,1,87912465337,2469000,1
87.9149,23,87912465337,2469000,1
87.9174,17,87914932337,2496006,0
87.92,12,87917455343,2496006,0
87.9225,5,87919978349,2496006,0
87.925,3,87922537355,2496006,0
87.9276,17,87925069361,2496006,0
87.9301,12,87927592367,2469000,1
87.9301,2,87927592367,2469000,1
87.9325,10,87930059367,2469000,1
87.9325,3,87930059367,2469000,1
87.935,23,87932526367,2469000,1
87.935,2,87932526367,2469000,1
87.9378,17,87935315373,2469000,1
87.9378,16,87935315373,2469000,1
87.9403,5,87937791373,2496006,0
87.9454,9,87942864385,2496006,0
87.9479,19,87945387391,2496006,0
87.9504,22,87947910397,2496006,0
87.9529,22,87950442403,2496006,0
87.9555,13,87952992409,2469000,1
87.9555,14,87952992409,2469000,1
87.9555,12,87952992409,2469000,1
87.958,3,87955459409,2496006,0
87.9605,5,87957991415,2496006,0
87.963,19,87960523421,2496006,0
87.9655,3,87963055427,2469000,1
87.9655,9,87963055427,2469000,1
87.968,4,87965522427,2496006,0
87.9705,19,87968045433,2496006,0
87.9731,3,87970568439,2496006,0
87.9756,22,87973100445,2469000,1
87.9756,3,87973100445,2469000,1
87.9781,5,87975567445,2496006,0
87.9806,17,87978099451,2496006,0
87.9831,22,87980640457,2469000,1
87.9831,3,87980640457,2469000,1
87.9831,17,87980640457,2469000,1
87.9856,4,87983116457,2469000,1
87.9856,14,87983116457,2469000,1
87.9881,23,87985592457,2469000,1
87.9881,4,87985592457,2469000,1
87.9906,19,87988068457,2496006,0
87.9931,10,87990618463,2496006,0
87.9956,5,87993141469,2496006,0
87.9982,19,87995664475,2496006,0
88.0007,17,87998187481,2469000,1
88.0007,10,87998187481,2469000,1
88.0007,5,87998187481,2469000,1
88.0032,18,88000663481,2496006,0
88.0057,9,88003204487,2469000,1
88.0057,10,88003204487,2469000,1
88.011,5,88008534493,2496006,0
88.0136,16,88011057499,2496006,0
88.0161,18,88013580505,2496006,0
88.0186,19,88016121511,2496006,0
88.0212,10,88018671517,2496006,0
88.0237,16,88021194523,2496006,0
88.0262,23,88023717529,2496006,0
88.0287,18,88026240535,2469000,1
88.0287,23,88026240535,2469000,1
88.0312,16,88028725535,2469000,1
88.0312,5,88028725535,2469000,1
88.0337,18,88031192535,2496006,0
88.0362,10,88033715541,2469000,1
88.0362,16,88033715541,2469000,1
88.039,19,88036495547,2469000,1
88.039,14,88036495547,2469000,1
88.039,10,88036495547,2469000,1
88.0415,12,88038962547,2496006,0
88.044,22,88041485553,2469000,1
88.044,23,88041485553,2469000,1
88.044,18,88041485553,2469000,1
88.0465,18,88043954553,2496006,0
88.049,19,88046477559,2496006,0
88.0515,12,88049027565,2496006,0
88.0541,15,88051559571,2496006,0
88.0566,12,88054100577,2496006,0
88.0591,19,88056623583,2469000,1
88.0591,3,88056623583,2469000,1
88.0591,15,88056623583,2469000,1
88.0616,5,88059099583,2496006,0
88.0641,4,88061622589,2496006,0
88.0666,18,88064145595,2469000,1
88.0666,19,88064145595,2469000,1
88.0666,15,88064145595,2469000,1
88.0691,5,88066621595,2496006,0
88.0742,5,88071694607,2469000,1
88.0742,6,88071694607,2469000,1
88.0767,12,88074188607,2496006,0
88.0792,9,88076711613,2496006,0
88.0817,17,88079234619,2496006,0
88.0843,4,88081757625,2496006,0
88.0868,17,88084298631,2496006,0
88.0893,2,88086821637,2469000,1
88.0893,18,88086821637,2469000,1
88.0893,5,88086821637,2469000,1
88.0918,17,88089288637,2496006,0
88.0943,10,88091847643,2496006,0
88.0968,4,88094370649,2469000,1
88.0968,23,88094370649,2469000,1
88.0968,9,88094370649,2469000,1
88.0993,17,88096837649,2496006,0
88.1019,12,88099360655,2496006,0
88.1044,17,88101883661,2496006,0
88.1069,12,88104433667,2496006,0
88.1095,19,88106956673,2496006,0
88.1123,16,88109801679,2496006,0
88.1148,10,88112324685,2496006,0
88.1173,1,88114847691,2496006,0
88.1199,16,88117370697,2496006,0
88.1224,12,88119893703,2496006,0
88.1249,16,88122425709,2496006,0
88.1274,10,88124948715,2496006,0
88.13,8,88127471721,2496006,0
88.1325,4,88129994727,2469000,1
88.1325,17,88129994727,2469000,1
88.135,9,88132461727,2496006,0
88.1375,19,88134984733,2469000,1
88.1375,10,88134984733,2469000,1
88.1399,16,88137451733,2469000,1
88.1399,15,88137451733,2469000,1
88.1399,2,88137451733,2469000,1
88.1427,2,88140240739,2496006,0
88.1452,19,88142763745,2469000,1
88.1452,2,88142763745,2469000,1
88.1502,5,88147753751,2469000,1
88.1502,1,88147753751,2469000,1
88.1527,21,88150220751,2469000,1
88.1527,12,88150220751,2469000,1
88.1527,8,88150220751,2469000,1
88.1527,9,88150220751,2469000,1
88.1552,12,88152689751,2496006,0
88.1577,17,88155221757,2496006,0
88.1603,4,88157771763,2496006,0
88.1628,8,88160312769,2496006,0
88.1653,16,88162835775,2496006,0
88.1679,12,88165367781,2496006,0
88.1704,2,88167890787,2496006,0
88.1729,17,88170422793,2496006,0
88.1755,16,88172954799,2496006,0
88.1779,12,88175477805,2469000,1
88.1779,8,88175477805,2469000,1
88.1804,18,88177944805,2496006,0
88.1829,2,88180467811,2469000,1
88.1829,16,88180467811,2469000,1
88.1829,18,88180467811,2469000,1
88.1854,4,88182934811,2496006,0
88.1879,10,88185466817,2469000,1
88.1879,9,88185466817,2469000,1
88.1904,8,88187942817,2496006,0
88.193,4,88190465823,2496006,0
88.1955,18,88193006829,2469000,1
88.1955,10,88193006829,2469000,1
88.198,1,88195473829,2496006,0
88.2005,17,88197996835,2496006,0
88.203,16,88200537841,2496006,0
88.2056,12,88203069847,2496006,0
88.2081,22,88205592853,2469000,1
88.2081,9,88205592853,2469000,1
88.2105,19,88208068853,2469000,1
88.2105,8,88208068853,2469000,1
88.2105,4,88208068853,2469000,1
88.213,10,88210535853,2496006,0
88.2159,1,88213371859,2496006,0
88.2184,17,88215903865,2469000,1
88.2184,2,88215903865,2469000,1
88.2209,10,88218370865,2496006,0
88.2234,12,88220902871,2496006,0
88.2259,12,88223434877,2496006,0
88.231,16,88228480889,2496006,0
88.2335,10,88231021895,2469000,1
88.2335,9,88231021895,2469000,1
88.236,1,88233497895,2496006,0
88.2385,12,88236038901,2469000,1
88.2385,14,88236038901,2469000,1
88.241,1,88238514901,2469000,1
88.241,12,88238514901,2469000,1
88.2438,20,88241294907,2469000,1
88.2438,3,88241294907,2469000,1
88.2463,4,88243761907,2496006,0
88.2488,16,88246293913,2496006,0
88.2513,19,88248825919,2469000,1
88.2513,8,88248825919,2469000,1
88.2538,12,88251310919,2496006,0
88.2563,5,88253851925,2496006,0
88.2588,4,88256374931,2469000,1
88.2588,1,88256374931,2469000,1
88.2588,16,88256374931,2469000,1
88.2613,17,88258841931,2496006,0
88.2639,4,88261391937,2496006,0
88.2664,12,88263914943,2469000,1
88.2664,4,88263914943,2469000,1
88.2689,17,88266381943,2469000,1
88.2689,10,88266381943,2469000,1
88.2689,5,88266381943,2469000,1
88.2714,16,88268884943,2469000,1
88.2714,10,88268884943,2469000,1
88.2739,18,88271387943,2496006,0
88.2764,18,88273910949,2496006,0
88.2789,16,88276442955,2496006,0
88.2815,12,88278965961,2496006,0
88.284,18,88281506967,2469000,1
88.284,23,88281506967,2469000,1
88.2864,4,88283973967,2469000,1
88.2864,12,88283973967,2469000,1
88.2889,16,88286440967,2469000,1
88.2889,2,88286440967,2469000,1
88.294,15,88291493973,2469000,1
88.294,8,88291493973,2469000,1
88.2965,5,88293960973,2496006,0
88.299,18,88296492979,2496006,0
88.3015,17,88299015985,2496006,0
88.304,1,88301538991,2496006,0
88.3066,8,88304079997,2496006,0
88.3091,20,88306603003,2469000,1
88.3091,16,88306603003,2469000,1
88.3115,11,88309079003,2469000,1
88.3115,12,88309079003,2469000,1
88.3115,8,88309079003,2469000,1
88.314,10,88311546003,2496006,0
88.3169,23,88314382009,2469000,1
88.3169,16,88314382009,2469000,1
88.3194,5,88316858009,2496006,0
88.3219,18,88319381015,2496006,0
88.3244,17,88321931021,2469000,1
88.3244,1,88321931021,2469000,1
88.3269,10,88324425021,2496006,0
88.3295,5,88326966027,2496006,0
88.332,17,88329489033,2496006,0
88.3345,18,88332030039,2496006,0
88.337,10,88334553045,2496006,0
88.3396,17,88337076051,2496006,0
88.3421,5,88339617057,2469000,1
88.3421,13,88339617057,2469000,1
88.3446,18,88342111057,2469000,1
88.3446,16,88342111057,2469000,1
88.3474,1,88344891063,2469000,1
88.3499,8,88347358063,2496006,0
88.3524,4,88349917069,2469000,1
88.3524,10,88349917069,2469000,1
88.3524,17,88349917069,2469000,1
88.3524,5,88349917069,2469000,1
88.3549,2,88352384069,2496006,0
88.3574,8,88354907075,2496006,0
88.3599,8,88357439081,2496006,0
88.3625,8,88359989087,2496006,0
88.365,12,88362530093,2496006,0
88.3676,2,88365080099,2496006,0
88.3701,5,88367603105,2469000,1
88.3701,2,88367603105,2469000,1
88.3725,12,88370070105,2469000,1
88.3725,18,88370070105,2469000,1
88.375,8,88372573105,2469000,1
88.375,10,88372573105,2469000,1
88.3775,17,88375040105,2496006,0
88.3801,4,88377644111,2469000,1
88.3801,10,88377644111,2469000,1
88.3851,17,88382634117,2496006,0
88.3877,2,88385211123,2469000,1
88.3877,12,88385211123,2469000,1
88.3902,1,88387678123,2496006,0
88.3928,17,88390255129,2496006,0
88.3953,8,88392778135,2496006,0
88.3978,5,88395310141,2496006,0
88.4003,1,88397833147,2496006,0
88.4028,9,88400365153,2469000,1
88.4028,3,88400365153,2469000,1
88.4053,1,88402832153,2496006,0
88.4078,8,88405373159,2469000,1
88.4078,17,88405373159,2469000,1
88.4103,1,88407849159,2469000,1
88.4103,5,88407849159,2469000,1
88.4129,2,88410370159,2496006,0
88.4154,19,88412902165,2496006,0
88.4179,10,88415434171,2469000,1
88.4179,8,88415434171,2469000,1
88.4207,18,88418241177,2496006,0
88.4233,2,88420791183,2496006,0
88.4258,18,88423314189,2469000,1
88.4258,17,88423314189,2469000,1
88.4283,22,88425781189,2496006,0
88.4308,2,88428304195,2496006,0
88.4333,18,88430836201,2469000,1
88.4358,19,88433303201,2496006,0
88.4383,5,88435826207,2496006,0
88.4408,22,88438349213,2469000,1
88.4408,5,88438349213,2469000,1
88.4433,17,88440825213,2496006,0
88.4459,1,88443366219,2496006,0
88.4487,1,88446229225,2496006,0
88.4512,2,88448752231,2496006,0
88.4538,2,88451275237,2496006,0
88.4563,15,88453798243,2469000,1
88.4563,8,88453798243,2469000,1
88.4587,18,88456274243,2469000,1
88.4587,19,88456274243,2469000,1
88.4587,22,88456274243,2469000,1
88.4612,1,88458750243,2496006,0
88.4637,12,88461273249,2469000,1
88.4637,17,88461273249,2469000,1
88.4662,21,88463740249,2469000,1
88.4687,2,88466216249,2469000,1
88.4687,17,88466216249,2469000,1
88.4737,1,88471244255,2496006,0
88.4763,5,88473776261,2496006,0
88.4788,1,88476335267,2496006,0
88.4814,8,88478885273,2469000,1
88.4814,2,88478885273,2469000,1
88.4814,1,88478885273,2469000,1
88.4839,5,88481406273,2496006,0
88.4864,19,88483929279,2496006,0
88.4889,6,88486461285,2469000,1
88.4889,1,88486461285,2469000,1
88.494,19,88491469291,2496006,0
88.4965,5,88494001297,2469000,1
88.4965,23,88494001297,2469000,1
88.499,19,88496468297,2496006,0
88.5015,16,88499000303,2469000,1
88.5015,19,88499000303,2469000,1
88.504,17,88501485303,2496006,0
88.5065,18,88504008309,2469000,1
88.5065,5,88504008309,2469000,1
88.509,17,88506529309,2469000,1
88.5115,22,88509005309,2496006,0
88.514,5,88511528315,2496006,0
88.5165,17,88514051321,2496006,0
88.5191,17,88516592327,2496006,0
88.5219,22,88519446333,2469000,1
88.5219,2,88519446333,2469000,1
88.5219,17,88519446333,2469000,1
88.5244,5,88521931333,2496006,0
88.5295,19,88527031345,2496006,0
88.5321,22,88529590351,2496006,0
88.5346,5,88532131357,2496006,0
88.5372,22,88534663363,2496006,0
88.5397,5,88537204369,2496006,0
88.5422,22,88539727375,2496006,0
88.5447,19,88542250381,2469000,1
88.5472,1,88544744381,2469000,1
88.5472,17,88544744381,2469000,1
88.5497,14,88547220381,2496006,0
88.5526,5,88550065387,2496006,0
88.5551,22,88552606393,2469000,1
88.5551,5,88552606393,2469000,1
88.5576,22,88555100393,2496006,0
88.5601,22,88557623399,2496006,0
88.5626,5,88560146405,2496006,0
88.5677,2,88565192417,2496006,0
88.5702,19,88567715423,2496006,0
88.5727,17,88570238429,2496006,0
88.5752,22,88572761435,2469000,1
88.5752,14,88572761435,2469000,1
88.5777,17,88575237435,2496006,0
88.5803,12,88577760441,2496006,0
88.5828,2,88580283447,2496006,0
88.5853,19,88582806453,2469000,1
88.5853,12,88582806453,2469000,1
88.5878,2,88585273453,2496006,0
88.5903,5,88587823459,2496006,0
88.5928,12,88590346465,2496006,0
88.5953,15,88592869471,2469000,1
88.5953,1,88592869471,2469000,1
88.5953,5,88592869471,2469000,1
88.5978,17,88595336471,2496006,0
88.6004,2,88597859477,2496006,0
88.6029,12,88600382483,2469000,1
88.6054,5,88602858483,2496006,0
88.6079,19,88605381489,2469000,1
88.6079,2,88605381489,2469000,1
88.6104,5,88607857489,2496006,0
88.6129,14,88610380495,2496006,0
88.6154,1,88612921501,2496006,0
88.618,17,88615471507,2496006,0
88.6205,14,88617994513,2496006,0
88.6233,22,88620848519,2496006,0
88.6259,1,88623380525,2496006,0
88.6284,17,88625903531,2469000,1
88.6284,19,88625903531,2469000,1
88.6308,14,88628370531,2469000,1
88.6308,5,88628370531,2469000,1
88.6333,22,88630855531,2469000,1
88.6333,12,88630855531,2469000,1
88.6358,22,88633367531,2469000,1
88.6383,3,88635843531,2496006,0
88.6408,7,88638366537,2469000,1
88.6408,1,88638366537,2469000,1
88.6408,12,88638366537,2469000,1
88.6433,2,88640833537,2496006,0
88.6459,3,88643374543,2496006,0
88.6484,4,88645897549,2496006,0
88.6509,7,88648420555,2469000,1
88.6509,3,88648420555,2469000,1
88.6537,2,88651218561,2469000,1
88.6537,4,88651218561,2469000,1
88.6562,14,88653712561,2469000,1
88.6562,3,88653712561,2469000,1
88.6587,17,88656188561,2469000,1
88.6587,5,88656188561,2469000,1
88.6612,8,88658673561,2496006,0
88.6637,1,88661196567,2469000,1
88.6637,8,88661196567,2469000,1
88.6662,7,88663663567,2496006,0
88.6687,5,88666195573,2496006,0
88.6737,7,88671250585,2496006,0
88.6763,2,88673791591,2496006,0
88.6788,22,88676314597,2469000,1
88.6788,2,88676314597,2469000,1
88.6813,7,88678781597,2469000,1
88.6813,10,88678781597,2469000,1
88.6838,17,88681257597,2496006,0
88.6863,5,88683780603,2496006,0
88.6888,4,88686321609,2469000,1
88.6888,17,88686321609,2469000,1
88.6913,17,88688790609,2496006,0
88.6938,14,88691340615,2496006,0
88.6964,2,88693863621,2496006,0
88.6989,14,88696404627,2496006,0
88.7014,5,88698936633,2496006,0
88.7039,14,88701477639,2469000,1
88.7039,8,88701477639,2469000,1
88.7089,3,88706476645,2469000,1
88.7089,17,88706476645,2469000,1
88.7114,2,88708952645,2496006,0
88.714,5,88711493651,2496006,0
88.7165,2,88714034657,2469000,1
88.7165,7,88714034657,2469000,1
88.7165,4,88714034657,2469000,1
88.719,5,88716501657,2496006,0
88.7215,5,88719042663,2496006,0
88.7241,14,88721574669,2496006,0
88.7269,14,88724446675,2496006,0
88.7295,12,88726987681,2496006,0
88.732,14,88729528687,2469000,1
88.732,5,88729528687,2469000,1
88.732,17,88729528687,2469000,1
88.7345,14,88731997687,2496006,0
88.7396,1,88737061699,2496006,0
88.7421,14,88739593705,2469000,1
88.7421,12,88739593705,2469000,1
88.7446,2,88742069705,2496006,0
88.7471,1,88744592711,2469000,1
88.7471,2,88744592711,2469000,1
88.7496,18,88747068711,2496006,0
88.7521,18,88749609717,2496006,0
88.7549,6,88752445723,2496006,0
88.7575,14,88754977729,2496006,0
88.76,12,88757500735,2496006,0
88.7625,12,88760041741,2496006,0
88.7651,14,88762573747,2496006,0
88.7676,5,88765105753,2469000,1
88.7676,18,88765105753,2469000,1
88.77,8,88767572753,2469000,1
88.7725,14,88770048753,2496006,0
88.775,19,88772571759,2469000,1
88.775,22,88772571759,2469000,1
88.775,1,88772571759,2469000,1
88.7775,6,88775047759,2496006,0
88.7801,12,88777588765,2496006,0
88.7826,18,88780120771,2469000,1
88.7826,14,88780120771,2469000,1
88.7851,6,88782587771,2469000,1
88.7851,2,88782587771,2469000,1
88.7876,5,88785054771,2496006,0
88.7901,7,88787577777,2496006,0
88.7926,17,88790100783,2496006,0
88.7951,17,88792623789,2496006,0
88.7976,12,88795155795,2469000,1
88.7976,7,88795155795,2469000,1
88.8002,5,88797658795,2496006,0
88.8027,17,88800190801,2496006,0
88.8052,5,88802731807,2469000,1
88.8077,2,88805207807,2496006,0
88.8102,14,88807748813,2469000,1
88.8102,6,88807748813,2469000,1
88.8127,3,88810242813,2469000,1
88.8127,17,88810242813,2469000,1
88.8152,9,88812709813,2496006,0
88.8177,6,88815241819,2469000,1
88.8177,9,88815241819,2469000,1
88.8202,4,88817726819,2496006,0
88.8227,12,88820249825,2469000,1
88.8227,9,88820249825,2469000,1
88.8252,2,88822716825,2469000,1
88.8252,4,88822716825,2469000,1
88.8277,6,88825183825,2496006,0
88.8305,7,88828037831,2469000,1
88.8305,9,88828037831,2469000,1
88.833,4,88830504831,2496006,0
88.8355,23,88833036837,2469000,1
88.8355,4,88833036837,2469000,1
88.8405,12,88838053843,2469000,1
88.8405,6,88838053843,2469000,1
88.843,5,88840520843,2496006,0
88.8455,1,88843052849,2496006,0
88.8481,2,88845602855,2496006,0
88.8506,1,88848125861,2469000,1
88.8506,17,88848125861,2469000,1
88.8531,1,88850594861,2496006,0
88.8556,4,88853135867,2496006,0
88.8584,7,88855971873,2469000,1
88.8584,1,88855971873,2469000,1
88.8609,5,88858438873,2496006,0
88.8635,2,88860970879,2496006,0
88.866,18,88863493885,2496006,0
88.8685,6,88866043891,2496006,0
88.8711,6,88868566897,2496006,0
88.8736,2,88871089903,2496006,0
88.8761,4,88873612909,2496006,0
88.8786,18,88876144915,2469000,1
88.8786,4,88876144915,2469000,1
88.8811,14,88878629915,2496006,0
88.8836,5,88881152921,2496006,0
88.8862,2,88883684927,2496006,0
88.8887,6,88886207933,2496006,0
88.8912,1,88888739939,2496006,0
88.8938,18,88891262945,2496006,0
88.8963,14,88893821951,2496006,0
88.8988,5,88896353957,2469000,1
88.8988,8,88896353957,2469000,1
88.9013,6,88898820957,2496006,0
88.9038,4,88901352963,2496006,0
88.9064,2,88903884969,2496006,0
88.9089,1,88906407975,2496006,0
88.9114,18,88908939981,2469000,1
88.9114,14,88908939981,2469000,1
88.9139,17,88911415981,2496006,0
88.9164,6,88913938987,2496006,0
88.919,22,88916461993,2496006,0
88.9215,4,88918984999,2496006,0
88.9265,22,88924031011,2496006,0
88.9291,1,88926554017,2496006,0
88.9319,2,88929390023,2496006,0
88.9344,17,88931922029,2469000,1
88.9344,22,88931922029,2469000,1
88.9369,1,88934398029,2496006,0
88.9394,6,88936921035,2469000,1
88.9394,7,88936921035,2469000,1
88.9419,5,88939388035,2496006,0
88.9444,4,88941911041,2496006,0
88.9469,6,88944434047,2496006,0
88.9495,8,88946966053,2496006,0
88.952,18,88949489059,2469000,1
88.952,14,88949489059,2469000,1
88.9545,4,88951965059,2496006,0
88.957,2,88954488065,2496006,0
88.9598,15,88957324071,2469000,1
88.9598,2,88957324071,2469000,1
88.9623,4,88959791071,2496006,0
88.9648,1,88962314077,2496006,0
88.9673,5,88964837083,2469000,1
88.9673,4,88964837083,2469000,1
88.9698,6,88967304083,2496006,0
88.9723,17,88969827089,2496006,0
88.9749,1,88972377095,2496006,0
88.9774,8,88974900101,2496006,0
88.9799,17,88977423107,2469000,1
88.9799,4,88977423107,2469000,1
88.9824,1,88979926107,2469000,1
88.9849,6,88982393107,2496006,0
88.9874,22,88984916113,2496006,0
88.9899,5,88987439119,2496006,0
88.9925,8,88989962125,2496006,0
88.995,5,88992485131,2496006,0
88.9975,5,88995017137,2496006,0
89.0001,8,88997558143,2496006,0
89.0026,22,89000081149,2496006,0
89.0051,9,89002604155,2469000,1
89.0051,4,89002604155,2469000,1
89.0075,5,89005071155,2469000,1
89.0075,6,89005071155,2469000,1
89.0075,2,89005071155,2469000,1
89.0101,18,89007556155,2496006,0
89.0126,12,89010088161,2469000,1
89.0126,1,89010088161,2469000,1
89.0151,8,89012573161,2496006,0
89.0176,22,89015096167,2496006,0
89.0201,16,89017637173,2469000,1
89.0201,22,89017637173,2469000,1
89.0226,23,89020104173,2496006,0
89.0251,17,89022627179,2469000,1
89.0251,23,89022627179,2469000,1
89.0276,18,89025094179,2496006,0
89.0301,17,89027626185,2496006,0
89.033,8,89030498191,2496006,0
89.0355,6,89033048197,2496006,0
89.038,14,89035571203,2469000,1
89.038,5,89035571203,2469000,1
89.038,6,89035571203,2469000,1
89.0405,18,89038047203,2469000,1
89.043,2,89040514203,2469000,1
89.043,17,89040514203,2469000,1
89.0455,8,89042990203,2496006,0
89.048,19,89045513209,2496006,0
89.0505,22,89048036215,2496006,0
89.0531,6,89050559221,2496006,0
89.0556,18,89053091227,2496006,0
89.0581,19,89055614233,2496006,0
89.0606,22,89058137239,2469000,1
89.0606,8,89058137239,2469000,1
89.0606,1,89058137239,2469000,1
89.0634,17,89060926245,2469000,1
89.0634,18,89060926245,2469000,1
89.0659,19,89063402245,2469000,1
89.0659,23,89063402245,2469000,1
89.0684,6,89065905245,2496006,0
89.071,14,89068455251,2496006,0
89.0735,19,89070996257,2496006,0
89.076,23,89073519263,2496006,0
89.0785,5,89076042269,2496006,0
89.0811,19,89078565275,2496006,0
89.0836,23,89081124281,2469000,1
89.0836,6,89081124281,2469000,1
89.0836,22,89081124281,2469000,1
89.0836,8,89081124281,2469000,1
89.0861,5,89083600281,2469000,1
89.0861,14,89083600281,2469000,1
89.0886,6,89086085281,2496006,0
89.0911,14,89088608287,2496006,0
89.0936,6,89091140293,2469000,1
89.0961,18,89093607293,2469000,1
89.0961,6,89093609293,2469000,1
89.0986,19,89096076293,2496006,0
89.1011,17,89098599299,2496006,0
89.1036,4,89101131305,2469000,1
89.1036,23,89101131305,2469000,1
89.1061,17,89103607305,2469000,1
89.1086,14,89106092305,2469000,1
89.1136,5,89111102311,2496006,0
89.1161,19,89113625317,2496006,0
89.1187,6,89116193323,2496006,0
89.1212,5,89118743329,2496006,0
89.1237,6,89121275335,2469000,1
89.1237,5,89121275335,2469000,1
89.1262,19,89123751335,2469000,1
89.1262,8,89123751335,2469000,1
89.1287,3,89126218335,2496006,0
89.1312,23,89128741341,2496006,0
89.1337,22,89131264347,2469000,1
89.1337,14,89131264347,2469000,1
89.1365,17,89134044353,2496006,0
89.1391,3,89136567359,2496006,0
89.1416,23,89139090365,2469000,1
89.1416,3,89139090365,2469000,1
89.1441,2,89141575365,2496006,0
89.1466,2,89144098371,2496006,0
89.1491,17,89146639377,2496006,0
89.1517,14,89149162383,2496006,0
89.1542,5,89151703389,2496006,0
89.1567,23,89154226395,2496006,0
89.1592,5,89156758401,2469000,1
89.1592,23,89156758401,2469000,1
89.1645,17,89162079407,2469000,1
89.1645,4,89162079407,2469000,1
89.1645,6,89162079407,2469000,1
89.167,3,89164546407,2469000,1
89.167,2,89164546407,2469000,1
89.1695,18,89167031407,2496006,0
89.1721,19,89169554413,2496006,0
89.1746,14,89172077419,2496006,0
89.1771,14,89174600425,2496006,0
89.1796,18,89177123431,2496006,0
89.1822,2,89179664437,2496006,0
89.1847,19,89182187443,2469000,1
89.1847,8,89182187443,2469000,1
89.1872,14,89184654443,2496006,0
89.1897,2,89187177449,2496006,0
89.1922,17,89189709455,2496006,0
89.1947,17,89192232461,2496006,0
89.1972,18,89194764467,2469000,1
89.1972,17,89194764467,2469000,1
89.1997,14,89197249467,2469000,1
89.1997,18,89197249467,2469000,1
89.2022,19,89199716467,2496006,0
89.2047,2,89202239473,2469000,1
89.2047,23,89202239473,2469000,1
89.2072,3,89204706473,2496006,0
89.2097,7,89207247479,2469000,1
89.2097,1,89207247479,2469000,1
89.2097,5,89207247479,2469000,1
89.2097,23,89207247479,2469000,1
89.2122,6,89209714479,2496006,0
89.2147,18,89212237485,2496006,0
89.2173,12,89214769491,2496006,0
89.2198,6,89217292497,2496006,0
89.2248,19,89222356509,2469000,1
89.2248,3,89222356509,2469000,1
89.2273,18,89224832509,2469000,1
89.2273,17,89224832509,2469000,1
89.2298,6,89227308509,2496006,0
89.2323,14,89229831515,2496006,0
89.2349,2,89232354521,2496006,0
89.2377,12,89235199527,2496006,0
89.2402,6,89237731533,2496006,0
89.2428,14,89240290539,2469000,1
89.2428,18,89240290539,2469000,1
89.2453,12,89242766539,2496006,0
89.2478,6,89245307545,2496006,0
89.2503,6,89247830551,2496006,0
89.2528,23,89250353557,2469000,1
89.2528,2,89250353557,2469000,1
89.2553,3,89252829557,2496006,0
89.2578,19,89255361563,2469000,1
89.2578,17,89255361563,2469000,1
89.2603,19,89257830563,2496006,0
89.2628,19,89260353569,2496006,0
89.2654,6,89262876575,2496006,0
89.2682,22,89265712581,2496006,0
89.2707,12,89268235587,2496006,0
89.2732,3,89270758593,2469000,1
89.2732,19,89270758593,2469000,1
89.2757,22,89273225593,2496006,0
89.2782,6,89275757599,2469000,1
89.2782,2,89275757599,2469000,1
89.2807,22,89278224599,2496006,0
89.2832,12,89280747605,2496006,0
89.2858,18,89283279611,2496006,0
89.2908,1,89288325623,2496006,0
89.2933,1,89290848629,2496006,0
89.2959,3,89293371635,2496006,0
89.2984,12,89295894641,2496006,0
89.3009,1,89298417647,2496006,0
89.3034,18,89300949653,2469000,1
89.3034,14,89300949653,2469000,1
89.3034,19,89300949653,2469000,1
89.3059,5,89303416653,2496006,0
89.3084,22,89305948659,2496006,0
89.311,2,89308471665,2496006,0
89.3135,6,89310994671,2496006,0
89.316,5,89313517677,2469000,1
89.316,1,89313517677,2469000,1
89.3185,12,89315984677,2469000,1
89.3185,3,89315984677,2469000,1
89.321,10,89318505677,2496006,0
89.3235,2,89321028683,2496006,0
89.326,22,89323560689,2469000,1
89.326,10,89323560689,2469000,1
89.3285,13,89326027689,2496006,0
89.331,6,89328550695,2469000,1
89.331,3,89328550695,2469000,1
89.331,2,89328550695,2469000,1
89.3335,18,89331017695,2496006,0
89.3361,5,89333567701,2496006,0
89.3386,18,89336099707,2469000,1
89.3386,2,89336099707,2469000,1
89.3414,17,89338888713,2469000,1
89.3414,18,89338888713,2469000,1
89.3439,8,89341364713,2496006,0
89.3464,1,89343896719,2496006,0
89.3489,13,89346419725,2496006,0
89.3514,10,89348969731,2469000,1
89.3514,6,89348969731,2469000,1
89.3514,13,89348969731,2469000,1
89.3539,5,89351436731,2496006,0
89.3564,12,89353959737,2469000,1
89.3564,22,89353959737,2469000,1
89.3589,4,89356426737,2496006,0
89.3614,9,89358949743,2496006,0
89.3639,8,89361472749,2469000,1
89.3639,4,89361472749,2469000,1
89.3664,9,89363939749,2496006,0
89.3693,1,89366784755,2496006,0
89.3718,3,89369307761,2496006,0
89.3743,5,89371839767,2496006,0
89.3769,9,89374371773,2496006,0
89.3794,14,89376912779,2496006,0
89.3819,9,89379453785,2496006,0
89.3845,1,89381976791,2496006,0
89.387,3,89384508797,2469000,1
89.387,2,89384508797,2469000,1
89.387,8,89384508797,2469000,1
89.387,1,89384508797,2469000,1
89.3895,5,89386984797,2496006,0
89.392,9,89389507803,2469000,1
89.392,19,89389507803,2469000,1
89.3944,6,89391974803,2469000,1
89.3944,4,89391974803,2469000,1
89.3969,18,89394450803,2469000,1
89.3969,13,89394450803,2469000,1
89.3994,14,89396944803,2469000,1
89.3994,13,89396944803,2469000,1
89.4019,5,89399429803,2496006,0
89.4045,22,89401961809,2496006,0
89.407,3,89404484815,2496006,0
89.4095,1,89407034821,2469000,1
89.4095,9,89407034821,2469000,1
89.412,12,89409501821,2496006,0
89.4145,5,89412033827,2496006,0
89.4171,5,89414556833,2496006,0
89.4196,10,89417079839,2496006,0
89.4221,8,89419611845,2496006,0
89.4246,22,89422134851,2469000,1
89.4271,5,89424610851,2469000,1
89.4271,12,89424610851,2469000,1
89.4271,3,89424610851,2469000,1
89.4295,10,89427077851,2469000,1
89.4295,14,89427077851,2469000,1
89.432,8,89429544851,2496006,0
89.4346,22,89432130857,2496006,0
89.4371,4,89434662863,2469000,1
89.4371,13,89434662863,2469000,1
89.4396,8,89437147863,2469000,1
89.4396,10,89437147863,2469000,1
89.4425,5,89439956003,2496006,0
89.445,5,89442488009,2496006,0
89.4475,12,89445020015,2469000,1
89.4475,8,89445020015,2469000,1
89.45,1,89447496015,2496006,0
89.4525,22,89450019021,2496006,0
89.455,17,89452542027,2469000,1
89.455,19,89452542027,2469000,1
89.4575,9,89455018027,2496006,0
89.46,22,89457541033,2496006,0
89.4626,3,89460082039,2469000,1
89.4626,9,89460082039,2469000,1
89.465,1,89462549039,2496006,0
89.4676,5,89465081045,2496006,0
89.4701,22,89467613051,2496006,0
89.4729,5,89470449057,2496006,0
89.4755,1,89472981063,2496006,0
89.478,2,89475504069,2496006,0
89.4805,6,89478027075,2496006,0
89.483,22,89480550081,2469000,1
89.483,2,89480550081,2469000,1
89.4855,5,89483017081,2469000,1
89.4855,6,89483017081,2469000,1
89.488,22,89485493081,2469000,1
89.4904,14,89487960081,2469000,1
89.4929,2,89490447081,2496006,0
89.4955,5,89492970087,2496006,0
89.498,10,89495502093,2469000,1
89.5005,1,89497978093,2496006,0
89.5055,6,89503024105,2496006,0
89.508,2,89505547111,2496006,0
89.5106,6,89508088117,2496006,0
89.5131,11,89510620123,2496006,0
89.5156,9,89513143129,2496006,0
89.5181,12,89515666135,2469000,1
89.5181,5,89515666135,2469000,1
89.5206,1,89518133135,2496006,0
89.5231,21,89520656141,2469000,1
89.5231,4,89520656141,2469000,1
89.5256,6,89523168141,2469000,1
89.5256,2,89523168141,2469000,1
89.5281,10,89525653141,2496006,0
89.5307,18,89528176147,2496006,0
89.5332,9,89530699153,2496006,0
89.5357,11,89533222159,2469000,1
89.5357,10,89533222159,2469000,1
89.5382,1,89535698159,2496006,0
89.5407,8,89538221165,2496006,0
89.5432,1,89540744171,2496006,0
89.546,9,89543580177,2469000,1
89.546,8,89543580177,2469000,1
89.5485,1,89546047177,2496006,0
89.551,18,89548570183,2469000,1
89.551,2,89548570183,2469000,1
89.5535,6,89551046183,2496006,0
89.5561,23,89553605189,2496006,0
89.5586,19,89556137195,2496006,0
89.5612,3,89558660201,2496006,0
89.5637,6,89561183207,2469000,1
89.5637,5,89561183207,2469000,1
89.5661,23,89563650207,2469000,1
89.5661,6,89563652207,2469000,1
89.5686,1,89566119207,2496006,0
89.5711,22,89568660213,2469000,1
89.5711,18,89568660213,2469000,1
89.5736,1,89571136213,2496006,0
89.5765,1,89573972219,2496006,0
89.579,19,89576495225,2496006,0
89.5815,11,89579018231,2496006,0
89.584,10,89581541237,2469000,1
89.584,11,89581541237,2469000,1
89.5865,9,89584017237,2469000,1
89.5865,19,89584017237,2469000,1
89.589,12,89586493237,2469000,1
89.589,3,89586493237,2469000,1
89.5914,1,89588978237,2469000,1
89.5914,5,89588978237,2469000,1
89.5939,8,89591445237,2496006,0
89.5964,18,89593968243,2469000,1
89.5964,10,89593968243,2469000,1
89.5989,23,89596444243,2496006,0
89.6015,8,89598976249,2496006,0
89.604,8,89601499255,2496006,0
89.6065,8,89604031261,2496006,0
89.6091,8,89606572267,2496006,0
89.6116,19,89609104273,2496006,0
89.6141,22,89611645279,2496006,0
89.6167,8,89614168285,2496006,0
89.6192,19,89616691291,2496006,0
89.6217,23,89619214297,2469000,1
89.6217,8,89619214297,2469000,1
89.6242,11,89621681297,2496006,0
89.6267,1,89624204303,2496006,0
89.6292,22,89626727309,2496006,0
89.6317,19,89629268315,2469000,1
89.6317,2,89629268315,2469000,1
89.6317,23,89629268315,2469000,1
89.6317,1,89629268315,2469000,1
89.6317,22,89629268315,2469000,1
89.6342,4,89631735315,2496006,0
89.6368,3,89634258321,2496006,0
89.6393,11,89636799327,2469000,1
89.6393,4,89636799327,2469000,1
89.6418,6,89639266327,2496006,0
89.6443,9,89641807333,2469000,1
89.6443,11,89641807333,2469000,1
89.6468,14,89644283333,2496006,0
89.6496,10,89647128339,2469000,1
89.6496,1,89647128339,2469000,1
89.6496,11,89647128339,2469000,1
89.6521,17,89649595339,2469000,1
89.6521,14,89649595339,2469000,1
89.6546,6,89652062339,2496006,0
89.6571,20,89654585345,2469000,1
89.6571,3,89654585345,2469000,1
89.6596,1,89657088345,2496006,0
89.6621,9,89659620351,2496006,0
89.6646,13,89662143357,2469000,1
89.6646,8,89662143357,2469000,1
89.6671,9,89664610357,2496006,0
89.6696,1,89667133363,2496006,0
89.6721,4,89669674369,2469000,1
89.6721,1,89669674369,2469000,1
89.6746,7,89672141369,2469000,1
89.6746,6,89672141369,2469000,1
89.6774,19,89674921375,2469000,1
89.6774,22,89674921375,2469000,1
89.6774,14,89674921375,2469000,1
89.6774,20,89674921375,2469000,1
89.6799,9,89677406375,2469000,1
89.6799,3,89677406375,2469000,1
89.6824,19,89679945375,2496006,0
89.685,19,89682477381,2496006,0
89.6875,1,89685027387,2469000,1
89.6875,20,89685027387,2469000,1
89.6875,3,89685027387,2469000,1
89.69,9,89687494387,2496006,0
89.6925,23,89690053393,2469000,1
89.6925,6,89690053393,2469000,1
89.695,19,89692520393,2496006,0
89.6975,9,89695043399,2496006,0
89.7001,5,89697584405,2469000,1
89.7051,11,89702601411,2496006,0
89.7076,19,89705124417,2496006,0
89.7101,15,89707656423,2469000,1
89.7101,9,89707656423,2469000,1
89.7126,4,89710123423,2496006,0
89.7151,19,89712673429,2469000,1
89.7151,15,89712673429,2469000,1
89.7177,11,89715167429,2496006,0
89.7202,4,89717708435,2496006,0
89.7227,8,89720231441,2496006,0
89.7253,15,89722763447,2496006,0
89.7278,18,89725313453,2469000,1
89.7278,6,89725313453,2469000,1
89.7302,8,89727780453,2469000,1
89.7302,22,89727780453,2469000,1
89.7302,20,89727780453,2469000,1
89.7327,11,89730247453,2496006,0
89.7353,9,89732806459,2469000,1
89.7353,4,89732806459,2469000,1
89.7353,15,89732806459,2469000,1
89.7378,14,89735273459,2496006,0
89.7403,14,89737805465,2496006,0
89.7429,12,89740355471,2496006,0
89.7453,19,89742878477,2469000,1
89.7479,11,89745354477,2496006,0
89.7507,14,89748190483,2496006,0
89.7532,2,89750713489,2469000,1
89.7532,15,89750713489,2469000,1
89.7532,11,89750713489,2469000,1
89.7557,12,89753189489,2469000,1
89.7557,19,89753189489,2469000,1
89.7582,1,89755692489,2496006,0
89.7607,20,89758215495,2496006,0
89.7632,11,89760738501,2469000,1
89.7632,20,89760738501,2469000,1
89.7657,11,89763207501,2496006,0
89.7682,9,89765730507,2469000,1
89.7682,14,89765730507,2469000,1
89.7707,1,89768197507,2469000,1
89.7707,8,89768197507,2469000,1
89.7732,11,89770691507,2496006,0
89.7757,4,89773214513,2496006,0
89.7782,9,89775746519,2496006,0
89.7811,11,89778582525,2469000,1
89.7811,4,89778582525,2469000,1
89.7811,9,89778582525,2469000,1
89.7835,3,89781049525,2496006,0
89.7861,20,89783581531,2496006,0
89.7886,3,89786104537,2496006,0
89.7911,15,89788627543,2469000,1
89.7911,4,89788627543,2469000,1
89.7936,12,89791094543,2469000,1
89.7936,14,89791094543,2469000,1
89.796,11,89793579543,2469000,1
89.7986,2,89796064543,2496006,0
89.8011,23,89798614549,2496006,0
89.8036,20,89801146555,2496006,0
89.8062,3,89803669561,2496006,0
89.8087,2,89806201567,2496006,0
89.8112,1,89808733573,2469000,1
89.8112,4,89808733573,2469000,1
89.8137,9,89811227573,2496006,0
89.8162,20,89813750579,2496006,0
89.8188,2,89816273585,2496006,0
89.8213,3,89818796591,2469000,1
89.8213,8,89818796591,2469000,1
89.8238,23,89821263591,2496006,0
89.8263,20,89823822597,2496006,0
89.8289,20,89826354603,2496006,0
89.8314,2,89828895609,2496006,0
89.8339,9,89831418615,2496006,0
89.8364,2,89833950621,2496006,0
89.839,20,89836473627,2496006,0
89.844,23,89841519639,2496006,0
89.8465,16,89844051645,2496006,0
89.8491,20,89846574651,2496006,0
89.8516,13,89849097657,2496006,0
89.8544,23,89851933663,2496006,0
89.8569,9,89854474669,2469000,1
89.8569,6,89854474669,2469000,1
89.8569,13,89854474669,2469000,1
89.8594,11,89856950669,2469000,1
89.8594,1,89856950669,2469000,1
89.8619,3,89859417669,2496006,0
89.8644,16,89861940675,2496006,0
89.8669,12,89864463681,2469000,1
89.8669,2,89864463681,2469000,1
89.8694,23,89866930681,2496006,0
89.8719,16,89869453687,2469000,1
89.8719,23,89869453687,2469000,1
89.8744,3,89871929687,2496006,0
89.8769,14,89874452693,2469000,1
89.8769,16,89874452693,2469000,1
89.8794,20,89876919693,2496006,0
89.8823,19,89879755699,2496006,0
89.8848,22,89882296705,2469000,1
89.8848,19,89882296705,2469000,1
89.8873,13,89884763705,2496006,0
89.8898,3,89887304711,2496006,0
89.8923,10,89889836717,2469000,1
89.8923,20,89889836717,2469000,1
89.8948,20,89892305717,2496006,0
89.8973,9,89894828723,2496006,0
89.9024,13,89899910735,2469000,1
89.9024,2,89899910735,2469000,1
89.9024,23,89899910735,2469000,1
89.9049,20,89902395735,2496006,0
89.9074,15,89904936741,2469000,1
89.9074,3,89904936741,2469000,1
89.9099,18,89907421741,2469000,1
89.9099,9,89907421741,2469000,1
89.9099,2,89907421741,2469000,1
89.9124,8,89909888741,2469000,1
89.9124,9,89909890741,2469000,1
89.9149,3,89912357741,2496006,0
89.9174,16,89914898747,2496006,0
89.9199,20,89917421753,2496006,0
89.9224,19,89919953759,2496006,0
89.925,19,89922503765,2496006,0
89.9275,3,89925053771,2496006,0
89.9301,20,89927585777,2496006,0
89.9326,16,89930108783,2496006,0
89.9351,23,89932640789,2496006,0
89.9376,19,89935163795,2469000,1
89.9376,13,89935163795,2469000,1
89.9401,16,89937639795,2469000,1
89.9401,12,89937639795,2469000,1
89.9426,1,89940106795,2496006,0
89.9451,20,89942629801,2469000,1
89.9451,1,89942629801,2469000,1
89.9476,22,89945096801,2496006,0
89.9501,3,89947619807,2496006,0
89.9555,16,89952996819,2496006,0
89.958,23,89955519825,2496006,0
89.9606,22,89958060831,2496006,0
89.9631,3,89960601837,2469000,1
89.9631,15,89960601837,2469000,1
89.9631,19,89960601837,2469000,1
89.9631,1,89960601837,2469000,1
89.9655,23,89963068837,2469000,1
89.9655,22,89963068837,2469000,1
89.968,9,89965562837,2469000,1
89.968,19,89965562837,2469000,1
89.9705,11,89968047837,2469000,1
89.9705,20,89968047837,2469000,1
89.973,16,89970514837,2496006,0
89.9755,16,89973037843,2496006,0
89.978,14,89975560849,2469000,1
89.978,3,89975560849,2469000,1
89.9805,4,89978027849,2496006,0
89.9831,11,89980586855,2496006,0
89.9859,18,89983449861,2469000,1
89.9859,16,89983449861,2469000,1
89.9884,4,89985934861,2469000,1
89.9884,16,89985934861,2469000,1
89.9909,22,89988419861,2496006,0
89.9934,23,89990942867,2496006,0
89.9985,11,89995988879,2469000,1
89.9985,22,89995988879,2469000,1
90.001,23,89998455879,2496006,0
90.0034,2,90000978885,2469000,1
90.0034,1,90000978885,2469000,1
90.006,23,90003481885,2496006,0
90.0085,11,90006031891,2496006,0
90.0111,16,90008554897,2496006,0
90.0136,13,90011077903,2496006,0
90.0161,16,90013600909,2496006,0
90.0186,5,90016123915,2496006,0
90.0212,11,90018655921,2496006,0
90.0237,1,90021223927,2469000,1
90.0237,23,90021223927,2469000,1
90.0262,16,90023690927,2469000,1
90.0262,22,90023690927,2469000,1
90.0286,4,90026166927,2469000,1
90.0286,13,90026166927,2469000,1
90.0311,20,90028633927,2496006,0
90.0336,11,90031165933,2469000,1
90.0336,20,90031165933,2469000,1
90.0361,5,90033632933,2469000,1
90.0361,20,90033634933,2469000,1
90.0411,4,90038633939,2496006,0
90.0437,16,90041156945,2496006,0
90.0462,20,90043688951,2496006,0
90.0487,3,90046220957,2469000,1
90.0487,11,90046220957,2469000,1
90.0512,8,90048687957,2496006,0
90.0537,4,90051210963,2496006,0
90.0562,20,90053733969,2496006,0
90.0591,16,90056578975,2496006,0
90.0616,9,90059101981,2469000,1
90.0616,19,90059101981,2469000,1
90.0641,20,90061577981,2496006,0
90.0666,4,90064118987,2496006,0
90.0691,8,90066641993,2496006,0
90.0717,20,90069164999,2496006,0
90.0742,6,90071688005,2469000,1
90.0742,23,90071688005,2469000,1
90.0742,5,90071688005,2469000,1
90.0767,8,90074155005,2496006,0
90.0792,16,90076678011,2496006,0
90.0817,4,90079210017,2496006,0
90.0842,13,90081733023,2496006,0
90.087,20,90084569029,2469000,1
90.087,16,90084569029,2469000,1
90.087,4,90084569029,2469000,1
90.0896,22,90087081029,2496006,0
90.0946,13,90092145041,2496006,0
90.0972,8,90094668047,2496006,0
90.0997,8,90097191053,2496006,0
90.1022,22,90099723059,2496006,0
90.1048,20,90102255065,2496006,0
90.1073,20,90104778071,2496006,0
90.1098,22,90107310077,2496006,0
90.1123,13,90109833083,2496006,0
90.1149,11,90112356089,2496006,0
90.1174,19,90114888095,2469000,1
90.1174,13,90114888095,2469000,1
90.1199,11,90117355095,2496006,0
90.1224,11,90119878101,2496006,0
90.1249,22,90122401107,2469000,1
90.1249,16,90122401107,2469000,1
90.1249,11,90122401107,2469000,1
90.1273,20,90124877107,2469000,1
90.1273,8,90124877107,2469000,1
90.1273,11,90124877107,2469000,1
90.1298,16,90127353107,2496006,0
90.1323,10,90129876113,2469000,1
90.1323,4,90129876113,2469000,1
90.1348,23,90132352113,2496006,0
90.1374,16,90134875119,2496006,0
90.1399,20,90137443125,2496006,0
90.1425,13,90139966131,2496006,0
90.145,13,90142489137,2496006,0
90.1475,16,90145021143,2469000,1
90.1475,23,90145021143,2469000,1
90.1475,8,90145021143,2469000,1
90.1475,13,90145021143,2469000,1
90.15,8,90147490143,2496006,0
90.155,20,90152545155,2496006,0
90.1576,20,90155095161,2496006,0
90.1604,5,90157931167,2469000,1
90.1604,22,90157931167,2469000,1
90.1629,8,90160407167,2496006,0
90.1654,13,90162939173,2496006,0
90.1679,3,90165480179,2469000,1
90.1679,4,90165480179,2469000,1
90.1705,11,90167956179,2496006,0
90.173,20,90170524185,2469000,1
90.173,13,90170524185,2469000,1
90.1755,22,90172991185,2469000,1
90.1755,20,90172993185,2469000,1
90.1779,16,90175469185,2469000,1
90.1779,8,90175469185,2469000,1
90.1779,20,90175469185,2469000,1
90.1804,23,90177954185,2469000,1
90.1804,8,90177954185,2469000,1
90.1829,11,90180421185,2496006,0
90.1855,11,90182998191,2496006,0
90.1909,11,90188447203,2496006,0
90.1935,13,90190979209,2496006,0
90.196,5,90193511215,2496006,0
90.1985,23,90196052221,2496006,0
90.2011,22,90198584227,2496006,0
90.2036,11,90201107233,2496006,0
90.2061,11,90203630239,2496006,0
90.2086,23,90206153245,2496006,0
90.2112,13,90208676251,2496006,0
90.2137,22,90211208257,2496006,0
90.2162,18,90213740263,2496006,0
90.2188,23,90216263269,2496006,0
90.2213,5,90218795275,2469000,1
90.2213,18,90218795275,2469000,1
90.2237,11,90221262275,2469000,1
90.2237,16,90221262275,2469000,1
90.2262,20,90223738275,2469000,1
90.2262,8,90223738275,2469000,1
90.2287,13,90226205275,2496006,0
90.2312,9,90228728281,2496006,0
90.2337,22,90231251287,2496006,0
90.2363,13,90233774293,2496006,0
90.2388,12,90236306299,2469000,1
90.2388,4,90236306299,2469000,1
90.2413,22,90238791299,2496006,0
90.2438,13,90241323305,2469000,1
90.2438,9,90241323305,2469000,1
90.2438,23,90241323305,2469000,1
90.2463,14,90243790305,2496006,0
90.2488,8,90246331311,2496006,0
90.2513,14,90248872317,2469000,1
90.2513,6,90248872317,2469000,1
90.2539,11,90251357317,2496006,0
90.2564,22,90253898323,2496006,0
90.2589,18,90256439329,2469000,1
90.2589,8,90256439329,2469000,1
90.2617,11,90259219335,2469000,1
90.2617,5,90259219335,2469000,1
90.2667,14,90264218341,2496006,0
90.2692,9,90266750347,2496006,0
90.2718,22,90269273353,2496006,0
90.2743,2,90271796359,2496006,0
90.2768,5,90274319365,2496006,0
90.2793,2,90276842371,2496006,0
90.2819,13,90279365377,2496006,0
90.2844,11,90281888383,2469000,1
90.2844,2,90281888383,2469000,1
90.2868,22,90284355383,2469000,1
90.2868,1,90284355383,2469000,1
90.2893,14,90286840383,2469000,1
90.2893,23,90286840383,2469000,1
90.2921,5,90289638389,2469000,1
90.2921,16,90289638389,2469000,1
90.2946,9,90292114389,2496006,0
90.2971,13,90294637395,2496006,0
90.2997,8,90297160401,2496006,0
90.3022,8,90299692407,2496006,0
90.3047,2,90302215413,2496006,0
90.3072,2,90304747419,2496006,0
90.3098,8,90307270425,2496006,0
90.3123,9,90309811431,2496006,0
90.3148,14,90312334437,2469000,1
90.3173,8,90314801437,2496006,0
90.3198,22,90317324443,2469000,1
90.3198,13,90317324443,2469000,1
90.3223,9,90319827443,2496006,0
90.3249,2,90322368449,2496006,0
90.3274,5,90324900455,2469000,1
90.3274,8,90324900455,2469000,1
90.3299,11,90327367455,2496006,0
90.3324,14,90329890461,2469000,1
90.3324,2,90329890461,2469000,1
90.3349,15,90332357461,2496006,0
90.3374,1,90334880467,2496006,0
90.3399,9,90337412473,2469000,1
90.3399,15,90337412473,2469000,1
90.3423,11,90339879473,2469000,1
90.3423,22,90339879473,2469000,1
90.3423,13,90339879473,2469000,1
90.3448,8,90342346473,2496006,0
90.3474,18,90344869479,2496006,0
90.3499,1,90347428485,2496006,0
90.3524,3,90349951491,2496006,0
90.3549,18,90352474497,2469000,1
90.3549,9,90352474497,2469000,1
90.3574,23,90354941497,2496006,0
90.36,13,90357464503,2496006,0
90.3625,3,90359987509,2496006,0
90.3653,21,90362832515,2469000,1
90.3653,11,90362832515,2469000,1
90.3653,8,90362832515,2469000,1
90.3678,2,90365308515,2496006,0
90.3703,8,90367831521,2496006,0
90.3728,8,90370354527,2469000,1
90.3753,23,90372830527,2496006,0
90.3778,1,90375353533,2469000,1
90.3778,3,90375353533,2469000,1
90.3803,1,90377822533,2496006,0
90.3829,13,90380354539,2496006,0
90.3854,5,90382895545,2496006,0
90.3879,15,90385418551,2496006,0
90.3904,21,90387941557,2469000,1
90.3904,15,90387941557,2469000,1
90.3929,1,90390408557,2496006,0
90.3957,2,90393253563,2496006,0
90.3983,21,90395776569,2496006,0
90.4008,18,90398299575,2496006,0
90.4033,11,90400831581,2469000,1
90.4033,23,90400831581,2469000,1
90.4058,13,90403298581,2496006,0
90.4083,9,90405821587,2496006,0
90.4108,21,90408344593,2496006,0
90.4133,3,90410867599,2469000,1
90.4133,5,90410867599,2469000,1
90.4158,5,90413336599,2496006,0
90.4183,13,90415877605,2469000,1
90.4183,1,90415877605,2469000,1
90.4208,8,90418344605,2496006,0
90.4233,5,90420867611,2469000,1
90.4233,9,90420867611,2469000,1
90.4233,15,90420867611,2469000,1
90.4258,2,90423334611,2469000,1
90.4258,18,90423334611,2469000,1
90.4283,9,90425801611,2496006,0
90.4308,8,90428360617,2469000,1
90.4308,18,90428360617,2469000,1
90.4333,21,90430827617,2496006,0
90.4358,3,90433350623,2469000,1
90.4358,21,90433350623,2469000,1
90.4383,21,90435826623,2496006,0
90.4408,21,90438367629,2469000,1
90.4433,13,90440834629,2496006,0
90.4459,14,90443357635,2496006,0
90.4484,23,90445889641,2469000,1
90.4484,9,90445889641,2469000,1
90.4509,5,90448356641,2496006,0
90.4533,14,90450879647,2469000,1
90.4558,13,90453346647,2496006,0
90.4609,1,90458419659,2469000,1
90.4609,2,90458419659,2469000,1
90.4609,8,90458419659,2469000,1
90.4609,21,90458419659,2469000,1
90.4609,9,90458419659,2469000,1
90.4634,13,90460886659,2496006,0
90.4659,5,90463436665,2496006,0
90.4688,23,90466272671,2496006,0
90.4713,13,90468858677,2469000,1
90.4713,18,90468858677,2469000,1
90.4739,5,90471361677,2496006,0
90.4764,5,90473893683,2496006,0
90.4789,23,90476416689,2496006,0
90.4814,15,90478939695,2469000,1
90.4814,14,90478939695,2469000,1
90.4839,18,90481442695,2496006,0
90.4865,5,90483965701,2496006,0
90.489,11,90486524707,2469000,1
90.489,14,90486524707,2469000,1
90.4915,13,90489009707,2469000,1
90.4915,23,90489009707,2469000,1
90.494,14,90491476707,2496006,0
90.4968,23,90494312713,2496006,0
90.4993,18,90496835719,2496006,0
90.5019,14,90499385725,2469000,1
90.5043,2,90501852725,2469000,1
90.5043,5,90501852725,2469000,1
90.5068,23,90504319725,2469000,1
90.5068,22,90504319725,2469000,1
90.5093,15,90506795725,2496006,0
90.5118,8,90509336731,2496006,0
90.5143,9,90511868737,2469000,1
90.5143,23,90511868737,2469000,1
90.5168,18,90514344737,2496006,0
90.5194,21,90516867743,2496006,0
90.5219,15,90519390749,2496006,0
90.5244,19,90521913755,2469000,1
90.5244,21,90521913755,2469000,1
90.5269,8,90524380755,2496006,0
90.5294,1,90526903761,2469000,1
90.5294,14,90526903761,2469000,1
90.5319,8,90529388761,2496006,0
90.5344,18,90531920767,2469000,1
90.5344,15,90531920767,2469000,1
90.5369,4,90534396767,2496006,0
90.5394,12,90536928773,2469000,1
90.5394,4,90536928773,2469000,1
90.5419,5,90539395773,2496006,0
90.5444,8,90541927779,2496006,0
90.547,18,90544468785,2496006,0
90.5495,14,90546991791,2496006,0
90.552,21,90549514797,2469000,1
90.5545,4,90551999797,2496006,0
90.557,8,90554522803,2496006,0
90.5595,5,90557045809,2496006,0
90.562,23,90559577815,2469000,1
90.562,8,90559577815,2469000,1
90.5645,15,90562044815,2496006,0
90.567,18,90564567821,2469000,1
90.567,15,90564567821,2469000,1
90.5699,14,90567356827,2496006,0
90.5724,13,90569879833,2496006,0
90.5749,14,90572402839,2469000,1
90.5749,13,90572402839,2469000,1
90.5774,4,90574869839,2496006,0
90.5799,21,90577392845,2496006,0
90.5824,3,90579915851,2496006,0
90.5849,14,90582447857,2496006,0
90.5875,4,90584970863,2496006,0
90.59,5,90587493869,2496006,0
90.5925,20,90590025875,2469000,1
90.5925,8,90590025875,2469000,1
90.595,21,90592492875,2496006,0
90.5975,15,90595015881,2496006,0
90.6004,4,90597887887,2469000,1
90.6004,14,90597887887,2469000,1
90.6004,3,90597887887,2469000,1
90.6029,14,90600356887,2496006,0
90.6054,23,90602879893,2496006,0
90.6079,21,90605402899,2496006,0
90.6104,13,90607943905,2469000,1
90.6104,5,90607943905,2469000,1
90.6129,3,90610410905,2496006,0
90.6154,18,90612933911,2469000,1
90.6179,2,90615400911,2469000,1
90.6179,15,90615400911,2469000,1
90.6179,5,90615400911,2469000,1
90.6204,15,90617869911,2496006,0
90.6229,21,90620392917,2469000,1
90.6229,23,90620392917,2469000,1
90.6229,8,90620392917,2469000,1
90.6279,23,90625409923,2496006,0
90.6304,14,90627932929,2469000,1
90.6304,23,90627932929,2469000,1
90.6329,3,90630399929,2496006,0
90.6354,21,90632931935,2496006,0
90.638,13,90635454941,2496006,0
90.6405,16,90637977947,2496006,0
90.643,15,90640500953,2496006,0
90.6455,3,90643023959,2469000,1
90.6455,14,90643023959,2469000,1
90.6455,16,90643023959,2469000,1
90.648,4,90645508959,2496006,0
90.6505,21,90648040965,2496006,0
90.6531,15,90650563971,2496006,0
90.6556,4,90653086977,2496006,0
90.6581,23,90655636983,2496006,0
90.6607,13,90658168989,2496006,0
90.6632,15,90660709995,2496006,0
90.6657,4,90663242001,2469000,1
90.6657,21,90663242001,2469000,1
90.6682,5,90665709001,2469000,1
90.6682,3,90665709001,2469000,1
90.6707,23,90668176001,2496006,0
90.6735,11,90671021007,2496006,0
90.676,13,90673544013,2496006,0
90.6786,21,90676067019,2496006,0
90.6811,15,90678599025,2469000,1
90.6811,3,90678599025,2469000,1
90.6836,16,90681066025,2496006,0
90.6861,1,90683607031,2496006,0
90.6886,4,90686130037,2469000,1
90.6886,15,90686130037,2469000,1
90.6911,18,90688606037,2496006,0
90.6936,11,90691129043,2469000,1
90.6936,23,90691129043,2469000,1
90.6961,13,90693605043,2469000,1
90.6961,23,90693605043,2469000,1
90.6986,16,90696099043,2469000,1
90.6986,21,90696099043,2469000,1
90.6986,13,90696099043,2469000,1
90.7014,9,90698888049,2469000,1
90.7014,18,90698888049,2469000,1
90.7038,1,90701373049,2469000,1
90.7038,16,90701373049,2469000,1
90.7063,10,90703858049,2469000,1
90.7063,14,90703858049,2469000,1
90.7088,15,90706352049,2496006,0
90.7114,11,90708929055,2496006,0
90.7139,15,90711452061,2469000,1
90.7139,1,90711452061,2469000,1
90.7164,22,90713937061,2469000,1
90.7164,18,90713937061,2469000,1
90.7189,15,90716422061,2496006,0
90.7214,21,90718945067,2469000,1
90.7214,11,90718945067,2469000,1
90.7239,1,90721412067,2496006,0
90.7264,11,90723935073,2496006,0
90.7289,8,90726458079,2469000,1
90.7289,4,90726458079,2469000,1
90.7314,9,90728925079,2469000,1
90.7314,1,90728925079,2469000,1
90.7339,11,90731401079,2496006,0
90.7365,5,90733960085,2496006,0
90.739,5,90736483091,2496006,0
90.7415,15,90739015097,2496006,0
90.744,13,90741547103,2496006,0
90.7466,11,90744070109,2496006,0
90.7516,14,90749116121,2496006,0
90.7541,15,90751639127,2469000,1
90.7541,18,90751639127,2469000,1
90.7566,23,90754115127,2496006,0
90.7591,3,90756638133,2469000,1
90.7591,16,90756638133,2469000,1
90.7616,14,90759105133,2496006,0
90.7641,5,90761646139,2496006,0
90.7667,11,90764178145,2496006,0
90.7692,13,90766710151,2496006,0
90.7717,5,90769233157,2496006,0
90.7746,13,90772069163,2496006,0
90.7771,11,90774592169,2469000,1
90.7771,14,90774592169,2469000,1
90.7796,1,90777059169,2496006,0
90.7821,23,90779582175,2469000,1
90.7821,13,90779582175,2469000,1
90.7846,15,90782058175,2496006,0
90.7871,14,90784581181,2496006,0
90.7896,14,90787104187,2496006,0
90.7921,23,90789627193,2496006,0
90.7946,23,90792150199,2496006,0
90.7971,5,90794673205,2469000,1
90.7971,1,90794673205,2469000,1
90.7997,4,90797167205,2496006,0
90.8022,5,90799690211,2469000,1
90.8022,1,90799690211,2469000,1
90.805,15,90802470217,2496006,0
90.8075,14,90804993223,2496006,0
90.81,18,90807552229,2496006,0
90.8126,23,90810075235,2496006,0
90.8151,14,90812598241,2469000,1
90.8175,21,90815065241,2469000,1
90.8175,4,90815065241,2469000,1
90.8175,18,90815065241,2469000,1
90.82,11,90817541241,2496006,0
90.8226,14,90820082247,2496006,0
90.8251,23,90822605253,2496006,0
90.8276,13,90825128259,2469000,1
90.8276,15,90825128259,2469000,1
90.8276,4,90825128259,2469000,1
90.8301,13,90827597259,2496006,0
90.8326,11,90830120265,2496006,0
90.8351,11,90832652271,2496006,0
90.8377,23,90835184277,2469000,1
90.8377,18,90835184277,2469000,1
90.8402,13,90837660277,2496006,0
90.8427,14,90840183283,2469000,1
90.8427,5,90840183283,2469000,1
90.8452,15,90842704283,2496006,0
90.8477,11,90845236289,2496006,0
90.8502,15,90847768295,2469000,1
90.8502,11,90847768295,2469000,1
90.8527,13,90850244295,2496006,0
90.8552,1,90852767301,2469000,1
90.8552,16,90852767301,2469000,1
90.8577,13,90855234301,2496006,0
90.8603,6,90857766307,2496006,0
90.8628,6,90860307313,2496006,0
90.8653,23,90862839319,2496006,0
90.8679,13,90865371325,2496006,0
90.8704,14,90867903331,2496006,0
90.8729,14,90870426337,2496006,0
90.8783,23,90875794349,2496006,0
90.8808,13,90878317355,2496006,0
90.8833,6,90880840361,2496006,0
90.8859,23,90883372367,2496006,0
90.8884,11,90885895373,2496006,0
90.8909,14,90888427379,2496006,0
90.8934,15,90890959385,2469000,1
90.8934,14,90890959385,2469000,1
90.8959,11,90893426385,2469000,1
90.8959,9,90893426385,2469000,1
90.8984,23,90895893385,2496006,0
90.9009,6,90898416391,2469000,1
90.9009,11,90898416391,2469000,1
90.9009,23,90898416391,2469000,1
90.9034,6,90900885391,2496006,0
90.9062,13,90903721397,2496006,0
90.9087,4,90906253403,2496006,0
90.9113,23,90908839409,2496006,0
90.9139,18,90911362415,2496006,0
90.9164,13,90913894421,2496006,0
90.9189,6,90916417427,2496006,0
90.9214,21,90918940433,2496006,0
90.924,18,90921481439,2469000,1
90.924,4,90921481439,2469000,1
90.924,6,90921481439,2469000,1
90.9264,13,90923948439,2469000,1
90.9264,21,90923948439,2469000,1
90.9289,14,90926424439,2469000,1
90.9289,4,90926424439,2469000,1
90.9289,6,90926424439,2469000,1
90.9314,23,90928900439,2469000,1
90.9314,18,90928900439,2469000,1
90.9364,15,90933944445,2496006,0
90.939,14,90936503451,2496006,0
90.9415,14,90939026457,2496006,0
90.944,2,90941549463,2496006,0
90.9466,21,90944072469,2496006,0
90.9491,23,90946604475,2469000,1
90.9491,2,90946604475,2469000,1
90.9516,15,90949071475,2496006,0
90.9541,1,90951621481,2496006,0
90.9566,17,90954162487,2469000,1
90.9566,13,90954162487,2469000,1
90.9566,4,90954162487,2469000,1
90.9591,21,90956638487,2496006,0
90.9616,14,90959161493,2469000,1
90.9616,21,90959161493,2469000,1
90.9641,11,90961628493,2496006,0
90.9666,14,90964151499,2496006,0
90.9692,18,90966683505,2469000,1
90.9692,1,90966683505,2469000,1
90.9692,14,90966683505,2469000,1
90.9716,11,90969150505,2496006,0
90.9742,15,90971673511,2496006,0
90.9767,5,90974196517,2496006,0
90.9795,15,90977059523,2469000,1
90.9795,21,90977059523,2469000,1
90.982,1,90979526523,2469000,1
90.982,14,90979526523,2469000,1
90.9845,11,90981993523,2469000,1
90.9845,2,90981993523,2469000,1
90.987,8,90984478523,2496006,0
90.992,15,90989533535,2496006,0
90.9946,5,90992056541,2496006,0
90.9971,6,90994588547,2469000,1
90.9971,15,90994588547,2469000,1
90.9996,1,90997091547,2496006,0
91.0021,2,90999623553,2496006,0
91.0046,18,91002146559,2469000,1
91.0046,8,91002146559,2469000,1
91.0046,5,91002146559,2469000,1
91.0071,8,91004631559,2496006,0
91.01,5,91007467565,2496006,0
91.0125,13,91009999571,2496006,0
91.015,15,91012522577,2496006,0
91.0175,13,91015045583,2496006,0
91.0201,1,91017577589,2496006,0
91.0226,11,91020100595,2469000,1
91.0226,2,91020100595,2469000,1
91.0251,1,91022567595,2496006,0
91.0276,15,91025108601,2469000,1
91.0276,8,91025108601,2469000,1
91.0301,11,91027575601,2496006,0
91.0326,5,91030098607,2496006,0
91.0351,5,91032621613,2496006,0
91.0376,13,91035144619,2469000,1
91.0376,23,91035144619,2469000,1
91.0401,1,91037638619,2496006,0
91.0426,11,91040161625,2469000,1
91.0426,14,91040161625,2469000,1
91.0451,5,91042646625,2496006,0
91.0476,7,91045169631,2469000,1
91.0476,11,91045169631,2469000,1
91.0502,5,91047672631,2496006,0
91.0527,5,91050195637,2496006,0
91.0552,2,91052718643,2469000,1
91.0552,8,91052718643,2469000,1
91.0577,1,91055185643,2496006,0
91.0602,21,91057771649,2469000,1
91.0602,15,91057771649,2469000,1
91.0627,5,91060238649,2496006,0
91.0653,13,91062761655,2496006,0
91.0678,1,91065311661,2496006,0
91.0704,6,91067861667,2496006,0
91.0729,5,91070393673,2496006,0
91.0754,6,91072925679,2496006,0
91.078,3,91075457685,2496006,0
91.0804,1,91077980691,2469000,1
91.0804,13,91077980691,2469000,1
91.0804,3,91077980691,2469000,1
91.0833,3,91080760697,2496006,0
91.0858,20,91083292703,2496006,0
91.0883,4,91085833709,2469000,1
91.0883,1,91085833709,2469000,1
91.0883,20,91085833709,2469000,1
91.0908,16,91088300709,2496006,0
91.0933,20,91090823715,2496006,0
91.0958,6,91093346721,2469000,1
91.0958,5,91093346721,2469000,1
91.0983,8,91095813721,2469000,1
91.0983,4,91095813721,2469000,1
91.1008,2,91098289721,2496006,0
91.1033,15,91100812727,2496006,0
91.1058,1,91103335733,2496006,0
91.1083,18,91105858739,2469000,1
91.1083,3,91105858739,2469000,1
91.1083,6,91105858739,2469000,1
91.1083,5,91105858739,2469000,1
91.1112,20,91108692745,2496006,0
91.1137,15,91111215751,2469000,1
91.1137,2,91111215751,2469000,1
91.1137,16,91111215751,2469000,1
91.1137,20,91111215751,2469000,1
91.1162,5,91113682751,2496006,0
91.1187,13,91116214757,2496006,0
91.1212,20,91118737763,2496006,0
91.1238,11,91121260769,2496006,0
91.1263,1,91123783775,2496006,0
91.1288,20,91126315781,2496006,0
91.1313,16,91128838787,2496006,0
91.1338,13,91131361793,2469000,1
91.1338,16,91131361793,2469000,1
91.1363,20,91133828793,2496006,0
91.1389,3,91136360799,2496006,0
91.1414,20,91138892805,2496006,0
91.1439,1,91141415811,2496006,0
91.1464,11,91143938817,2469000,1
91.1464,5,91143938817,2469000,1
91.1489,3,91146423817,2496006,0
91.1514,15,91148946823,2469000,1
91.1514,16,91148946823,2469000,1
91.1564,1,91153936829,2496006,0
91.159,2,91156459835,2496006,0
91.1615,1,91158982841,2496006,0
91.164,2,91161514847,2496006,0
91.1665,20,91164037853,2496006,0
91.1691,2,91166560859,2496006,0
91.1716,14,91169101865,2496006,0
91.1741,1,91171633871,2496006,0
91.1767,3,91174165877,2496006,0
91.1792,6,91176688883,2469000,1
91.1792,3,91176688883,2469000,1
91.1817,6,91179157883,2496006,0
91.1845,13,91181993889,2496006,0
91.187,20,91184525895,2496006,0
91.1895,2,91187048901,2469000,1
91.1895,11,91187048901,2469000,1
91.1895,5,91187048901,2469000,1
91.192,14,91189551901,2496006,0
91.1946,1,91192074907,2496006,0
91.1971,16,91194606913,2496006,0
91.1996,6,91197129919,2496006,0
91.2021,21,91199652925,2496006,0
91.2047,2,91202175931,2496006,0
91.2072,3,91204698937,2496006,0
91.2097,16,91207221943,2469000,1
91.2097,13,91207221943,2469000,1
91.2125,20,91210001949,2496006,0
91.215,14,91212524955,2496006,0
91.2175,3,91215065961,2469000,1
91.2175,1,91215065961,2469000,1
91.22,23,91217532961,2469000,1
91.22,14,91217532961,2469000,1
91.2225,2,91220017961,2469000,1
91.225,6,91222502961,2469000,1
91.225,21,91222502961,2469000,1
91.2274,20,91224969961,2469000,1
91.2274,3,91224969961,2469000,1
91.2274,1,91224969961,2469000,1
91.2274,6,91224971961,2469000,1
91.2299,15,91227447961,2496006,0
91.2325,3,91229988967,2496006,0
91.235,3,91232511973,2496006,0
91.2375,13,91235043979,2496006,0
91.2401,16,91237575985,2496006,0
91.2426,15,91240098991,2469000,1
91.2426,13,91240098991,2469000,1
91.2451,13,91242567991,2496006,0
91.2476,20,91245090997,2496006,0
91.2501,13,91247614003,2496006,0
91.2526,2,91250146009,2469000,1
91.2526,1,91250146009,2469000,1
91.2551,2,91252615009,2496006,0
91.2576,14,91255138015,2496006,0
91.2602,20,91257661021,2496006,0
91.2627,13,91260184027,2469000,1
91.2627,3,91260184027,2469000,1
91.2627,16,91260184027,2469000,1
91.2651,8,91262669027,2469000,1
91.2651,5,91262669027,2469000,1
91.2677,11,91265154027,2496006,0
91.2702,11,91267686033,2496006,0
91.2727,20,91270209039,2496006,0
91.2752,21,91272741045,2469000,1
91.2752,14,91272741045,2469000,1
91.2777,2,91275208045,2496006,0
91.2802,19,91277740051,2496006,0
91.2828,2,91280263057,2496006,0
91.2853,21,91282786063,2496006,0
91.2881,19,91285622069,2496006,0
91.2906,6,91288145075,2496006,0
91.2931,11,91290677081,2469000,1
91.2931,16,91290677081,2469000,1
91.2956,15,91293144081,2469000,1
91.2956,20,91293144081,2469000,1
91.2981,3,91295611081,2496006,0
91.3006,13,91298134087,2496006,0
91.3031,2,91300657093,2469000,1
91.3031,11,91300657093,2469000,1
91.3056,19,91303133093,2496006,0
91.3082,20,91305665099,2496006,0
91.3107,3,91308188105,2469000,1
91.3107,2,91308188105,2469000,1
91.3131,6,91310655105,2469000,1
91.3131,20,91310655105,2469000,1
91.3159,19,91313444111,2469000,1
91.3159,21,91313444111,2469000,1
91.3184,13,91315929111,2496006,0
91.3209,14,91318470117,2469000,1
91.3209,13,91318470117,2469000,1
91.3235,14,91320964117,2496006,0
91.326,14,91323496123,2496006,0
91.3285,3,91326028129,2496006,0
91.331,20,91328551135,2496006,0
91.3336,20,91331083141,2496006,0
91.3361,15,91333606147,2496006,0
91.3386,3,91336129153,2496006,0
91.3411,13,91338661159,2469000,1
91.3411,15,91338661159,2469000,1
91.3437,16,91341155159,2496006,0
91.3462,14,91343678165,2496006,0
91.3487,20,91346210171,2496006,0
91.3512,5,91348733177,2469000,1
91.3512,19,91348733177,2469000,1
91.3512,14,91348733177,2469000,1
91.3537,6,91351200177,2496006,0
91.3562,21,91353723183,2469000,1
91.3562,20,91353723183,2469000,1
91.3587,14,91356190183,2496006,0
91.3612,3,91358722189,2469000,1
91.3612,15,91358722189,2469000,1
91.3637,11,91361216189,2469000,1
91.3637,19,91361216189,2469000,1
91.3662,22,91363683189,2469000,1
91.3662,16,91363683189,2469000,1
91.3686,3,91366150189,2496006,0
91.3712,3,91368691195,2496006,0
91.3737,6,91371214201,2496006,0
91.3762,14,91373737207,2496006,0
91.3787,2,91376269213,2469000,1
91.3812,6,91378736213,2469000,1
91.3837,13,91381223213,2496006,0
91.3862,14,91383746219,2469000,1
91.3862,3,91383746219,2469000,1
91.389,13,91386553225,2469000,1
91.389,16,91386553225,2469000,1
91.3941,20,91391579231,2496006,0
91.3966,23,91394129237,2469000,1
91.3966,6,91394129237,2469000,1
91.3991,13,91396605237,2496006,0
91.4016,11,91399155243,2469000,1
91.4016,13,91399155243,2469000,1
91.4041,14,91401622243,2496006,0
91.4066,20,91404145249,2469000,1
91.4066,6,91404145249,2469000,1
91.4091,3,91406621249,2496006,0
91.4116,13,91409153255,2496006,0
91.4142,21,91411685261,2496006,0
91.4167,3,91414226267,2496006,0
91.4195,13,91417071273,2469000,1
91.4195,1,91417071273,2469000,1
91.4221,20,91419556273,2496006,0
91.4245,21,91422079279,2469000,1
91.4245,14,91422079279,2469000,1
91.427,13,91424546279,2496006,0
91.4296,3,91427069285,2496006,0
91.4321,2,91429592291,2496006,0
91.4346,20,91432124297,2469000,1
91.4346,19,91432124297,2469000,1
91.4346,2,91432124297,2469000,1
91.4371,15,91434591297,2469000,1
91.4371,3,91434591297,2469000,1
91.4395,13,91437058297,2469000,1
91.4395,7,91437058297,2469000,1
91.442,14,91439543297,2496006,0
91.4446,4,91442093303,2469000,1
91.4446,14,91442093303,2469000,1
91.4471,9,91444587303,2496006,0
91.4496,7,91447110309,2496006,0
91.4521,20,91449651315,2469000,1
91.4521,3,91449651315,2469000,1
91.4546,7,91452118315,2496006,0
91.4571,14,91454641321,2496006,0
91.4597,7,91457164327,2496006,0
91.4622,21,91459714333,2496006,0
91.4647,16,91462246339,2496006,0
91.4673,9,91464787345,2496006,0
91.4698,2,91467319351,2469000,1
91.4698,13,91467319351,2469000,1
91.4723,7,91469786351,2496006,0
91.4748,21,91472309357,2469000,1
91.4748,9,91472309357,2469000,1
91.4773,15,91474776357,2496006,0
91.4798,14,91477299363,2496006,0
91.4823,15,91479822369,2496006,0
91.4849,16,91482354375,2496006,0
91.4874,14,91484877381,2496006,0
91.4899,3,91487409387,2496006,0
91.4927,15,91490245393,2469000,1
91.4927,20,91490245393,2469000,1
91.4952,16,91492721393,2469000,1
91.4952,8,91492721393,2469000,1
91.4977,7,91495188393,2496006,0
91.5002,14,91497720399,2496006,0
91.5027,9,91500279405,2469000,1
91.5027,15,91500279405,2469000,1
91.5053,3,91502755405,2496006,0
91.5078,3,91505296411,2496006,0
91.5103,7,91507828417,2496006,0
91.5128,9,91510351423,2469000,1
91.5128,3,91510351423,2469000,1
91.5128,7,91510351423,2469000,1
91.5153,7,91512820423,2496006,0
91.5178,14,91515343429,2496006,0
91.5207,20,91518179435,2496006,0
91.5232,21,91520711441,2496006,0
91.5257,14,91523252447,2496006,0
91.5283,20,91525784453,2469000,1
91.5283,14,91525784453,2469000,1
91.5307,7,91528251453,2496006,0
91.5333,16,91530774459,2496006,0
91.5358,8,91533297465,2496006,0
91.5383,16,91535829471,2496006,0
91.5408,6,91538352477,2469000,1
91.5408,4,91538352477,2469000,1
91.5433,7,91540837477,2469000,1
91.5433,2,91540837477,2469000,1
91.5458,16,91543304477,2469000,1
91.5458,21,91543304477,2469000,1
91.5483,16,91545773477,2496006,0
91.5508,8,91548305483,2496006,0
91.5533,19,91550846489,2496006,0
91.5558,13,91553369495,2469000,1
91.5558,15,91553369495,2469000,1
91.5583,3,91555872495,2469000,1
91.5583,2,91555872495,2469000,1
91.5608,16,91558348495,2496006,0
91.5633,8,91560871501,2469000,1
91.5633,19,91560871501,2469000,1
91.5659,14,91563356501,2496006,0
91.5684,20,91565888507,2496006,0
91.5735,15,91570961519,2496006,0
91.576,16,91573484525,2496006,0
91.5785,19,91576007531,2469000,1
91.5785,16,91576007531,2469000,1
91.581,7,91578474531,2496006,0
91.5835,21,91580997537,2496006,0
91.586,20,91583520543,2469000,1
91.586,7,91583520543,2469000,1
91.5885,15,91585996543,2469000,1
91.5885,14,91585996543,2469000,1
91.591,14,91588465543,2496006,0
91.5938,8,91591319549,2469000,1
91.5938,15,91591319549,2469000,1
91.5963,3,91593786549,2496006,0
91.5988,5,91596318555,2496006,0
91.6013,21,91598850561,2496006,0
91.6039,14,91601382567,2469000,1
91.6039,5,91601382567,2469000,1
91.6063,9,91603849567,2496006,0
91.6089,19,91606372573,2496006,0
91.6114,7,91608895579,2496006,0
91.6139,3,91611427585,2469000,1
91.6139,14,91611427585,2469000,1
91.6139,9,91611427585,2469000,1
91.6164,14,91613896585,2496006,0
91.6189,20,91616428591,2496006,0
91.6214,21,91618960597,2469000,1
91.6214,20,91618960597,2469000,1
91.6242,16,91621740603,2496006,0
91.6268,7,91624272609,2496006,0
91.6293,19,91626795615,2496006,0
91.6318,10,91629327621,2496006,0
91.6343,16,91631850627,2496006,0
91.6368,7,91634373633,2469000,1
91.6368,19,91634373633,2469000,1
91.6393,3,91636849633,2496006,0
91.6418,14,91639372639,2469000,1
91.6418,16,91639372639,2469000,1
91.6468,5,91644362645,2469000,1
91.6468,3,91644362645,2469000,1
91.6493,9,91646829645,2496006,0
91.6519,16,91649361651,2496006,0
91.6544,10,91651884657,2469000,1
91.6544,21,91651884657,2469000,1
91.6568,18,91654369657,2469000,1
91.6568,16,91654369657,2469000,1
91.6593,13,91656845657,2496006,0
91.6619,15,91659386663,2496006,0
91.6644,19,91661909669,2469000,1
91.6644,3,91661909669,2469000,1
91.6668,9,91664376669,2469000,1
91.6668,20,91664376669,2469000,1
91.6693,8,91666843669,2496006,0
91.6719,19,91669366675,2496006,0
91.6744,13,91671889681,2469000,1
91.6744,7,91671889681,2469000,1
91.6744,5,91671889681,2469000,1
91.6769,19,91674365681,2496006,0
91.6794,1,91676897687,2496006,0
91.6819,19,91679420693,2496006,0
91.6844,8,91681943699,2496006,0
91.687,15,91684466705,2496006,0
91.6895,19,91686989711,2496006,0
91.692,10,91689512717,2469000,1
91.692,13,91689512717,2469000,1
91.6945,14,91691988717,2496006,0
91.6973,21,91694842723,2496006,0
91.6999,15,91697365729,2496006,0
91.7024,1,91699888735,2496006,0
91.7049,10,91702411741,2496006,0
91.7074,16,91704952747,2469000,1
91.7074,14,91704952747,2469000,1
91.7099,8,91707428747,2496006,0
91.7124,21,91709951753,2496006,0
91.7149,11,91712474759,2469000,1
91.7149,19,91712474759,2469000,1
91.7174,9,91714941759,2496006,0
91.72,10,91717473765,2496006,0
91.7225,15,91719996771,2496006,0
91.7253,1,91722841777,2496006,0
91.7279,8,91725364783,2496006,0
91.7304,9,91727887789,2469000,1
91.7304,7,91727887789,2469000,1
91.7328,13,91730354789,2469000,1
91.7353,14,91732821789,2496006,0
91.7378,21,91735371795,2469000,1
91.7378,15,91735371795,2469000,1
91.7404,2,91737856795,2496006,0
91.7428,1,91740379801,2469000,1
91.7428,10,91740379801,2469000,1
91.7428,8,91740379801,2469000,1
91.7453,2,91742846801,2496006,0
91.7479,14,91745369807,2496006,0
91.7504,19,91747892813,2496006,0
91.7529,14,91750442819,2469000,1
91.7529,2,91750442819,2469000,1
91.7529,3,91750442819,2469000,1
91.7554,6,91752909819,2496006,0
91.7579,20,91755432825,2469000,1
91.7579,16,91755432825,2469000,1
91.7579,1,91755432825,2469000,1
91.7604,16,91757908825,2496006,0
91.7629,9,91760431831,2496006,0
91.7655,10,91762990837,2469000,1
91.7655,2,91762990837,2469000,1
91.768,19,91765457837,2496006,0
91.7705,21,91767989843,2469000,1
91.7705,6,91767989843,2469000,1
91.773,16,91770501843,2469000,1
91.773,9,91770501843,2469000,1
91.7755,15,91772968843,2496006,0
91.778,15,91775500849,2496006,0
91.7805,8,91778032855,2469000,1
91.7805,6,91778032855,2469000,1
91.783,6,91780501855,2496006,0
91.7855,1,91783024861,2469000,1
91.7855,19,91783024861,2469000,1
91.788,10,91785491861,2496006,0
91.7905,9,91788014867,2496006,0
91.793,14,91790564873,2469000,1
91.793,15,91790564873,2469000,1
91.7955,16,91793049873,2496006,0
91.7984,19,91795903879,2469000,1
91.7984,16,91795903879,2469000,1
91.8009,6,91798370879,2496006,0
91.8034,16,91800893885,2496006,0
91.8059,10,91803425891,2496006,0
91.8084,9,91805948897,2469000,1
91.8084,10,91805948897,2469000,1
91.8134,9,91810938903,2496006,0
91.816,9,91813461909,2496006,0
91.8185,15,91815984915,2496006,0
91.821,6,91818552921,2496006,0
91.8235,7,91821075927,2469000,1
91.8235,1,91821075927,2469000,1
91.826,6,91823542927,2496006,0
91.8289,16,91826378933,2496006,0
91.8314,20,91828901939,2469000,1
91.8314,16,91828901939,2469000,1
91.8339,9,91831404939,2496006,0
91.8364,15,91833927945,2469000,1
91.8364,10,91833927945,2469000,1
91.8389,14,91836394945,2469000,1
91.8389,6,91836394945,2469000,1
91.8414,21,91838861945,2496006,0
91.8439,2,91841384951,2469000,1
91.8439,19,91841384951,2469000,1
91.8439,16,91841384951,2469000,1
91.8464,1,91843869951,2496006,0
91.8489,5,91846392957,2496006,0
91.8514,15,91848915963,2496006,0
91.8539,9,91851447969,2496006,0
91.8565,5,91853988975,2496006,0
91.859,1,91856511981,2496006,0
91.8615,13,91859034987,2496006,0
91.8641,9,91861557993,2496006,0
91.8665,11,91864080999,2469000,1
91.8665,21,91864080999,2469000,1
91.869,8,91866547999,2469000,1
91.869,9,91866547999,2469000,1
91.8715,13,91869023999,2469000,1
91.8715,3,91869023999,2469000,1
91.874,3,91871499999,2496006,0
91.8765,20,91874023005,2469000,1
91.8765,15,91874023005,2469000,1
91.8765,3,91874023005,2469000,1
91.879,15,91876492005,2496006,0
91.8815,1,91879024011,2496006,0
91.884,6,91881547017,2496006,0
91.8866,5,91884079023,2496006,0
91.8891,1,91886602029,2496006,0
91.8916,12,91889143035,2469000,1
91.8916,1,91889143035,2469000,1
91.8941,6,91891619035,2469000,1
91.8941,15,91891619035,2469000,1
91.8966,10,91894095035,2496006,0
91.8991,1,91896645041,2496006,0
91.902,21,91899490047,2496006,0
91.9045,9,91902022053,2469000,1
91.9045,5,91902022053,2469000,1
91.9045,1,91902022053,2469000,1
91.907,15,91904498053,2496006,0
91.9095,21,91907021059,2469000,1
91.9095,13,91907021059,2469000,1
91.912,10,91909488059,2496006,0
91.9145,2,91912029065,2469000,1
91.9145,3,91912029065,2469000,1
91.917,15,91914496065,2469000,1
91.917,19,91914496065,2469000,1
91.9195,6,91916999065,2496006,0
91.922,10,91919522071,2496006,0
91.9245,10,91922045077,2496006,0
91.927,16,91924568083,2469000,1
91.927,9,91924568083,2469000,1
91.927,10,91924568083,2469000,1
91.9298,1,91927348089,2496006,0
91.9324,1,91929880095,2496006,0
91.9349,6,91932430101,2469000,1
91.9349,3,91932430101,2469000,1
91.9374,5,91934906101,2496006,0
91.9399,5,91937429107,2496006,0
91.9424,1,91939952113,2496006,0
91.945,15,91942475119,2496006,0
91.9475,13,91945007125,2469000,1
91.9475,10,91945007125,2469000,1
91.95,8,91947474125,2496006,0
91.9525,6,91949997131,2496006,0
91.955,21,91952538137,2496006,0
91.9575,8,91955079143,2469000,1
91.9575,14,91955079143,2469000,1
91.96,1,91957546143,2469000,1
91.96,15,91957546143,2469000,1
91.9625,21,91960013143,2469000,1
91.9625,5,91960013143,2469000,1
91.965,12,91962489143,2496006,0
91.9675,6,91965048149,2469000,1
91.9675,5,91965048149,2469000,1
91.97,7,91967515149,2496006,0
91.9725,12,91970047155,2496006,0
91.9751,8,91972570161,2496006,0
91.9776,16,91975147167,2469000,1
91.9776,15,91975147167,2469000,1
91.9801,12,91977614167,2469000,1
91.9801,7,91977614167,2469000,1
91.9826,8,91980108167,2496006,0
91.9851,1,91982631173,2496006,0
91.9876,21,91985163179,2469000,1
91.9876,7,91985163179,2469000,1
91.9901,1,91987630179,2496006,0
91.9927,1,91990189185,2469000,1
91.9927,8,91990189185,2469000,1
91.9951,6,91992656185,2469000,1
91.9951,5,91992656185,2469000,1
91.9976,10,91995132185,2496006,0
92.0002,21,91997673191,2496006,0
92.003,1,92000518197,2496006,0
92.0055,12,92003041203,2469000,1
92.0055,21,92003041203,2469000,1
92.008,8,92005517203,2496006,0
92.0105,10,92008067209,2469000,1
92.0105,8,92008067209,2469000,1
92.013,13,92010570209,2469000,1
92.013,5,92010570209,2469000,1
92.0156,1,92013064209,2496006,0
92.0181,4,92015587215,2496006,0
92.0206,15,92018110221,2469000,1
92.0206,7,92018110221,2469000,1
92.0231,3,92020577221,2496006,0
92.0256,19,92023118227,2496006,0
92.0307,12,92028164239,2496006,0
92.0335,9,92031000245,2469000,1
92.0335,21,92031000245,2469000,1
92.036,13,92033467245,2496006,0
92.0385,1,92035990251,2496006,0
92.041,10,92038513257,2496006,0
92.0435,19,92041036263,2469000,1
92.0435,4,92041036263,2469000,1
92.046,19,92043530263,2496006,0
92.0485,23,92046062269,2469000,1
92.0485,3,92046062269,2469000,1
92.0485,12,92046062269,2469000,1
92.051,10,92048547269,2496006,0
92.0536,8,92051070275,2496006,0
92.0561,13,92053602281,2496006,0
92.0586,1,92056125287,2469000,1
92.0586,4,92056125287,2469000,1
92.0586,10,92056125287,2469000,1
92.0611,6,92058592287,2469000,1
92.0611,19,92058592287,2469000,1
92.0636,12,92061059287,2496006,0
92.0661,8,92063618293,2496006,0
92.0686,12,92066141299,2496006,0
92.0712,12,92068673305,2496006,0
92.0737,13,92071196311,2496006,0
92.0762,8,92073728317,2469000,1
92.0762,10,92073728317,2469000,1
92.0787,1,92076195317,2496006,0
92.0812,12,92078718323,2496006,0
92.0863,1,92083818335,2469000,1
92.0863,13,92083818335,2469000,1
92.0888,12,92086294335,2469000,1
92.0888,3,92086294335,2469000,1
92.0913,19,92088788335,2469000,1
92.0913,12,92088788335,2469000,1
92.0938,21,92091291335,2469000,1
92.0938,19,92091291335,2469000,1
92.0963,21,92093767335,2496006,0
92.0988,9,92096299341,2469000,1
92.0988,13,92096299341,2469000,1
92.0988,19,92096299341,2469000,1
92.1013,13,92098775341,2496006,0
92.1038,8,92101298347,2496006,0
92.1066,8,92104134353,2496006,0
92.1092,1,92106675359,2496006,0
92.1117,1,92109225365,2496006,0
92.1142,12,92111757371,2469000,1
92.1142,21,92111757371,2469000,1
92.1167,8,92114233371,2496006,0
92.1193,13,92116765377,2496006,0
92.1243,21,92121847389,2496006,0
92.1269,15,92124388395,2469000,1
92.1269,4,92124388395,2469000,1
92.1269,3,92124388395,2469000,1
92.1269,1,92124388395,2469000,1
92.1294,13,92126864395,2496006,0
92.1319,10,92129387401,2496006,0
92.1347,8,92132223407,2496006,0
92.1372,21,92134746413,2469000,1
92.1372,1,92134746413,2469000,1
92.1397,17,92137213413,2469000,1
92.1397,13,92137213413,2469000,1
92.1422,10,92139689413,2496006,0
92.1447,8,92142212419,2496006,0
92.1472,23,92144735425,2469000,1
92.1472,21,92144735425,2469000,1
92.1497,1,92147202425,2496006,0
92.1522,1,92149725431,2496006,0
92.1547,2,92152248437,2469000,1
92.1547,1,92152248437,2469000,1
92.1572,8,92154715437,2496006,0
92.1597,17,92157238443,2469000,1
92.1597,13,92157238443,2469000,1
92.1622,17,92159714443,2496006,0
92.1648,8,92162264449,2496006,0
92.1673,10,92164805455,2496006,0
92.1723,8,92169860467,2469000,1
92.1723,7,92169860467,2469000,1
92.1749,10,92172354467,2496006,0
92.1773,6,92174877473,2469000,1
92.1773,10,92174877473,2469000,1
92.1798,17,92177344473,2496006,0
92.1824,10,92179867479,2496006,0
92.1849,6,92182399485,2496006,0
92.1874,1,92184922491,2469000,1
92.1874,13,92184922491,2469000,1
92.1899,12,92187398491,2496006,0
92.1924,6,92189948497,2496006,0
92.195,10,92192471503,2496006,0
92.1975,8,92195003509,2469000,1
92.1975,6,92195003509,2469000,1
92.2,17,92197488509,2496006,0
92.2025,12,92200038515,2496006,0
92.2051,12,92202570521,2496006,0
92.2079,10,92205415527,2469000,1
92.2079,6,92205415527,2469000,1
92.2104,20,92207882527,2496006,0
92.2154,17,92212955539,2469000,1
92.2154,13,92212955539,2469000,1
92.2179,20,92215431539,2469000,1
92.2179,14,92215431539,2469000,1
92.2204,18,92217898539,2496006,0
92.2229,21,92220439545,2496006,0
92.2254,12,92222962551,2469000,1
92.2254,17,92222962551,2469000,1
92.2279,8,92225429551,2496006,0
92.2305,10,92227988557,2496006,0
92.233,21,92230520563,2469000,1
92.233,10,92230520563,2469000,1
92.2355,12,92232987563,2496006,0
92.2383,8,92235823569,2496006,0
92.2408,18,92238346575,2469000,1
92.2408,8,92238346575,2469000,1
92.2433,21,92240813575,2496006,0
92.2458,6,92243336581,2496006,0
92.2484,4,92245868587,2496006,0
92.2509,4,92248427593,2469000,1
92.2509,20,92248427593,2469000,1
92.2534,6,92250912593,2496006,0
92.2559,21,92253435599,2469000,1
92.2559,12,92253435599,2469000,1
92.2559,8,92253435599,2469000,1
92.2584,18,92255902599,2469000,1
92.2609,3,92258369599,2496006,0
92.2634,1,92260892605,2496006,0
92.2659,10,92263415611,2469000,1
92.2659,3,92263415611,2469000,1
92.2684,12,92265882611,2496006,0
92.2709,6,92268432617,2496006,0
92.2735,12,92270955623,2496006,0
92.2759,20,92273478629,2469000,1
92.2759,8,92273478629,2469000,1
92.2784,1,92275954629,2469000,1
92.2784,12,92275954629,2469000,1
92.2809,4,92278430629,2496006,0
92.2834,17,92280962635,2469000,1
92.2834,18,92280962635,2469000,1
92.2834,1,92280962635,2469000,1
92.2859,21,92283438635,2496006,0
92.2885,12,92285970641,2496006,0
92.291,6,92288493647,2469000,1
92.291,12,92288493647,2469000,1
92.2935,4,92290960647,2496006,0
92.296,1,92293483653,2469000,1
92.296,6,92293483653,2469000,1
92.2984,4,92295950653,2496006,0
92.3009,19,92298473659,2469000,1
92.3009,10,92298473659,2469000,1
92.3009,3,92298473659,2469000,1
92.3035,23,92300958659,2496006,0
92.306,16,92303481665,2496006,0
92.3085,16,92306004671,2496006,0
92.3113,6,92308840677,2496006,0
92.3139,4,92311363683,2496006,0
92.3164,21,92313886689,2496006,0
92.3214,21,92318950701,2496006,0
92.3239,4,92321473707,2469000,1
92.3239,6,92321473707,2469000,1
92.3264,16,92323940707,2496006,0
92.329,20,92326463713,2496006,0
92.3315,23,92328986719,2496006,0
92.334,21,92331509725,2469000,1
92.334,12,92331509725,2469000,1
92.334,23,92331509725,2469000,1
92.3365,23,92333985725,2496006,0
92.3393,5,92336821731,2496006,0
92.3418,16,92339353737,2496006,0
92.3444,23,92341912743,2496006,0
92.3469,16,92344435749,2496006,0
92.3495,21,92346967755,2496006,0
92.352,20,92349490761,2496006,0
92.3545,23,92352013767,2469000,1
92.3545,4,92352013767,2469000,1
92.3569,16,92354480767,2469000,1
92.3569,10,92354480767,2469000,1
92.3569,12,92354480767,2469000,1
92.3594,23,92356947767,2496006,0
92.362,6,92359470773,2496006,0
92.3645,21,92361993779,2469000,1
92.3645,5,92361993779,2469000,1
92.3645,6,92361993779,2469000,1
92.367,16,92364487779,2496006,0
92.3695,20,92367019785,2496006,0
92.372,15,92369551791,2496006,0
92.3746,5,92372074797,2496006,0
92.3771,23,92374597803,2496006,0
92.3796,20,92377129809,2469000,1
92.3796,3,92377129809,2469000,1
92.3821,16,92379596809,2496006,0
92.3846,21,92382128815,2469000,1
92.3846,6,92382128815,2469000,1
92.3896,7,92387118821,2469000,1
92.3896,21,92387118821,2469000,1
92.3921,23,92389594821,2496006,0
92.3946,15,92392126827,2469000,1
92.3946,3,92392126827,2469000,1
92.3971,4,92394602827,2496006,0
92.3996,5,92397134833,2496006,0
92.4022,23,92399675839,2496006,0
92.4047,4,92402198845,2469000,1
92.4047,16,92402198845,2469000,1
92.4072,4,92404667845,2496006,0
92.4097,5,92407190851,2496006,0
92.4125,4,92410026857,2496006,0
92.4151,18,92412567863,2496006,0
92.4176,20,92415090869,2469000,1
92.4176,4,92415090869,2469000,1
92.42,15,92417566869,2469000,1
92.42,23,92417566869,2469000,1
92.4225,5,92420033869,2496006,0
92.4251,16,92422556875,2496006,0
92.4276,5,92425106881,2496006,0
92.4302,22,92427656887,2496006,0
92.4327,18,92430188893,2496006,0
92.4352,15,92432711899,2496006,0
92.4377,16,92435243905,2496006,0
92.4402,5,92437766911,2469000,1
92.4402,15,92437766911,2469000,1
92.4431,23,92440564917,2496006,0
92.4456,22,92443087923,2469000,1
92.4456,23,92443087923,2469000,1
92.4481,16,92445563923,2496006,0
92.4506,18,92448086929,2469000,1
92.4506,4,92448086929,2469000,1
92.453,20,92450553929,2496006,0
92.4556,22,92453076935,2496006,0
92.4581,17,92455599941,2469000,1
92.4581,15,92455599941,2469000,1
92.4606,6,92458084941,2496006,0
92.4631,20,92460607947,2496006,0
92.4656,6,92463130953,2496006,0
92.4682,20,92465662959,2496006,0
92.4707,18,92468185965,2469000,1
92.4707,6,92468185965,2469000,1
92.4731,22,92470652965,2496006,0
92.4756,13,92473175971,2469000,1
92.4756,16,92473175971,2469000,1
92.4756,20,92473175971,2469000,1
92.4781,21,92475642971,2469000,1
92.4781,22,92475642971,2469000,1
92.4806,8,92478118971,2496006,0
92.4831,8,92480641977,2496006,0
92.4857,1,92483191983,2469000,1
92.4857,5,92483191983,2469000,1
92.4857,8,92483191983,2469000,1
92.4882,8,92485660983,2496006,0
92.4907,3,92488183989,2496006,0
92.4932,23,92490715995,2469000,1
92.4932,4,92490715995,2469000,1
92.4932,22,92490715995,2469000,1
92.4957,5,92493191995,2496006,0
92.4982,8,92495742001,2496006,0
92.5008,18,92498265007,2496006,0
92.5033,5,92500788013,2469000,1
92.5033,3,92500788013,2469000,1
92.5057,8,92503273013,2469000,1
92.5057,23,92503273013,2469000,1
92.5057,18,92503273013,2469000,1
92.5082,12,92505740013,2496006,0
92.5108,6,92508299019,2469000,1
92.5108,16,92508299019,2469000,1
92.5108,3,92508299019,2469000,1
92.5133,22,92510766019,2496006,0
92.5161,20,92513611025,2496006,0
92.5187,5,92516161031,2496006,0
92.5212,20,92518684037,2469000,1
92.5212,12,92518684037,2469000,1
92.5236,15,92521160037,2469000,1
92.5261,22,92523636037,2496006,0
92.5287,14,92526186043,2496006,0
92.5312,3,92528727049,2496006,0
92.5338,16,92531259055,2496006,0
92.5363,14,92533782061,2496006,0
92.5388,18,92536305067,2469000,1
92.5388,5,92536305067,2469000,1
92.5388,14,92536305067,2469000,1
92.5413,14,92538774067,2496006,0
92.5441,8,92541610073,2469000,1
92.5441,6,92541610073,2469000,1
92.5466,16,92544077073,2496006,0
92.5491,22,92546609079,2469000,1
92.5491,8,92546609079,2469000,1
92.5516,12,92549076079,2496006,0
92.5541,3,92551599085,2496006,0
92.5566,16,92554122091,2496006,0
92.5591,5,92556663097,2469000,1
92.5591,22,92556663097,2469000,1
92.5616,14,92559130097,2496006,0
92.5641,16,92561653103,2469000,1
92.5641,3,92561653103,2469000,1
92.5666,12,92564120103,2496006,0
92.5691,20,92566643109,2496006,0
92.5717,4,92569175115,2496006,0
92.5742,10,92571725121,2469000,1
92.5742,3,92571725121,2469000,1
92.5767,12,92574228121,2469000,1
92.5767,14,92574228121,2469000,1
92.5792,6,92576704121,2469000,1
92.5792,4,92576704121,2469000,1
92.5817,20,92579189121,2496006,0
92.5867,3,92584244133,2496006,0
92.5893,16,92586830139,2496006,0
92.5918,20,92589362145,2469000,1
92.5918,14,92589362145,2469000,1
92.5943,3,92591838145,2496006,0
92.5969,16,92594388151,2496006,0
92.5995,20,92596956157,2496006,0
92.602,19,92599479163,2496006,0
92.6045,5,92602002169,2469000,1
92.6045,12,92602002169,2469000,1
92.6045,4,92602002169,2469000,1
92.607,3,92604469169,2496006,0
92.6095,15,92606992175,2496006,0
92.612,16,92609515181,2469000,1
92.612,21,92609515181,2469000,1
92.6145,18,92611982181,2496006,0
92.6173,14,92614836187,2496006,0
92.6198,3,92617359193,2469000,1
92.6198,20,92617359193,2469000,1
92.6223,22,92619844193,2496006,0
92.6249,22,92622367199,2496006,0
92.6274,19,92624899205,2469000,1
92.6274,18,92624899205,2469000,1
92.6299,15,92627366205,2496006,0
92.6324,14,92629898211,2496006,0
92.6349,3,92632421217,2469000,1
92.6374,16,92634888217,2469000,1
92.6374,15,92634888217,2469000,1
92.6399,22,92637373217,2496006,0
92.6424,19,92639896223,2496006,0
92.6449,17,92642419229,2496006,0
92.6478,19,92645264235,2496006,0
92.6503,23,92647787241,2496006,0
92.6528,20,92650310247,2469000,1
92.6528,23,92650310247,2469000,1
92.6553,16,92652786247,2496006,0
92.6578,17,92655309253,2469000,1
92.6578,14,92655309253,2469000,1
92.6578,15,92655309253,2469000,1
92.6603,22,92657794253,2496006,0
92.6628,19,92660317259,2469000,1
92.6628,18,92660317259,2469000,1
92.6628,22,92660317259,2469000,1
92.6653,18,92662811259,2496006,0
92.6678,15,92665343265,2496006,0
92.6704,16,92667875271,2496006,0
92.6729,1,92670398277,2496006,0
92.6755,16,92672957283,2496006,0
92.6779,18,92675480289,2469000,1
92.6779,22,92675480289,2469000,1
92.6805,12,92677956289,2496006,0
92.683,16,92680497295,2469000,1
92.6855,15,92682964295,2496006,0
92.688,3,92685496301,2469000,1
92.688,17,92685496301,2469000,1
92.688,14,92685496301,2469000,1
92.688,18,92685496301,2469000,1
92.6905,1,92687963301,2496006,0
92.693,23,92690486307,2496006,0
92.6955,4,92693027313,2496006,0
92.698,19,92695550319,2469000,1
92.698,12,92695550319,2469000,1
92.7005,1,92698017319,2469000,1
92.7005,8,92698017319,2469000,1
92.7005,22,92698017319,2469000,1
92.7005,16,92698017319,2469000,1
92.7005,18,92698017319,2469000,1
92.703,23,92700493319,2496006,0
92.7055,15,92703016325,2496006,0
92.708,19,92705539331,2496006,0
92.7106,19,92708089337,2496006,0
92.7131,15,92710621343,2496006,0
92.7157,4,92713171349,2496006,0
92.7182,23,92715703355,2496006,0
92.721,3,92718548361,2469000,1
92.721,1,92718548361,2469000,1
92.7235,19,92721024361,2496006,0
92.726,23,92723547367,2496006,0
92.7286,9,92726070373,2496006,0
92.7311,15,92728593379,2469000,1
92.7311,20,92728593379,2469000,1
92.7335,18,92731069379,2469000,1
92.7335,9,92731069379,2469000,1
92.736,23,92733536379,2469000,1
92.736,12,92733536379,2469000,1
92.736,16,92733536379,2469000,1
92.741,4,92738537385,2496006,0
92.7436,19,92741069391,2496006,0
92.7461,5,92743601397,2469000,1
92.7461,15,92743601397,2469000,1
92.7489,2,92746408403,2496006,0
92.7514,17,92748931409,2496006,0
92.754,15,92751481415,2496006,0
92.7565,19,92754004421,2496006,0
92.759,4,92756527427,2496006,0
92.7615,17,92759050433,2496006,0
92.7641,4,92761573439,2496006,0
92.7666,15,92764096445,2496006,0
92.7691,19,92766619451,2469000,1
92.7691,17,92766619451,2469000,1
92.7716,2,92769086451,2469000,1
92.7716,14,92769086451,2469000,1
92.774,19,92771553451,2496006,0
92.7765,4,92774076457,2469000,1
92.7765,6,92774076457,2469000,1
92.7791,9,92776579457,2496006,0
92.7816,19,92779102463,2469000,1
92.7816,23,92779102463,2469000,1
92.7841,15,92781569463,2496006,0
92.7866,15,92784101469,2496006,0
92.7891,4,92786624475,2496006,0
92.7917,21,92789156481,2496006,0
92.7967,20,92794220493,2496006,0
92.7992,4,92796770499,2469000,1
92.7992,15,92796770499,2469000,1
92.7992,1,92796770499,2469000,1
92.8017,9,92799237499,2496006,0
92.8043,2,92801760505,2496006,0
92.8068,17,92804301511,2496006,0
92.8093,21,92806824517,2469000,1
92.8093,15,92806824517,2469000,1
92.8118,2,92809318517,2469000,1
92.8118,9,92809318517,2469000,1
92.8118,19,92809318517,2469000,1
92.8143,20,92811785517,2469000,1
92.8143,21,92811785517,2469000,1
92.8168,12,92814288517,2496006,0
92.8193,17,92816811523,2496006,0
92.8221,20,92819647529,2469000,1
92.8221,12,92819647529,2469000,1
92.8246,10,92822123529,2469000,1
92.8246,19,92822123529,2469000,1
92.8271,7,92824590529,2469000,1
92.8271,14,92824590529,2469000,1
92.8271,4,92824590529,2469000,1
92.8296,17,92827066529,2496006,0
92.8321,13,92829607535,2469000,1
92.8321,23,92829607535,2469000,1
92.8345,11,92832074535,2469000,1
92.8345,22,92832074535,2469000,1
92.8371,17,92834559535,2496006,0
92.8396,3,92837082541,2469000,1
92.8396,4,92837082541,2469000,1
92.8421,21,92839558541,2496006,0
92.8471,20,92844613553,2496006,0
92.8496,16,92847136559,2469000,1
92.8496,2,92847136559,2469000,1
92.8524,20,92849916565,2496006,0
92.8549,9,92852439571,2469000,1
92.8549,17,92852439571,2469000,1
92.8574,21,92854906571,2469000,1
92.8574,9,92854908571,2469000,1
92.8599,14,92857375571,2496006,0
92.8624,21,92859907577,2496006,0
92.865,12,92862466583,2496006,0
92.8675,20,92865007589,2496006,0
92.87,20,92867530595,2496006,0
92.8726,17,92870062601,2496006,0
92.8751,15,92872585607,2469000,1
92.8751,14,92872585607,2469000,1
92.8776,17,92875061607,2496006,0
92.8801,21,92877593613,2496006,0
92.8826,12,92880125619,2469000,1
92.8826,21,92880125619,2469000,1
92.8851,15,92882601619,2496006,0
92.8876,8,92885133625,2496006,0
92.8902,17,92887656631,2496006,0
92.8927,20,92890188637,2496006,0
92.8952,8,92892720643,2469000,1
92.8952,17,92892720643,2469000,1
92.9002,20,92897737649,2469000,1
92.9002,12,92897737649,2469000,1
92.9027,21,92900204649,2496006,0
92.9052,15,92902736655,2496006,0
92.9077,21,92905277661,2469000,1
92.9077,15,92905277661,2469000,1
92.9102,9,92907753661,2469000,1
92.9102,20,92907753661,2469000,1
92.9127,14,92910238661,2496006,0
92.9153,12,92912770667,2496006,0
92.9178,12,92915302673,2496006,0
92.9203,8,92917825679,2496006,0
92.9228,12,92920375685,2469000,1
92.9228,2,92920375685,2469000,1
92.9228,17,92920375685,2469000,1
92.9257,21,92923155691,2496006,0
92.9282,14,92925714697,2496006,0
92.9307,21,92928264703,2469000,1
92.9307,8,92928264703,2469000,1
92.9332,15,92930749703,2469000,1
92.9332,12,92930749703,2469000,1
92.9357,8,92933225703,2496006,0
92.9382,1,92935748709,2469000,1
92.9382,8,92935748709,2469000,1
92.9407,14,92938224709,2496006,0
92.9432,4,92940747715,2469000,1
92.9432,12,92940747715,2469000,1
92.9457,14,92943232715,2496006,0
92.9483,12,92945764721,2496006,0
92.9508,23,92948287727,2469000,1
92.9508,21,92948287727,2469000,1
92.9508,15,92948287727,2469000,1
92.9536,14,92951103733,2496006,0
92.9561,12,92953626739,2469000,1
92.9561,15,92953626739,2469000,1
92.9586,19,92956120739,2496006,0
92.9611,14,92958643745,2469000,1
92.9611,8,92958643745,2469000,1
92.9636,20,92961137745,2496006,0
92.9662,20,92963705751,2496006,0
92.9713,17,92968760763,2496006,0
92.9738,19,92971283769,2496006,0
92.9763,5,92973824775,2496006,0
92.9789,12,92976365781,2496006,0
92.9814,5,92978906787,2469000,1
92.9814,19,92978906787,2469000,1
92.9814,17,92978906787,2469000,1
92.9839,19,92981375787,2496006,0
92.9864,20,92983898793,2469000,1
92.9864,17,92983898793,2469000,1
92.9888,12,92986365793,2469000,1
92.9888,14,92986365793,2469000,1
92.9913,19,92988841793,2496006,0
92.9939,5,92991382799,2496006,0
92.9964,2,92993932805,2469000,1
92.9964,12,92993932805,2469000,1
93.0014,19,92998931811,2496006,0
93.0039,18,93001463817,2469000,1
93.0039,21,93001463817,2469000,1
93.0064,5,93003930817,2496006,0
93.0089,19,93006453823,2496006,0
93.0115,5,93008985829,2496006,0
93.014,5,93011553835,2496006,0
93.0166,20,93014085841,2496006,0
93.0191,19,93016626847,2496006,0
93.0216,14,93019149853,2496006,0
93.0242,17,93021672859,2496006,0
93.027,14,93024517865,2496006,0
93.0295,21,93027040871,2496006,0
93.032,8,93029563877,2469000,1
93.0345,20,93032030877,2496006,0
93.037,14,93034553883,2496006,0
93.0395,17,93037076889,2469000,1
93.0395,5,93037076889,2469000,1
93.0421,19,93039579889,2496006,0
93.0446,20,93042111895,2496006,0
93.0471,21,93044634901,2469000,1
93.0471,5,93044634901,2469000,1
93.0496,19,93047101901,2469000,1
93.0496,5,93047103901,2469000,1
93.0521,14,93049606901,2496006,0
93.0546,17,93052147907,2496006,0
93.0575,20,93054983913,2496006,0
93.06,14,93057524919,2469000,1
93.06,17,93057524919,2469000,1
93.0625,19,93060009919,2469000,1
93.065,20,93062494919,2496006,0
93.0675,12,93065026925,2496006,0
93.07,21,93067549931,2496006,0
93.0726,11,93070081937,2496006,0
93.0751,12,93072604943,2496006,0
93.0776,20,93075127949,2469000,1
93.0776,16,93075127949,2469000,1
93.0801,12,93077594949,2496006,0
93.0826,17,93080135955,2496006,0
93.0852,19,93082667961,2496006,0
93.0877,17,93085199967,2496006,0
93.0902,11,93087722973,2496006,0
93.0927,1,93090245979,2496006,0
93.0952,19,93092777985,2469000,1
93.0952,15,93092777985,2469000,1
93.0952,21,93092777985,2469000,1
93.0952,1,93092777985,2469000,1
93.0977,17,93095244985,2496006,0
93.1003,11,93097767991,2496006,0
93.1028,12,93100290997,2469000,1
93.1053,1,93102757997,2496006,0
93.1103,17,93107804009,2496006,0
93.1128,14,93110327015,2496006,0
93.1154,17,93112868021,2496006,0
93.1179,22,93115391027,2496006,0
93.1204,8,93117914033,2469000,1
93.1204,12,93117914033,2469000,1
93.1229,20,93120399033,2496006,0
93.1254,11,93122922039,2496006,0
93.1279,1,93125445045,2496006,0
93.1308,22,93128281051,2469000,1
93.1308,14,93128281051,2469000,1
93.1308,19,93128281051,2469000,1
93.1332,21,93130757051,2469000,1
93.1332,19,93130757051,2469000,1
93.1357,20,93133224051,2469000,1
93.1357,1,93133224051,2469000,1
93.1382,11,93135709051,2496006,0
93.1407,17,93138241057,2469000,1
93.1407,11,93138241057,2469000,1
93.1432,17,93140717057,2496006,0
93.1457,12,93143240063,2469000,1
93.1457,14,93143240063,2469000,1
93.1508,21,93148284069,2496006,0
93.1533,19,93150807075,2496006,0
93.1558,22,93153330081,2496006,0
93.1586,9,93156166087,2469000,1
93.1586,19,93156166087,2469000,1
93.1611,14,93158633087,2469000,1
93.1611,22,93158633087,2469000,1
93.1636,17,93161118087,2496006,0
93.1661,19,93163650093,2496006,0
93.1687,1,93166173099,2496006,0
93.1712,22,93168705105,2496006,0
93.1737,17,93171228111,2469000,1
93.1737,4,93171228111,2469000,1
93.1737,21,93171228111,2469000,1
93.1762,6,93173704111,2496006,0
93.1787,20,93176227117,2496006,0
93.1812,22,93178759123,2469000,1
93.1812,11,93178759123,2469000,1
93.1837,1,93181226123,2496006,0
93.1863,21,93183767129,2496006,0
93.1888,19,93186290135,2496006,0
93.1913,5,93188840141,2496006,0
93.1939,21,93191363147,2496006,0
93.1964,1,93193886153,2496006,0
93.2014,6,93198932165,2469000,1
93.2014,20,93198932165,2469000,1
93.2039,21,93201408165,2469000,1
93.2039,22,93201408165,2469000,1
93.2064,5,93203884165,2496006,0
93.2089,19,93206416171,2469000,1
93.2089,17,93206416171,2469000,1
93.2114,17,93208885171,2496006,0
93.2139,1,93211408177,2496006,0
93.2165,6,93213976183,2496006,0
93.219,6,93216499189,2496006,0
93.2215,21,93219022195,2496006,0
93.224,14,93221545201,2496006,0
93.2266,1,93224077207,2496006,0
93.2291,6,93226600213,2469000,1
93.2291,5,93226600213,2469000,1
93.2291,17,93226600213,2469000,1
93.2319,21,93229380219,2496006,0
93.2344,19,93231921225,2496006,0
93.2369,11,93234444231,2496006,0
93.2395,5,93236967237,2496006,0
93.242,11,93239526243,2469000,1
93.242,14,93239526243,2469000,1
93.242,1,93239526243,2469000,1
93.2445,21,93241993243,2469000,1
93.2445,20,93241993243,2469000,1
93.247,21,93244462243,2496006,0
93.2495,5,93247003249,2469000,1
93.2495,1,93247003249,2469000,1
93.252,19,93249488249,2496006,0
93.2545,19,93252038255,2496006,0
93.257,17,93254570261,2469000,1
93.257,21,93254570261,2469000,1
93.2596,6,93257064261,2496006,0
93.2624,2,93259900267,2469000,1
93.2624,6,93259900267,2469000,1
93.2649,14,93262376267,2496006,0
93.2674,21,93264908273,2496006,0
93.2699,14,93267431279,2496006,0
93.2725,23,93269954285,2496006,0
93.275,11,93272486291,2469000,1
93.275,5,93272486291,2469000,1
93.275,19,93272486291,2469000,1
93.2774,3,93274962291,2469000,1
93.2774,22,93274962291,2469000,1
93.2799,21,93277447291,2496006,0
93.2825,21,93279979297,2496006,0
93.285,23,93282529303,2496006,0
93.2875,6,93285061309,2469000,1
93.2875,14,93285061309,2469000,1
93.29,8,93287528309,2469000,1
93.29,23,93287528309,2469000,1
93.2925,6,93289995309,2469000,1
93.295,21,93292462309,2496006,0
93.2975,17,93294985315,2496006,0
93.3,17,93297544321,2496006,0
93.3025,21,93300067327,2469000,1
93.3025,12,93300067327,2469000,1
93.3025,17,93300067327,2469000,1
93.305,19,93302534327,2496006,0
93.3076,14,93305066333,2496006,0
93.3101,23,93307616339,2496006,0
93.3126,14,93310148345,2496006,0
93.3152,19,93312671351,2496006,0
93.3177,4,93315194357,2469000,1
93.3177,1,93315194357,2469000,1
93.3177,5,93315194357,2469000,1
93.3202,19,93317661357,2496006,0
93.3227,18,93320193363,2496006,0
93.3252,20,93322716369,2496006,0
93.3277,16,93325248375,2469000,1
93.3277,11,93325248375,2469000,1
93.3302,23,93327715375,2469000,1
93.3302,6,93327715375,2469000,1
93.3327,14,93330182375,2496006,0
93.3355,23,93333036381,2496006,0
93.3381,19,93335559387,2496006,0
93.3406,19,93338082393,2496006,0
93.3431,22,93340605399,2469000,1
93.3456,20,93343081399,2496006,0
93.3481,14,93345604405,2496006,0
93.3506,19,93348127411,2469000,1
93.3506,18,93348127411,2469000,1
93.3531,21,93350594411,2469000,1
93.3531,17,93350594411,2469000,1
93.3531,20,93350594411,2469000,1
93.3556,23,93353061411,2496006,0
93.3606,19,93358116423,2469000,1
93.3606,18,93358116423,2469000,1
93.3634,14,93360923429,2496006,0
93.3659,23,93363446435,2496006,0
93.3685,19,93365987441,2496006,0
93.371,20,93368546447,2496006,0
93.3736,17,93371078453,2496006,0
93.3761,19,93373619459,2469000,1
93.3761,17,93373619459,2469000,1
93.3786,23,93376086459,2496006,0
93.3811,14,93378609465,2496006,0
93.3837,21,93381159471,2496006,0
93.3862,11,93383682477,2469000,1
93.3862,19,93383682477,2469000,1
93.3887,20,93386158477,2496006,0
93.3912,21,93388699483,2469000,1
93.3912,17,93388699483,2469000,1
93.3937,18,93391193483,2469000,1
93.3937,23,93391193483,2469000,1
93.3962,23,93393662483,2496006,0
93.3987,14,93396185489,2469000,1
93.4012,12,93398661489,2496006,0
93.4037,12,93401220495,2469000,1
93.4037,20,93401220495,2469000,1
93.4062,2,93403687495,2469000,1
93.4062,5,93403687495,2469000,1
93.4087,23,93406199495,2496006,0
93.4112,9,93408722501,2469000,1
93.4112,20,93408722501,2469000,1
93.4137,23,93411234501,2469000,1
93.4137,12,93411234501,2469000,1
93.4162,5,93413710501,2496006,0
93.4187,21,93416251507,2496006,0
93.4212,19,93418774513,2469000,1
93.4212,23,93418774513,2469000,1
93.4212,12,93418774513,2469000,1
93.4237,14,93421250513,2496006,0
93.4263,5,93423782519,2469000,1
93.4288,20,93426267519,2496006,0
93.4313,20,93428799525,2496006,0
93.4338,17,93431322531,2496006,0
93.4367,21,93434185537,2496006,0
93.4392,17,93436708543,2496006,0
93.4417,14,93439240549,2496006,0
93.4443,14,93441808555,2469000,1
93.4443,21,93441808555,2469000,1
93.4443,5,93441808555,2469000,1
93.4443,20,93441808555,2469000,1
93.4468,20,93444284555,2496006,0
93.4493,17,93446807561,2496006,0
93.4518,20,93449330567,2496006,0
93.4569,1,93454394579,2496006,0
93.4594,17,93456944585,2469000,1
93.4594,1,93456944585,2469000,1
93.4619,8,93459411585,2496006,0
93.4644,23,93461943591,2469000,1
93.4644,12,93461943591,2469000,1
93.4672,15,93464741597,2496006,0
93.4698,20,93467273603,2496006,0
93.4723,14,93469796609,2496006,0
93.4748,8,93472319615,2496006,0
93.4773,21,93474842621,2496006,0
93.4798,1,93477365627,2469000,1
93.4798,14,93477365627,2469000,1
93.4798,21,93477365627,2469000,1
93.4823,5,93479841627,2496006,0
93.4848,8,93482364633,2469000,1
93.4848,11,93482364633,2469000,1
93.4873,15,93484831633,2496006,0
93.4924,20,93489886645,2496006,0
93.4949,14,93492409651,2496006,0
93.4974,5,93494932657,2496006,0
93.5,17,93497455663,2496006,0
93.5025,8,93499987669,2469000,1
93.5025,14,93499987669,2469000,1
93.505,15,93502454669,2496006,0
93.5075,14,93504977675,2496006,0
93.51,5,93507500681,2496006,0
93.5125,6,93510059687,2469000,1
93.5125,20,93510059687,2469000,1
93.515,20,93512535687,2496006,0
93.5175,17,93515058693,2469000,1
93.5175,20,93515058693,2469000,1
93.52,5,93517543693,2496006,0
93.5226,15,93520084699,2469000,1
93.5226,14,93520084699,2469000,1
93.525,1,93522551699,2496006,0
93.5276,21,93525083705,2496006,0
93.5326,20,93530129717,2496006,0
93.5352,14,93532661723,2496006,0
93.5377,20,93535211729,2496006,0
93.5405,18,93538047735,2469000,1
93.5405,5,93538047735,2469000,1
93.5405,15,93538047735,2469000,1
93.5405,20,93538047735,2469000,1
93.543,15,93540516735,2496006,0
93.5455,14,93543039741,2496006,0
93.5481,1,93545571747,2496006,0
93.5506,21,93548112753,2496006,0
93.5531,21,93550635759,2496006,0
93.5557,17,93553185765,2496006,0
93.5582,1,93555708771,2469000,1
93.5582,17,93555708771,2469000,1
93.5607,15,93558175771,2496006,0
93.5632,8,93560716777,2469000,1
93.5632,14,93560716777,2469000,1
93.5657,21,93563192777,2496006,0
93.5685,22,93566037783,2496006,0
93.5711,21,93568560789,2496006,0
93.5761,19,93573615801,2469000,1
93.5761,14,93573615801,2469000,1
93.5786,14,93576109801,2496006,0
93.5811,21,93578632807,2469000,1
93.5811,5,93578632807,2469000,1
93.5811,15,93578632807,2469000,1
93.5836,20,93581099807,2469000,1
93.5836,15,93581101807,2469000,1
93.5861,14,93583568807,2496006,0
93.5886,22,93586091813,2496006,0
93.5911,14,93588650819,2469000,1
93.5911,1,93588650819,2469000,1
93.5936,21,93591144819,2496006,0
93.5962,22,93593667825,2496006,0
93.5987,17,93596190831,2496006,0
93.6012,17,93598713837,2496006,0
93.6037,22,93601236843,2496006,0
93.6063,21,93603768849,2496006,0
93.6088,21,93606291855,2496006,0
93.6113,22,93608850861,2496006,0
93.6139,17,93611373867,2496006,0
93.6189,15,93616419879,2496006,0
93.6215,20,93618960885,2496006,0
93.624,14,93621501891,2496006,0
93.6265,17,93624033897,2469000,1
93.6265,21,93624033897,2469000,1
93.629,22,93626500897,2496006,0
93.6316,15,93629059903,2496006,0
93.6341,14,93631582909,2496006,0
93.6366,22,93634123915,2469000,1
93.6366,20,93634123915,2469000,1
93.6391,23,93636590915,2496006,0
93.6419,14,93639426921,2496006,0
93.6444,15,93641949927,2496006,0
93.647,17,93644499933,2496006,0
93.6495,23,93647022939,2496006,0
93.652,14,93649545945,2469000,1
93.652,20,93649545945,2469000,1
93.6545,17,93652012945,2496006,0
93.657,15,93654535951,2469000,1
93.657,21,93654535951,2469000,1
93.657,23,93654535951,2469000,1
93.6595,5,93657020951,2469000,1
93.662,15,93659487951,2496006,0
93.6645,20,93662019957,2469000,1
93.6645,15,93662019957,2469000,1
93.667,14,93664504957,2469000,1
93.667,21,93664504957,2469000,1
93.6695,1,93666971957,2496006,0
93.6723,22,93669825963,2469000,1
93.6723,17,93669825963,2469000,1
93.6748,1,93672292963,2496006,0
93.6773,23,93674824969,2496006,0
93.6799,5,93677401975,2496006,0
93.6824,12,93679924981,2496006,0
93.685,1,93682456987,2496006,0
93.6875,23,93684988993,2469000,1
93.6875,22,93684988993,2469000,1
93.6875,1,93684988993,2469000,1
93.69,18,93687455993,2496006,0
93.6925,14,93689996999,2496006,0
93.695,18,93692520005,2496006,0
93.6975,15,93695043011,2496006,0
93.7,17,93697575017,2469000,1
93.7025,12,93700042017,2496006,0
93.7051,5,93702574023,2496006,0
93.7076,8,93705115029,2496006,0
93.7101,15,93707638035,2496006,0
93.7126,14,93710170041,2469000,1
93.7126,15,93710170041,2469000,1
93.7151,12,93712646041,2496006,0
93.7177,12,93715169047,2496006,0
93.7202,23,93717692053,2469000,1
93.7202,18,93717692053,2469000,1
93.7227,18,93720161053,2496006,0
93.7252,5,93722702059,2496006,0
93.7277,8,93725234065,2469000,1
93.7277,23,93725234065,2469000,1
93.7277,5,93725234065,2469000,1
93.7302,18,93727701065,2469000,1
93.7302,12,93727701065,2469000,1
93.7327,1,93730186065,2496006,0
93.7352,21,93732709071,2496006,0
93.7378,1,93735286077,2469000,1
93.7402,17,93737753077,2496006,0
93.7428,21,93740276083,2496006,0
93.7456,14,93743112089,2496006,0
93.7481,18,93745635095,2469000,1
93.7481,14,93745635095,2469000,1
93.7506,17,93748102095,2469000,1
93.7531,15,93750569095,2496006,0
93.7556,21,93753092101,2496006,0
93.7581,12,93755615107,2496006,0
93.7632,5,93760670119,2496006,0
93.7657,12,93763202125,2469000,1
93.7657,14,93763202125,2469000,1
93.7682,15,93765669125,2496006,0
93.7707,1,93768210131,2496006,0
93.7735,8,93771046137,2496006,0
93.776,5,93773569143,2469000,1
93.776,21,93773569143,2469000,1
93.7785,15,93776045143,2469000,1
93.7785,18,93776045143,2469000,1
93.781,8,93778530143,2469000,1
93.781,12,93778530143,2469000,1
93.7835,6,93781006143,2496006,0
93.786,1,93783529149,2496006,0
93.7886,20,93786061155,2496006,0
93.7911,17,93788584161,2469000,1
93.7911,8,93788584161,2469000,1
93.7936,1,93791123161,2496006,0
93.7961,6,93793646167,2469000,1
93.7961,8,93793646167,2469000,1
93.7986,20,93796131167,2469000,1
93.7986,1,93796131167,2469000,1
93.8011,13,93798598167,2496006,0
93.8036,21,93801130173,2496006,0
93.8061,5,93803653179,2496006,0
93.8086,13,93806176185,2469000,1
93.8086,5,93806176185,2469000,1
93.8111,13,93808645185,2496006,0
93.8137,19,93811168191,2496006,0
93.8162,15,93813700197,2469000,1
93.8162,12,93813700197,2469000,1
93.8187,22,93816185197,2496006,0
93.8212,5,93818717203,2496006,0
93.8237,21,93821240209,2469000,1
93.8237,5,93821240209,2469000,1
93.8262,13,93823707209,2469000,1
93.8262,20,93823707209,2469000,1
93.8262,22,93823707209,2469000,1
93.8287,5,93826183209,2496006,0
93.8312,19,93828706215,2496006,0
93.8337,19,93831229221,2496006,0
93.8363,17,93833761227,2496006,0
93.8388,6,93836284233,2496006,0
93.8413,22,93838816239,2469000,1
93.8438,19,93841283239,2469000,1
93.8438,6,93841283239,2469000,1
93.8466,14,93844063245,2496006,0
93.8491,19,93846586251,2469000,1
93.8491,14,93846586251,2469000,1
93.8516,23,93849062251,2496006,0
93.8541,1,93851594257,2469000,1
93.8541,23,93851594257,2469000,1
93.8565,15,93854070257,2469000,1
93.8565,5,93854070257,2469000,1
93.859,21,93856537257,2496006,0
93.8616,14,93859069263,2496006,0
93.8641,17,93861592269,2496006,0
93.8666,21,93864133275,2496006,0
93.8692,17,93866674281,2496006,0
93.8717,14,93869206287,2469000,1
93.8717,13,93869206287,2469000,1
93.8742,17,93871673287,2496006,0
93.8771,13,93874554293,2496006,0
93.8796,21,93877077299,2496006,0
93.8821,20,93879609305,2469000,1
93.8821,14,93879609305,2469000,1
93.8846,6,93882085305,2469000,1
93.8846,5,93882085305,2469000,1
93.8896,16,93887084311,2469000,1
93.8896,1,93887084311,2469000,1
93.892,17,93889551311,2496006,0
93.8946,19,93892083317,2469000,1
93.8946,23,93892083317,2469000,1
93.8946,21,93892083317,2469000,1
93.8971,13,93894559317,2496006,0
93.8996,5,93897082323,2496006,0
93.9021,5,93899641329,2496006,0
93.9047,17,93902164335,2496006,0
93.9072,8,93904696341,2469000,1
93.9072,17,93904696341,2469000,1
93.9097,14,93907163341,2496006,0
93.9122,13,93909695347,2496006,0
93.9147,14,93912218353,2496006,0
93.9172,23,93914750359,2496006,0
93.9198,5,93917318365,2469000,1
93.9198,8,93917318365,2469000,1
93.9223,23,93919785365,2496006,0
93.9248,14,93922308371,2469000,1
93.9248,22,93922308371,2469000,1
93.9248,17,93922308371,2469000,1
93.9272,13,93924775371,2469000,1
93.9272,14,93924777371,2469000,1
93.9297,12,93927244371,2496006,0
93.9323,12,93929767377,2496006,0
93.9348,18,93932290383,2469000,1
93.9348,21,93932290383,2469000,1
93.9373,12,93934784383,2496006,0
93.9398,23,93937316389,2496006,0
93.9424,6,93939857395,2496006,0
93.9449,20,93942380401,2496006,0
93.9474,12,93944921407,2496006,0
93.9503,23,93947757413,2496006,0
93.9528,14,93950289419,2496006,0
93.9553,6,93952830425,2496006,0
93.9578,5,93955353431,2496006,0
93.9604,5,93957885437,2496006,0
93.9629,13,93960435443,2469000,1
93.9629,20,93960435443,2469000,1
93.9654,12,93962911443,2469000,1
93.9654,20,93962911443,2469000,1
93.9679,23,93965378443,2496006,0
93.9704,5,93967901449,2469000,1
93.9704,14,93967901449,2469000,1
93.9728,19,93970377449,2469000,1
93.9728,6,93970377449,2469000,1
93.9753,12,93972844449,2496006,0
93.9781,14,93975680455,2469000,1
93.9781,12,93975680455,2469000,1
93.9806,1,93978156455,2469000,1
93.9806,5,93978156455,2469000,1
93.9831,15,93980632455,2469000,1
93.9831,23,93980632455,2469000,1
93.9856,23,93983144455,2496006,0
93.9882,23,93985685461,2496006,0
93.9907,23,93988208467,2496006,0
93.9932,5,93990749473,2496006,0
93.9957,6,93993272479,2469000,1
93.9957,23,93993272479,2469000,1
93.9982,12,93995757479,2469000,1
93.9982,5,93995757479,2469000,1
94.0007,21,93998224479,2496006,0
94.0033,17,94000774485,2496006,0
94.0058,5,94003315491,2496006,0
94.0084,17,94005865497,2496006,0
94.0109,14,94008388503,2496006,0
94.0134,21,94010920509,2469000,1
94.0159,20,94013432509,2469000,1
94.0159,21,94013432509,2469000,1
94.0209,17,94018422515,2469000,1
94.0209,23,94018422515,2469000,1
94.0234,5,94020889515,2496006,0
94.0259,14,94023421521,2496006,0
94.0285,12,94025980527,2496006,0
94.031,13,94028530533,2496006,0
94.0335,12,94031053539,2496006,0
94.0361,23,94033576545,2496006,0
94.0386,5,94036099551,2496006,0
94.0411,14,94038622557,2496006,0
94.0436,23,94041145563,2496006,0
94.0462,13,94043686569,2496006,0
94.0487,23,94046218575,2469000,1
94.0487,12,94046218575,2469000,1
94.0515,13,94049016581,2496006,0
94.0566,22,94054071593,2496006,0
94.0591,5,94056612599,2469000,1
94.0591,14,94056612599,2469000,1
94.0616,17,94059079599,2496006,0
94.0641,12,94061611605,2496006,0
94.0666,22,94064134611,2469000,1
94.0666,20,94064134611,2469000,1
94.0691,12,94066601611,2496006,0
94.0716,17,94069124617,2496006,0
94.0741,6,94071647623,2496006,0
94.0767,13,94074179629,2496006,0
94.0792,13,94076702635,2496006,0
94.0821,13,94079556641,2496006,0
94.0846,11,94082097647,2469000,1
94.0846,23,94082097647,2469000,1
94.0871,17,94084573647,2496006,0
94.0896,12,94087096653,2496006,0
94.0921,6,94089619659,2469000,1
94.0921,14,94089619659,2469000,1
94.0921,12,94089619659,2469000,1
94.0971,22,94094627665,2469000,1
94.0971,13,94094627665,2469000,1
94.0996,21,94097094665,2469000,1
94.0996,5,94097094665,2469000,1
94.0996,11,94097094665,2469000,1
94.102,15,94099570665,2469000,1
94.102,12,94099570665,2469000,1
94.1045,5,94102037665,2496006,0
94.1071,17,94104569671,2496006,0
94.1096,17,94107092677,2496006,0
94.1121,21,94109615683,2469000,1
94.1121,17,94109615683,2469000,1
94.1146,23,94112163683,2469000,1
94.1146,6,94112163683,2469000,1
94.1171,13,94114630683,2469000,1
94.1171,5,94114630683,2469000,1
94.1171,17,94114630683,2469000,1
94.1196,18,94117115683,2496006,0
94.1221,18,94119674689,2469000,1
94.1221,10,94119674689,2469000,1
94.1272,5,94124691695,2496006,0
94.1297,5,94127223701,2496006,0
94.1323,5,94129773707,2496006,0
94.1348,6,94132305713,2496006,0
94.1373,7,94134828719,2496006,0
94.1399,14,94137396725,2469000,1
94.1399,12,94137396725,2469000,1
94.1424,6,94139863725,2496006,0
94.1449,6,94142386731,2496006,0
94.1474,5,94144909737,2496006,0
94.1499,7,94147432743,2496006,0
94.1525,13,94149955749,2496006,0
94.1578,5,94155350761,2469000,1
94.1578,18,94155350761,2469000,1
94.1603,6,94157826761,2496006,0
94.1628,22,94160349767,2496006,0
94.1653,7,94162872773,2469000,1
94.1653,6,94162872773,2469000,1
94.1678,17,94165357773,2469000,1
94.1678,13,94165357773,2469000,1
94.1704,18,94167905773,2469000,1
94.1704,6,94167905773,2469000,1
94.1729,12,94170381773,2469000,1
94.1729,22,94170381773,2469000,1
94.1753,23,94172848773,2496006,0
94.1779,5,94175371779,2496006,0
94.1833,5,94180811791,2496006,0
94.1858,5,94183334797,2496006,0
94.1884,7,94185857803,2496006,0
94.1909,14,94188380809,2496006,0
94.1934,22,94190903815,2469000,1
94.1934,23,94190903815,2469000,1
94.1958,5,94193379815,2469000,1
94.1958,19,94193379815,2469000,1
94.1958,13,94193379815,2469000,1
94.1983,13,94195848815,2496006,0
94.2009,14,94198398821,2496006,0
94.2059,9,94203462833,2469000,1
94.2059,5,94203462833,2469000,1
94.2084,14,94205929833,2469000,1
94.2084,13,94205929833,2469000,1
94.2109,7,94208396833,2496006,0
94.2134,7,94210973839,2469000,1
94.2134,23,94210973839,2469000,1
94.2134,5,94210973839,2469000,1
94.216,14,94213458839,2496006,0
94.2185,6,94215981845,2469000,1
94.2185,23,94215981845,2469000,1
94.2185,14,94215981845,2469000,1
94.221,12,94218457845,2496006,0
94.2235,1,94220998851,2469000,1
94.226,12,94223465851,2496006,0
94.2285,22,94225997857,2496006,0
94.231,11,94228520863,2496006,0
94.2335,22,94231052869,2469000,1
94.2335,11,94231052869,2469000,1
94.236,12,94233573869,2469000,1
94.236,13,94233573869,2469000,1
94.2386,7,94236058869,2496006,0
94.2411,7,94238599875,2469000,1
94.2436,8,94241075875,2496006,0
94.2461,12,94243598881,2496006,0
94.2486,14,94246148887,2469000,1
94.2486,11,94246148887,2469000,1
94.2511,4,94248633887,2496006,0
94.2537,4,94251174893,2496006,0
94.2565,12,94254028899,2496006,0
94.259,8,94256551905,2496006,0
94.2615,4,94259074911,2469000,1
94.2615,22,94259074911,2469000,1
94.264,8,94261550911,2496006,0
94.2666,7,94264073917,2496006,0
94.2691,4,94266596923,2496006,0
94.2742,12,94271660935,2496006,0
94.2767,7,94274210941,2496006,0
94.2792,4,94276742947,2496006,0
94.2817,8,94279265953,2469000,1
94.2817,4,94279265953,2469000,1
94.2846,12,94282054959,2496006,0
94.2871,7,94284586965,2496006,0
94.2896,7,94287109971,2496006,0
94.2921,14,94289659977,2469000,1
94.2921,11,94289659977,2469000,1
94.2971,21,94294649983,2496006,0
94.2997,18,94297172989,2496006,0
94.3022,12,94299704995,2469000,1
94.3022,18,94299704995,2469000,1
94.3046,7,94302171995,2469000,1
94.3046,6,94302171995,2469000,1
94.3071,13,94304647995,2469000,1
94.3071,4,94304647995,2469000,1
94.3096,17,94307114995,2496006,0
94.3121,13,94309638001,2496006,0
94.3147,21,94312170007,2496006,0
94.3172,8,94314693013,2496006,0
94.3197,17,94317216019,2496006,0
94.3222,12,94319748025,2496006,0
94.3248,17,94322289031,2469000,1
94.3248,13,94322289031,2469000,1
94.3273,23,94324756031,2496006,0
94.3297,8,94327279037,2469000,1
94.3297,21,94327279037,2469000,1
94.3322,23,94329746037,2469000,1
94.3347,23,94332240037,2496006,0
94.3373,22,94334772043,2496006,0
94.3398,12,94337313049,2496006,0
94.3423,20,94339836055,2469000,1
94.3423,17,94339836055,2469000,1
94.3448,13,94342303055,2496006,0
94.3473,18,94344826061,2469000,1
94.3473,7,94344826061,2469000,1
94.3498,21,94347311061,2496006,0
94.3523,23,94349834067,2496006,0
94.3548,13,94352366073,2469000,1
94.3548,21,94352366073,2469000,1
94.3577,22,94355156003,2496006,0
94.3602,12,94357724009,2496006,0
94.3627,8,94360247015,2469000,1
94.3627,23,94360247015,2469000,1
94.3652,5,94362723015,2496006,0
94.3703,22,94367796027,2496006,0
94.3728,8,94370328033,2496006,0
94.3754,12,94372869039,2496006,0
94.3779,22,94375428045,2469000,1
94.3779,5,94375428045,2469000,1
94.3804,2,94377895045,2496006,0
94.3829,21,94380427051,2496006,0
94.3854,8,94382959057,2469000,1
94.3854,13,94382959057,2469000,1
94.3854,23,94382959057,2469000,1
94.3882,21,94385739063,2496006,0
94.3908,4,94388262069,2496006,0
94.3933,12,94390785075,2496006,0
94.3958,2,94393317081,2496006,0
94.3983,12,94395840087,2496006,0
94.4009,22,94398363093,2496006,0
94.4034,4,94400904099,2469000,1
94.4058,21,94403371099,2469000,1
94.4058,8,94403371099,2469000,1
94.4083,7,94405838099,2469000,1
94.4083,21,94405840099,2469000,1
94.4108,18,94408307099,2496006,0
94.4133,12,94410848105,2496006,0
94.4159,12,94413371111,2496006,0
94.4184,14,94415903117,2496006,0
94.4209,2,94418426123,2496006,0
94.4234,14,94420949129,2496006,0
94.4259,12,94423472135,2469000,1
94.4259,18,94423472135,2469000,1
94.4284,22,94425939135,2469000,1
94.4284,14,94425939135,2469000,1
94.4284,18,94425941135,2469000,1
94.4309,2,94428417135,2496006,0
94.4334,17,94430940141,2496006,0
94.436,5,94433463147,2496006,0
94.4385,14,94435986153,2496006,0
94.441,2,94438509159,2496006,0
94.4435,23,94441032165,2496006,0
94.4461,12,94443564171,2496006,0
94.4486,5,94446096177,2496006,0
94.4511,14,94448619183,2496006,0
94.4536,17,94451151189,2469000,1
94.4536,4,94451151189,2469000,1
94.4561,13,94453618189,2469000,1
94.4586,2,94456085189,2496006,0
94.4614,22,94458921195,2496006,0
94.4639,23,94461444201,2496006,0
94.4665,23,94463976207,2496006,0
94.469,5,94466499213,2496006,0
94.4715,17,94469022219,2496006,0
94.474,12,94471554225,2469000,1
94.474,2,94471554225,2469000,1
94.474,5,94471554225,2469000,1
94.4765,2,94474039225,2496006,0
94.479,14,94476562231,2469000,1
94.479,5,94476562231,2469000,1
94.4815,22,94479038231,2496006,0
94.484,11,94481570237,2469000,1
94.484,12,94481570237,2469000,1
94.4865,2,94484046237,2469000,1
94.4865,14,94484046237,2469000,1
94.4893,21,94486826243,2469000,1
94.4893,12,94486826243,2469000,1
94.4918,23,94489293243,2496006,0
94.4943,17,94491816249,2496006,0
94.4969,4,94494357255,2496006,0
94.4994,3,94496907261,2496006,0
94.5019,22,94499430267,2496006,0
94.5045,23,94501989273,2496006,0
94.507,8,94504512279,2496006,0
94.5095,22,94507044285,2469000,1
94.5095,17,94507044285,2469000,1
94.512,4,94509511285,2469000,1
94.512,5,94509511285,2469000,1
94.5145,3,94511978285,2496006,0
94.517,2,94514501291,2496006,0
94.5195,23,94517024297,2496006,0
94.522,8,94519556303,2469000,1
94.527,2,94524564309,2469000,1
94.527,18,94524564309,2469000,1
94.5295,3,94527031309,2496006,0
94.5321,2,94529554315,2496006,0
94.5346,2,94532095321,2496006,0
94.5371,3,94534618327,2469000,1
94.5371,23,94534618327,2469000,1
94.5396,17,94537085327,2496006,0
94.5421,8,94539617333,2469000,1
94.5421,2,94539617333,2469000,1
94.5446,22,94542102333,2496006,0
94.5471,17,94544634339,2496006,0
94.5497,22,94547157345,2496006,0
94.5522,4,94549689351,2469000,1
94.5522,22,94549689351,2469000,1
94.5547,3,94552156351,2496006,0
94.5572,2,94554697357,2496006,0
94.5597,17,94557238363,2496006,0
94.5625,23,94560074369,2469000,1
94.5625,2,94560074369,2469000,1
94.565,3,94562541369,2469000,1
94.565,6,94562541369,2469000,1
94.5675,21,94565008369,2469000,1
94.5675,12,94565008369,2469000,1
94.5675,22,94565008369,2469000,1
94.57,17,94567529369,2469000,1
94.57,23,94567529369,2469000,1
94.5725,14,94569996369,2496006,0
94.575,23,94572519375,2496006,0
94.5775,7,94575051381,2469000,1
94.58,13,94577518381,2469000,1
94.58,2,94577518381,2469000,1
94.5825,14,94579994381,2469000,1
94.5825,17,94579994381,2469000,1
94.5849,5,94582461381,2469000,1
94.5849,3,94582461381,2469000,1
94.5874,23,94584937381,2496006,0
94.59,8,94587478387,2496006,0
94.5928,18,94590314393,2496006,0
94.5954,18,94592882399,2496006,0
94.5979,23,94595405405,2469000,1
94.5979,17,94595405405,2469000,1
94.6004,8,94597872405,2496006,0
94.6029,4,94600404411,2496006,0
94.6054,22,94602936417,2496006,0
94.608,18,94605459423,2496006,0
94.6105,4,94608018429,2496006,0
94.613,8,94610550435,2469000,1
94.613,4,94610550435,2469000,1
94.6155,22,94613017435,2496006,0
94.618,14,94615567441,2469000,1
94.618,3,94615567441,2469000,1
94.6205,16,94618052441,2496006,0
94.623,18,94620575447,2469000,1
94.6255,14,94623051447,2469000,1
94.6255,16,94623051447,2469000,1
94.628,23,94625518447,2496006,0
94.6305,22,94628041453,2496006,0
94.6331,8,94630564459,2496006,0
94.6356,16,94633114465,2496006,0
94.6381,4,94635637471,2496006,0
94.6407,5,94638160477,2496006,0
94.6432,19,94640692483,2496006,0
94.6457,4,94643215489,2469000,1
94.6457,5,94643215489,2469000,1
94.6482,23,94645682489,2496006,0
94.6507,19,94648205495,2496006,0
94.6532,1,94650728501,2496006,0
94.6557,16,94653260507,2469000,1
94.6557,8,94653260507,2469000,1
94.6557,22,94653260507,2469000,1
94.6582,1,94655727507,2496006,0
94.6607,23,94658250513,2496006,0
94.6633,2,94660773519,2496006,0
94.6661,19,94663609525,2469000,1
94.6661,18,94663609525,2469000,1
94.6686,11,94666085525,2496006,0
94.6711,1,94668608531,2496006,0
94.6736,14,94671149537,2469000,1
94.6736,22,94671149537,2469000,1
94.6736,1,94671149537,2469000,1
94.6761,19,94673625537,2496006,0
94.6786,2,94676148543,2496006,0
94.6812,19,94678671549,2496006,0
94.6862,11,94683717561,2469000,1
94.6862,23,94683717561,2469000,1
94.6862,2,94683717561,2469000,1
94.6887,4,94686193561,2469000,1
94.6887,16,94686193561,2469000,1
94.6887,8,94686193561,2469000,1
94.6911,19,94688669561,2469000,1
94.6911,9,94688669561,2469000,1
94.6936,19,94691145561,2496006,0
94.6965,9,94693981567,2496006,0
94.699,23,94696513573,2496006,0
94.7015,5,94699045579,2496006,0
94.7041,22,94701568585,2496006,0
94.7066,9,94704109591,2469000,1
94.7066,19,94704109591,2469000,1
94.7091,22,94706603591,2496006,0
94.7116,2,94709126597,2496006,0
94.7141,23,94711649603,2469000,1
94.7141,18,94711649603,2469000,1
94.7141,1,94711649603,2469000,1
94.7166,4,94714134603,2496006,0
94.7192,5,94716657609,2496006,0
94.7217,22,94719189615,2469000,1
94.7217,11,94719189615,2469000,1
94.7217,16,94719189615,2469000,1
94.7242,22,94721658615,2496006,0
94.7267,4,94724181621,2496006,0
94.7292,5,94726704627,2469000,1
94.7292,9,94726704627,2469000,1
94.7317,2,94729189627,2496006,0
94.7342,22,94731730633,2469000,1
94.7342,23,94731730633,2469000,1
94.7367,2,94734215633,2496006,0
94.7392,17,94736756639,2469000,1
94.7392,19,94736756639,2469000,1
94.7392,23,94736756639,2469000,1
94.7417,4,94739223639,2469000,1
94.7417,5,94739223639,2469000,1
94.7442,3,94741708639,2496006,0
94.7468,9,94744258645,2496006,0
94.7493,15,94746790651,2469000,1
94.7493,8,94746790651,2469000,1
94.7517,22,94749257651,2469000,1
94.7517,2,94749257651,2469000,1
94.7542,4,94751742651,2496006,0
94.7568,4,94754265657,2496006,0
94.7593,8,94756788663,2496006,0
94.7618,3,94759329669,2496006,0
94.7643,21,94761861675,2469000,1
94.7643,9,94761861675,2469000,1
94.7669,4,94764373675,2496006,0
94.7697,8,94767209681,2496006,0
94.7722,5,94769741687,2496006,0
94.7748,11,94772273693,2496006,0
94.7773,8,94774796699,2496006,0
94.7798,3,94777328705,2496006,0
94.7824,8,94779878711,2496006,0
94.7849,1,94782401717,2469000,1
94.7849,9,94782401717,2469000,1
94.7873,2,94784868717,2469000,1
94.7873,4,94784868717,2469000,1
94.7898,3,94787335717,2469000,1
94.7898,11,94787335717,2469000,1
94.7898,5,94787335717,2469000,1
94.7898,4,94787337717,2469000,1
94.7923,4,94789806717,2496006,0
94.7948,11,94792347723,2469000,1
94.7948,5,94792347723,2469000,1
94.7976,8,94795127729,2496006,0
94.8001,4,94797650735,2469000,1
94.8001,2,94797650735,2469000,1
94.8001,11,94797650735,2469000,1
94.8026,8,94800117735,2496006,0
94.8052,2,94802658741,2496006,0
94.8077,8,94805190747,2469000,1
94.8077,4,94805190747,2469000,1
94.8102,22,94807666747,2496006,0
94.8127,17,94810207753,2496006,0
94.8152,19,94812730759,2496006,0
94.8177,2,94815253765,2496006,0
94.8203,19,94817776771,2496006,0
94.8228,2,94820299777,2496006,0
94.8253,22,94822840783,2469000,1
94.8253,3,94822840783,2469000,1
94.8278,2,94825316783,2496006,0
94.8304,22,94827866789,2496006,0
94.8329,17,94830398795,2469000,1
94.8354,22,94832865795,2496006,0
94.8379,19,94835406801,2496006,0
94.843,9,94840470813,2496006,0
94.8455,19,94843002819,2469000,1
94.8455,2,94843002819,2469000,1
94.848,8,94845469819,2496006,0
94.8505,22,94847992825,2496006,0
94.853,8,94850542831,2496006,0
94.8556,3,94853092837,2469000,1
94.8556,9,94853092837,2469000,1
94.8581,17,94855568837,2496006,0
94.8606,5,94858100843,2496006,0
94.8631,4,94860623849,2496006,0
94.8656,16,94863155855,2469000,1
94.8656,8,94863155855,2469000,1
94.8681,22,94865622855,2496006,0
94.871,22,94868467861,2496006,0
94.8735,4,94870990867,2496006,0
94.876,18,94873513873,2469000,1
94.876,9,94873513873,2469000,1
94.8785,4,94875980873,2496006,0
94.881,2,94878503879,2496006,0
94.8835,5,94881026885,2496006,0
94.886,17,94883549891,2469000,1
94.886,8,94883549891,2469000,1
94.8885,23,94886025891,2469000,1
94.8885,19,94886025891,2469000,1
94.891,5,94888510891,2469000,1
94.891,9,94888510891,2469000,1
94.8935,2,94890977891,2496006,0
94.896,7,94893518897,2469000,1
94.896,22,94893518897,2469000,1
94.896,2,94893518897,2469000,1
94.8985,12,94895994897,2469000,1
94.8985,22,94895994897,2469000,1
94.9012,13,94898774903,2469000,1
94.9012,17,94898774903,2469000,1
94.9037,4,94901241903,2496006,0
94.9062,8,94903773909,2469000,1
94.9062,2,94903773909,2469000,1
94.9088,1,94906258909,2496006,0
94.9113,11,94908799915,2469000,1
94.9113,5,94908799915,2469000,1
94.9138,5,94911302915,2496006,0
94.9163,2,94913825921,2496006,0
94.9188,4,94916348927,2496006,0
94.9213,19,94918871933,2469000,1
94.9213,1,94918871933,2469000,1
94.9239,4,94921356933,2496006,0
94.9264,3,94923897939,2496006,0
94.9289,2,94926420945,2496006,0
94.9314,17,94928961951,2469000,1
94.9314,5,94928961951,2469000,1
94.9339,3,94931446951,2469000,1
94.9364,2,94933913951,2469000,1
94.9364,4,94933913951,2469000,1
94.9389,5,94936407951,2496006,0
94.9415,4,94938966957,2496006,0
94.944,3,94941525963,2496006,0
94.9465,5,94944057969,2469000,1
94.9465,14,94944057969,2469000,1
94.949,1,94946533969,2469000,1
94.949,5,94946533969,2469000,1
94.9515,4,94949027969,2496006,0
94.954,20,94951559975,2469000,1
94.954,22,94951559975,2469000,1
94.9565,3,94954026975,2496006,0
94.9591,23,94956567981,2496006,0
94.9616,4,94959099987,2469000,1
94.9616,2,94959099987,2469000,1
94.9666,5,94964125993,2496006,0
94.9692,5,94966675999,2496006,0
94.9717,3,94969199005,2496006,0
94.9745,23,94972044011,2469000,1
94.9745,5,94972044011,2469000,1
94.977,6,94974529011,2496006,0
94.9796,22,94977070017,2496006,0
94.9821,6,94979602023,2469000,1
94.9821,3,94979602023,2469000,1
94.9845,4,94982078023,2469000,1
94.9845,2,94982078023,2469000,1
94.9871,3,94984554023,2496006,0
94.9896,22,94987077029,2496006,0
94.9921,3,94989600035,2469000,1
94.9946,17,94992085035,2496006,0
94.9971,19,94994635041,2496006,0
94.9997,9,94997167047,2496006,0
95.0025,8,95000003053,2496006,0
95.005,6,95002526059,2496006,0
95.0075,6,95005049065,2496006,0
95.0101,9,95007581071,2469000,1
95.0101,17,95007581071,2469000,1
95.0101,22,95007581071,2469000,1
95.0125,23,95010048071,2469000,1
95.0125,5,95010048071,2469000,1
95.015,22,95012524071,2496006,0
95.0176,8,95015056077,2496006,0
95.0201,19,95017597083,2469000,1
95.0201,6,95017597083,2469000,1
95.0226,1,95020064083,2496006,0
95.0251,16,95022587089,2469000,1
95.0276,3,95025090089,2496006,0
95.0301,1,95027613095,2469000,1
95.0301,9,95027613095,2469000,1
95.0326,22,95030098095,2496006,0
95.0351,8,95032621101,2469000,1
95.0351,6,95032621101,2469000,1
95.0376,9,95035106101,2496006,0
95.0401,3,95037629107,2496006,0
95.0426,1,95040152113,2496006,0
95.0452,14,95042693119,2469000,1
95.0452,1,95042693119,2469000,1
95.0477,17,95045169119,2496006,0
95.0502,5,95047692125,2469000,1
95.0502,8,95047692125,2469000,1
95.0502,17,95047692125,2469000,1
95.0526,3,95050159125,2469000,1
95.0526,1,95050159125,2469000,1
95.0551,23,95052644125,2469000,1
95.0551,22,95052644125,2469000,1
95.0601,22,95057643131,2496006,0
95.0627,9,95060166137,2496006,0
95.0652,19,95062689143,2496006,0
95.0677,4,95065230149,2469000,1
95.0677,2,95065230149,2469000,1
95.0677,19,95065230149,2469000,1
95.0702,8,95067706149,2496006,0
95.0728,6,95070265155,2496006,0
95.0756,3,95073128161,2469000,1
95.0756,22,95073128161,2469000,1
95.0756,9,95073128161,2469000,1
95.0781,8,95075595161,2469000,1
95.0781,10,95075595161,2469000,1
95.0781,13,95075595161,2469000,1
95.0806,17,95078116161,2469000,1
95.0806,6,95078116161,2469000,1
95.0831,22,95080583161,2496006,0
95.0856,1,95083106167,2469000,1
95.0856,22,95083106167,2469000,1
95.0881,10,95085582167,2496006,0
95.0906,8,95088114173,2496006,0
95.0931,6,95090637179,2496006,0
95.0957,19,95093160185,2496006,0
95.0982,19,95095692191,2496006,0
95.1007,18,95098224197,2496006,0
95.1033,8,95100765203,2496006,0
95.1061,19,95103601209,2469000,1
95.1061,6,95103601209,2469000,1
95.1061,22,95103601209,2469000,1
95.1086,4,95106068209,2496006,0
95.1111,10,95108609215,2469000,1
95.1111,4,95108609215,2469000,1
95.1135,18,95111076215,2469000,1
95.1135,1,95111076215,2469000,1
95.116,8,95113543215,2496006,0
95.1186,8,95116066221,2496006,0
95.1211,12,95118589227,2469000,1
95.1211,9,95118589227,2469000,1
95.1261,4,95123615233,2496006,0
95.1286,19,95126138239,2496006,0
95.1312,8,95128697245,2496006,0
95.1337,22,95131220251,2496006,0
95.1362,3,95133752257,2496006,0
95.1388,3,95136275263,2496006,0
95.1413,10,95138798269,2496006,0
95.1438,19,95141321275,2469000,1
95.1438,5,95141321275,2469000,1
95.1463,6,95143806275,2496006,0
95.1488,17,95146329281,2469000,1
95.1488,18,95146329281,2469000,1
95.1488,4,95146329281,2469000,1
95.1513,10,95148796281,2469000,1
95.1513,8,95148796281,2469000,1
95.1513,1,95148796281,2469000,1
95.1538,6,95151272281,2496006,0
95.1563,22,95153804287,2496006,0
95.1588,10,95156336293,2496006,0
95.1613,3,95158859299,2469000,1
95.1613,4,95158859299,2469000,1
95.1664,22,95163876305,2496006,0
95.1689,22,95166435311,2469000,1
95.1689,16,95166435311,2469000,1
95.1714,6,95168902311,2496006,0
95.1739,10,95171443317,2496006,0
95.1765,23,95173975323,2496006,0
95.1793,19,95176811329,2469000,1
95.1793,5,95176811329,2469000,1
95.1793,22,95176811329,2469000,1
95.1817,9,95179278329,2469000,1
95.1817,8,95179278329,2469000,1
95.1843,10,95181754329,2496006,0
95.1868,6,95184277335,2496006,0
95.1893,23,95186800341,2469000,1
95.1893,3,95186800341,2469000,1
95.1917,11,95189276341,2469000,1
95.1917,4,95189276341,2469000,1
95.1942,23,95191743341,2496006,0
95.1968,10,95194284347,2496006,0
95.1993,10,95196807353,2496006,0
95.2018,6,95199357359,2469000,1
95.2043,22,95201833359,2496006,0
95.2072,9,95204678365,2496006,0
95.2097,23,95207219371,2496006,0
95.2122,2,95209760377,2469000,1
95.2122,10,95209760377,2469000,1
95.2147,9,95212227377,2469000,1
95.2147,18,95212227377,2469000,1
95.2147,22,95212227377,2469000,1
95.2172,9,95214696377,2496006,0
95.2197,6,95217219383,2469000,1
95.2197,18,95217219383,2469000,1
95.2222,23,95219713383,2496006,0
95.2247,5,95222245389,2496006,0
95.2273,19,95224768395,2496006,0
95.2298,19,95227291401,2496006,0
95.2323,3,95229832407,2496006,0
95.2348,23,95232355413,2469000,1
95.2348,19,95232355413,2469000,1
95.2373,9,95234822413,2496006,0
95.2398,5,95237345419,2496006,0
95.2424,6,95239877425,2496006,0
95.2474,6,95244932437,2496006,0
95.25,10,95247455443,2496006,0
95.2525,19,95249987449,2469000,1
95.2525,10,95249987449,2469000,1
95.2549,9,95252463449,2469000,1
95.2549,3,95252463449,2469000,1
95.2575,5,95254957449,2496006,0
95.26,22,95257480455,2496006,0
95.2625,6,95260012461,2496006,0
95.265,23,95262535467,2496006,0
95.2676,8,95265076473,2496006,0
95.2701,22,95267635479,2496006,0
95.2726,8,95270167485,2469000,1
95.2726,23,95270167485,2469000,1
95.2726,5,95270167485,2469000,1
95.2751,10,95272634485,2496006,0
95.2776,6,95275157491,2469000,1
95.2776,10,95275157491,2469000,1
95.2804,19,95277937497,2496006,0
95.283,19,95280469503,2496006,0
95.2855,22,95283001509,2469000,1
95.2855,19,95283001509,2469000,1
95.2879,8,95285468509,2469000,1
95.2904,9,95287944509,2469000,1
95.2904,3,95287944509,2469000,1
95.2929,19,95290411509,2496006,0
95.2954,19,95292934515,2496006,0
95.298,21,95295484521,2469000,1
95.298,5,95295484521,2469000,1
95.298,9,95295484521,2469000,1
95.3005,6,95297960521,2496006,0
95.303,19,95300492527,2469000,1
95.303,8,95300492527,2469000,1
95.3055,6,95302959527,2496006,0
95.308,17,95305491533,2469000,1
95.308,5,95305491533,2469000,1
95.3108,23,95308280539,2496006,0
95.3133,23,95310821545,2496006,0
95.3158,10,95313344551,2496006,0
95.3184,3,95315867557,2496006,0
95.3209,3,95318390563,2496006,0
95.3234,19,95320913569,2496006,0
95.3259,6,95323463575,2469000,1
95.3259,19,95323463575,2469000,1
95.3284,3,95325939575,2469000,1
95.3284,22,95325939575,2469000,1
95.3309,23,95328415575,2496006,0
95.336,6,95333461587,2496006,0
95.3385,10,95335993593,2469000,1
95.3385,19,95335993593,2469000,1
95.3385,22,95335993593,2469000,1
95.341,3,95338487593,2496006,0
95.3435,9,95341010599,2469000,1
95.3435,3,95341010599,2469000,1
95.346,6,95343495599,2496006,0
95.3485,23,95346018605,2496006,0
95.351,19,95348550611,2496006,0
95.3536,19,95351082617,2496006,0
95.3561,6,95353641623,2496006,0
95.3586,23,95356164629,2469000,1
95.3586,18,95356164629,2469000,1
95.3611,4,95358631629,2496006,0
95.3637,4,95361163635,2496006,0
95.3662,19,95363695641,2496006,0
95.3687,6,95366236647,2496006,0
95.3713,10,95368759653,2496006,0
95.3738,16,95371282659,2469000,1
95.3738,10,95371282659,2469000,1
95.3788,19,95376281665,2496006,0
95.3813,4,95378822671,2469000,1
95.3838,6,95381289671,2469000,1
95.3838,3,95381289671,2469000,1
95.3863,23,95383756671,2496006,0
95.3888,19,95386324677,2496006,0
95.3913,2,95388847683,2496006,0
95.3939,2,95391370689,2496006,0
95.3964,8,95393920695,2496006,0
95.3989,23,95396452701,2469000,1
95.3989,18,95396452701,2469000,1
95.4014,8,95398928701,2469000,1
95.4014,23,95398928701,2469000,1
95.4039,19,95401413701,2496006,0
95.4064,2,95403936707,2469000,1
95.4064,19,95403936707,2469000,1
95.4089,10,95406412707,2496006,0
95.4117,6,95409248713,2496006,0
95.4143,8,95411789719,2496006,0
95.4168,4,95414312725,2469000,1
95.4193,19,95416788725,2496006,0
95.4218,5,95419320731,2496006,0
95.4243,10,95421852737,2469000,1
95.4243,19,95421852737,2469000,1
95.4268,8,95424319737,2496006,0
95.4293,3,95426842743,2469000,1
95.4293,5,95426842743,2469000,1
95.4318,6,95429327743,2496006,0
95.4344,2,95431886749,2496006,0
95.4369,8,95434418755,2469000,1
95.4369,2,95434418755,2469000,1
95.4394,10,95436903755,2496006,0
95.4419,6,95439426761,2469000,1
95.4419,8,95439426761,2469000,1
95.4419,10,95439426761,2469000,1
95.4444,19,95441893761,2496006,0
95.4469,5,95444416767,2469000,1
95.4469,2,95444416767,2469000,1
95.4494,6,95446919767,2496006,0
95.4519,10,95449442773,2496006,0
95.457,8,95454497785,2469000,1
95.457,6,95454497785,2469000,1
95.4595,7,95456991785,2496006,0
95.462,19,95459514791,2496006,0
95.4646,23,95462073797,2496006,0
95.4671,10,95464614803,2496006,0
95.4697,7,95467155809,2496006,0
95.4722,10,95469687815,2496006,0
95.4747,19,95472219821,2496006,0
95.4772,7,95474751827,2469000,1
95.4772,23,95474751827,2469000,1
95.4797,19,95477236827,2496006,0
95.4822,4,95479777833,2469000,1
95.4851,2,95482557839,2496006,0
95.4875,22,95485080845,2469000,1
95.4875,23,95485080845,2469000,1
95.49,6,95487556845,2469000,1
95.49,10,95487556845,2469000,1
95.4925,19,95490023845,2496006,0
95.495,5,95492546851,2469000,1
95.495,8,95492546851,2469000,1
95.4975,2,95495013851,2469000,1
95.4975,19,95495013851,2469000,1
95.5,19,95497507851,2496006,0
95.5025,22,95500057857,2469000,1
95.5025,19,95500057857,2469000,1
95.505,23,95502533857,2496006,0
95.5075,7,95505065863,2469000,1
95.5075,6,95505065863,2469000,1
95.51,10,95507550863,2496006,0
95.5125,17,95510073869,2469000,1
95.5125,7,95510073869,2469000,1
95.5179,2,95515394881,2496006,0
95.5204,23,95517935887,2496006,0
95.523,10,95520458893,2496006,0
95.5255,2,95522999899,2496006,0
95.528,23,95525567905,2469000,1
95.528,19,95525567905,2469000,1
95.5305,2,95528034905,2496006,0
95.5331,10,95530557911,2496006,0
95.5356,19,95533098917,2496006,0
95.5381,10,95535621923,2496006,0
95.5406,2,95538144929,2496006,0
95.5457,23,95543217941,2496006,0
95.5483,23,95545758947,2496006,0
95.5508,3,95548290953,2496006,0
95.5533,2,95550813959,2469000,1
95.5533,3,95550813959,2469000,1
95.5558,7,95553289959,2469000,1
95.5558,19,95553289959,2469000,1
95.5583,10,95555756959,2496006,0
95.5608,9,95558279965,2496006,0
95.5633,10,95560811971,2496006,0
95.5658,23,95563334977,2496006,0
95.5684,23,95565893983,2496006,0
95.5709,9,95568452989,2469000,1
95.5734,10,95570919989,2469000,1
95.5734,8,95570919989,2469000,1
95.5734,19,95570919989,2469000,1
95.5759,3,95573395989,2496006,0
95.5784,6,95575927995,2469000,1
95.5784,2,95575927995,2469000,1
95.5809,23,95578421995,2496006,0
95.5835,3,95580972001,2496006,0
95.586,23,95583495007,2496006,0
95.5889,5,95586394013,2496006,0
95.5914,3,95588917019,2496006,0
95.5965,5,95593972031,2496006,0
95.599,9,95596495037,2496006,0
95.6015,23,95599027043,2496006,0
95.604,16,95601568049,2469000,1
95.604,10,95601568049,2469000,1
95.6066,5,95604062049,2496006,0
95.6091,23,95606594055,2496006,0
95.6116,9,95609117061,2469000,1
95.6116,3,95609117061,2469000,1
95.6141,16,95611593061,2496006,0
95.6169,7,95614429067,2496006,0
95.6194,7,95616952073,2496006,0
95.622,2,95619475079,2496006,0
95.6245,23,95621998085,2469000,1
95.627,7,95624483085,2496006,0
95.6295,5,95627006091,2469000,1
95.6295,9,95627006091,2469000,1
95.632,11,95629482091,2469000,1
95.632,4,95629482091,2469000,1
95.632,16,95629482091,2469000,1
95.6344,16,95631951091,2496006,0
95.6369,19,95634474097,2469000,1
95.6369,16,95634474097,2469000,1
95.6394,23,95636941097,2496006,0
95.642,2,95639464103,2496006,0
95.6445,7,95642014109,2496006,0
95.647,2,95644546115,2469000,1
95.647,16,95644546115,2469000,1
95.6495,10,95647013115,2496006,0
95.6521,4,95649554121,2496006,0
95.6546,3,95652077127,2496006,0
95.6571,7,95654600133,2469000,1
95.6571,23,95654600133,2469000,1
95.6596,5,95657067133,2496006,0
95.6646,4,95662149145,2496006,0
95.6672,10,95664681151,2496006,0
95.6697,3,95667213157,2496006,0
95.6722,22,95669772163,2469000,1
95.6722,5,95669772163,2469000,1
95.6747,10,95672239163,2496006,0
95.6773,7,95674762169,2496006,0
95.6798,3,95677285175,2469000,1
95.6798,4,95677285175,2469000,1
95.6798,9,95677285175,2469000,1
95.6822,7,95679752175,2496006,0
95.6848,10,95682293181,2469000,1
95.6848,2,95682293181,2469000,1
95.6873,3,95684787181,2496006,0
95.6901,7,95687632187,2469000,1
95.6901,15,95687632187,2469000,1
95.6926,23,95690108187,2496006,0
95.6951,5,95692631193,2496006,0
95.7002,4,95697686205,2496006,0
95.7027,23,95700218211,2496006,0
95.7052,10,95702750217,2496006,0
95.7078,5,95705273223,2496006,0
95.7103,16,95707805229,2469000,1
95.7103,3,95707805229,2469000,1
95.7128,7,95710272229,2496006,0
95.7153,14,95712795235,2496006,0
95.7181,6,95715631241,2496006,0
95.7206,5,95718172247,2469000,1
95.7206,10,95718172247,2469000,1
95.7206,23,95718172247,2469000,1
95.7231,4,95720648247,2496006,0
95.7257,7,95723189253,2469000,1
95.7257,3,95723189253,2469000,1
95.7281,4,95725665253,2469000,1
95.7281,17,95725665253,2469000,1
95.7306,1,95728141253,2496006,0
95.7332,14,95730673259,2496006,0
95.7357,6,95733205265,2469000,1
95.7382,7,95735672265,2496006,0
95.7407,5,95738195271,2496006,0
95.7432,5,95740727277,2496006,0
95.7458,23,95743259283,2496006,0
95.7483,1,95745782289,2496006,0
95.7508,10,95748314295,2496006,0
95.7533,7,95750846301,2496006,0
95.7559,23,95753369307,2496006,0
95.7584,5,95755892313,2496006,0
95.7609,14,95758415319,2496006,0
95.7634,10,95760938325,2469000,1
95.7634,14,95760938325,2469000,1
95.7659,7,95763405325,2469000,1
95.7659,2,95763405325,2469000,1
95.7659,10,95763407325,2469000,1
95.7684,6,95765874325,2496006,0
95.7709,6,95768397331,2496006,0
95.7734,1,95770920337,2496006,0
95.7759,19,95773443343,2496006,0
95.7785,23,95775966349,2496006,0
95.781,5,95778498355,2496006,0
95.7835,4,95781021361,2496006,0
95.786,7,95783544367,2496006,0
95.7885,20,95786067373,2469000,1
95.7885,3,95786067373,2469000,1
95.7913,19,95788865379,2469000,1
95.7913,9,95788865379,2469000,1
95.7938,23,95791332379,2469000,1
95.7938,6,95791332379,2469000,1
95.7963,5,95793799379,2496006,0
95.7988,6,95796331385,2496006,0
95.8013,1,95798854391,2469000,1
95.8013,7,95798854391,2469000,1
95.8038,4,95801348391,2496006,0
95.8064,5,95803889397,2469000,1
95.8064,14,95803889397,2469000,1
95.8064,1,95803889397,2469000,1
95.8088,23,95806356397,2469000,1
95.8088,7,95806356397,2469000,1
95.8113,6,95808823397,2469000,1
95.8113,5,95808823397,2469000,1
95.8138,4,95811308397,2496006,0
95.8163,19,95813840403,2496006,0
95.8188,3,95816372409,2469000,1
95.8188,4,95816372409,2469000,1
95.8188,19,95816372409,2469000,1
95.8217,6,95819242415,2496006,0
95.8242,13,95821774421,2469000,1
95.8242,6,95821774421,2469000,1
95.8268,19,95824277421,2496006,0
95.8319,19,95829368433,2496006,0
95.8344,10,95831900439,2496006,0
95.8369,6,95834423445,2496006,0
95.8394,2,95836946451,2496006,0
95.842,4,95839487457,2496006,0
95.8445,6,95842019463,2469000,1
95.8445,14,95842019463,2469000,1
95.847,10,95844495463,2469000,1
95.847,16,95844495463,2469000,1
95.8495,1,95846962463,2496006,0
95.852,19,95849485469,2496006,0
95.8545,5,95852008475,2496006,0
95.857,2,95854540481,2469000,1
95.857,1,95854540481,2469000,1
95.8595,2,95857043481,2496006,0
95.8621,4,95859566487,2496006,0
95.8646,23,95862089493,2496006,0
95.8671,19,95864612499,2469000,1
95.8671,5,95864612499,2469000,1
95.8695,6,95867079499,2469000,1
95.872,4,95869546499,2496006,0
95.8746,7,95872078505,2496006,0
95.8771,10,95874601511,2496006,0
95.8796,23,95877124517,2469000,1
95.8796,4,95877124517,2469000,1
95.8796,7,95877124517,2469000,1
95.8821,10,95879600517,2496006,0
95.8846,2,95882123523,2469000,1
95.8846,7,95882123523,2469000,1
95.8871,9,95884608523,2496006,0
95.8896,10,95887140529,2469000,1
95.8896,1,95887140529,2469000,1
95.8921,23,95889625529,2496006,0
95.895,9,95892461535,2496006,0
95.8975,4,95894984541,2496006,0
95.9,21,95897507547,2496006,0
95.9025,19,95900030553,2496006,0
95.905,21,95902580559,2469000,1
95.905,9,95902580559,2469000,1
95.9076,14,95905056559,2496006,0
95.9101,5,95907579565,2496006,0
95.9126,6,95910102571,2469000,1
95.9126,14,95910102571,2469000,1
95.9151,23,95912587571,2469000,1
95.9175,2,95915063571,2469000,1
95.9175,1,95915063571,2469000,1
95.92,8,95917530571,2469000,1
95.92,4,95917530571,2469000,1
95.9225,19,95920006571,2496006,0
95.9253,9,95922851577,2469000,1
95.9253,5,95922851577,2469000,1
95.9278,10,95925345577,2496006,0
95.9304,10,95927868583,2496006,0
95.9329,1,95930391589,2496006,0
95.9354,20,95932950595,2496006,0
95.938,21,95935473601,2496006,0
95.9405,7,95938005607,2469000,1
95.9405,19,95938005607,2469000,1
95.943,10,95940481607,2496006,0
95.9455,1,95943022613,2496006,0
95.9481,14,95945554619,2496006,0
95.9506,4,95948077625,2496006,0
95.9531,1,95950600631,2496006,0
95.9556,23,95953123637,2469000,1
95.9556,20,95953123637,2469000,1
95.9556,1,95953123637,2469000,1
95.9581,14,95955599637,2469000,1
95.9581,4,95955599637,2469000,1
95.9605,21,95958066637,2469000,1
95.9605,20,95958066637,2469000,1
95.963,5,95960551637,2496006,0
95.9655,9,95963074643,2469000,1
95.9655,10,95963074643,2469000,1
95.968,10,95965543643,2496006,0
95.9706,10,95968102649,2469000,1
95.9731,21,95970587649,2496006,0
95.9756,19,95973110655,2469000,1
95.978,14,95975577655,2469000,1
95.978,10,95975577655,2469000,1
95.9805,5,95978053655,2469000,1
95.983,21,95980538655,2496006,0
95.9855,2,95983079661,2469000,1
95.9855,4,95983079661,2469000,1
95.9881,1,95985555661,2496006,0
95.9906,1,95988078667,2496006,0
95.9931,20,95990610673,2496006,0
95.9956,4,95993142679,2469000,1
95.9956,1,95993142679,2469000,1
95.9984,3,95995922685,2496006,0
96.0009,23,95998445691,2496006,0
96.0035,21,96000977697,2496006,0
96.006,10,96003500703,2496006,0
96.0085,21,96006023709,2496006,0
96.011,3,96008555715,2469000,1
96.011,5,96008555715,2469000,1
96.0135,20,96011049715,2496006,0
96.0161,23,96013590721,2496006,0
96.0186,14,96016158727,2469000,1
96.0186,10,96016158727,2469000,1
96.0186,21,96016158727,2469000,1
96.0211,3,96018625727,2469000,1
96.0211,21,96018627727,2469000,1
96.0236,20,96021094727,2496006,0
96.0264,23,96023948733,2469000,1
96.0264,6,96023948733,2469000,1
96.0289,20,96026424733,2496006,0
96.0314,2,96028947739,2469000,1
96.0314,1,96028947739,2469000,1
96.0339,19,96031441739,2496006,0
96.0365,2,96033982745,2496006,0
96.039,23,96036505751,2496006,0
96.0415,20,96039028757,2496006,0
96.044,6,96041551763,2469000,1
96.044,20,96041551763,2469000,1
96.0465,16,96044018763,2496006,0
96.049,2,96046541769,2496006,0
96.0516,16,96049064775,2496006,0
96.0541,23,96051614781,2469000,1
96.0541,19,96051614781,2469000,1
96.0541,4,96051614781,2469000,1
96.0541,3,96051614781,2469000,1
96.0566,5,96054108781,2496006,0
96.0616,10,96059154793,2469000,1
96.0616,23,96059154793,2469000,1
96.0641,19,96061621793,2496006,0
96.0666,2,96064153799,2469000,1
96.0666,16,96064153799,2469000,1
96.0691,7,96066647799,2469000,1
96.0691,2,96066647799,2469000,1
96.0716,14,96069123799,2496006,0
96.0741,20,96071646805,2496006,0
96.0767,10,96074169811,2496006,0
96.0792,19,96076692817,2496006,0
96.0817,21,96079215823,2469000,1
96.0817,5,96079215823,2469000,1
96.0817,2,96079215823,2469000,1
96.0842,20,96081682823,2496006,0
96.0867,19,96084214829,2469000,1
96.0867,20,96084214829,2469000,1
96.0892,21,96086681829,2469000,1
96.0892,5,96086681829,2469000,1
96.0916,14,96089148829,2496006,0
96.0942,10,96091698835,2496006,0
96.0967,16,96094239841,2496006,0
96.0996,1,96097084847,2496006,0
96.1021,20,96099607853,2496006,0
96.1046,19,96102130859,2469000,1
96.1046,16,96102130859,2469000,1
96.1096,3,96107120865,2496006,0
96.1121,14,96109652871,2496006,0
96.1147,20,96112184877,2496006,0
96.1172,10,96114707883,2496006,0
96.1197,9,96117230889,2496006,0
96.1223,1,96119771895,2496006,0
96.1248,3,96122294901,2469000,1
96.1248,6,96122294901,2469000,1
96.1273,23,96124761901,2496006,0
96.1301,10,96127597907,2496006,0
96.1326,14,96130120913,2469000,1
96.1326,1,96130120913,2469000,1
96.1351,16,96132587913,2496006,0
96.1376,20,96135110919,2469000,1
96.1376,19,96135110919,2469000,1
96.1401,16,96137586919,2496006,0
96.1426,9,96140127925,2496006,0
96.1452,14,96142659931,2496006,0
96.1477,10,96145191937,2496006,0
96.1502,20,96147714943,2496006,0
96.1527,23,96150237949,2496006,0
96.1552,9,96152760955,2469000,1
96.1552,1,96152760955,2469000,1
96.1577,1,96155236955,2496006,0
96.1602,23,96157768961,2469000,1
96.1602,10,96157768961,2469000,1
96.1602,3,96157768961,2469000,1
96.1627,16,96160244961,2496006,0
96.1652,14,96162776967,2469000,1
96.1652,16,96162776967,2469000,1
96.1677,9,96165243967,2469000,1
96.1677,16,96165245967,2469000,1
96.1702,19,96167730967,2496006,0
96.1728,20,96170262973,2496006,0
96.1753,1,96172803979,2496006,0
96.1778,9,96175326985,2496006,0
96.1803,23,96177849991,2469000,1
96.1803,14,96177849991,2469000,1
96.1803,1,96177849991,2469000,1
96.1828,19,96180316991,2496006,0
96.1853,19,96182839997,2496006,0
96.1878,20,96185363003,2469000,1
96.1878,5,96185363003,2469000,1
96.1878,1,96185363003,2469000,1
96.1903,2,96187830003,2496006,0
96.1928,10,96190362009,2469000,1
96.1928,2,96190362009,2469000,1
96.1953,9,96192829009,2496006,0
96.1979,16,96195379015,2496006,0
96.2004,16,96197920021,2496006,0
96.2032,14,96200756027,2469000,1
96.2032,19,96200756027,2469000,1
96.2058,3,96203259027,2496006,0
96.2083,9,96205782033,2496006,0
96.2108,19,96208323039,2496006,0
96.2134,20,96210855045,2496006,0
96.2158,23,96213378051,2469000,1
96.2158,2,96213378051,2469000,1
96.2158,16,96213378051,2469000,1
96.2183,9,96215872051,2469000,1
96.2208,3,96218357051,2469000,1
96.2208,23,96218357051,2469000,1
96.2233,20,96220824051,2496006,0
96.2258,19,96223347057,2469000,1
96.2258,9,96223347057,2469000,1
96.2283,10,96225841057,2496006,0
96.2312,16,96228704063,2496006,0
96.2337,3,96231236069,2496006,0
96.2363,16,96233759075,2496006,0
96.2388,1,96236282081,2469000,1
96.2388,20,96236282081,2469000,1
96.2412,7,96238749081,2469000,1
96.2412,20,96238751081,2469000,1
96.2437,20,96241227081,2496006,0
96.2462,10,96243750087,2496006,0
96.2488,3,96246273093,2496006,0
96.2513,16,96248805099,2496006,0
96.2538,20,96251328105,2496006,0
96.2563,2,96253851111,2496006,0
96.2589,14,96256383117,2496006,0
96.2614,2,96258924123,2469000,1
96.2614,3,96258924123,2469000,1
96.2639,19,96261391123,2496006,0
96.2664,16,96263914129,2496006,0
96.2689,10,96266437135,2496006,0
96.2714,20,96268969141,2469000,1
96.2714,19,96268969141,2469000,1
96.2739,5,96271445141,2469000,1
96.2739,10,96271445141,2469000,1
96.2789,14,96276444147,2496006,0
96.2815,16,96278967153,2496006,0
96.284,16,96281499159,2496006,0
96.2865,19,96284031165,2496006,0
96.2891,14,96286554171,2496006,0
96.2916,10,96289086177,2496006,0
96.2941,16,96291627183,2469000,1
96.2941,10,96291627183,2469000,1
96.2966,9,96294103183,2496006,0
96.2991,3,96296626189,2496006,0
96.3017,14,96299185195,2496006,0
96.3045,2,96302021201,2469000,1
96.3045,19,96302021201,2469000,1
96.3045,10,96302021201,2469000,1
96.307,9,96304524201,2496006,0
96.3095,20,96307047207,2496006,0
96.312,3,96309570213,2469000,1
96.312,14,96309570213,2469000,1
96.3145,7,96312046213,2469000,1
96.3145,19,96312046213,2469000,1
96.317,14,96314522213,2496006,0
96.3196,3,96317054219,2496006,0
96.3221,19,96319595225,2496006,0
96.3246,16,96322118231,2496006,0
96.3271,20,96324641237,2496006,0
96.3297,3,96327164243,2496006,0
96.335,14,96332523255,2469000,1
96.335,9,96332523255,2469000,1
96.3375,20,96334990255,2496006,0
96.34,16,96337540261,2496006,0
96.3425,19,96340063267,2469000,1
96.3425,3,96340063267,2469000,1
96.345,9,96342530267,2496006,0
96.3475,14,96345053273,2496006,0
96.3501,9,96347576279,2496006,0
96.3526,3,96350099285,2496006,0
96.3551,16,96352631291,2496006,0
96.3577,1,96355154297,2496006,0
96.3602,10,96357677303,2496006,0
96.3627,20,96360200309,2496006,0
96.3652,14,96362732315,2469000,1
96.3652,19,96362732315,2469000,1
96.3652,10,96362732315,2469000,1
96.3677,16,96365217315,2496006,0
96.3702,2,96367740321,2496006,0
96.3728,3,96370263327,2496006,0
96.3753,20,96372786333,2469000,1
96.3753,9,96372786333,2469000,1
96.3753,14,96372786333,2469000,1
96.3777,18,96375253333,2496006,0
96.3803,16,96377785339,2496006,0
96.3828,1,96380317345,2496006,0
96.3853,21,96382849351,2496006,0
96.3878,2,96385372357,2469000,1
96.3878,1,96385372357,2469000,1
96.3903,16,96387848357,2469000,1
96.3903,18,96387848357,2469000,1
96.3928,16,96390317357,2496006,0
96.3953,3,96392849363,2496006,0
96.3979,21,96395381369,2469000,1
96.3979,3,96395381369,2469000,1
96.4029,16,96400398375,2469000,1
96.4029,11,96400398375,2469000,1
96.4057,2,96403178381,2496006,0
96.4082,10,96405701387,2496006,0
96.4107,9,96408242393,2469000,1
96.4107,16,96408242393,2469000,1
96.4132,1,96410709393,2469000,1
96.4132,21,96410709393,2469000,1
96.4156,12,96413176393,2469000,1
96.4156,20,96413176393,2469000,1
96.4181,14,96415652393,2496006,0
96.4207,13,96418202399,2496006,0
96.4232,19,96420725405,2469000,1
96.4232,3,96420725405,2469000,1
96.4232,2,96420725405,2469000,1
96.4232,13,96420725405,2469000,1
96.4257,4,96423192405,2496006,0
96.4282,10,96425715411,2496006,0
96.4307,14,96428238417,2469000,1
96.4307,10,96428238417,2469000,1
96.4332,18,96430732417,2469000,1
96.4332,2,96430732417,2469000,1
96.436,10,96433512423,2496006,0
96.4385,4,96436044429,2496006,0
96.4411,20,96438612435,2496006,0
96.4436,21,96441135441,2496006,0
96.4462,10,96443658447,2496006,0
96.4487,4,96446181453,2496006,0
96.4512,20,96448713459,2496006,0
96.4537,3,96451245465,2469000,1
96.4537,14,96451245465,2469000,1
96.4562,10,96453712465,2469000,1
96.4562,21,96453712465,2469000,1
96.4587,14,96456206465,2496006,0
96.4612,1,96458729471,2496006,0
96.4637,13,96461252477,2469000,1
96.4662,4,96463728477,2469000,1
96.4662,20,96463728477,2469000,1
96.4687,16,96466222477,2496006,0
96.4712,1,96468745483,2496006,0
96.4737,13,96471268489,2469000,1
96.4737,4,96471268489,2469000,1
96.4737,1,96471268489,2469000,1
96.4762,13,96473753489,2496006,0
96.4787,21,96476276495,2469000,1
96.4787,14,96476276495,2469000,1
96.4812,16,96478743495,2496006,0
96.4838,20,96481275501,2496006,0
96.4863,13,96483798507,2496006,0
96.4888,18,96486321513,2496006,0
96.4913,23,96488844519,2469000,1
96.4913,9,96488844519,2469000,1
96.4938,10,96491329519,2496006,0
96.4963,8,96493852525,2496006,0
96.4989,1,96496375531,2496006,0
96.5014,13,96498916537,2469000,1
96.5014,2,96498916537,2469000,1
96.5014,14,96498916537,2469000,1
96.5039,16,96501401537,2496006,0
96.5064,20,96503924543,2469000,1
96.5064,18,96503924543,2469000,1
96.5064,13,96503924543,2469000,1
96.5092,10,96506731549,2496006,0
96.5117,19,96509272555,2469000,1
96.5117,8,96509272555,2469000,1
96.5117,1,96509272555,2469000,1
96.5117,16,96509272555,2469000,1
96.5143,20,96511802555,2469000,1
96.5168,10,96514296555,2469000,1
96.5168,1,96514296555,2469000,1
96.5193,16,96516763555,2496006,0
96.5218,18,96519286561,2469000,1
96.5218,16,96519286561,2469000,1
96.5243,14,96521807561,2496006,0
96.5268,14,96524330567,2496006,0
96.5293,4,96526880573,2469000,1
96.5293,21,96526880573,2469000,1
96.5319,16,96529365573,2496006,0
96.5344,8,96531888579,2496006,0
96.5373,10,96534765003,2496006,0
96.5398,14,96537288009,2496006,0
96.5423,10,96539820015,2469000,1
96.5423,14,96539820015,2469000,1
96.5448,16,96542314015,2469000,1
96.5448,13,96542314015,2469000,1
96.5473,20,96544790015,2496006,0
96.5498,8,96547322021,2469000,1
96.5498,16,96547322021,2469000,1
96.5523,20,96549798021,2496006,0
96.5548,3,96552330027,2469000,1
96.5548,13,96552330027,2469000,1
96.5573,8,96554797027,2496006,0
96.5623,10,96559852039,2469000,1
96.5623,8,96559852039,2469000,1
96.5648,5,96562346039,2496006,0
96.5674,20,96564887045,2496006,0
96.5699,9,96567428051,2469000,1
96.5699,18,96567428051,2469000,1
96.5724,1,96569904051,2469000,1
96.5724,14,96569904051,2469000,1
96.5748,5,96572371051,2469000,1
96.5748,17,96572371051,2469000,1
96.5774,16,96574856051,2496006,0
96.5799,8,96577406057,2496006,0
96.5824,20,96579929063,2496006,0
96.5849,2,96582452069,2496006,0
96.5875,3,96584975075,2496006,0
96.59,16,96587507081,2469000,1
96.59,13,96587507081,2469000,1
96.59,2,96587507081,2469000,1
96.5925,2,96590001081,2469000,1
96.5949,20,96592468081,2469000,1
96.5949,16,96592468081,2469000,1
96.5974,8,96594944081,2496006,0
96.6,2,96597494087,2496006,0
96.6025,3,96600017093,2496006,0
96.6051,14,96602567099,2496006,0
96.6076,2,96605090105,2469000,1
96.6076,5,96605090105,2469000,1
96.6101,8,96607566105,2496006,0
96.6129,3,96610402111,2469000,1
96.6129,2,96610402111,2469000,1
96.6154,16,96612878111,2496006,0
96.6179,14,96615419117,2496006,0
96.6204,8,96617942123,2496006,0
96.623,14,96620492129,2469000,1
96.623,10,96620492129,2469000,1
96.628,20,96625482135,2496006,0
96.6305,5,96628014141,2496006,0
96.633,20,96630546147,2496006,0
96.6356,8,96633069153,2496006,0
96.6381,16,96635592159,2496006,0
96.6409,5,96638446165,2496006,0
96.6435,20,96640978171,2496006,0
96.646,8,96643519177,2496006,0
96.6485,8,96646042183,2496006,0
96.6511,8,96648565189,2496006,0
96.6536,20,96651088195,2496006,0
96.6561,3,96653611201,2496006,0
96.6586,20,96656134207,2496006,0
96.6611,8,96658657213,2469000,1
96.6611,3,96658657213,2469000,1
96.6636,16,96661133213,2469000,1
96.6636,20,96661133213,2469000,1
96.6661,2,96663600213,2469000,1
96.6661,5,96663600213,2469000,1
96.6686,15,96666085213,2469000,1
96.6686,16,96666085213,2469000,1
96.671,14,96668552213,2496006,0
96.6736,14,96671075219,2496006,0
96.6761,21,96673607225,2469000,1
96.6761,8,96673607225,2469000,1
96.6786,20,96676083225,2496006,0
96.6811,15,96678651231,2496006,0
96.6837,4,96681201237,2496006,0
96.6862,14,96683724243,2496006,0
96.6887,15,96686265249,2469000,1
96.6887,14,96686265249,2469000,1
96.6912,5,96688732249,2496006,0
96.6937,20,96691255255,2469000,1
96.6937,3,96691255255,2469000,1
96.6963,8,96693758255,2496006,0
96.6988,18,96696299261,2496006,0
96.7013,4,96698822267,2469000,1
96.7013,20,96698822267,2469000,1
96.7038,18,96701289267,2496006,0
96.7063,18,96703812273,2469000,1
96.7087,15,96706279273,2469000,1
96.7087,5,96706279273,2469000,1
96.7112,9,96708746273,2469000,1
96.7112,16,96708746273,2469000,1
96.7112,18,96708746273,2469000,1
96.714,6,96711526279,2496006,0
96.7165,8,96714058285,2469000,1
96.7165,14,96714058285,2469000,1
96.719,6,96716552285,2496006,0
96.7216,1,96719111291,2496006,0
96.7242,6,96721661297,2496006,0
96.7267,20,96724184303,2469000,1
96.7267,8,96724184303,2469000,1
96.7291,11,96726651303,2469000,1
96.7291,6,96726651303,2469000,1
96.7316,10,96729127303,2496006,0
96.7341,15,96731650309,2469000,1
96.7341,6,96731650309,2469000,1
96.7366,19,96734126309,2496006,0
96.7391,5,96736649315,2496006,0
96.7416,1,96739172321,2469000,1
96.7416,19,96739172321,2469000,1
96.7444,14,96741952327,2496006,0
96.7469,4,96744475333,2469000,1
96.7469,5,96744475333,2469000,1
96.7469,19,96744475333,2469000,1
96.7494,1,96746942333,2469000,1
96.7519,18,96749409333,2469000,1
96.7543,11,96751878333,2469000,1
96.7543,19,96751878333,2469000,1
96.7568,5,96754347333,2496006,0
96.7594,20,96756879339,2496006,0
96.7619,10,96759411345,2469000,1
96.7644,3,96761896345,2469000,1
96.7644,14,96761896345,2469000,1
96.7669,4,96764390345,2469000,1
96.7694,11,96766866345,2496006,0
96.7719,5,96769407351,2496006,0
96.7744,20,96771939357,2496006,0
96.777,2,96774480363,2496006,0
96.7795,11,96777003369,2496006,0
96.782,20,96779535375,2469000,1
96.782,2,96779535375,2469000,1
96.7845,11,96782029375,2496006,0
96.787,5,96784552381,2496006,0
96.7896,8,96787084387,2496006,0
96.7921,10,96789616393,2496006,0
96.7946,11,96792139399,2496006,0
96.7971,5,96794662405,2469000,1
96.7971,6,96794662405,2469000,1
96.7996,14,96797129405,2496006,0
96.8022,2,96799661411,2496006,0
96.8047,8,96802193417,2496006,0
96.8072,16,96804716423,2496006,0
96.8097,8,96807239429,2496006,0
96.8122,10,96809762435,2469000,1
96.8122,20,96809762435,2469000,1
96.8175,14,96815065441,2469000,1
96.8175,3,96815065441,2469000,1
96.82,16,96817532441,2469000,1
96.82,2,96817532441,2469000,1
96.82,11,96817532441,2469000,1
96.8225,8,96819999441,2496006,0
96.825,5,96822531447,2496006,0
96.8276,22,96825054453,2496006,0
96.8301,5,96827604459,2496006,0
96.8326,8,96830127465,2469000,1
96.8326,1,96830127465,2469000,1
96.8326,10,96830127465,2469000,1
96.8351,4,96832594465,2469000,1
96.8351,5,96832594465,2469000,1
96.8376,21,96835061465,2496006,0
96.8401,22,96837593471,2496006,0
96.8426,2,96840125477,2496006,0
96.8455,16,96842988483,2496006,0
96.848,11,96845529489,2469000,1
96.848,10,96845529489,2469000,1
96.8505,21,96848014489,2496006,0
96.853,16,96850546495,2469000,1
96.853,1,96850546495,2469000,1
96.8555,3,96853013495,2469000,1
96.8555,21,96853013495,2469000,1
96.8579,14,96855480495,2469000,1
96.8579,22,96855480495,2469000,1
96.8579,2,96855480495,2469000,1
96.8604,11,96857947495,2496006,0
96.8655,20,96863038507,2469000,1
96.8655,5,96863038507,2469000,1
96.868,15,96865505507,2469000,1
96.868,8,96865505507,2469000,1
96.8705,11,96867972507,2496006,0
96.873,5,96870504513,2496006,0
96.8755,11,96873027519,2496006,0
96.878,22,96875550525,2496006,0
96.8806,5,96878073531,2496006,0
96.8831,16,96880623537,2469000,1
96.8831,21,96880623537,2469000,1
96.8831,5,96880623537,2469000,1
96.8856,22,96883108537,2496006,0
96.8881,11,96885631543,2496006,0
96.8907,6,96888163549,2496006,0
96.8932,2,96890686555,2496006,0
96.8957,22,96893209561,2496006,0
96.8982,11,96895732567,2469000,1
96.8982,19,96895732567,2469000,1
96.9007,2,96898217567,2496006,0
96.9032,6,96900740573,2496006,0
96.9058,11,96903263579,2496006,0
96.9083,2,96905786585,2496006,0
96.9108,11,96908309591,2469000,1
96.9108,2,96908309591,2469000,1
96.9133,11,96910778591,2496006,0
96.9158,18,96913301597,2496006,0
96.9186,5,96916137603,2496006,0
96.9211,11,96918660609,2469000,1
96.9211,5,96918660609,2469000,1
96.9236,22,96921136609,2469000,1
96.9261,6,96923621609,2496006,0
96.9287,6,96926162615,2496006,0
96.9312,6,96928685621,2496006,0
96.9337,18,96931208627,2496006,0
96.9362,5,96933731633,2496006,0
96.9388,2,96936326639,2496006,0
96.9413,22,96938849645,2496006,0
96.9438,5,96941372651,2469000,1
96.9438,2,96941372651,2469000,1
96.9463,14,96943839651,2469000,1
96.9463,18,96943839651,2469000,1
96.9491,11,96946619657,2496006,0
96.9516,6,96949142663,2469000,1
96.9516,18,96949142663,2469000,1
96.9541,22,96951609663,2496006,0
96.9566,11,96954141669,2496006,0
96.9592,8,96956691675,2469000,1
96.9592,16,96956691675,2469000,1
96.9592,19,96956691675,2469000,1
96.9592,6,96956691675,2469000,1
96.9617,11,96959167675,2496006,0
96.9642,22,96961690681,2496006,0
96.9667,22,96964213687,2496006,0
96.9692,9,96966736693,2469000,1
96.9692,14,96966736693,2469000,1
96.9717,11,96969203693,2496006,0
96.9742,22,96971726699,2496006,0
96.9768,21,96974258705,2496006,0
96.9793,18,96976781711,2496006,0
96.9818,18,96979304717,2496006,0
96.9843,18,96981827723,2496006,0
96.9868,2,96984350729,2469000,1
96.9868,21,96984350729,2469000,1
96.9893,20,96986817729,2496006,0
96.9918,11,96989349735,2469000,1
96.9918,21,96989349735,2469000,1
96.9943,20,96991816735,2496006,0
96.9969,5,96994357741,2496006,0
96.9994,22,96996880747,2496006,0
97.0019,11,96999403753,2496006,0
97.0044,23,97001935759,2469000,1
97.0044,18,97001935759,2469000,1
97.0069,15,97004411759,2496006,0
97.0094,4,97006943765,2469000,1
97.0094,10,97006943765,2469000,1
97.0119,11,97009419765,2469000,1
97.0119,20,97009419765,2469000,1
97.0119,15,97009419765,2469000,1
97.0144,22,97011895765,2496006,0
97.0169,8,97014418771,2469000,1
97.0169,21,97014418771,2469000,1
97.0169,15,97014418771,2469000,1
97.0194,5,97016894771,2496006,0
97.0223,22,97019784777,2496006,0
97.0248,15,97022334783,2469000,1
97.0248,5,97022334783,2469000,1
97.0273,15,97024803783,2496006,0
97.0298,18,97027353789,2496006,0
97.0324,5,97029876795,2496006,0
97.0349,20,97032399801,2496006,0
97.0374,15,97034922807,2469000,1
97.0374,11,97034922807,2469000,1
97.0374,5,97034922807,2469000,1
97.0399,6,97037407807,2496006,0
97.0424,2,97039930813,2469000,1
97.0424,22,97039930813,2469000,1
97.0449,2,97042399813,2469000,1
97.0502,16,97047729819,2496006,0
97.0527,18,97050261825,2469000,1
97.0527,20,97050261825,2469000,1
97.0553,6,97052755825,2496006,0
97.0577,16,97055278831,2469000,1
97.0577,5,97055278831,2469000,1
97.0603,2,97057763831,2496006,0
97.0628,6,97060295837,2496006,0
97.0653,20,97062827843,2496006,0
97.0678,15,97065359849,2469000,1
97.0678,11,97065359849,2469000,1
97.0703,2,97067826849,2496006,0
97.0729,5,97070358855,2496006,0
97.0754,16,97072881861,2496006,0
97.0779,18,97075413867,2496006,0
97.0804,20,97077945873,2496006,0
97.0829,22,97080477879,2469000,1
97.0829,6,97080477879,2469000,1
97.0855,16,97082962879,2496006,0
97.088,11,97085503885,2469000,1
97.088,2,97085503885,2469000,1
97.0905,18,97087988885,2469000,1
97.0905,5,97087988885,2469000,1
97.093,6,97090455885,2496006,0
97.0954,17,97092978891,2469000,1
97.0979,20,97095445891,2496006,0
97.1004,16,97097977897,2469000,1
97.1004,6,97097977897,2469000,1
97.1004,17,97097977897,2469000,1
97.1004,20,97097977897,2469000,1
97.1029,18,97100444897,2496006,0
97.1055,17,97102985903,2469000,1
97.1055,18,97102985903,2469000,1
97.108,20,97105488903,2496006,0
97.1105,20,97108020909,2496006,0
97.113,19,97110543915,2496006,0
97.1156,20,97113084921,2496006,0
97.1181,20,97115616927,2496006,0
97.1206,2,97118139933,2469000,1
97.1206,16,97118139933,2469000,1
97.1234,20,97120919939,2496006,0
97.1259,19,97123442945,2496006,0
97.1285,20,97126010951,2496006,0
97.131,19,97128533957,2469000,1
97.131,5,97128533957,2469000,1
97.1335,21,97131009957,2496006,0
97.136,6,97133541963,2496006,0
97.1411,22,97138596975,2496006,0
97.1436,1,97141119981,2496006,0
97.1461,18,97143642987,2496006,0
97.1486,6,97146165993,2469000,1
97.1486,19,97146165993,2469000,1
97.1511,21,97148632993,2469000,1
97.1511,15,97148632993,2469000,1
97.1511,20,97148632993,2469000,1
97.1539,10,97151430999,2496006,0
97.1565,17,97153963005,2496006,0
97.159,18,97156486011,2496006,0
97.1615,21,97159009017,2469000,1
97.1615,10,97159009017,2469000,1
97.164,20,97161476017,2496006,0
97.1665,17,97164008023,2496006,0
97.169,1,97166531029,2496006,0
97.1716,22,97169054035,2496006,0
97.1741,22,97171622041,2496006,0
97.1766,20,97174145047,2496006,0
97.1791,22,97176668053,2469000,1
97.1791,20,97176668053,2469000,1
97.1816,18,97179135053,2496006,0
97.1842,10,97181685059,2469000,1
97.1842,17,97181685059,2469000,1
97.1842,1,97181685059,2469000,1
97.1842,22,97181685059,2469000,1
97.1866,6,97184152059,2469000,1
97.1866,1,97184154059,2469000,1
97.1916,18,97189153065,2496006,0
97.1942,18,97191676071,2496006,0
97.1967,16,97194217077,2496006,0
97.1992,18,97196740083,2496006,0
97.2018,13,97199263089,2496006,0
97.2043,8,97201786095,2469000,1
97.2043,10,97201786095,2469000,1
97.2043,17,97201786095,2469000,1
97.2043,22,97201786095,2469000,1
97.2067,6,97204253095,2496006,0
97.2092,16,97206776101,2469000,1
97.2092,1,97206776101,2469000,1
97.2117,20,97209252101,2469000,1
97.2117,6,97209252101,2469000,1
97.2142,22,97211728101,2496006,0
97.2167,13,97214251107,2496006,0
97.2192,2,97216774113,2469000,1
97.2192,17,97216774113,2469000,1
97.2192,22,97216774113,2469000,1
97.2217,18,97219241113,2496006,0
97.2242,5,97221764119,2469000,1
97.2242,18,97221764119,2469000,1
97.227,11,97224544125,2469000,1
97.227,16,97224544125,2469000,1
97.2295,21,97227020125,2496006,0
97.232,14,97229543131,2496006,0
97.2345,21,97232075137,2469000,1
97.2345,14,97232075137,2469000,1
97.237,22,97234542137,2496006,0
97.2396,22,97237065143,2496006,0
97.2421,2,97239588149,2496006,0
97.2446,13,97242120155,2496006,0
97.2471,6,97244643161,2496006,0
97.2496,19,97247166167,2469000,1
97.2496,13,97247166167,2469000,1
97.2521,6,97249633167,2496006,0
97.255,6,97252469173,2496006,0
97.2575,2,97254992179,2469000,1
97.2575,22,97254992179,2469000,1
97.2625,20,97260009185,2496006,0
97.265,13,97262532191,2496006,0
97.2675,6,97265073197,2469000,1
97.2675,13,97265073197,2469000,1
97.2701,14,97267558197,2496006,0
97.2726,18,97270099203,2496006,0
97.2751,21,97272622209,2496006,0
97.2776,2,97275145215,2496006,0
97.2802,2,97277677221,2496006,0
97.2827,20,97280209227,2496006,0
97.2852,14,97282732233,2469000,1
97.2852,12,97282732233,2469000,1
97.2877,19,97285199233,2496006,0
97.2902,22,97287731239,2496006,0
97.2927,11,97290254245,2469000,1
97.2927,19,97290254245,2469000,1
97.2952,21,97292721245,2469000,1
97.2952,16,97292721245,2469000,1
97.2977,18,97295188245,2496006,0
97.3002,15,97297738251,2496006,0
97.3027,2,97300261257,2469000,1
97.3027,21,97300261257,2469000,1
97.3052,21,97302730257,2496006,0
97.3077,6,97305253263,2496006,0
97.3103,10,97307776269,2496006,0
97.3128,20,97310299275,2469000,1
97.3128,12,97310299275,2469000,1
97.3152,18,97312775275,2469000,1
97.3152,6,97312775275,2469000,1
97.3177,13,97315242275,2469000,1
97.3177,14,97315242275,2469000,1
97.3177,22,97315242275,2469000,1
97.3202,19,97317727275,2496006,0
97.3227,22,97320250281,2496006,0
97.3253,15,97322782287,2469000,1
97.3253,10,97322782287,2469000,1
97.3281,21,97325580293,2496006,0
97.3306,10,97328121299,2469000,1
97.3331,20,97330606299,2496006,0
97.3356,13,97333129305,2496006,0
97.3381,22,97335652311,2496006,0
97.3407,19,97338175317,2496006,0
97.3432,2,97340698323,2469000,1
97.3432,15,97340698323,2469000,1
97.3432,20,97340698323,2469000,1
97.3456,22,97343165323,2469000,1
97.3456,19,97343165323,2469000,1
97.3481,13,97345650323,2469000,1
97.3481,6,97345650323,2469000,1
97.3481,21,97345650323,2469000,1
97.3506,12,97348153323,2496006,0
97.3532,18,97350676329,2496006,0
97.3557,14,97353199335,2496006,0
97.3585,21,97356044341,2496006,0
97.361,18,97358567347,2469000,1
97.361,14,97358567347,2469000,1
97.3635,1,97361034347,2496006,0
97.3661,19,97363575353,2496006,0
97.3686,12,97366098359,2496006,0
97.3711,19,97368630365,2496006,0
97.3736,1,97371153371,2469000,1
97.3736,14,97371153371,2469000,1
97.3761,22,97373620371,2496006,0
97.3787,10,97376170377,2496006,0
97.3812,12,97378693383,2496006,0
97.3837,21,97381216389,2496006,0
97.3862,6,97383739395,2496006,0
97.3888,20,97386271401,2496006,0
97.3913,10,97388794407,2496006,0
97.3938,20,97391317413,2496006,0
97.3963,12,97393840419,2469000,1
97.3963,13,97393840419,2469000,1
97.3963,19,97393840419,2469000,1
97.3988,1,97396307419,2496006,0
97.4013,22,97398830425,2469000,1
97.4013,5,97398830425,2469000,1
97.4038,21,97401297425,2496006,0
97.4063,3,97403829431,2496006,0
97.4088,6,97406352437,2469000,1
97.4088,19,97406352437,2469000,1
97.4113,10,97408819437,2469000,1
97.4138,18,97411286437,2469000,1
97.4138,3,97411286437,2469000,1
97.4162,20,97413771437,2469000,1
97.4162,1,97413771437,2469000,1
97.4162,19,97413771437,2469000,1
97.4187,20,97416247437,2496006,0
97.4212,17,97418770443,2469000,1
97.4212,15,97418770443,2469000,1
97.4212,20,97418770443,2469000,1
97.4237,21,97421237443,2496006,0
97.4263,3,97423769449,2496006,0
97.4288,1,97426292455,2496006,0
97.4316,2,97429137461,2496006,0
97.4342,2,97431669467,2496006,0
97.4367,5,97434192473,2496006,0
97.4392,1,97436724479,2496006,0
97.4417,12,97439265485,2469000,1
97.4417,22,97439265485,2469000,1
97.4442,21,97441741485,2469000,1
97.4442,3,97441741485,2469000,1
97.4442,22,97441741485,2469000,1
97.4467,2,97444217485,2469000,1
97.4467,6,97444217485,2469000,1
97.4492,16,97446684485,2496006,0
97.4517,20,97449225491,2496006,0
97.4542,10,97451748497,2496006,0
97.4567,16,97454271503,2469000,1
97.4567,4,97454271503,2469000,1
97.4567,5,97454271503,2469000,1
97.4567,10,97454271503,2469000,1
97.4595,1,97457051509,2469000,1
97.4595,21,97457051509,2469000,1
97.462,14,97459518509,2469000,1
97.462,13,97459518509,2469000,1
97.4645,10,97461994509,2496006,0
97.467,10,97464517515,2496006,0
97.4695,20,97467040521,2496006,0
97.4721,20,97469590527,2496006,0
97.4746,3,97472113533,2496006,0
97.4771,19,97474636539,2496006,0
97.4797,6,97477177545,2496006,0
97.4822,20,97479700551,2469000,1
97.4822,2,97479700551,2469000,1
97.4822,6,97479700551,2469000,1
97.4847,19,97482167551,2496006,0
97.4872,10,97484717557,2496006,0
97.4897,20,97487240563,2496006,0
97.4922,18,97489772569,2469000,1
97.4922,5,97489772569,2469000,1
97.4947,3,97492248569,2496006,0
97.4973,16,97494771575,2496006,0
97.4998,1,97497294581,2496006,0
97.5023,20,97499817587,2469000,1
97.5023,21,97499817587,2469000,1
97.5023,3,97499817587,2469000,1
97.5048,19,97502284587,2469000,1
97.5098,14,97507310593,2469000,1
97.5098,6,97507310593,2469000,1
97.5122,10,97509777593,2469000,1
97.5122,6,97509779593,2469000,1
97.5148,1,97512255593,2496006,0
97.5173,16,97514778599,2496006,0
97.5198,20,97517301605,2496006,0
97.5223,12,97519842611,2496006,0
97.5248,1,97522365617,2469000,1
97.5248,20,97522365617,2469000,1
97.5273,12,97524832617,2496006,0
97.5299,16,97527355623,2496006,0
97.5327,1,97530191629,2496006,0
97.5352,1,97532714635,2496006,0
97.5377,7,97535246641,2469000,1
97.5377,19,97535246641,2469000,1
97.5402,14,97537740641,2496006,0
97.5428,18,97540263647,2496006,0
97.5453,14,97542795653,2496006,0
97.5478,16,97545318659,2496006,0
97.5503,1,97547841665,2469000,1
97.5503,14,97547841665,2469000,1
97.5528,3,97550308665,2496006,0
97.5553,10,97552831671,2469000,1
97.5553,12,97552831671,2469000,1
97.5578,1,97555298671,2496006,0
97.5603,16,97557830677,2496006,0
97.5632,20,97560684683,2496006,0
97.5657,18,97563207689,2496006,0
97.5682,12,97565730695,2496006,0
97.5708,22,97568262701,2496006,0
97.5733,16,97570785707,2496006,0
97.5758,20,97573308713,2469000,1
97.5758,5,97573308713,2469000,1
97.5783,3,97575775713,2496006,0
97.5808,18,97578298719,2469000,1
97.5808,15,97578298719,2469000,1
97.5808,19,97578298719,2469000,1
97.5833,2,97580783719,2469000,1
97.5833,1,97580783719,2469000,1
97.5858,3,97583259719,2496006,0
97.5883,3,97585791725,2496006,0
97.5908,10,97588314731,2469000,1
97.5908,12,97588314731,2469000,1
97.5933,14,97590781731,2469000,1
97.5933,22,97590781731,2469000,1
97.5957,1,97593248731,2469000,1
97.5957,22,97593250731,2469000,1
97.6007,6,97598249737,2469000,1
97.6007,16,97598249737,2469000,1
97.6032,16,97600718737,2496006,0
97.6057,6,97603241743,2496006,0
97.6083,20,97605764749,2496006,0
97.6108,16,97608305755,2469000,1
97.6108,3,97608305755,2469000,1
97.6108,22,97608305755,2469000,1
97.6132,18,97610772755,2469000,1
97.6132,16,97610774755,2469000,1
97.6157,20,97613241755,2496006,0
97.6183,20,97615782761,2496006,0
97.6208,3,97618305767,2496006,0
97.6234,6,97620864773,2496006,0
97.6259,13,97623396779,2469000,1
97.6259,12,97623396779,2469000,1
97.6284,5,97625899779,2469000,1
97.6284,20,97625899779,2469000,1
97.6309,3,97628366779,2496006,0
97.6334,6,97630889785,2496006,0
97.6363,4,97633788791,2469000,1
97.6363,16,97633788791,2469000,1
97.6388,6,97636264791,2496006,0
97.6413,3,97638787797,2469000,1
97.6413,2,97638787797,2469000,1
97.6438,18,97641263797,2496006,0
97.6463,18,97643786803,2496006,0
97.6488,18,97646327809,2496006,0
97.6514,6,97648877815,2496006,0
97.6539,14,97651400821,2469000,1
97.6539,20,97651400821,2469000,1
97.6564,21,97653867821,2496006,0
97.6589,1,97656399827,2496006,0
97.6614,18,97658931833,2496006,0
97.6643,6,97661767839,2496006,0
97.6668,1,97664326845,2469000,1
97.6668,10,97664326845,2469000,1
97.6668,3,97664326845,2469000,1
97.6693,21,97666802845,2469000,1
97.6693,18,97666802845,2469000,1
97.6718,6,97669278845,2496006,0
97.6743,12,97671810851,2469000,1
97.6743,18,97671810851,2469000,1
97.6768,19,97674277851,2496006,0
97.6793,1,97676800857,2469000,1
97.6793,21,97676800857,2469000,1
97.6818,19,97679312857,2496006,0
97.6843,6,97681844863,2496006,0
97.6869,6,97684403869,2469000,1
97.6869,10,97684403869,2469000,1
97.6894,20,97686879869,2496006,0
97.6919,17,97689438875,2469000,1
97.6919,19,97689438875,2469000,1
97.6944,19,97691914875,2496006,0
97.6969,3,97694437881,2496006,0
97.6995,19,97696960887,2496006,0
97.702,20,97699492893,2469000,1
97.702,16,97699492893,2469000,1
97.7045,13,97702004893,2496006,0
97.707,3,97704536899,2469000,1
97.707,13,97704536899,2469000,1
97.7095,19,97707021899,2496006,0
97.7146,6,97712085911,2469000,1
97.7146,19,97712085911,2469000,1
97.7171,21,97714615911,2496006,0
97.7196,3,97717138917,2496006,0
97.7222,20,97719661923,2496006,0
97.7247,20,97722211929,2496006,0
97.7272,22,97724734935,2469000,1
97.7272,20,97724734935,2469000,1
97.7297,19,97727201935,2496006,0
97.7322,13,97729724941,2469000,1
97.7322,19,97729724941,2469000,1
97.7347,1,97732200941,2496006,0
97.7375,21,97735036947,2469000,1
97.7375,18,97735036947,2469000,1
97.74,15,97737503947,2496006,0
97.7425,3,97740053953,2496006,0
97.7451,2,97742594959,2496006,0
97.7476,15,97745126965,2496006,0
97.7527,20,97750190977,2469000,1
97.7527,21,97750190977,2469000,1
97.7552,1,97752657977,2496006,0
97.7577,1,97755198983,2496006,0
97.7602,15,97757730989,2469000,1
97.7602,3,97757730989,2469000,1
97.7602,21,97757730989,2469000,1
97.7627,19,97760197989,2496006,0
97.7652,2,97762738995,2469000,1
97.7652,19,97762738995,2469000,1
97.768,2,97765528001,2496006,0
97.7706,1,97768060007,2496006,0
97.7731,1,97770583013,2496006,0
97.7756,13,97773106019,2496006,0
97.7781,15,97775638025,2496006,0
97.7806,3,97778161031,2469000,1
97.7806,19,97778161031,2469000,1
97.7831,20,97780628031,2496006,0
97.7857,13,97783178037,2496006,0
97.7882,14,97785701043,2469000,1
97.7882,6,97785701043,2469000,1
97.7882,13,97785701043,2469000,1
97.7906,2,97788177043,2469000,1
97.7906,15,97788177043,2469000,1
97.7931,3,97790644043,2496006,0
97.7956,1,97793167049,2469000,1
97.7981,20,97795643049,2469000,1
97.7981,3,97795643049,2469000,1
97.8006,12,97798110049,2496006,0
97.8031,3,97800633055,2496006,0
97.8056,16,97803174061,2469000,1
97.8056,2,97803174061,2469000,1
97.8081,12,97805641061,2469000,1
97.8081,11,97805641061,2469000,1
97.8107,1,97808189061,2496006,0
97.8132,3,97810712067,2496006,0
97.8157,15,97813235073,2496006,0
97.8183,3,97815776079,2496006,0
97.8208,20,97818299085,2496006,0
97.8233,1,97820822091,2469000,1
97.8233,9,97820822091,2469000,1
97.8258,19,97823289091,2496006,0
97.8283,3,97825821097,2469000,1
97.8283,13,97825821097,2469000,1
97.8283,2,97825821097,2469000,1
97.8308,22,97828297097,2496006,0
97.8333,3,97830820103,2496006,0
97.8358,19,97833352109,2496006,0
97.8383,15,97835875115,2469000,1
97.8383,3,97835875115,2469000,1
97.8412,18,97838655121,2496006,0
97.8437,20,97841196127,2496006,0
97.8462,18,97843719133,2496006,0
97.8487,12,97846242139,2496006,0
97.8513,22,97848765145,2496006,0
97.8538,20,97851306151,2469000,1
97.8538,1,97851306151,2469000,1
97.8563,22,97853773151,2496006,0
97.8588,18,97856305157,2469000,1
97.8588,19,97856305157,2469000,1
97.8613,15,97858781157,2496006,0
97.8638,3,97861313163,2496006,0
97.8663,20,97863836169,2469000,1
97.8663,3,97863836169,2469000,1
97.8691,18,97866616175,2496006,0
97.8716,12,97869139181,2496006,0
97.8742,15,97871680187,2496006,0
97.8767,6,97874203193,2496006,0
97.8792,3,97876726199,2496006,0
97.8817,12,97879249205,2469000,1
97.8817,22,97879249205,2469000,1
97.8842,19,97881716205,2496006,0
97.8867,19,97884239211,2496006,0
97.8893,3,97886762217,2496006,0
97.8918,18,97889303223,2469000,1
97.8918,3,97889303223,2469000,1
97.8942,6,97891770223,2469000,1
97.8967,2,97894237223,2496006,0
97.8992,21,97896769229,2469000,1
97.8992,12,97896769229,2469000,1
97.8992,22,97896769229,2469000,1
97.8992,2,97896769229,2469000,1
97.9017,3,97899236229,2496006,0
97.9042,8,97901759235,2469000,1
97.9042,15,97901759235,2469000,1
97.9067,3,97904226235,2496006,0
97.9092,19,97906749241,2469000,1
97.9117,3,97909216241,2496006,0
97.9142,17,97911766247,2469000,1
97.9167,13,97914233247,2496006,0
97.9193,18,97916783253,2496006,0
97.9218,19,97919306259,2496006,0
97.9243,13,97921829265,2469000,1
97.9243,3,97921829265,2469000,1
97.9268,22,97924305265,2496006,0
97.9293,5,97926855271,2469000,1
97.9293,6,97926855271,2469000,1
97.9318,6,97929324271,2496006,0
97.9343,20,97931847277,2469000,1
97.9343,6,97931847277,2469000,1
97.9368,2,97934323277,2496006,0
97.9393,22,97936846283,2469000,1
97.9393,18,97936846283,2469000,1
97.9421,19,97939626289,2496006,0
97.9446,1,97942149295,2496006,0
97.9472,13,97944681301,2496006,0
97.9497,15,97947222307,2469000,1
97.9497,18,97947222307,2469000,1
97.9522,2,97949725307,2496006,0
97.9547,19,97952248313,2496006,0
97.9572,1,97954771319,2469000,1
97.9572,19,97954771319,2469000,1
97.9597,18,97957238319,2496006,0
97.9623,3,97959788325,2496006,0
97.9648,6,97962311331,2469000,1
97.9648,13,97962311331,2469000,1
97.9673,2,97964778331,2496006,0
97.9698,22,97967301337,2469000,1
97.9726,18,97970090343,2496006,0
97.9751,15,97972622349,2496006,0
97.9777,15,97975181355,2469000,1
97.9777,12,97975181355,2469000,1
97.9777,2,97975181355,2469000,1
97.9801,2,97977650355,2496006,0
97.9827,3,97980173361,2496006,0
97.9852,15,97982696367,2496006,0
97.9877,18,97985219373,2469000,1
97.9877,1,97985219373,2469000,1
97.9902,5,97987695373,2496006,0
97.9927,2,97990218379,2469000,1
97.9927,22,97990218379,2469000,1
97.9952,18,97992685379,2496006,0
97.9977,15,97995208385,2496006,0
98.0002,19,97997731391,2496006,0
98.0028,15,98000254397,2496006,0
98.0053,18,98002777403,2496006,0
98.0078,18,98005318409,2496006,0
98.0103,5,98007841415,2469000,1
98.0103,18,98007841415,2469000,1
98.0128,3,98010308415,2496006,0
98.0153,6,98012840421,2496006,0
98.0179,20,98015363427,2496006,0
98.0204,13,98017886433,2496006,0
98.0229,19,98020427439,2496006,0
98.0254,13,98022950445,2496006,0
98.028,15,98025473451,2496006,0
98.0305,3,98027996457,2496006,0
98.033,15,98030519463,2496006,0
98.0355,19,98033042469,2469000,1
98.0355,15,98033042469,2469000,1
98.038,20,98035518469,2469000,1
98.0405,6,98037985469,2496006,0
98.043,3,98040508475,2496006,0
98.0459,6,98043371481,2496006,0
98.0484,2,98045894487,2469000,1
98.0484,13,98045894487,2469000,1
98.0509,5,98048361487,2496006,0
98.0534,6,98050884493,2469000,1
98.0534,13,98050884493,2469000,1
98.0558,19,98053351493,2496006,0
98.0584,18,98055883499,2496006,0
98.0609,3,98058406505,2496006,0
98.0634,15,98060929511,2496006,0
98.066,18,98063461517,2496006,0
98.0685,15,98065984523,2469000,1
98.0685,18,98065984523,2469000,1
98.0709,3,98068451523,2496006,0
98.0738,19,98071296529,2469000,1
98.0738,1,98071296529,2469000,1
98.0762,5,98073763529,2469000,1
98.0762,15,98073763529,2469000,1
98.0762,18,98073763529,2469000,1
98.0787,3,98076230529,2496006,0
98.0813,20,98078798535,2496006,0
98.0838,19,98081339541,2469000,1
98.0838,5,98081339541,2469000,1
98.0838,20,98081339541,2469000,1
98.0863,12,98083824541,2496006,0
98.0888,18,98086347547,2496006,0
98.0914,3,98088870553,2496006,0
98.0939,3,98091402559,2496006,0
98.0964,18,98093943565,2469000,1
98.0964,12,98093943565,2469000,1
98.0964,6,98093943565,2469000,1
98.0989,6,98096412565,2496006,0
98.1015,3,98098971571,2496006,0
98.104,1,98101494577,2469000,1
98.109,18,98106493583,2496006,0
98.1115,6,98109034589,2469000,1
98.1115,2,98109034589,2469000,1
98.114,15,98111501589,2496006,0
98.1165,20,98114024595,2496006,0
98.119,16,98116547601,2496006,0
98.1216,2,98119070607,2496006,0
98.1241,20,98121602613,2496006,0
98.1266,13,98124125619,2469000,1
98.1266,3,98124125619,2469000,1
98.1266,18,98124125619,2469000,1
98.1266,16,98124125619,2469000,1
98.1291,5,98126610619,2469000,1
98.1291,6,98126610619,2469000,1
98.1316,1,98129077619,2496006,0
98.1341,13,98131600625,2496006,0
98.1366,20,98134123631,2496006,0
98.1391,19,98136646637,2469000,1
98.1391,15,98136646637,2469000,1
98.1416,2,98139113637,2496006,0
98.1442,12,98141654643,2496006,0
98.147,20,98144508649,2496006,0
98.1495,13,98147031655,2496006,0
98.152,10,98149563661,2469000,1
98.152,15,98149563661,2469000,1
98.1545,1,98152030661,2496006,0
98.157,3,98154571667,2469000,1
98.157,1,98154571667,2469000,1
98.1595,20,98157038667,2469000,1
98.1595,2,98157038667,2469000,1
98.1595,16,98157038667,2469000,1
98.162,20,98159507667,2496006,0
98.1645,14,98162048673,2496006,0
98.1671,12,98164571679,2496006,0
98.1696,5,98167094685,2496006,0
98.1721,18,98169617691,2469000,1
98.1721,12,98169617691,2469000,1
98.1746,13,98172093691,2496006,0
98.1774,12,98174947697,2496006,0
98.1799,14,98177470703,2469000,1
98.1824,20,98179937703,2496006,0
98.185,13,98182460709,2496006,0
98.1875,5,98184992715,2496006,0
98.19,13,98187524721,2496006,0
98.1925,22,98190047727,2496006,0
98.1951,6,98192579733,2496006,0
98.1976,5,98195111739,2469000,1
98.1976,1,98195111739,2469000,1
98.1976,12,98195111739,2469000,1
98.1976,22,98195111739,2469000,1
98.2001,3,98197578739,2496006,0
98.2026,11,98200101745,2496006,0
98.2051,13,98202624751,2496006,0
98.2076,11,98205147757,2496006,0
98.2101,8,98207670763,2469000,1
98.2101,20,98207670763,2469000,1
98.2126,2,98210146763,2469000,1
98.2126,6,98210146763,2469000,1
98.2151,13,98212613763,2469000,1
98.2151,2,98212615763,2469000,1
98.2176,21,98215082763,2469000,1
98.2176,6,98215082763,2469000,1
98.2201,20,98217558763,2496006,0
98.2226,18,98220081769,2496006,0
98.2251,11,98222613775,2496006,0
98.2276,18,98225145781,2496006,0
98.2301,14,98227668787,2469000,1
98.2301,3,98227668787,2469000,1
98.2301,11,98227668787,2469000,1
98.2326,11,98230153787,2496006,0
98.2352,12,98232685793,2469000,1
98.2352,13,98232685793,2469000,1
98.2376,5,98235152793,2469000,1
98.2376,11,98235152793,2469000,1
98.2401,11,98237621793,2496006,0
98.2426,20,98240153799,2496006,0
98.2452,6,98242676805,2496006,0
98.2477,22,98245208811,2496006,0
98.2505,16,98248044817,2496006,0
98.2531,18,98250567823,2496006,0
98.2556,23,98253090829,2496006,0
98.2581,15,98255613835,2496006,0
98.2606,20,98258136841,2469000,1
98.2606,11,98258136841,2469000,1
98.2606,18,98258136841,2469000,1
98.2631,11,98260612841,2496006,0
98.2656,16,98263144847,2469000,1
98.2656,22,98263144847,2469000,1
98.2656,11,98263144847,2469000,1
98.2681,6,98265611847,2469000,1
98.2681,18,98265611847,2469000,1
98.2705,23,98268078847,2469000,1
98.273,12,98270545847,2496006,0
98.2756,3,98273077853,2496006,0
98.2784,3,98275913859,2496006,0
98.2809,3,98278445865,2496006,0
98.2835,15,98280977871,2496006,0
98.286,3,98283518877,2469000,1
98.286,12,98283518877,2469000,1
98.2885,22,98285994877,2496006,0
98.2911,6,98288562883,2496006,0
98.2936,13,98291085889,2496006,0
98.2961,15,98293608895,2496006,0
98.2986,19,98296131901,2469000,1
98.2986,1,98296131901,2469000,1
98.2986,11,98296131901,2469000,1
98.3011,22,98298607901,2469000,1
98.3011,20,98298607901,2469000,1
98.3011,12,98298607901,2469000,1
98.3036,13,98301074901,2496006,0
98.3061,16,98303615907,2469000,1
98.3061,13,98303615907,2469000,1
98.3086,6,98306082907,2469000,1
98.3086,3,98306082907,2469000,1
98.311,20,98308549907,2496006,0
98.3135,15,98311072913,2469000,1
98.3135,22,98311072913,2469000,1
98.316,5,98313539913,2469000,1
98.316,23,98313539913,2469000,1
98.3185,20,98316015913,2496006,0
98.3211,19,98318556919,2496006,0
98.3236,14,98321088925,2496006,0
98.3261,13,98323620931,2496006,0
98.3286,20,98326143937,2496006,0
98.3311,12,98328666943,2469000,1
98.3311,6,98328666943,2469000,1
98.3311,23,98328666943,2469000,1
98.3336,18,98331133943,2496006,0
98.3361,15,98333656949,2469000,1
98.3361,20,98333656949,2469000,1
98.3386,14,98336141949,2496006,0
98.3412,13,98338664955,2496006,0
98.3437,3,98341205961,2496006,0
98.3462,19,98343728967,2469000,1
98.3462,20,98343728967,2469000,1
98.3487,2,98346204967,2496006,0
98.3515,18,98349049973,2496006,0
98.3541,1,98351572979,2496006,0
98.3566,1,98354095985,2496006,0
98.3616,13,98359159997,2469000,1
98.3616,15,98359159997,2469000,1
98.3616,14,98359159997,2469000,1
98.3641,13,98361628997,2496006,0
98.3666,3,98364152003,2496006,0
98.3692,2,98366684009,2496006,0
98.3717,7,98369216015,2496006,0
98.3742,3,98371748021,2469000,1
98.3742,13,98371748021,2469000,1
98.3767,22,98374215021,2496006,0
98.3792,18,98376738027,2469000,1
98.3792,1,98376738027,2469000,1
98.382,16,98379518033,2496006,0
98.3845,2,98382041039,2496006,0
98.3871,19,98384582045,2469000,1
98.3871,18,98384582045,2469000,1
98.3895,1,98387049045,2496006,0
98.3921,2,98389572051,2496006,0
98.3946,11,98392113057,2469000,1
98.3946,7,98392113057,2469000,1
98.3971,22,98394607057,2496006,0
98.3996,16,98397130063,2496006,0
98.4021,3,98399662069,2469000,1
98.4021,16,98399662069,2469000,1
98.4046,1,98402147069,2496006,0
98.4071,6,98404670075,2469000,1
98.4071,15,98404670075,2469000,1
98.4071,13,98404670075,2469000,1
98.4096,14,98407137075,2469000,1
98.4096,3,98407137075,2469000,1
98.4121,2,98409604075,2496006,0
98.4146,22,98412127081,2496006,0
98.4172,11,98414677087,2496006,0
98.4197,5,98417200093,2496006,0
98.4222,2,98419723099,2496006,0
98.4247,22,98422255105,2469000,1
98.4247,20,98422255105,2469000,1
98.4272,22,98424731105,2496006,0
98.4298,5,98427254111,2496006,0
98.4322,18,98429777117,2469000,1
98.4322,1,98429777117,2469000,1
98.4347,22,98432244117,2496006,0
98.4373,22,98434785123,2496006,0
98.4398,19,98437308129,2469000,1
98.4398,7,98437308129,2469000,1
98.4398,16,98437308129,2469000,1
98.4398,22,98437308129,2469000,1
98.4422,2,98439775129,2469000,1
98.4422,18,98439775129,2469000,1
98.4447,11,98442242129,2496006,0
98.4472,12,98444765135,2469000,1
98.4472,11,98444765135,2469000,1
98.4523,5,98449800141,2469000,1
98.4523,22,98449800141,2469000,1
98.4551,7,98452616147,2496006,0
98.4577,13,98455157153,2496006,0
98.4602,13,98457680159,2496006,0
98.4627,11,98460203165,2496006,0
98.4652,7,98462726171,2469000,1
98.4652,1,98462726171,2469000,1
98.4652,5,98462726171,2469000,1
98.4677,2,98465202171,2496006,0
98.4702,7,98467725177,2496006,0
98.4727,2,98470248183,2496006,0
98.4752,13,98472771189,2469000,1
98.4752,14,98472771189,2469000,1
98.4777,11,98475247189,2496006,0
98.4803,5,98477770195,2496006,0
98.4831,2,98480624201,2496006,0
98.4857,13,98483156207,2496006,0
98.4882,7,98485679213,2496006,0
98.4907,16,98488202219,2469000,1
98.4907,22,98488202219,2469000,1
98.4932,2,98490678219,2496006,0
98.4957,23,98493201225,2469000,1
98.4957,5,98493201225,2469000,1
98.4982,11,98495677225,2496006,0
98.5007,7,98498200231,2496006,0
98.5032,7,98500732237,2496006,0
98.5058,13,98503255243,2496006,0
98.5083,2,98505778249,2496006,0
98.5108,7,98508301255,2496006,0
98.5133,7,98510833261,2496006,0
98.5159,19,98513365267,2496006,0
98.5184,11,98515906273,2496006,0
98.5209,11,98518429279,2496006,0
98.5234,2,98520952285,2469000,1
98.5234,1,98520952285,2469000,1
98.5234,5,98520952285,2469000,1
98.5259,19,98523437285,2496006,0
98.5284,7,98525969291,2469000,1
98.5284,13,98525969291,2469000,1
98.5309,1,98528445291,2496006,0
98.5335,11,98530986297,2469000,1
98.5335,13,98530986297,2469000,1
98.5359,7,98533462297,2469000,1
98.5385,17,98535965297,2496006,0
98.541,19,98538488303,2496006,0
98.5435,1,98541011309,2496006,0
98.5461,19,98543561315,2496006,0
98.5486,22,98546093321,2496006,0
98.5511,20,98548616327,2496006,0
98.5536,2,98551139333,2469000,1
98.5536,22,98551139333,2469000,1
98.5564,5,98553919339,2496006,0
98.559,6,98556469345,2496006,0
98.5615,11,98558992351,2469000,1
98.5615,17,98558992351,2469000,1
98.564,1,98561459351,2496006,0
98.5665,6,98563982357,2496006,0
98.569,19,98566505363,2496006,0
98.5715,20,98569028369,2496006,0
98.5741,3,98571578375,2496006,0
98.5766,19,98574101381,2496006,0
98.5791,5,98576633387,2469000,1
98.5791,19,98576633387,2469000,1
98.5816,6,98579100387,2496006,0
98.5841,3,98581623393,2469000,1
98.5841,13,98581623393,2469000,1
98.5841,17,98581623393,2469000,1
98.5869,20,98584403399,2469000,1
98.5869,1,98584403399,2469000,1
98.5894,15,98586879399,2496006,0
98.5919,6,98589411405,2496006,0
98.5944,22,98591952411,2496006,0
98.597,15,98594475417,2496006,0
98.5995,5,98597007423,2496006,0
98.602,2,98599530429,2496006,0
98.6046,22,98602062435,2496006,0
98.6071,5,98604594441,2469000,1
98.6071,22,98604594441,2469000,1
98.6096,15,98607061441,2496006,0
98.6121,7,98609584447,2496006,0
98.6146,15,98612116453,2496006,0
98.6171,6,98614639459,2496006,0
98.6197,19,98617162465,2496006,0
98.6222,11,98619685471,2496006,0
98.6247,20,98622208477,2469000,1
98.6247,6,98622208477,2469000,1
98.6272,5,98624675477,2496006,0
98.6297,2,98627198483,2469000,1
98.6297,11,98627198483,2469000,1
98.6322,15,98629692483,2469000,1
98.6322,1,98629692483,2469000,1
98.6347,1,98632161483,2496006,0
98.6372,19,98634684489,2469000,1
98.6372,3,98634684489,2469000,1
98.6396,5,98637151489,2496006,0
98.6422,7,98639674495,2496006,0
98.6447,5,98642206501,2496006,0
98.6472,7,98644729507,2496006,0
98.6497,1,98647252513,2496006,0
98.6523,15,98649793519,2496006,0
98.6548,20,98652316525,2469000,1
98.6548,19,98652316525,2469000,1
98.6573,11,98654783525,2496006,0
98.6601,1,98657628531,2469000,1
98.6601,18,98657628531,2469000,1
98.6601,22,98657628531,2469000,1
98.6626,15,98660104531,2469000,1
98.6626,5,98660104531,2469000,1
98.665,11,98662571531,2469000,1
98.665,16,98662571531,2469000,1
98.6675,6,98665038531,2496006,0
98.6701,17,98667570537,2496006,0
98.6726,14,98670093543,2469000,1
98.6726,7,98670093543,2469000,1
98.6751,2,98672569543,2496006,0
98.6776,6,98675119549,2469000,1
98.6776,1,98675119549,2469000,1
98.6801,12,98677586549,2469000,1
98.6801,19,98677586549,2469000,1
98.6825,17,98680053549,2496006,0
98.6851,3,98682585555,2469000,1
98.6851,7,98682585555,2469000,1
98.6879,2,98685374561,2496006,0
98.6904,17,98687897567,2496006,0
98.6929,2,98690447573,2496006,0
98.6955,16,98692970579,2496006,0
98.698,2,98695493585,2496006,0
98.7005,5,98698016591,2469000,1
98.7005,11,98698016591,2469000,1
98.703,17,98700483591,2496006,0
98.7055,13,98703024597,2469000,1
98.7055,15,98703024597,2469000,1
98.708,6,98705491597,2469000,1
98.708,7,98705491597,2469000,1
98.7105,16,98707967597,2496006,0
98.713,22,98710508603,2496006,0
98.7155,2,98713040609,2469000,1
98.718,17,98715507609,2469000,1
98.7205,1,98717976609,2496006,0
98.723,16,98720508615,2496006,0
98.7255,21,98723040621,2469000,1
98.7255,16,98723040621,2469000,1
98.728,1,98725534621,2469000,1
98.728,22,98725534621,2469000,1
98.7305,19,98728001621,2469000,1
98.7305,5,98728001621,2469000,1
98.7329,22,98730468621,2469000,1
98.738,17,98735478627,2496006,0
98.7405,11,98738001633,2496006,0
98.743,17,98740524639,2496006,0
98.7456,17,98743083645,2496006,0
98.7481,11,98745606651,2469000,1
98.7481,17,98745606651,2469000,1
98.7506,2,98748082651,2469000,1
98.7506,16,98748082651,2469000,1
98.7506,17,98748082651,2469000,1
98.753,15,98750549651,2496006,0
98.7555,6,98753072657,2469000,1
98.7555,15,98753072657,2469000,1
98.758,1,98755548657,2496006,0
98.7609,14,98758420663,2496006,0
98.7635,2,98760988669,2496006,0
98.766,1,98763511675,2496006,0
98.7685,22,98766043681,2496006,0
98.7711,1,98768584687,2496006,0
98.7736,14,98771125693,2469000,1
98.7736,1,98771125693,2469000,1
98.7761,11,98773592693,2469000,1
98.7761,15,98773592693,2469000,1
98.7786,22,98776059693,2496006,0
98.7811,23,98778582699,2496006,0
98.7836,2,98781114705,2496006,0
98.7861,4,98783637711,2496006,0
98.7886,22,98786169717,2469000,1
98.7886,15,98786169717,2469000,1
98.7914,14,98788949723,2496006,0
98.7939,2,98791472729,2469000,1
98.7939,11,98791472729,2469000,1
98.7965,4,98793957729,2496006,0
98.799,2,98796480735,2496006,0
98.8015,14,98799003741,2496006,0
98.804,23,98801526747,2469000,1
98.804,22,98801526747,2469000,1
98.8065,16,98804011747,2496006,0
98.809,4,98806543753,2496006,0
98.8116,1,98809066759,2496006,0
98.8141,16,98811598765,2469000,1
98.8141,17,98811598765,2469000,1
98.8165,20,98814074765,2469000,1
98.8165,14,98814074765,2469000,1
98.819,1,98816541765,2496006,0
98.8215,2,98819064771,2469000,1
98.8215,14,98819064771,2469000,1
98.824,4,98821531771,2469000,1
98.824,22,98821531771,2469000,1
98.8265,16,98823998771,2496006,0
98.829,1,98826521777,2496006,0
98.8315,23,98829053783,2496006,0
98.8341,4,98831576789,2496006,0
98.8366,1,98834126795,2496006,0
98.8391,2,98836649801,2496006,0
98.8417,3,98839190807,2496006,0
98.8442,16,98841713813,2496006,0
98.8467,7,98844236819,2496006,0
98.8492,2,98846777825,2469000,1
98.8492,19,98846777825,2469000,1
98.8517,3,98849244825,2469000,1
98.8517,4,98849244825,2469000,1
98.8517,14,98849244825,2469000,1
98.8517,23,98849244825,2469000,1
98.8542,1,98851711825,2496006,0
98.8567,16,98854252831,2496006,0
98.8593,23,98856784837,2496006,0
98.8618,5,98859316843,2496006,0
98.8646,3,98862152849,2496006,0
98.8672,7,98864675855,2496006,0
98.8697,1,98867234861,2496006,0
98.8723,2,98869757867,2496006,0
98.8748,6,98872289873,2469000,1
98.8748,16,98872289873,2469000,1
98.8748,5,98872289873,2469000,1
98.8772,3,98874756873,2469000,1
98.8772,1,98874756873,2469000,1
98.8797,23,98877223873,2496006,0
98.8823,7,98879755879,2496006,0
98.8848,11,98882296885,2469000,1
98.8848,7,98882296885,2469000,1
98.8873,4,98884781885,2496006,0
98.8926,23,98890149897,2469000,1
98.8926,2,98890149897,2469000,1
98.8951,15,98892616897,2469000,1
98.8951,16,98892616897,2469000,1
98.8976,2,98895110897,2496006,0
98.9001,4,98897651903,2496006,0
98.9027,4,98900201909,2496006,0
98.9052,2,98902724915,2496006,0
98.9077,23,98905247921,2496006,0
98.9102,5,98907770927,2469000,1
98.9102,23,98907770927,2469000,1
98.9127,4,98910237927,2496006,0
98.9153,3,98912760933,2496006,0
98.9178,1,98915283939,2469000,1
98.9178,7,98915283939,2469000,1
98.9203,4,98917759939,2496006,0
98.9228,3,98920309945,2496006,0
98.9253,3,98922868951,2469000,1
98.9253,2,98922868951,2469000,1
98.9278,4,98925353951,2496006,0
98.9304,23,98927903957,2496006,0
98.9329,23,98930426963,2496006,0
98.9354,4,98932949969,2496006,0
98.938,18,98935481975,2496006,0
98.9406,23,98938058981,2496006,0
98.9431,18,98940581987,2469000,1
98.9431,3,98940581987,2469000,1
98.9455,19,98943048987,2469000,1
98.9455,14,98943048987,2469000,1
98.948,7,98945524987,2469000,1
98.9505,4,98947991987,2496006,0
98.953,23,98950523993,2469000,1
98.953,20,98950523993,2469000,1
98.953,1,98950523993,2469000,1
98.9555,2,98952990993,2496006,0
98.958,2,98955567999,2469000,1
98.958,16,98955567999,2469000,1
98.9605,18,98958034999,2496006,0
98.9631,17,98960558005,2496006,0
98.9659,3,98963403011,2469000,1
98.9659,14,98963403011,2469000,1
98.9684,22,98965870011,2496006,0
98.9709,4,98968393017,2496006,0
98.9734,17,98970925023,2496006,0
98.976,5,98973466029,2496006,0
98.9785,23,98975989035,2496006,0
98.981,5,98978512041,2469000,1
98.981,23,98978512041,2469000,1
98.9835,18,98980979041,2496006,0
98.986,11,98983511047,2496006,0
98.9885,18,98986034053,2496006,0
98.991,17,98988566059,2469000,1
98.991,4,98988566059,2469000,1
98.991,18,98988566059,2469000,1
98.9935,22,98991033059,2469000,1
98.9935,11,98991033059,2469000,1
98.9963,2,98993813065,2496006,0
98.9989,4,98996381071,2496006,0
99.0014,11,98998904077,2496006,0
99.0039,2,99001436083,2469000,1
99.0039,4,99001436083,2469000,1
99.0089,5,99006453089,2496006,0
99.0115,2,99008985095,2496006,0
99.014,11,99011526101,2496006,0
99.0165,5,99014049107,2469000,1
99.0165,18,99014049107,2469000,1
99.019,17,99016516107,2496006,0
99.0215,2,99019057113,2469000,1
99.0215,23,99019057113,2469000,1
99.024,4,99021551113,2496006,0
99.0266,13,99024083119,2469000,1
99.0266,22,99024083119,2469000,1
99.0291,18,99026559119,2496006,0
99.0316,11,99029091125,2496006,0
99.0341,2,99031614131,2496006,0
99.0366,4,99034137137,2469000,1
99.0366,17,99034137137,2469000,1
99.0366,18,99034137137,2469000,1
99.0391,5,99036604137,2469000,1
99.0391,11,99036604137,2469000,1
99.0416,18,99039116137,2496006,0
99.0442,2,99041657143,2496006,0
99.0467,4,99044198149,2496006,0
99.0518,18,99049262161,2496006,0
99.0543,18,99051785167,2496006,0
99.0568,11,99054317173,2469000,1
99.0568,18,99054317173,2469000,1
99.0593,4,99056784173,2469000,1
99.0593,2,99056784173,2469000,1
99.0617,6,99059260173,2469000,1
99.0617,4,99059260173,2469000,1
99.0642,17,99061754173,2469000,1
99.0642,11,99061754173,2469000,1
99.0667,7,99064248173,2469000,1
99.0667,13,99064248173,2469000,1
99.0695,16,99067028179,2469000,1
99.0695,18,99067028179,2469000,1
99.072,5,99069495179,2496006,0
99.0745,12,99072018185,2496006,0
99.0771,21,99074559191,2496006,0
99.0796,12,99077109197,2496006,0
99.0821,21,99079632203,2469000,1
99.0821,5,99079632203,2469000,1
99.0846,5,99082101203,2496006,0
99.0871,1,99084624209,2496006,0
99.0896,23,99087147215,2496006,0
99.0922,22,99089688221,2496006,0
99.0975,4,99095047233,2496006,0
99.1001,1,99097579239,2496006,0
99.1026,23,99100102245,2469000,1
99.1026,2,99100102245,2469000,1
99.1051,12,99102587245,2496006,0
99.1076,22,99105110251,2496006,0
99.1101,5,99107633257,2496006,0
99.1126,17,99110174263,2469000,1
99.1126,18,99110174263,2469000,1
99.1126,5,99110174263,2469000,1
99.1151,12,99112641263,2469000,1
99.1151,21,99112641263,2469000,1
99.1176,4,99115108263,2496006,0
99.1201,6,99117631269,2469000,1
99.1201,4,99117631269,2469000,1
99.1226,3,99120107269,2469000,1
99.1226,11,99120107269,2469000,1
99.1251,1,99122583269,2496006,0
99.1276,22,99125142275,2496006,0
99.1302,9,99127692281,2496006,0
99.1327,1,99130215287,2496006,0
99.1352,5,99132747293,2496006,0
99.1403,1,99137811305,2469000,1
99.1403,9,99137811305,2469000,1
99.1427,23,99140278305,2469000,1
99.1427,4,99140278305,2469000,1
99.1452,5,99142754305,2469000,1
99.1452,2,99142754305,2469000,1
99.1477,22,99145230305,2496006,0
99.1502,1,99147753311,2496006,0
99.1528,12,99150303317,2496006,0
99.1553,21,99152844323,2496006,0
99.1579,12,99155367329,2496006,0
99.1604,17,99157890335,2469000,1
99.1604,5,99157890335,2469000,1
99.1628,1,99160366335,2469000,1
99.1628,22,99160366335,2469000,1
99.1653,12,99162833335,2496006,0
99.1678,23,99165374341,2469000,1
99.1678,22,99165374341,2469000,1
99.1707,21,99168181347,2469000,1
99.1707,9,99168181347,2469000,1
99.1731,2,99170675347,2469000,1
99.1731,12,99170675347,2469000,1
99.1782,15,99175683353,2469000,1
99.1782,22,99175683353,2469000,1
99.1806,12,99178150353,2496006,0
99.1832,10,99180700359,2496006,0
99.1857,22,99183223365,2496006,0
99.1882,10,99185773371,2469000,1
99.1882,12,99185773371,2469000,1
99.1908,1,99188258371,2496006,0
99.1933,1,99190808377,2496006,0
99.1958,1,99193349383,2496006,0
99.1984,18,99195881389,2469000,1
99.1984,21,99195881389,2469000,1
99.1984,22,99195881389,2469000,1
99.2011,10,99198679395,2469000,1
99.2011,12,99198679395,2469000,1
99.2036,4,99201173395,2469000,1
99.2061,1,99203640395,2496006,0
99.2087,5,99206181401,2496006,0
99.2112,22,99208722407,2496006,0
99.2138,22,99211281413,2469000,1
99.2138,9,99211281413,2469000,1
99.2163,21,99213757413,2496006,0
99.2188,5,99216289419,2496006,0
99.2213,1,99218812425,2469000,1
99.2213,22,99218812425,2469000,1
99.2238,21,99221306425,2496006,0
99.2289,5,99226379437,2496006,0
99.2314,21,99228929443,2496006,0
99.234,1,99231479449,2496006,0
99.2365,5,99234038455,2496006,0
99.239,23,99236561461,2469000,1
99.239,5,99236561461,2469000,1
99.2415,21,99239046461,2496006,0
99.244,5,99241578467,2469000,1
99.244,21,99241578467,2469000,1
99.2466,10,99244054467,2496006,0
99.249,1,99246577473,2469000,1
99.249,16,99246577473,2469000,1
99.2515,7,99249044473,2496006,0
99.2541,1,99251585479,2496006,0
99.2566,12,99254126485,2496006,0
99.2591,7,99256649491,2469000,1
99.2591,10,99256649491,2469000,1
99.2616,12,99259116491,2496006,0
99.2641,12,99261639497,2496006,0
99.2667,22,99264162503,2496006,0
99.2718,1,99269262515,2496006,0
99.2746,22,99272098521,2496006,0
99.2771,1,99274648527,2469000,1
99.2771,17,99274648527,2469000,1
99.2771,12,99274648527,2469000,1
99.2796,18,99277124527,2496006,0
99.2821,22,99279656533,2469000,1
99.2821,21,99279656533,2469000,1
99.2821,12,99279656533,2469000,1
99.2846,12,99282125533,2496006,0
99.2871,10,99284648539,2469000,1
99.2871,1,99284648539,2469000,1
99.2896,21,99287124539,2496006,0
99.2921,18,99289647545,2496006,0
99.2972,7,99294729557,2469000,1
99.2972,12,99294729557,2469000,1
99.2997,18,99297223557,2469000,1
99.2997,4,99297223557,2469000,1
99.3025,5,99300003563,2496006,0
99.305,5,99302526569,2496006,0
99.3075,21,99305058575,2469000,1
99.3075,12,99305058575,2469000,1
99.31,3,99307543575,2469000,1
99.31,9,99307543575,2469000,1
99.3125,8,99310010575,2496006,0
99.315,8,99312533581,2496006,0
99.3176,22,99315056587,2496006,0
99.3201,20,99317579593,2496006,0
99.3226,22,99320111599,2496006,0
99.3251,20,99322634605,2496006,0
99.3276,22,99325157611,2469000,1
99.3276,20,99325157611,2469000,1
99.3326,8,99330156617,2469000,1
99.3326,5,99330156617,2469000,1
99.3326,21,99330156617,2469000,1
99.3351,10,99332623617,2469000,1
99.3351,18,99332623617,2469000,1
99.3376,12,99335126617,2469000,1
99.3376,5,99335126617,2469000,1
99.3401,10,99337611617,2496006,0
99.3426,6,99340134623,2496006,0
99.3452,1,99342693629,2496006,0
99.3477,7,99345216635,2496006,0
99.3502,20,99347739641,2496006,0
99.3528,22,99350262647,2496006,0
99.3553,1,99352812653,2496006,0
99.3578,21,99355335659,2496006,0
99.3604,10,99357858665,2496006,0
99.3629,6,99360381671,2496006,0
99.3679,22,99365445683,2469000,1
99.3679,7,99365445683,2469000,1
99.3704,21,99367912683,2496006,0
99.3729,11,99370435689,2469000,1
99.3729,18,99370435689,2469000,1
99.3757,8,99373215695,2496006,0
99.3782,20,99375738701,2496006,0
99.3807,2,99378261707,2469000,1
99.3807,7,99378261707,2469000,1
99.3832,1,99380728707,2496006,0
99.3857,21,99383251713,2496006,0
99.3882,6,99385774719,2469000,1
99.3882,20,99385774719,2469000,1
99.3907,8,99388241719,2496006,0
99.3933,10,99390773725,2496006,0
99.3958,1,99393296731,2496006,0
99.3983,10,99395819737,2469000,1
99.3983,1,99395819737,2469000,1
99.4008,21,99398322737,2496006,0
99.4034,8,99400854743,2496006,0
99.4062,14,99403726749,2469000,1
99.4062,1,99403726749,2469000,1
99.4087,5,99406193749,2496006,0
99.4112,21,99408716755,2496006,0
99.4137,7,99411239761,2469000,1
99.4137,21,99411239761,2469000,1
99.4162,22,99413706761,2496006,0
99.4187,17,99416229767,2496006,0
99.4212,8,99418752773,2496006,0
99.4238,10,99421302779,2496006,0
99.4263,23,99423825785,2469000,1
99.4263,6,99423825785,2469000,1
99.4288,8,99426292785,2496006,0
99.4313,20,99428815791,2496006,0
99.4338,22,99431338797,2496006,0
99.4363,12,99433870803,2469000,1
99.4363,5,99433870803,2469000,1
99.4388,8,99436346803,2469000,1
99.4388,17,99436346803,2469000,1
99.4413,22,99438813803,2496006,0
99.4438,8,99441336809,2496006,0
99.4463,7,99443859815,2469000,1
99.4463,10,99443859815,2469000,1
99.4488,8,99446353815,2496006,0
99.4514,20,99448876821,2496006,0
99.4539,10,99451408827,2496006,0
99.4564,21,99453931833,2496006,0
99.4615,22,99458986845,2496006,0
99.464,20,99461509851,2496006,0
99.4665,21,99464032857,2469000,1
99.4665,8,99464032857,2469000,1
99.469,10,99466499857,2469000,1
99.469,4,99466499857,2469000,1
99.4715,5,99468966857,2496006,0
99.474,1,99471507863,2469000,1
99.474,17,99471507863,2469000,1
99.4765,20,99474019863,2496006,0
99.4794,22,99476855869,2496006,0
99.4819,12,99479378875,2496006,0
99.4844,22,99481901881,2469000,1
99.4844,12,99481901881,2469000,1
99.4868,6,99484377881,2469000,1
99.4868,5,99484377881,2469000,1
99.4893,8,99486844881,2496006,0
99.4919,18,99489385887,2496006,0
99.4944,12,99491926893,2496006,0
99.4969,20,99494467899,2469000,1
99.4969,5,99494467899,2469000,1
99.4969,12,99494467899,2469000,1
99.4994,21,99496934899,2496006,0
99.502,21,99499457905,2496006,0
99.5045,10,99501989911,2496006,0
99.5073,21,99504834917,2496006,0
99.5098,22,99507357923,2469000,1
99.5098,8,99507357923,2469000,1
99.5098,12,99507357923,2469000,1
99.5098,21,99507357923,2469000,1
99.5123,17,99509824923,2496006,0
99.5148,10,99512347929,2469000,1
99.5148,20,99512347929,2469000,1
99.5148,22,99512347929,2469000,1
99.5173,18,99514814929,2469000,1
99.5198,18,99517283929,2496006,0
99.5223,21,99519815935,2496006,0
99.5249,5,99522365941,2496006,0
99.5274,17,99524906947,2469000,1
99.5274,10,99524906947,2469000,1
99.5299,18,99527391947,2496006,0
99.5324,21,99529914953,2496006,0
99.5349,1,99532437959,2496006,0
99.5375,17,99534960965,2496006,0
99.54,6,99537483971,2469000,1
99.54,5,99537483971,2469000,1
99.5425,17,99539968971,2496006,0
99.545,20,99542500977,2496006,0
99.5475,8,99545023983,2469000,1
99.5475,12,99545023983,2469000,1
99.55,20,99547490983,2496006,0
99.5525,1,99550013989,2496006,0
99.5551,18,99552563995,2496006,0
99.5576,21,99555087001,2496006,0
99.5601,1,99557610007,2496006,0
99.5626,17,99560133013,2496006,0
99.5652,8,99562674019,2496006,0
99.5677,22,99565197025,2496006,0
99.5702,20,99567720031,2496006,0
99.5727,20,99570243037,2496006,0
99.5752,17,99572766043,2469000,1
99.5752,8,99572766043,2469000,1
99.5777,1,99575233043,2496006,0
99.5805,18,99578078049,2469000,1
99.5831,10,99580554049,2496006,0
99.5856,21,99583086055,2496006,0
99.5881,5,99585618061,2469000,1
99.5881,18,99585618061,2469000,1
99.5906,20,99588085061,2496006,0
99.5931,22,99590608067,2469000,1
99.5931,21,99590608067,2469000,1
99.5956,3,99593093067,2469000,1
99.5956,20,99593093067,2469000,1
99.598,9,99595578067,2469000,1
99.598,1,99595578067,2469000,1
99.598,21,99595578067,2469000,1
99.6005,17,99598063067,2469000,1
99.6005,8,99598063067,2469000,1
99.6005,21,99598063067,2469000,1
99.603,10,99600530067,2496006,0
99.6056,1,99603071073,2496006,0
99.6081,1,99605594079,2496006,0
99.611,18,99608457085,2496006,0
99.6135,1,99610998091,2469000,1
99.6135,20,99610998091,2469000,1
99.6159,8,99613474091,2469000,1
99.6159,1,99613474091,2469000,1
99.6184,18,99615941091,2496006,0
99.621,10,99618464097,2496006,0
99.6235,22,99620996103,2469000,1
99.6235,18,99620996103,2469000,1
99.626,2,99623481103,2469000,1
99.626,18,99623481103,2469000,1
99.631,10,99628525109,2496006,0
99.6336,10,99631066115,2496006,0
99.6361,17,99633589121,2496006,0
99.6386,17,99636157127,2469000,1
99.6386,22,99636157127,2469000,1
99.6411,5,99638624127,2496006,0
99.6437,22,99641174133,2496006,0
99.6462,5,99643697139,2496006,0
99.6487,10,99646238145,2496006,0
99.6513,22,99648815151,2496006,0
99.6538,10,99651347157,2496006,0
99.6564,10,99653870163,2496006,0
99.6589,5,99656411169,2496006,0
99.6614,22,99658943175,2496006,0
99.6665,17,99663998187,2496006,0
99.669,5,99666539193,2469000,1
99.669,10,99666539193,2469000,1
99.6715,18,99669006193,2496006,0
99.674,22,99671538199,2469000,1
99.674,1,99671538199,2469000,1
99.6765,17,99674014199,2469000,1
99.6765,12,99674014199,2469000,1
99.6765,18,99674014199,2469000,1
99.679,20,99676490199,2469000,1
99.679,5,99676490199,2469000,1
99.6815,5,99678966199,2496006,0
99.6843,18,99681838205,2496006,0
99.6868,5,99684361211,2469000,1
99.6868,18,99684361211,2469000,1
99.6893,22,99686828211,2496006,0
99.6919,22,99689360217,2496006,0
99.6944,1,99691901223,2496006,0
99.6969,21,99694424229,2496006,0
99.702,22,99699542241,2469000,1
99.702,10,99699542241,2469000,1
99.7045,5,99702009241,2496006,0
99.707,17,99704541247,2469000,1
99.707,1,99704541247,2469000,1
99.7095,8,99707008247,2496006,0
99.7123,21,99709844253,2496006,0
99.7148,5,99712367259,2469000,1
99.7148,4,99712367259,2469000,1
99.7148,9,99712367259,2469000,1
99.7173,8,99714834259,2496006,0
99.7199,18,99717375265,2496006,0
99.7224,12,99719898271,2496006,0
99.7249,18,99722421277,2496006,0
99.7274,1,99724944283,2469000,1
99.7274,21,99724944283,2469000,1
99.7299,12,99727411283,2496006,0
99.7324,8,99729943289,2496006,0
99.735,8,99732466295,2496006,0
99.74,23,99737521307,2469000,1
99.74,22,99737521307,2469000,1
99.74,8,99737521307,2469000,1
99.7425,7,99740006307,2496006,0
99.745,1,99742529313,2496006,0
99.7475,8,99745052319,2496006,0
99.7501,12,99747584325,2469000,1
99.7501,1,99747584325,2469000,1
99.7525,18,99750051325,2496006,0
99.7551,16,99752583331,2469000,1
99.7551,5,99752583331,2469000,1
99.7551,18,99752583331,2469000,1
99.7576,18,99755059331,2496006,0
99.7601,7,99757582337,2496006,0
99.7626,8,99760114343,2496006,0
99.7651,8,99762646349,2496006,0
99.7676,11,99765169355,2469000,1
99.7676,8,99765169355,2469000,1
99.7701,21,99767645355,2496006,0
99.7727,12,99770177361,2496006,0
99.7752,15,99772700367,2469000,1
99.7752,17,99772700367,2469000,1
99.7777,18,99775185367,2496006,0
99.7802,21,99777717373,2469000,1
99.7802,7,99777717373,2469000,1
99.7855,1,99783029379,2496006,0
99.7881,5,99785561385,2496006,0
99.7906,1,99788102391,2469000,1
99.7906,8,99788102391,2469000,1
99.7906,12,99788102391,2469000,1
99.793,10,99790578391,2469000,1
99.793,1,99790578391,2469000,1
99.7955,22,99793054391,2469000,1
99.7955,21,99793054391,2469000,1
99.798,18,99795521391,2496006,0
99.8005,5,99798044397,2496006,0
99.8031,18,99800576403,2496006,0
99.8056,5,99803099409,2496006,0
99.8082,20,99805667415,2496006,0
99.8107,8,99808226421,2496006,0
99.8132,5,99810767427,2469000,1
99.8132,7,99810767427,2469000,1
99.8132,18,99810767427,2469000,1
99.816,20,99813547433,2469000,1
99.816,12,99813547433,2469000,1
99.8185,1,99816023433,2496006,0
99.8236,1,99821087445,2496006,0
99.8261,8,99823619451,2469000,1
99.8261,5,99823619451,2469000,1
99.8286,21,99826095451,2496006,0
99.8312,5,99828672457,2496006,0
99.8337,1,99831195463,2496006,0
99.8362,1,99833736469,2496006,0
99.8387,5,99836268475,2469000,1
99.8387,6,99836268475,2469000,1
99.8387,18,99836268475,2469000,1
99.8412,1,99838735475,2496006,0
99.8437,21,99841258481,2469000,1
99.8437,17,99841258481,2469000,1
99.8437,8,99841258481,2469000,1
99.8462,7,99843734481,2496006,0
99.8487,1,99846266487,2469000,1
99.8487,20,99846266487,2469000,1
99.8487,8,99846266487,2469000,1
99.8538,7,99851301493,2496006,0
99.8563,18,99853851499,2496006,0
99.8589,21,99856392505,2496006,0
99.8614,10,99858933511,2496006,0
99.864,7,99861456517,2496006,0
99.8665,20,99864006523,2496006,0
99.869,7,99866529529,2469000,1
99.869,21,99866529529,2469000,1
99.869,20,99866529529,2469000,1
99.8715,5,99869014529,2496006,0
99.874,10,99871537535,2469000,1
99.874,18,99871537535,2469000,1
99.8765,10,99874006535,2496006,0
99.8815,12,99879052547,2469000,1
99.8815,1,99879052547,2469000,1
99.884,12,99881521547,2496006,0
99.8866,10,99884062553,2496006,0
99.8894,21,99886907559,2496006,0
99.8919,12,99889439565,2496006,0
99.8945,20,99891971571,2496006,0
99.897,10,99894494577,2496006,0
99.8995,5,99897017583,2469000,1
99.8995,10,99897017583,2469000,1
99.902,20,99899511583,2469000,1
99.902,6,99899511583,2469000,1
99.9045,12,99901987583,2469000,1
99.9045,21,99901987583,2469000,1
99.907,8,99904463583,2496006,0
99.9095,18,99906986589,2469000,1
99.9095,5,99906986589,2469000,1
99.9119,22,99909453589,2496006,0
99.9173,7,99914821601,2496006,0
99.9199,22,99917362607,2496006,0
99.9224,7,99919894613,2496006,0
99.9249,8,99922426619,2496006,0
99.9275,7,99924976625,2496006,0
99.93,20,99927499631,2496006,0
99.9325,22,99930040637,2469000,1
99.9325,18,99930040637,2469000,1
99.935,12,99932516637,2496006,0
99.9375,10,99935039643,2496006,0
99.94,8,99937571649,2469000,1
99.94,1,99937571649,2469000,1
99.94,21,99937571649,2469000,1
99.9426,20,99940056649,2496006,0
99.9451,7,99942579655,2496006,0
99.9476,10,99945111661,2469000,1
99.9501,20,99947596661,2496006,0
99.9526,12,99950119667,2496006,0
99.9551,8,99952651673,2496006,0
99.9577,7,99955210679,2496006,0
99.9602,21,99957733685,2496006,0
99.9628,12,99960256691,2496006,0
99.9653,20,99962806697,2496006,0
99.9678,10,99965329703,2496006,0
99.9704,22,99967870709,2496006,0
99.9729,8,99970393715,2496006,0
99.9754,21,99972916721,2469000,1
99.9754,2,99972916721,2469000,1
99.9754,5,99972916721,2469000,1
99.9779,7,99975383721,2469000,1
99.9779,21,99975385721,2469000,1
99.9804,20,99977861721,2496006,0
99.9829,22,99980384727,2469000,1
99.9829,12,99980384727,2469000,1
99.9853,8,99982851727,2496006,0
99.9879,10,99985392733,2469000,1
99.9879,22,99985392733,2469000,1
99.9907,12,99988181739,2496006,0
99.9932,8,99990713745,2469000,1
99.9932,20,99990713745,2469000,1
99.9957,5,99993189745,2469000,1
99.9957,7,99993189745,2469000,1
99.9957,8,99993189745,2469000,1
99.9981,1,99995665745,2469000,1
99.9981,7,99995665745,2469000,1
100.001,10,99998150745,2469000,1
100.001,20,99998150745,2469000,1
100.003,12,100000617745,2496006,0
100.006,22,100003176751,2496006,0
100.008,12,100005717757,2496006,0
100.011,22,100008240763,2496006,0
100.013,12,100010763769,2496006,0
100.018,22,100015818781,2496006,0
100.021,12,100018672787,2469000,1
100.021,8,100018672787,2469000,1
100.024,20,100021166787,2496006,0
100.026,22,100023707793,2496006,0
100.029,8,100026230799,2469000,1
100.029,20,100026230799,2469000,1
100.031,20,100028724799,2496006,0
100.034,17,100031274805,2496006,0
100.036,20,100033806811,2496006,0
100.039,20,100036356817,2496006,0
100.041,22,100038879823,2469000,1
100.044,10,100041355823,2496006,0
100.046,13,100043878829,2469000,1
100.046,12,100043878829,2469000,1
100.049,20,100046354829,2496006,0
100.051,21,100048877835,2496006,0
100.054,10,100051400841,2469000,1
100.054,22,100051400841,2469000,1
100.054,20,100051400841,2469000,1
100.056,17,100053867841,2469000,1
100.056,12,100053867841,2469000,1
100.059,21,100056352841,2469000,1
100.059,11,100056352841,2469000,1
100.059,10,100056352841,2469000,1
100.061,7,100058828841,2496006,0
100.064,20,100061396847,2469000,1
100.064,17,100061396847,2469000,1
100.066,19,100063872847,2496006,0
100.071,7,100068918859,2496006,0
100.074,19,100071477865,2496006,0
100.077,18,100074045871,2496006,0
100.079,22,100076577877,2469000,1
100.079,21,100076577877,2469000,1
100.082,17,100079044877,2496006,0
100.084,7,100081576883,2496006,0
100.087,7,100084108889,2496006,0
100.089,18,100086631895,2496006,0
100.092,19,100089163901,2496006,0
100.094,18,100092008907,2469000,1
100.097,12,100094475907,2496006,0
100.099,17,100096998913,2496006,0
100.102,7,100099548919,2469000,1
100.102,17,100099548919,2469000,1
100.105,10,100102024919,2496006,0
100.107,12,100104547925,2496006,0
100.11,7,100107070931,2469000,1
100.11,10,100107070931,2469000,1
100.112,19,100109546931,2496006,0
100.115,20,100112087937,2496006,0
100.117,12,100114637943,2469000,1
100.117,20,100114637943,2469000,1
100.122,18,100119958949,2496006,0
100.125,5,100122499955,2469000,1
100.125,21,100122499955,2469000,1
100.125,17,100122499955,2469000,1
100.127,19,100124966955,2496006,0
100.13,18,100127507961,2496006,0
100.133,22,100130039967,2496006,0
100.135,10,100132571973,2496006,0
100.138,22,100135103979,2496006,0
100.14,20,100137635985,2496006,0
100.143,20,100140167991,2496006,0
100.145,19,100142690997,2496006,0
100.148,22,100145214003,2496006,0
100.153,18,100150278015,2469000,1
100.153,22,100150278015,2469000,1
100.155,12,100152763015,2496006,0
100.158,20,100155286021,2469000,1
100.158,7,100155286021,2469000,1
100.158,10,100155286021,2469000,1
100.16,19,100157798021,2496006,0
100.163,22,100160321027,2496006,0
100.165,18,100162853033,2496006,0
100.168,19,100165376039,2496006,0
100.17,20,100167908045,2496006,0
100.173,12,100170440051,2496006,0
100.175,22,100172981057,2496006,0
100.178,19,100175513063,2469000,1
100.178,18,100175513063,2469000,1
100.178,17,100175513063,2469000,1
100.18,21,100177980063,2496006,0
100.183,22,100180512069,2469000,1
100.183,10,100180512069,2469000,1
100.185,12,100182979069,2496006,0
100.188,19,100185511075,2496006,0
100.191,20,100188034081,2496006,0
100.193,19,100190566087,2496006,0
100.196,19,100193402093,2496006,0
100.198,21,100195952099,2496006,0
100.201,12,100198475105,2496006,0
100.203,22,100200998111,2496006,0
100.206,20,100203530117,2496006,0
100.209,19,100206053123,2496006,0
100.214,12,100211135135,2496006,0
100.216,22,100213658141,2469000,1
100.216,18,100213658141,2469000,1
100.219,10,100216125141,2469000,1
100.219,21,100216125141,2469000,1
100.221,20,100218610141,2496006,0
100.224,19,100221446147,2496006,0
100.226,19,100223996153,2496006,0
100.229,20,100226537159,2496006,0
100.232,12,100229069165,2469000,1
100.232,21,100229069165,2469000,1
100.234,19,100231563165,2496006,0
100.237,20,100234086171,2496006,0
100.239,12,100236636177,2496006,0
100.244,12,100241727189,2469000,1
100.244,20,100241727189,2469000,1
100.247,1,100244194189,2469000,1
100.247,22,100244194189,2469000,1
100.249,19,100246661189,2496006,0
100.252,12,100249256195,2496006,0
100.254,17,100251779201,2469000,1
100.254,20,100251779201,2469000,1
100.257,19,100254273201,2469000,1
100.257,17,100254273201,2469000,1
100.259,19,100256767201,2469000,1
100.262,12,100259252201,2496006,0
100.264,7,100261775207,2496006,0
100.267,7,100264352213,2496006,0
100.269,7,100266875219,2496006,0
100.272,18,100269398225,2469000,1
100.272,22,100269398225,2469000,1
100.274,19,100271865225,2496006,0
100.277,12,100274406231,2496006,0
100.282,21,100279461243,2469000,1
100.282,7,100279461243,2469000,1
100.284,19,100281955243,2496006,0
100.287,12,100284478249,2496006,0
100.29,19,100287010255,2496006,0
100.292,8,100289560261,2496006,0
100.297,8,100294991273,2469000,1
100.297,12,100294991273,2469000,1
100.3,19,100297458273,2496006,0
100.302,21,100299981279,2496006,0
100.305,7,100302522285,2496006,0
100.308,20,100305045291,2496006,0
100.31,8,100307568297,2496006,0
100.313,7,100310091303,2469000,1
100.313,20,100310091303,2469000,1
100.315,12,100312558303,2496006,0
100.32,21,100317622315,2496006,0
100.323,19,100320154321,2496006,0
100.325,20,100322722327,2496006,0
100.328,12,100325558333,2496006,0
100.331,8,100328081339,2496006,0
100.333,20,100330613345,2469000,1
100.333,8,100330613345,2469000,1
100.336,21,100333089345,2496006,0
100.338,12,100335612351,2469000,1
100.338,19,100335612351,2469000,1
100.341,16,100338088351,2496006,0
100.343,21,100340611357,2496006,0
100.346,10,100343143363,2469000,1
100.346,7,100343143363,2469000,1
100.346,16,100343143363,2469000,1
100.348,8,100345610363,2496006,0
100.351,20,100348196369,2496006,0
100.353,8,100350728375,2496006,0
100.356,21,100353269381,2496006,0
100.358,20,100355819387,2469000,1
100.358,19,100355819387,2469000,1
100.361,21,100358286387,2469000,1
100.361,16,100358286387,2469000,1
100.363,12,100360753387,2496006,0
100.366,6,100363276393,2496006,0
100.368,8,100365808399,2496006,0
100.371,20,100368331405,2469000,1
100.373,21,100370807405,2496006,0
100.376,8,100373330411,2496006,0
100.378,6,100375862417,2469000,1
100.378,20,100375862417,2469000,1
100.381,12,100378338417,2496006,0
100.383,12,100380897423,2469000,1
100.383,18,100380897423,2469000,1
100.383,8,100380897423,2469000,1
100.386,21,100383364423,2496006,0
100.388,17,100385932429,2496006,0
100.391,21,100388455435,2496006,0
100.393,17,100390978441,2496006,0
100.399,17,100396060453,2496006,0
100.401,7,100398905459,2496006,0
100.404,6,100401455465,2469000,1
100.404,21,100401455465,2469000,1
100.406,19,100403922465,2496006,0
100.409,17,100406445471,2496006,0
100.411,7,100408977477,2469000,1
100.411,8,100408977477,2469000,1
100.414,12,100411444477,2469000,1
100.414,19,100411444477,2469000,1
100.414,17,100411444477,2469000,1
100.416,16,100413911477,2496006,0
100.419,22,100416452483,2469000,1
100.419,16,100416452483,2469000,1
100.421,19,100418928483,2469000,1
100.424,17,100421467483,2496006,0
100.427,18,100424035489,2496006,0
100.429,21,100426871495,2469000,1
100.429,16,100426871495,2469000,1
100.432,7,100429383495,2469000,1
100.434,17,100431859495,2496006,0
100.437,17,100434427501,2496006,0
100.439,18,100436950507,2496006,0
100.442,18,100439473513,2496006,0
100.447,12,100444537525,2496006,0
100.45,8,100447078531,2469000,1
100.45,16,100447078531,2469000,1
100.452,17,100449554531,2496006,0
100.455,20,100452095537,2496006,0
100.457,6,100454618543,2469000,1
100.457,17,100454618543,2469000,1
100.46,12,100457094543,2496006,0
100.462,18,100459617549,2496006,0
100.465,6,100462149555,2469000,1
100.467,19,100464643555,2496006,0
100.47,20,100467166561,2496006,0
100.472,7,100469734567,2496006,0
100.475,21,100472266573,2469000,1
100.475,12,100472266573,2469000,1
100.477,20,100474733573,2469000,1
100.477,18,100474733573,2469000,1
100.477,12,100474735573,2469000,1
100.48,19,100477238573,2469000,1
100.482,17,100479705573,2469000,1
100.482,18,100479705573,2469000,1
100.485,17,100482174573,2496006,0
100.487,17,100484715579,2496006,0
100.49,7,100487256585,2469000,1
100.49,18,100487256585,2469000,1
100.492,19,100489786585,2469000,1
100.492,7,100489786585,2469000,1
100.495,20,100492253585,2496006,0
100.5,17,100497308597,2496006,0
100.503,20,100500189603,2496006,0
100.505,19,100502712609,2496006,0
100.508,20,100505262615,2469000,1
100.508,21,100505262615,2469000,1
100.513,12,100510279621,2469000,1
100.513,17,100510279621,2469000,1
100.515,7,100512755621,2496006,0
100.518,15,100515296627,2496006,0
100.52,19,100517819633,2496006,0
100.523,7,100520360639,2496006,0
100.525,7,100522901645,2496006,0
100.53,7,100527956657,2496006,0
100.533,19,100530792663,2496006,0
100.536,10,100533333669,2496006,0
100.538,20,100535856675,2469000,1
100.538,15,100535856675,2469000,1
100.538,10,100535856675,2469000,1
100.541,17,100538341675,2469000,1
100.541,7,100538341675,2469000,1
100.543,8,100540808675,2496006,0
100.546,22,100543340681,2496006,0
100.548,19,100545881687,2496006,0
100.551,21,100548404693,2469000,1
100.551,17,100548404693,2469000,1
100.553,10,100550871693,2469000,1
100.556,12,100553347693,2496006,0
100.558,19,100555870699,2469000,1
100.558,12,100555870699,2469000,1
100.561,8,100558346699,2496006,0
100.563,22,100560869705,2469000,1
100.563,15,100560869705,2469000,1
100.566,10,100563354705,2496006,0
100.568,10,100565886711,2496006,0
100.571,8,100568418717,2496006,0
100.573,10,100570977723,2496006,0
100.576,7,100573518729,2469000,1
100.576,10,100573518729,2469000,1
100.578,12,100575985729,2469000,1
100.581,16,100578452729,2496006,0
100.583,15,100580975735,2496006,0
100.586,12,100583498741,2496006,0
100.589,8,100586039747,2496006,0
100.591,15,100588571753,2469000,1
100.591,11,100588571753,2469000,1
100.591,10,100588571753,2469000,1
100.594,16,100591038753,2496006,0
100.596,8,100593579759,2469000,1
100.596,23,100593579759,2469000,1
100.596,19,100593579759,2469000,1
100.596,22,100593579759,2469000,1
100.599,16,100596055759,2496006,0
100.601,12,100598605765,2496006,0
100.604,16,100601137771,2469000,1
100.604,4,100601137771,2469000,1
100.606,14,100603926777,2469000,1
100.609,12,100606393777,2469000,1
100.609,1,100606393777,2469000,1
100.609,20,100606393777,2469000,1
100.609,7,100606393777,2469000,1
100.609,8,100606393777,2469000,1
100.611,11,100608860777,2496006,0
100.614,5,100611392783,2496006,0
100.619,18,100616456795,2496006,0
100.621,22,100618979801,2496006,0
100.624,11,100621502807,2496006,0
100.626,5,100624025813,2469000,1
100.626,15,100624025813,2469000,1
100.629,17,100626492813,2496006,0
100.632,11,100629024819,2496006,0
100.634,12,100631878825,2496006,0
100.637,12,100634410831,2496006,0
100.639,12,100636942837,2496006,0
100.642,22,100639465843,2496006,0
100.644,17,100641988849,2496006,0
100.647,18,100644511855,2469000,1
100.647,22,100644511855,2469000,1
100.649,3,100647005855,2469000,1
100.649,16,100647005855,2469000,1
100.652,11,100649472855,2496006,0
100.657,5,100654518867,2469000,1
100.657,11,100654518867,2469000,1
100.659,12,100656994867,2496006,0
100.662,17,100659517873,2496006,0
100.665,18,100662040879,2496006,0
100.667,22,100664581885,2469000,1
100.667,11,100664581885,2469000,1
100.67,8,100667057885,2496006,0
100.672,17,100669607891,2496006,0
100.675,10,100672130897,2496006,0
100.677,12,100674653903,2496006,0
100.68,8,100677176909,2469000,1
100.68,15,100677176909,2469000,1
100.682,19,100679643909,2496006,0
100.685,10,100682166915,2496006,0
100.687,18,100684698921,2469000,1
100.687,19,100684698921,2469000,1
100.69,17,100687201921,2496006,0
100.692,7,100689733927,2496006,0
100.695,8,100692256933,2496006,0
100.7,12,100697302945,2496006,0
100.702,8,100699825951,2496006,0
100.705,7,100702348957,2469000,1
100.705,17,100702348957,2469000,1
100.708,10,100705137963,2469000,1
100.708,19,100705137963,2469000,1
100.708,17,100705137963,2469000,1
100.71,12,100707622963,2496006,0
100.713,18,100710145969,2496006,0
100.715,12,100712668975,2496006,0
100.718,10,100715191981,2496006,0
100.72,9,100717714987,2469000,1
100.72,12,100717714987,2469000,1
100.723,22,100720190987,2496006,0
100.725,5,100722731993,2469000,1
100.725,8,100722731993,2469000,1
100.725,12,100722731993,2469000,1
100.728,18,100725198993,2496006,0
100.73,18,100727766999,2469000,1
100.73,8,100727766999,2469000,1
100.733,16,100730242999,2469000,1
100.733,10,100730242999,2469000,1
100.735,7,100732709999,2496006,0
100.738,11,100735564005,2469000,1
100.738,22,100735564005,2469000,1
100.738,8,100735564005,2469000,1
100.743,2,100740572011,2496006,0
100.746,17,100743095017,2496006,0
100.748,7,100745618023,2469000,1
100.748,17,100745618023,2469000,1
100.751,6,100748085023,2469000,1
100.751,18,100748085023,2469000,1
100.751,22,100748085023,2469000,1
100.751,7,100748087023,2469000,1
100.753,10,100750617023,2496006,0
100.756,20,100753149029,2469000,1
100.756,10,100753149029,2469000,1
100.758,19,100755616029,2496006,0
100.761,2,100758139035,2496006,0
100.763,12,100760662041,2469000,1
100.763,22,100760662041,2469000,1
100.766,19,100763138041,2496006,0
100.768,17,100765661047,2469000,1
100.768,12,100765661047,2469000,1
100.771,10,100768137047,2496006,0
100.773,7,100770669053,2496006,0
100.776,2,100773237059,2496006,0
100.778,7,100775760065,2469000,1
100.778,10,100775760065,2469000,1
100.781,19,100778227065,2496006,0
100.786,19,100783291077,2496006,0
100.788,19,100785841083,2496006,0
100.791,2,100788373089,2469000,1
100.791,7,100788373089,2469000,1
100.793,11,100790840089,2469000,1
100.793,10,100790840089,2469000,1
100.796,7,100793307089,2496006,0
100.798,19,100795875095,2496006,0
100.801,15,100798398101,2496006,0
100.803,17,100800921107,2469000,1
100.803,19,100800921107,2469000,1
100.806,7,100803388107,2496006,0
100.808,19,100805920113,2496006,0
100.811,19,100808756119,2496006,0
100.814,8,100811279125,2469000,1
100.814,18,100811279125,2469000,1
100.816,19,100813773125,2496006,0
100.819,15,100816296131,2496006,0
100.821,2,100818819137,2496006,0
100.824,19,100821360143,2469000,1
100.826,7,100823827143,2496006,0
100.829,5,100826377149,2496006,0
100.831,2,100828900155,2496006,0
100.834,15,100831432161,2469000,1
100.834,19,100831432161,2469000,1
100.836,7,100833899161,2469000,1
100.836,5,100833899161,2469000,1
100.839,10,100836715167,2496006,0
100.842,23,100839238173,2469000,1
100.842,2,100839238173,2469000,1
100.842,7,100839238173,2469000,1
100.844,16,100841723173,2496006,0
100.847,5,100844264179,2469000,1
100.847,7,100844264179,2469000,1
100.849,10,100846749179,2496006,0
100.852,10,100849317185,2496006,0
100.854,23,100851840191,2469000,1
100.854,16,100851840191,2469000,1
100.857,19,100854307191,2496006,0
100.859,2,100856830197,2496006,0
100.862,10,100859353203,2496006,0
100.864,21,100861894209,2469000,1
100.864,2,100861894209,2469000,1
100.864,10,100861894209,2469000,1
100.867,19,100864361209,2496006,0
100.869,22,100866884215,2469000,1
100.869,15,100866884215,2469000,1
100.872,23,100869351215,2496006,0
100.874,23,100871973221,2496006,0
100.877,19,100874496227,2496006,0
100.88,16,100877028233,2496006,0
100.885,19,100882074245,2496006,0
100.887,17,100884606251,2496006,0
100.89,23,100887147257,2496006,0
100.892,19,100889670263,2496006,0
100.895,12,100892193269,2469000,1
100.895,15,100892193269,2469000,1
100.897,16,100894660269,2469000,1
100.897,5,100894660269,2469000,1
100.9,23,100897136269,2469000,1
100.9,10,100897136269,2469000,1
100.902,19,100899612269,2469000,1
100.902,2,100899612269,2469000,1
100.905,17,100902115269,2496006,0
100.907,19,100904647275,2496006,0
100.91,11,100907179281,2496006,0
100.915,10,100912547293,2496006,0
100.918,10,100915088299,2496006,0
100.92,18,100917629305,2496006,0
100.923,17,100920161311,2496006,0
100.925,22,100922693317,2469000,1
100.925,23,100922693317,2469000,1
100.925,19,100922693317,2469000,1
100.928,17,100925178317,2469000,1
100.928,11,100925178317,2469000,1
100.928,19,100925178317,2469000,1
100.93,16,100927645317,2469000,1
100.93,23,100927645317,2469000,1
100.933,16,100930114317,2496006,0
100.935,10,100932646323,2496006,0
100.938,18,100935187329,2496006,0
100.941,2,100938023335,2496006,0
100.943,16,100940555341,2496006,0
100.948,10,100945601353,2496006,0
100.951,21,100948124359,2496006,0
100.953,18,100950656365,2496006,0
100.956,10,100953179371,2496006,0
100.958,7,100955702377,2469000,1
100.958,21,100955702377,2469000,1
100.961,2,100958169377,2496006,0
100.963,2,100960692383,2496006,0
100.966,16,100963215389,2496006,0
100.968,17,100965756395,2496006,0
100.971,18,100968306401,2496006,0
100.973,2,100970847407,2469000,1
100.973,15,100970847407,2469000,1
100.976,11,100973314407,2469000,1
100.976,18,100973314407,2469000,1
100.978,16,100975781407,2469000,1
100.978,10,100975781407,2469000,1
100.981,2,100978248407,2496006,0
100.983,17,100980780413,2496006,0
100.986,17,100983312419,2496006,0
100.988,8,100985835425,2469000,1
100.988,11,100985835425,2469000,1
100.988,18,100985835425,2469000,1
100.988,10,100985835425,2469000,1
100.991,17,100988311425,2496006,0
100.993,2,100990834431,2496006,0
100.996,19,100993384437,2496006,0
100.998,21,100995934443,2496006,0
101.001,2,100998457449,2496006,0
101.003,19,101000980455,2496006,0
101.006,17,101003530461,2496006,0
101.009,19,101006053467,2496006,0
101.011,17,101008576473,2496006,0
101.014,17,101011412479,2496006,0
101.016,18,101013953485,2496006,0
101.019,19,101016476491,2496006,0
101.021,11,101018999497,2469000,1
101.021,21,101018999497,2469000,1
101.024,16,101021466497,2469000,1
101.024,19,101021466497,2469000,1
101.026,23,101023933497,2469000,1
101.026,2,101023933497,2469000,1
101.026,18,101023933497,2469000,1
101.029,2,101026418497,2496006,0
101.031,17,101028950503,2496006,0
101.036,2,101034014515,2469000,1
101.036,20,101034014515,2469000,1
101.036,5,101034014515,2469000,1
101.036,10,101034014515,2469000,1
101.039,17,101036490515,2496006,0
101.042,19,101039013521,2496006,0
101.044,2,101041867527,2496006,0
101.047,13,101044390533,2496006,0
101.049,16,101046913539,2496006,0
101.052,17,101049463545,2496006,0
101.054,2,101051986551,2469000,1
101.054,19,101051986551,2469000,1
101.057,16,101054462551,2469000,1
101.057,21,101054462551,2469000,1
101.059,10,101056929551,2496006,0
101.062,17,101059470557,2496006,0
101.065,18,101062011563,2496006,0
101.067,13,101064534569,2496006,0
101.07,10,101067066575,2469000,1
101.07,16,101067066575,2469000,1
101.07,18,101067066575,2469000,1
101.072,18,101069560575,2496006,0
101.075,17,101072092581,2469000,1
101.077,17,101074568581,2496006,0
101.08,13,101077118587,2496006,0
101.082,10,101079641593,2496006,0
101.085,17,101082173599,2469000,1
101.085,19,101082173599,2469000,1
101.085,18,101082173599,2469000,1
101.087,10,101084667599,2469000,1
101.087,2,101084667599,2469000,1
101.087,18,101084667599,2469000,1
101.09,23,101087134599,2469000,1
101.09,10,101087136599,2469000,1
101.092,16,101089639599,2496006,0
101.095,13,101092171605,2469000,1
101.095,19,101092171605,2469000,1
101.095,10,101092171605,2469000,1
101.097,3,101094647605,2469000,1
101.097,21,101094647605,2469000,1
101.1,16,101097114605,2496006,0
101.105,3,101102223617,2496006,0
101.107,13,101104773623,2496006,0
101.11,16,101107296629,2469000,1
101.11,22,101107296629,2469000,1
101.112,17,101109763629,2496006,0
101.115,13,101112322635,2496006,0
101.118,3,101115158641,2496006,0
101.12,13,101117708647,2469000,1
101.12,3,101117708647,2469000,1
101.123,17,101120184647,2469000,1
101.123,2,101120184647,2469000,1
101.125,13,101122651647,2496006,0
101.13,17,101127742659,2496006,0
101.133,17,101130265665,2496006,0
101.135,16,101132815671,2469000,1
101.135,17,101132815671,2469000,1
101.138,13,101135300671,2496006,0
101.14,18,101137850677,2469000,1
101.14,19,101137850677,2469000,1
101.143,19,101140362677,2469000,1
101.146,2,101143142683,2496006,0
101.148,3,101145674689,2496006,0
101.151,2,101148197695,2496006,0
101.153,11,101150720701,2496006,0
101.156,13,101153243707,2496006,0
101.158,3,101155784713,2496006,0
101.161,2,101158316719,2496006,0
101.163,17,101160839725,2496006,0
101.166,15,101163362731,2469000,1
101.166,17,101163362731,2469000,1
101.168,11,101165829731,2496006,0
101.171,3,101168352737,2496006,0
101.173,13,101170875743,2469000,1
101.176,2,101173369743,2496006,0
101.178,16,101175892749,2496006,0
101.181,5,101178415755,2469000,1
101.181,2,101178415755,2469000,1
101.183,6,101180882755,2496006,0
101.186,3,101183405761,2496006,0
101.188,18,101185955767,2469000,1
101.188,13,101185955767,2469000,1
101.191,11,101188431767,2496006,0
101.193,6,101190963773,2496006,0
101.196,10,101193495779,2496006,0
101.198,16,101196018785,2469000,1
101.198,6,101196018785,2469000,1
101.201,11,101198485785,2496006,0
101.204,8,101201008791,2496006,0
101.206,10,101203540797,2469000,1
101.206,17,101203540797,2469000,1
101.206,2,101203540797,2469000,1
101.206,3,101203540797,2469000,1
101.209,11,101206007797,2496006,0
101.214,10,101211053809,2496006,0
101.216,20,101213576815,2496006,0
101.219,11,101216421821,2496006,0
101.221,16,101218953827,2469000,1
101.221,6,101218953827,2469000,1
101.224,8,101221420827,2496006,0
101.226,6,101223979833,2496006,0
101.229,20,101226502839,2496006,0
101.232,20,101229025845,2496006,0
101.234,10,101231548851,2469000,1
101.234,20,101231548851,2469000,1
101.236,3,101234015851,2469000,1
101.236,11,101234015851,2469000,1
101.239,20,101236509851,2496006,0
101.242,8,101239032857,2496006,0
101.244,21,101241555863,2496006,0
101.247,18,101244078869,2469000,1
101.247,21,101244078869,2469000,1
101.249,8,101246858875,2496006,0
101.252,11,101249390881,2469000,1
101.252,8,101249390881,2469000,1
101.254,6,101251857881,2496006,0
101.257,2,101254380887,2496006,0
101.262,2,101259471899,2469000,1
101.262,20,101259471899,2469000,1
101.264,17,101261947899,2496006,0
101.267,13,101264470905,2469000,1
101.267,17,101264470905,2469000,1
101.269,16,101266946905,2496006,0
101.272,6,101269478911,2496006,0
101.274,7,101272010917,2469000,1
101.274,22,101272010917,2469000,1
101.274,21,101272010917,2469000,1
101.277,10,101274477917,2469000,1
101.277,20,101274477917,2469000,1
101.279,17,101276944917,2496006,0
101.282,8,101279476923,2496006,0
101.284,6,101281999929,2469000,1
101.284,10,101281999929,2469000,1
101.284,17,101281999929,2469000,1
101.287,2,101284475929,2496006,0
101.29,17,101287016935,2496006,0
101.292,16,101289539941,2469000,1
101.292,21,101289539941,2469000,1
101.292,2,101289539941,2469000,1
101.295,8,101292006941,2496006,0
101.297,8,101294556947,2496006,0
101.3,17,101297106953,2496006,0
101.305,17,101302170965,2496006,0
101.307,3,101304693971,2469000,1
101.307,17,101304693971,2469000,1
101.31,19,101307160971,2496006,0
101.312,8,101309701977,2469000,1
101.312,6,101309701977,2469000,1
101.315,6,101312213977,2496006,0
101.317,12,101314736983,2469000,1
101.317,8,101314736983,2469000,1
101.317,6,101314736983,2469000,1
101.32,11,101317203983,2469000,1
101.32,16,101317203983,2469000,1
101.322,2,101320001989,2496006,0
101.325,19,101322524995,2496006,0
101.328,2,101325066001,2496006,0
101.33,2,101327607007,2496006,0
101.333,19,101330166013,2496006,0
101.335,20,101332689019,2496006,0
101.34,17,101337753031,2469000,1
101.34,16,101337753031,2469000,1
101.343,20,101340220031,2469000,1
101.343,21,101340220031,2469000,1
101.345,2,101342705031,2469000,1
101.345,6,101342705031,2469000,1
101.348,2,101345181031,2496006,0
101.351,8,101348026037,2496006,0
101.353,19,101350549043,2496006,0
101.356,2,101353090049,2496006,0
101.358,8,101355613055,2496006,0
101.361,2,101358136061,2496006,0
101.363,20,101360659067,2496006,0
101.366,8,101363191073,2496006,0
101.368,19,101365723079,2469000,1
101.368,20,101365723079,2469000,1
101.371,2,101368190079,2469000,1
101.371,19,101368192079,2469000,1
101.373,2,101370659079,2496006,0
101.376,2,101373182085,2496006,0
101.378,13,101375732091,2469000,1
101.378,10,101375732091,2469000,1
101.381,19,101378199091,2496006,0
101.383,6,101380731097,2496006,0
101.386,8,101383254103,2496006,0
101.388,2,101385777109,2496006,0
101.391,19,101388318115,2496006,0
101.393,19,101390841121,2496006,0
101.396,8,101393364127,2496006,0
101.398,6,101395896133,2496006,0
101.401,2,101398419139,2496006,0
101.403,16,101400951145,2469000,1
101.403,6,101400951145,2469000,1
101.406,19,101403427145,2469000,1
101.406,2,101403427145,2469000,1
101.408,19,101405896145,2496006,0
101.411,22,101408419151,2496006,0
101.413,20,101410942157,2496006,0
101.416,11,101413492163,2469000,1
101.416,8,101413492163,2469000,1
101.418,19,101415968163,2496006,0
101.421,10,101418491169,2496006,0
101.424,17,101421327175,2469000,1
101.424,10,101421327175,2469000,1
101.426,20,101423794175,2496006,0
101.429,22,101426326181,2469000,1
101.431,3,101428793181,2496006,0
101.434,19,101431325187,2496006,0
101.436,20,101433848193,2469000,1
101.436,13,101433848193,2469000,1
101.439,3,101436315193,2496006,0
101.441,7,101438865199,2496006,0
101.444,3,101441397205,2496006,0
101.446,20,101443929211,2496006,0
101.449,6,101446461217,2496006,0
101.451,7,101448984223,2496006,0
101.454,20,101451820229,2496006,0
101.457,2,101454343235,2496006,0
101.459,19,101456866241,2469000,1
101.459,20,101456866241,2469000,1
101.462,6,101459360241,2496006,0
101.464,8,101461883247,2469000,1
101.464,10,101461883247,2469000,1
101.467,3,101464350247,2496006,0
101.469,17,101466891253,2469000,1
101.469,20,101466891253,2469000,1
101.472,6,101469367253,2469000,1
101.472,22,101469367253,2469000,1
101.472,7,101469367253,2469000,1
101.474,2,101471861253,2496006,0
101.479,11,101476925265,2469000,1
101.479,3,101476925265,2469000,1
101.482,2,101479401265,2496006,0
101.484,2,101481951271,2496006,0
101.487,6,101484474277,2469000,1
101.487,2,101484474277,2469000,1
101.489,19,101486941277,2496006,0
101.492,7,101489518283,2496006,0
101.495,19,101492086289,2496006,0
101.497,6,101494654295,2496006,0
101.5,10,101497177301,2469000,1
101.5,3,101497177301,2469000,1
101.502,19,101499662301,2469000,1
101.502,7,101499662301,2469000,1
101.505,6,101502129301,2496006,0
101.51,22,101507193313,2496006,0
101.512,8,101509716319,2496006,0
101.515,13,101512239325,2469000,1
101.515,2,101512239325,2469000,1
101.517,8,101514706325,2496006,0
101.52,22,101517256331,2469000,1
101.52,6,101517256331,2469000,1
101.522,6,101519777331,2496006,0
101.525,20,101522318337,2469000,1
101.525,7,101522318337,2469000,1
101.525,8,101522318337,2469000,1
101.528,19,101525107343,2496006,0
101.53,11,101527639349,2469000,1
101.53,3,101527639349,2469000,1
101.533,6,101530106349,2496006,0
101.538,10,101535179361,2496006,0
101.54,10,101537702367,2496006,0
101.543,8,101540225373,2469000,1
101.543,19,101540225373,2469000,1
101.543,10,101540225373,2469000,1
101.545,23,101542692373,2496006,0
101.548,22,101545224379,2496006,0
101.55,6,101547756385,2496006,0
101.553,2,101550288391,2469000,1
101.553,7,101550288391,2469000,1
101.556,22,101553077397,2496006,0
101.558,23,101555627403,2496006,0
101.561,10,101558159409,2496006,0
101.566,19,101563232421,2496006,0
101.568,22,101565755427,2469000,1
101.568,6,101565755427,2469000,1
101.571,10,101568249427,2496006,0
101.573,23,101570772433,2496006,0
101.576,20,101573313439,2496006,0
101.578,10,101575836445,2496006,0
101.581,2,101578377451,2469000,1
101.581,7,101578377451,2469000,1
101.583,4,101580844451,2496006,0
101.586,4,101583367457,2496006,0
101.588,19,101585890463,2496006,0
101.591,20,101588431469,2469000,1
101.591,23,101588431469,2469000,1
101.591,8,101588431469,2469000,1
101.593,4,101590898469,2496006,0
101.596,20,101593421475,2496006,0
101.598,4,101595944481,2496006,0
101.601,10,101598467487,2469000,1
101.603,6,101600988487,2496006,0
101.606,19,101603511493,2496006,0
101.609,20,101606034499,2469000,1
101.609,3,101606034499,2469000,1
101.609,22,101606034499,2469000,1
101.609,4,101606034499,2469000,1
101.611,14,101608501499,2496006,0
101.614,20,101611069505,2496006,0
101.616,19,101613601511,2496006,0
101.619,22,101616124517,2496006,0
101.621,19,101618647523,2496006,0
101.624,6,101621170529,2496006,0
101.626,14,101623693535,2469000,1
101.626,21,101623693535,2469000,1
101.626,23,101623693535,2469000,1
101.629,22,101626473541,2469000,1
101.629,23,101626473541,2469000,1
101.631,10,101628994541,2469000,1
101.631,4,101628994541,2469000,1
101.631,20,101628994541,2469000,1
101.631,22,101628994541,2469000,1
101.634,19,101631488541,2496006,0
101.636,6,101634029547,2469000,1
101.636,14,101634029547,2469000,1
101.639,19,101636496547,2496006,0
101.642,19,101639019553,2496006,0
101.644,6,101641569559,2496006,0
101.647,19,101644155565,2496006,0
101.649,20,101646687571,2496006,0
101.652,6,101649210577,2496006,0
101.657,20,101654265589,2496006,0
101.66,6,101657101595,2496006,0
101.662,10,101659642601,2496006,0
101.665,20,101662165607,2496006,0
101.667,6,101664688613,2496006,0
101.67,8,101667211619,2496006,0
101.672,19,101669743625,2496006,0
101.675,8,101672275631,2469000,1
101.675,19,101672275631,2469000,1
101.677,6,101674751631,2496006,0
101.68,20,101677274637,2496006,0
101.682,6,101679797643,2496006,0
101.685,10,101682338649,2496006,0
101.687,16,101684861655,2469000,1
101.69,22,101687346655,2496006,0
101.692,14,101689869661,2496006,0
101.695,20,101692392667,2496006,0
101.697,8,101694933673,2496006,0
101.7,6,101697456679,2469000,1
101.7,20,101697456679,2469000,1
101.702,4,101699941679,2496006,0
101.705,22,101702464685,2469000,1
101.705,10,101702464685,2469000,1
101.707,5,101704931685,2496006,0
101.71,14,101707463691,2469000,1
101.71,19,101707463691,2469000,1
101.712,8,101709930691,2496006,0
101.715,8,101712453697,2496006,0
101.717,4,101714976703,2469000,1
101.717,8,101714976703,2469000,1
101.72,18,101717470703,2496006,0
101.722,9,101719993709,2469000,1
101.722,5,101719993709,2469000,1
101.722,18,101719993709,2469000,1
101.725,6,101722478709,2469000,1
101.727,5,101724954709,2496006,0
101.73,18,101727477715,2496006,0
101.733,9,101730313721,2496006,0
101.735,15,101732836727,2469000,1
101.735,14,101732836727,2469000,1
101.738,18,101735303727,2496006,0
101.74,17,101737835733,2469000,1
101.74,20,101737835733,2469000,1
101.743,8,101740311733,2496006,0
101.745,10,101742861739,2469000,1
101.745,9,101742861739,2469000,1
101.748,21,101745328739,2469000,1
101.748,22,101745328739,2469000,1
101.75,4,101747804739,2469000,1
101.75,5,101747804739,2469000,1
101.753,23,101750271739,2496006,0
101.755,18,101752803745,2469000,1
101.755,23,101752803745,2469000,1
101.758,10,101755306745,2469000,1
101.758,18,101755306745,2469000,1
101.761,19,101758086751,2469000,1
101.761,8,101758086751,2469000,1
101.763,6,101760553751,2496006,0
101.768,9,101765626763,2496006,0
101.771,6,101768149769,2496006,0
101.773,18,101770672775,2496006,0
101.776,9,101773213781,2496006,0
101.778,8,101775754787,2496006,0
101.781,18,101778277793,2496006,0
101.783,20,101780818799,2496006,0
101.786,14,101783341805,2496006,0
101.788,6,101785882811,2469000,1
101.788,20,101785882811,2469000,1
101.791,5,101788349811,2496006,0
101.793,18,101790872817,2496006,0
101.796,23,101793395823,2496006,0
101.798,8,101795918829,2469000,1
101.798,6,101795918829,2469000,1
101.798,18,101795918829,2469000,1
101.801,9,101798385829,2469000,1
101.801,6,101798387829,2469000,1
101.803,10,101800890829,2496006,0
101.806,14,101803413835,2469000,1
101.806,18,101803413835,2469000,1
101.808,10,101805880835,2496006,0
101.811,23,101808403841,2469000,1
101.813,5,101810870841,2496006,0
101.816,14,101813420847,2496006,0
101.818,8,101815952853,2496006,0
101.821,5,101818475859,2469000,1
101.821,10,101818475859,2469000,1
101.821,8,101818475859,2469000,1
101.823,10,101820960859,2496006,0
101.826,8,101823510865,2496006,0
101.829,14,101826033871,2469000,1
101.829,20,101826033871,2469000,1
101.831,22,101828500871,2496006,0
101.834,23,101831345877,2496006,0
101.836,4,101833868883,2496006,0
101.839,6,101836391889,2469000,1
101.839,22,101836391889,2469000,1
101.841,9,101838867889,2469000,1
101.841,4,101838867889,2469000,1
101.844,8,101841334889,2496006,0
101.846,10,101843857895,2496006,0
101.849,10,101846380901,2496006,0
101.851,19,101848903907,2496006,0
101.854,10,101851426913,2496006,0
101.856,8,101853949919,2496006,0
101.859,18,101856472925,2469000,1
101.859,4,101856472925,2469000,1
101.861,23,101858939925,2496006,0
101.864,22,101861784931,2469000,1
101.864,23,101861784931,2469000,1
101.867,10,101864251931,2469000,1
101.869,19,101866718931,2469000,1
101.869,5,101866718931,2469000,1
101.872,8,101869185931,2469000,1
101.872,7,101869185931,2469000,1
101.874,10,101871661931,2496006,0
101.877,22,101874211937,2496006,0
101.879,4,101876743943,2496006,0
101.882,10,101879284949,2496006,0
101.884,14,101881807955,2469000,1
101.884,4,101881807955,2469000,1
101.887,8,101884274955,2496006,0
101.889,22,101886806961,2496006,0
101.892,19,101889329967,2496006,0
101.894,22,101891897973,2469000,1
101.894,23,101891897973,2469000,1
101.897,10,101894364973,2496006,0
101.899,22,101896887979,2496006,0
101.902,2,101899410985,2469000,1
101.902,10,101899410985,2469000,1
101.904,8,101901895985,2496006,0
101.907,16,101904418991,2496006,0
101.909,19,101906959997,2496006,0
101.912,16,101909501003,2496006,0
101.915,3,101912024009,2496006,0
101.917,1,101914547015,2469000,1
101.917,22,101914547015,2469000,1
101.919,8,101917014015,2469000,1
101.922,19,101919490015,2469000,1
101.922,20,101919490015,2469000,1
101.924,4,101921957015,2496006,0
101.927,16,101924507021,2469000,1
101.929,4,101926974021,2496006,0
101.932,23,101929497027,2469000,1
101.937,9,101934802033,2469000,1
101.937,10,101934802033,2469000,1
101.937,22,101934802033,2469000,1
101.937,20,101934802033,2469000,1
101.937,4,101934802033,2469000,1
101.94,5,101937269033,2496006,0
101.942,3,101939801039,2496006,0
101.945,22,101942324045,2496006,0
101.947,5,101944856051,2469000,1
101.947,8,101944856051,2469000,1
101.947,16,101944856051,2469000,1
101.95,3,101947332051,2496006,0
101.952,14,101949864057,2469000,1
101.952,4,101949864057,2469000,1
101.955,19,101952331057,2469000,1
101.955,8,101952331057,2469000,1
101.957,3,101954807057,2496006,0
101.96,22,101957339063,2496006,0
101.962,14,101959889069,2496006,0
101.965,3,101962752075,2496006,0
101.968,22,101965275081,2496006,0
101.97,20,101967816087,2496006,0
101.973,23,101970339093,2496006,0
101.975,3,101972871099,2469000,1
101.975,5,101972871099,2469000,1
101.978,14,101975347099,2496006,0
101.98,7,101977879105,2496006,0
101.983,8,101980411111,2469000,1
101.983,5,101980411111,2469000,1
101.985,20,101982878111,2496006,0
101.988,22,101985401117,2469000,1
101.99,6,101987877117,2469000,1
101.99,20,101987877117,2469000,1
101.993,10,101990344117,2496006,0
101.995,23,101992885123,2496006,0
101.998,14,101995417129,2496006,0
102,14,101997940135,2496006,0
102.003,23,102000481141,2469000,1
102.003,3,102000481141,2469000,1
102.003,7,102000481141,2469000,1
102.005,10,102002948141,2469000,1
102.005,22,102002948141,2469000,1
102.008,16,102005433141,2496006,0
102.01,19,102007956147,2469000,1
102.01,3,102007956147,2469000,1
102.01,22,102007956147,2469000,1
102.013,14,102010423147,2496006,0
102.015,16,102012946153,2496006,0
102.018,16,102015541159,2469000,1
102.018,14,102015541159,2469000,1
102.018,20,102015541159,2469000,1
102.021,10,102018008159,2496006,0
102.023,18,102020540165,2496006,0
102.026,4,102023063171,2496006,0
102.028,18,102025595177,2496006,0
102.031,23,102028145183,2496006,0
102.036,18,102033200195,2496006,0
102.039,6,102036036201,2469000,1
102.039,7,102036036201,2469000,1
102.041,10,102038512201,2496006,0
102.044,23,102041035207,2496006,0
102.046,4,102043558213,2496006,0
102.049,14,102046090219,2496006,0
102.051,14,102048613225,2496006,0
102.054,4,102051154231,2496006,0
102.056,18,102053677237,2496006,0
102.059,18,102056200243,2496006,0
102.061,23,102058732249,2469000,1
102.061,10,102058732249,2469000,1
102.061,16,102058732249,2469000,1
102.064,18,102061217249,2496006,0
102.066,7,102063749255,2496006,0
102.069,14,102066585261,2496006,0
102.072,9,102069144267,2496006,0
102.074,4,102071667273,2496006,0
102.077,20,102074199279,2496006,0
102.079,4,102076722285,2469000,1
102.079,20,102076722285,2469000,1
102.082,14,102079189285,2469000,1
102.082,18,102079189285,2469000,1
102.082,7,102079189285,2469000,1
102.087,22,102084188291,2496006,0
102.089,19,102086738297,2496006,0
102.092,9,102089270303,2496006,0
102.094,10,102091793309,2496006,0
102.097,19,102094325315,2496006,0
102.099,23,102096848321,2496006,0
102.102,14,102099371327,2469000,1
102.102,10,102099371327,2469000,1
102.104,9,102101838327,2469000,1
102.104,7,102101838327,2469000,1
102.107,22,102104314327,2496006,0
102.109,14,102106837333,2496006,0
102.112,20,102109369339,2496006,0
102.114,23,102111901345,2496006,0
102.117,19,102114424351,2469000,1
102.117,18,102114424351,2469000,1
102.119,14,102116900351,2496006,0
102.122,1,102119432357,2469000,1
102.122,4,102119432357,2469000,1
102.124,22,102121908357,2496006,0
102.127,1,102124431363,2496006,0
102.129,1,102126963369,2496006,0
102.132,20,102129495375,2496006,0
102.135,16,102132036381,2496006,0
102.137,10,102134559387,2469000,1
102.137,23,102134559387,2469000,1
102.139,1,102137026387,2469000,1
102.139,9,102137026387,2469000,1
102.139,14,102137026387,2469000,1
102.142,22,102139824393,2496006,0
102.145,10,102142347399,2496006,0
102.147,4,102144870405,2469000,1
102.147,22,102144870405,2469000,1
102.15,20,102147364405,2469000,1
102.15,21,102147364405,2469000,1
102.15,19,102147364405,2469000,1
102.152,12,102149831405,2496006,0
102.155,10,102152363411,2496006,0
102.157,5,102154886417,2496006,0
102.16,16,102157409423,2469000,1
102.16,14,102157409423,2469000,1
102.16,12,102157409423,2469000,1
102.162,18,102159876423,2496006,0
102.165,3,102162399429,2496006,0
102.167,9,102164922435,2496006,0
102.17,1,102167776441,2469000,1
102.17,9,102167776441,2469000,1
102.173,7,102170243441,2496006,0
102.175,18,102172775447,2496006,0
102.178,10,102175307453,2496006,0
102.18,3,102177839459,2496006,0
102.183,18,102180362465,2469000,1
102.183,5,102180362465,2469000,1
102.185,5,102182831465,2496006,0
102.188,23,102185354471,2469000,1
102.188,22,102185354471,2469000,1
102.188,5,102185354471,2469000,1
102.19,7,102187848471,2469000,1
102.19,21,102187848471,2469000,1
102.193,12,102190324471,2496006,0
102.195,22,102192856477,2469000,1
102.198,20,102195323477,2469000,1
102.198,9,102195323477,2469000,1
102.198,12,102195323477,2469000,1
102.2,10,102197799477,2496006,0
102.203,19,102200322483,2469000,1
102.203,3,102200322483,2469000,1
102.205,21,102202798483,2496006,0
102.208,14,102205321489,2496006,0
102.21,10,102207844495,2469000,1
102.21,16,102207844495,2469000,1
102.213,10,102210320495,2496006,0
102.215,3,102212843501,2496006,0
102.218,7,102215366507,2496006,0
102.22,21,102217898513,2496006,0
102.223,15,102220421519,2496006,0
102.225,7,102222944525,2496006,0
102.228,9,102225467531,2496006,0
102.23,9,102227990537,2496006,0
102.233,21,102230513543,2496006,0
102.236,5,102233036549,2496006,0
102.238,23,102235559555,2496006,0
102.241,10,102238082561,2469000,1
102.241,18,102238082561,2469000,1
102.243,14,102240862567,2469000,1
102.243,21,102240862567,2469000,1
102.246,7,102243329567,2496006,0
102.248,15,102245852573,2496006,0
102.251,23,102248375579,2469000,1
102.251,3,102248375579,2469000,1
102.251,15,102248375579,2469000,1
102.253,9,102250842579,2496006,0
102.256,12,102253374585,2469000,1
102.256,9,102253374585,2469000,1
102.258,18,102255850585,2496006,0
102.261,5,102258391591,2496006,0
102.263,14,102260932597,2496006,0
102.266,23,102263455603,2496006,0
102.268,19,102265978609,2496006,0
102.271,7,102268501615,2469000,1
102.271,9,102268501615,2469000,1
102.274,22,102271290621,2469000,1
102.274,10,102271290621,2469000,1
102.274,19,102271290621,2469000,1
102.276,1,102273757621,2496006,0
102.281,14,102278821633,2469000,1
102.281,18,102278821633,2469000,1
102.284,23,102281288633,2469000,1
102.284,5,102281288633,2469000,1
102.286,16,102283773633,2496006,0
102.289,15,102286296639,2496006,0
102.291,21,102288828645,2469000,1
102.291,12,102288828645,2469000,1
102.294,14,102291295645,2496006,0
102.296,3,102293818651,2496006,0
102.299,1,102296341657,2496006,0
102.301,1,102298873663,2496006,0
102.304,20,102301396669,2496006,0
102.306,14,102303919675,2496006,0
102.309,3,102306451681,2469000,1
102.309,16,102306451681,2469000,1
102.311,16,102308920681,2496006,0
102.314,4,102311443687,2469000,1
102.314,7,102311443687,2469000,1
102.314,23,102311443687,2469000,1
102.316,5,102313910687,2496006,0
102.319,19,102316442693,2469000,1
102.319,15,102316442693,2469000,1
102.319,7,102316442693,2469000,1
102.321,20,102318936693,2496006,0
102.324,16,102321459699,2469000,1
102.324,7,102321459699,2469000,1
102.326,18,102323926699,2496006,0
102.329,1,102326449705,2496006,0
102.331,14,102328972711,2496006,0
102.334,20,102331495717,2496006,0
102.337,10,102334018723,2496006,0
102.339,5,102336541729,2496006,0
102.342,3,102339064735,2496006,0
102.344,14,102341587741,2469000,1
102.344,10,102341587741,2469000,1
102.347,9,102344367747,2469000,1
102.347,16,102344367747,2469000,1
102.347,10,102344367747,2469000,1
102.349,8,102346834747,2469000,1
102.349,14,102346834747,2469000,1
102.352,15,102349301747,2469000,1
102.352,3,102349301747,2469000,1
102.354,18,102351768747,2496006,0
102.357,20,102354291753,2469000,1
102.357,1,102354291753,2469000,1
102.359,23,102356767753,2469000,1
102.359,20,102356767753,2469000,1
102.362,19,102359234753,2496006,0
102.364,18,102361757759,2496006,0
102.367,21,102364289765,2469000,1
102.367,9,102364289765,2469000,1
102.369,5,102366756765,2469000,1
102.369,1,102366756765,2469000,1
102.372,5,102369232765,2496006,0
102.377,16,102374627777,2469000,1
102.377,14,102374627777,2469000,1
102.377,18,102374627777,2469000,1
102.38,19,102377103777,2496006,0
102.382,19,102379680783,2469000,1
102.382,5,102379680783,2469000,1
102.385,3,102382156783,2496006,0
102.387,15,102384679789,2496006,0
102.39,18,102387220795,2496006,0
102.392,3,102389743801,2496006,0
102.395,19,102392293807,2496006,0
102.397,17,102394816813,2496006,0
102.4,12,102397339819,2469000,1
102.4,17,102397339819,2469000,1
102.402,15,102399815819,2496006,0
102.405,19,102402347825,2496006,0
102.407,18,102404870831,2469000,1
102.407,19,102404870831,2469000,1
102.41,18,102407339831,2496006,0
102.412,10,102409862837,2469000,1
102.412,19,102409862837,2469000,1
102.415,17,102412338837,2496006,0
102.417,15,102414861843,2469000,1
102.417,3,102414861843,2469000,1
102.417,18,102414861843,2469000,1
102.42,5,102417337843,2496006,0
102.422,6,102419860849,2496006,0
102.425,3,102422383855,2469000,1
102.425,6,102422383855,2469000,1
102.427,5,102424868855,2469000,1
102.427,18,102424868855,2469000,1
102.43,17,102427380855,2469000,1
102.43,6,102427380855,2469000,1
102.432,5,102429847855,2496006,0
102.435,18,102432370861,2496006,0
102.437,6,102434911867,2496006,0
102.44,20,102437434873,2496006,0
102.442,18,102439957879,2496006,0
102.445,19,102442480885,2469000,1
102.445,18,102442480885,2469000,1
102.448,18,102445260891,2496006,0
102.45,1,102447792897,2496006,0
102.453,17,102450315903,2469000,1
102.453,1,102450315903,2469000,1
102.455,1,102452784903,2496006,0
102.458,14,102455325909,2469000,1
102.458,15,102455325909,2469000,1
102.458,5,102455325909,2469000,1
102.46,20,102457792909,2496006,0
102.463,1,102460315915,2469000,1
102.463,8,102460315915,2469000,1
102.463,6,102460315915,2469000,1
102.463,19,102460315915,2469000,1
102.465,18,102462809915,2496006,0
102.468,6,102465341921,2496006,0
102.47,18,102467864927,2496006,0
102.473,21,102470414933,2496006,0
102.475,6,102472964939,2469000,1
102.475,20,102472964939,2469000,1
102.478,1,102475771945,2496006,0
102.481,5,102478294951,2496006,0
102.483,11,102480817957,2469000,1
102.483,15,102480817957,2469000,1
102.486,6,102483284957,2469000,1
102.486,20,102483284957,2469000,1
102.488,3,102485751957,2469000,1
102.488,18,102485751957,2469000,1
102.491,2,102488218957,2469000,1
102.491,21,102488218957,2469000,1
102.493,1,102490712957,2496006,0
102.496,16,102493235963,2496006,0
102.498,10,102495767969,2496006,0
102.501,1,102498317975,2469000,1
102.501,5,102498317975,2469000,1
102.503,16,102500793975,2496006,0
102.506,10,102503316981,2496006,0
102.508,15,102505839987,2496006,0
102.511,7,102508362993,2496006,0
102.513,23,102510912999,2469000,1
102.513,21,102510912999,2469000,1
102.516,10,102513388999,2496006,0
102.518,10,102515912005,2496006,0
102.521,10,102518444011,2496006,0
102.523,4,102520976017,2469000,1
102.523,17,102520976017,2469000,1
102.526,16,102523443017,2496006,0
102.528,18,102525975023,2469000,1
102.528,15,102525975023,2469000,1
102.528,7,102525975023,2469000,1
102.528,16,102525975023,2469000,1
102.533,1,102530965029,2496006,0
102.536,23,102533488035,2496006,0
102.539,7,102536011041,2496006,0
102.541,10,102538543047,2469000,1
102.541,1,102538543047,2469000,1
102.544,15,102541028047,2496006,0
102.546,23,102543551053,2469000,1
102.546,18,102543551053,2469000,1
102.549,5,102546027053,2496006,0
102.551,16,102548872059,2469000,1
102.551,1,102548872059,2469000,1
102.554,7,102551357059,2469000,1
102.554,15,102551357059,2469000,1
102.556,6,102553824059,2496006,0
102.559,13,102556347065,2496006,0
102.561,18,102558870071,2469000,1
102.561,15,102558870071,2469000,1
102.564,5,102561346071,2496006,0
102.566,22,102563878077,2496006,0
102.569,20,102566401083,2496006,0
102.571,12,102568924089,2496006,0
102.574,21,102571447095,2496006,0
102.576,6,102573970101,2469000,1
102.576,15,102573970101,2469000,1
102.579,10,102576750107,2496006,0
102.582,18,102579309113,2496006,0
102.584,12,102581832119,2469000,1
102.584,13,102581832119,2469000,1
102.587,20,102584299119,2496006,0
102.589,22,102586822125,2469000,1
102.589,12,102586822125,2469000,1
102.592,7,102589289125,2469000,1
102.592,5,102589289125,2469000,1
102.594,21,102591756125,2496006,0
102.597,10,102594297131,2469000,1
102.597,23,102594297131,2469000,1
102.599,21,102596764131,2469000,1
102.599,10,102596766131,2469000,1
102.602,1,102599233131,2469000,1
102.602,18,102599233131,2469000,1
102.602,22,102599233131,2469000,1
102.604,6,102601718131,2496006,0
102.607,20,102604250137,2496006,0
102.609,15,102606773143,2469000,1
102.609,20,102606773143,2469000,1
102.612,16,102609249143,2469000,1
102.614,6,102611743143,2469000,1
102.614,21,102611743143,2469000,1
102.617,19,102614210143,2469000,1
102.617,5,102614210143,2469000,1
102.619,13,102616686143,2496006,0
102.622,6,102619209149,2496006,0
102.624,6,102621750155,2496006,0
102.627,3,102624282161,2469000,1
102.627,18,102624282161,2469000,1
102.629,21,102626749161,2469000,1
102.629,6,102626749161,2469000,1
102.632,13,102629261161,2496006,0
102.634,10,102631820167,2496006,0
102.637,20,102634361173,2496006,0
102.639,10,102636884179,2496006,0
102.642,20,102639407185,2496006,0
102.644,5,102641930191,2496006,0
102.647,13,102644489197,2469000,1
102.647,7,102644489197,2469000,1
102.649,20,102646956197,2496006,0
102.652,5,102649792203,2469000,1
102.652,12,102649792203,2469000,1
102.655,8,102652259203,2496006,0
102.657,10,102654782209,2469000,1
102.657,23,102654782209,2469000,1
102.657,5,102654782209,2469000,1
102.66,18,102657267209,2496006,0
102.662,6,102659790215,2496006,0
102.665,9,102662313221,2496006,0
102.667,8,102664845227,2496006,0
102.67,20,102667377233,2496006,0
102.672,22,102669900239,2469000,1
102.672,13,102669900239,2469000,1
102.675,22,102672369239,2496006,0
102.677,9,102674910245,2469000,1
102.677,6,102674910245,2469000,1
102.677,18,102674910245,2469000,1
102.68,8,102677377245,2469000,1
102.683,10,102680157251,2496006,0
102.685,9,102682689257,2496006,0
102.688,20,102685221263,2496006,0
102.69,6,102687744269,2496006,0
102.693,17,102690276275,2469000,1
102.693,6,102690276275,2469000,1
102.695,16,102692752275,2469000,1
102.695,22,102692752275,2469000,1
102.698,13,102695228275,2496006,0
102.7,6,102697751281,2496006,0
102.703,10,102700283287,2496006,0
102.705,8,102702824293,2496006,0
102.708,21,102705347299,2469000,1
102.708,9,102705347299,2469000,1
102.71,20,102707814299,2496006,0
102.713,23,102710337305,2469000,1
102.713,9,102710337305,2469000,1
102.715,10,102712804305,2469000,1
102.715,6,102712804305,2469000,1
102.715,13,102712804305,2469000,1
102.718,18,102715280305,2496006,0
102.72,18,102717803311,2496006,0
102.723,1,102720326317,2469000,1
102.723,18,102720326317,2469000,1
102.725,10,102722811317,2496006,0
102.728,8,102725334323,2496006,0
102.73,10,102727857329,2496006,0
102.733,22,102730380335,2496006,0
102.735,20,102732903341,2496006,0
102.738,13,102735444347,2496006,0
102.74,6,102737967353,2496006,0
102.743,22,102740490359,2469000,1
102.743,8,102740490359,2469000,1
102.743,5,102740490359,2469000,1
102.745,13,102742957359,2496006,0
102.748,20,102745489365,2469000,1
102.748,13,102745489365,2469000,1
102.75,17,102747992365,2496006,0
102.753,10,102750515371,2496006,0
102.758,17,102755883383,2496006,0
102.761,22,102758406389,2496006,0
102.763,6,102760938395,2496006,0
102.766,18,102763461401,2496006,0
102.769,6,102766038407,2496006,0
102.771,14,102768561413,2496006,0
102.774,10,102771084419,2496006,0
102.776,17,102773607425,2496006,0
102.779,22,102776130431,2496006,0
102.781,18,102778653437,2496006,0
102.784,12,102781489443,2469000,1
102.784,18,102781489443,2469000,1
102.786,13,102783956443,2496006,0
102.789,8,102786479449,2496006,0
102.791,20,102789002455,2496006,0
102.794,14,102791534461,2496006,0
102.797,13,102794057467,2469000,1
102.797,6,102794057467,2469000,1
102.797,14,102794057467,2469000,1
102.799,8,102796524467,2469000,1
102.799,22,102796524467,2469000,1
102.801,17,102799000467,2469000,1
102.801,21,102799000467,2469000,1
102.804,10,102801476467,2496006,0
102.807,8,102804017473,2496006,0
102.809,9,102806540479,2496006,0
102.812,20,102809063485,2496006,0
102.814,9,102811604491,2496006,0
102.817,9,102814136497,2496006,0
102.819,20,102816659503,2469000,1
102.819,10,102816659503,2469000,1
102.822,14,102819126503,2496006,0
102.824,8,102821658509,2469000,1
102.824,21,102821658509,2469000,1
102.827,18,102824125509,2496006,0
102.829,20,102826648515,2496006,0
102.832,6,102829189521,2496006,0
102.834,7,102831712527,2469000,1
102.834,6,102831712527,2469000,1
102.837,13,102834179527,2496006,0
102.842,13,102839225539,2496006,0
102.844,14,102841748545,2496006,0
102.847,9,102844280551,2469000,1
102.847,10,102844280551,2469000,1
102.849,22,102846747551,2469000,1
102.849,13,102846747551,2469000,1
102.849,14,102846747551,2469000,1
102.852,8,102849214551,2496006,0
102.854,18,102851737557,2496006,0
102.857,17,102854573563,2496006,0
102.86,20,102857096569,2496006,0
102.862,8,102859619575,2496006,0
102.865,22,102862142581,2496006,0
102.867,6,102864665587,2496006,0
102.87,1,102867188593,2496006,0
102.872,10,102869711599,2496006,0
102.875,12,102872234605,2496006,0
102.877,6,102874766611,2496006,0
102.88,8,102877289617,2469000,1
102.88,17,102877289617,2469000,1
102.882,18,102879756617,2496006,0
102.885,1,102882279623,2469000,1
102.885,20,102882279623,2469000,1
102.888,13,102885059629,2496006,0
102.89,23,102887582635,2469000,1
102.89,14,102887582635,2469000,1
102.893,1,102890049635,2496006,0
102.895,22,102892572641,2496006,0
102.898,13,102895095647,2496006,0
102.9,6,102897627653,2496006,0
102.903,10,102900150659,2496006,0
102.905,6,102902673665,2496006,0
102.908,9,102905205671,2469000,1
102.908,12,102905205671,2469000,1
102.908,18,102905205671,2469000,1
102.908,20,102905205671,2469000,1
102.908,6,102905205671,2469000,1
102.91,22,102907672671,2469000,1
102.91,17,102907672671,2469000,1
102.913,1,102910148671,2496006,0
102.915,13,102912716677,2496006,0
102.918,10,102915239683,2496006,0
102.92,5,102917762689,2469000,1
102.92,17,102917762689,2469000,1
102.923,1,102920256689,2496006,0
102.925,8,102922779695,2469000,1
102.925,12,102922779695,2469000,1
102.925,22,102922779695,2469000,1
102.928,15,102925246695,2496006,0
102.93,14,102927778701,2496006,0
102.933,13,102930319707,2469000,1
102.933,10,102930319707,2469000,1
102.933,12,102930319707,2469000,1
102.933,14,102930319707,2469000,1
102.938,15,102935336713,2469000,1
102.938,1,102935336713,2469000,1
102.94,6,102937812713,2496006,0
102.943,8,102940335719,2496006,0
102.945,18,102942858725,2496006,0
102.948,18,102945399731,2496006,0
102.95,10,102947922737,2496006,0
102.953,6,102950463743,2469000,1
102.953,10,102950463743,2469000,1
102.955,10,102952957743,2496006,0
102.958,20,102955480749,2469000,1
102.958,8,102955480749,2469000,1
102.961,18,102958260755,2469000,1
102.961,5,102958260755,2469000,1
102.961,15,102958260755,2469000,1
102.963,13,102960727755,2496006,0
102.966,9,102963250761,2496006,0
102.968,10,102965773767,2496006,0
102.971,10,102968332773,2496006,0
102.973,14,102970864779,2496006,0
102.976,9,102973387785,2496006,0
102.978,18,102975910791,2496006,0
102.981,14,102978451797,2469000,1
102.981,1,102978451797,2469000,1
102.983,17,102980918797,2496006,0
102.986,13,102983441803,2496006,0
102.989,12,102986295809,2469000,1
102.989,6,102986295809,2469000,1
102.991,10,102988762809,2469000,1
102.991,8,102988762809,2469000,1
102.994,13,102991229809,2496006,0
102.996,22,102993752815,2496006,0
102.999,3,102996275821,2469000,1
102.999,18,102996275821,2469000,1
103.001,9,102998742821,2496006,0
103.004,8,103001265827,2496006,0
103.006,17,103003797833,2469000,1
103.006,1,103003797833,2469000,1
103.006,8,103003797833,2469000,1
103.009,13,103006282833,2469000,1
103.009,20,103006282833,2469000,1
103.011,14,103008776833,2469000,1
103.011,22,103008776833,2469000,1
103.011,17,103008776833,2469000,1
103.014,9,103011270833,2496006,0
103.016,9,103013820839,2496006,0
103.019,17,103016352845,2496006,0
103.024,8,103021407857,2469000,1
103.024,14,103021407857,2469000,1
103.026,18,103023874857,2496006,0
103.029,8,103026397863,2496006,0
103.031,10,103028920869,2496006,0
103.034,9,103031443875,2496006,0
103.036,16,103033966881,2469000,1
103.036,22,103033966881,2469000,1
103.039,15,103036433881,2469000,1
103.039,10,103036433881,2469000,1
103.041,22,103038900881,2496006,0
103.044,18,103041432887,2496006,0
103.046,8,103043955893,2469000,1
103.046,13,103043955893,2469000,1
103.046,17,103043955893,2469000,1
103.049,18,103046449893,2496006,0
103.051,10,103048981899,2496006,0
103.054,22,103051522905,2469000,1
103.054,9,103051522905,2469000,1
103.056,17,103053989905,2496006,0
103.059,10,103056530911,2496006,0
103.062,13,103059366917,2496006,0
103.064,18,103061889923,2496006,0
103.067,17,103064412929,2496006,0
103.069,9,103066944935,2496006,0
103.072,10,103069467941,2469000,1
103.072,1,103069467941,2469000,1
103.074,17,103071970941,2496006,0
103.077,6,103074502947,2469000,1
103.077,8,103074502947,2469000,1
103.079,18,103076987947,2496006,0
103.082,13,103079510953,2496006,0
103.085,9,103082042959,2496006,0
103.087,17,103084565965,2496006,0
103.09,22,103087088971,2496006,0
103.092,18,103089924977,2496006,0
103.095,22,103092456983,2496006,0
103.097,9,103094979989,2496006,0
103.1,9,103097502995,2496006,0
103.102,17,103100026001,2469000,1
103.102,13,103100026001,2469000,1
103.105,18,103102511001,2496006,0
103.108,22,103105052007,2469000,1
103.108,12,103105052007,2469000,1
103.11,9,103107528007,2496006,0
103.113,18,103110060013,2469000,1
103.113,8,103110060013,2469000,1
103.115,10,103112527013,2469000,1
103.115,9,103112527013,2469000,1
103.117,19,103115003013,2469000,1
103.117,9,103115003013,2469000,1
103.12,10,103117470013,2496006,0
103.122,17,103119993019,2496006,0
103.125,17,103122516025,2496006,0
103.128,13,103125057031,2496006,0
103.13,14,103127580037,2469000,1
103.13,18,103127580037,2469000,1
103.13,17,103127580037,2469000,1
103.133,6,103130065037,2469000,1
103.133,8,103130065037,2469000,1
103.135,22,103132559037,2469000,1
103.135,10,103132559037,2469000,1
103.138,13,103135053037,2469000,1
103.138,17,103135053037,2469000,1
103.14,17,103137529037,2496006,0
103.143,17,103140088043,2496006,0
103.145,17,103142629049,2496006,0
103.148,15,103145161055,2496006,0
103.15,10,103147747061,2496006,0
103.153,17,103150306067,2496006,0
103.155,22,103152829073,2496006,0
103.158,13,103155352079,2496006,0
103.16,15,103157875085,2496006,0
103.163,13,103160407091,2496006,0
103.166,10,103163261097,2469000,1
103.168,13,103165737097,2496006,0
103.171,9,103168287103,2469000,1
103.171,13,103168287103,2469000,1
103.173,17,103170754103,2496006,0
103.176,7,103173277109,2469000,1
103.176,18,103173277109,2469000,1
103.178,22,103175744109,2496006,0
103.181,20,103178267115,2469000,1
103.181,15,103178267115,2469000,1
103.183,17,103180752115,2496006,0
103.186,10,103183311121,2496006,0
103.188,14,103185834127,2496006,0
103.191,17,103188357133,2469000,1
103.191,22,103188357133,2469000,1
103.194,4,103191155139,2496006,0
103.196,13,103193687145,2496006,0
103.199,10,103196219151,2496006,0
103.201,4,103198742157,2496006,0
103.204,4,103201265163,2496006,0
103.206,15,103203824169,2469000,1
103.206,14,103203824169,2469000,1
103.209,13,103206291169,2496006,0
103.211,10,103208823175,2496006,0
103.214,13,103211346181,2496006,0
103.216,4,103213869187,2469000,1
103.216,17,103213869187,2469000,1
103.216,10,103213869187,2469000,1
103.219,22,103216345187,2496006,0
103.224,22,103221463199,2496006,0
103.226,22,103223986205,2496006,0
103.229,13,103226518211,2496006,0
103.232,14,103229041217,2496006,0
103.234,13,103231573223,2496006,0
103.237,14,103234096229,2496006,0
103.239,22,103236628235,2496006,0
103.242,4,103239151241,2496006,0
103.244,10,103241674247,2496006,0
103.247,22,103244206253,2496006,0
103.249,22,103246756259,2496006,0
103.252,13,103249279265,2496006,0
103.254,22,103251802271,2496006,0
103.257,4,103254325277,2496006,0
103.259,4,103256848283,2496006,0
103.262,10,103259371289,2496006,0
103.264,14,103261894295,2496006,0
103.267,9,103264739301,2469000,1
103.267,14,103264739301,2469000,1
103.27,22,103267233301,2496006,0
103.272,17,103269765307,2469000,1
103.275,13,103272241307,2496006,0
103.277,14,103274764313,2496006,0
103.28,15,103277287319,2469000,1
103.28,4,103277287319,2469000,1
103.28,10,103277287319,2469000,1
103.282,1,103279808319,2496006,0
103.285,4,103282331325,2496006,0
103.287,22,103284854331,2496006,0
103.29,4,103287377337,2496006,0
103.292,22,103289927343,2469000,1
103.292,13,103289927343,2469000,1
103.295,14,103292394343,2496006,0
103.298,4,103295230349,2469000,1
103.298,10,103295230349,2469000,1
103.3,13,103297733349,2469000,1
103.3,4,103297733349,2469000,1
103.303,1,103300200349,2496006,0
103.305,14,103302768355,2496006,0
103.308,3,103305291361,2469000,1
103.308,10,103305291361,2469000,1
103.31,14,103307758361,2496006,0
103.315,4,103312840373,2496006,0
103.318,1,103315363379,2496006,0
103.32,8,103317913385,2469000,1
103.32,18,103317913385,2469000,1
103.323,14,103320380385,2496006,0
103.325,1,103322903391,2469000,1
103.325,4,103322903391,2469000,1
103.328,4,103325372391,2496006,0
103.33,22,103327895397,2496006,0
103.333,4,103330436403,2496006,0
103.335,14,103332968409,2496006,0
103.338,1,103335500415,2496006,0
103.341,23,103338023421,2496006,0
103.343,4,103340555427,2496006,0
103.346,14,103343078433,2469000,1
103.346,22,103343078433,2469000,1
103.346,13,103343078433,2469000,1
103.348,4,103345563433,2496006,0
103.351,23,103348104439,2496006,0
103.353,22,103350636445,2469000,1
103.356,4,103353103445,2496006,0
103.358,13,103355626451,2496006,0
103.361,17,103358149457,2469000,1
103.361,1,103358149457,2469000,1
103.361,22,103358149457,2469000,1
103.363,13,103360625457,2496006,0
103.366,1,103363193463,2496006,0
103.368,14,103365716469,2496006,0
103.371,13,103368552475,2496006,0
103.374,23,103371075481,2469000,1
103.374,4,103371075481,2469000,1
103.376,13,103373551481,2469000,1
103.376,4,103373551481,2469000,1
103.379,22,103376027481,2496006,0
103.381,23,103378550487,2496006,0
103.384,10,103381073493,2469000,1
103.384,13,103381073493,2469000,1
103.386,22,103383540493,2496006,0
103.389,14,103386072499,2496006,0
103.391,1,103388622505,2496006,0
103.394,15,103391154511,2496006,0
103.396,23,103393686517,2469000,1
103.399,1,103396466523,2469000,1
103.399,22,103396466523,2469000,1
103.401,14,103398933523,2496006,0
103.404,4,103401465529,2496006,0
103.406,14,103404024535,2469000,1
103.406,6,103404024535,2469000,1
103.409,1,103406491535,2496006,0
103.412,15,103409023541,2496006,0
103.414,23,103411546547,2469000,1
103.414,1,103411546547,2469000,1
103.417,4,103414031547,2496006,0
103.419,1,103416581553,2496006,0
103.422,4,103419104559,2496006,0
103.424,14,103421636565,2496006,0
103.427,1,103424159571,2469000,1
103.427,14,103424159571,2469000,1
103.429,15,103426653571,2496006,0
103.432,22,103429194577,2469000,1
103.432,14,103429194577,2469000,1
103.434,18,103431661577,2496006,0
103.437,18,103434184583,2469000,1
103.439,13,103436669583,2496006,0
103.442,4,103439192589,2496006,0
103.444,13,103441715595,2469000,1
103.444,4,103441715595,2469000,1
103.447,22,103444182595,2496006,0
103.449,1,103446705601,2496006,0
103.452,22,103449228607,2496006,0
103.454,15,103451751613,2469000,1
103.454,22,103451751613,2469000,1
103.457,15,103454220613,2496006,0
103.462,22,103459275625,2496006,0
103.464,15,103461834631,2469000,1
103.464,1,103461834631,2469000,1
103.467,1,103464303631,2496006,0
103.469,18,103466826637,2496006,0
103.472,14,103469680643,2496006,0
103.475,22,103472203649,2496006,0
103.477,4,103474726655,2496006,0
103.48,13,103477258661,2469000,1
103.48,15,103477258661,2469000,1
103.482,13,103479734661,2496006,0
103.485,14,103482257667,2469000,1
103.485,23,103482257667,2469000,1
103.487,1,103484724667,2496006,0
103.49,13,103487265673,2496006,0
103.492,22,103489788679,2469000,1
103.492,18,103489788679,2469000,1
103.495,4,103492255679,2496006,0
103.497,4,103494814685,2496006,0
103.5,1,103497337691,2469000,1
103.503,13,103500162697,2496006,0
103.505,14,103502730703,2496006,0
103.508,4,103505262709,2469000,1
103.508,1,103505262709,2469000,1
103.51,13,103507729709,2496006,0
103.513,5,103510261715,2496006,0
103.515,18,103512793721,2496006,0
103.518,10,103515316727,2496006,0
103.52,18,103517839733,2496006,0
103.523,15,103520371739,2496006,0
103.525,15,103522894745,2496006,0
103.528,22,103525417751,2469000,1
103.528,4,103525417751,2469000,1
103.528,18,103525417751,2469000,1
103.53,5,103527893751,2496006,0
103.533,14,103530416757,2496006,0
103.535,13,103532939763,2496006,0
103.538,9,103535471769,2469000,1
103.538,18,103535471769,2469000,1
103.54,15,103537938769,2496006,0
103.543,14,103540461775,2496006,0
103.545,10,103542993781,2496006,0
103.548,14,103545534787,2496006,0
103.551,15,103548066793,2496006,0
103.553,5,103550598799,2496006,0
103.556,10,103553130805,2496006,0
103.558,13,103555653811,2496006,0
103.561,13,103558212817,2496006,0
103.563,14,103560735823,2469000,1
103.563,17,103560735823,2469000,1
103.566,5,103563220823,2496006,0
103.568,13,103565743829,2496006,0
103.571,10,103568266835,2469000,1
103.571,15,103568266835,2469000,1
103.573,13,103570769835,2469000,1
103.576,1,103573549841,2496006,0
103.579,1,103576081847,2496006,0
103.581,20,103578622853,2469000,1
103.581,13,103578622853,2469000,1
103.584,2,103581089853,2469000,1
103.586,14,103583556853,2469000,1
103.586,5,103583556853,2469000,1
103.589,5,103586032853,2496006,0
103.591,1,103588555859,2469000,1
103.593,16,103591022859,2469000,1
103.593,22,103591022859,2469000,1
103.599,13,103596012865,2496006,0
103.601,15,103598553871,2469000,1
103.601,13,103598553871,2469000,1
103.604,1,103601369877,2496006,0
103.606,19,103603892883,2496006,0
103.609,4,103606415889,2469000,1
103.609,5,103606415889,2469000,1
103.611,10,103608891889,2496006,0
103.614,10,103611423895,2496006,0
103.616,19,103613946901,2469000,1
103.616,1,103613946901,2469000,1
103.619,13,103616422901,2496006,0
103.621,10,103618954907,2469000,1
103.621,18,103618954907,2469000,1
103.624,1,103621421907,2496006,0
103.626,22,103623971913,2496006,0
103.629,11,103626512919,2469000,1
103.631,23,103628979919,2469000,1
103.631,2,103628979919,2469000,1
103.631,10,103628979919,2469000,1
103.634,13,103631473919,2496006,0
103.636,1,103634014925,2469000,1
103.636,11,103634014925,2469000,1
103.639,2,103636481925,2496006,0
103.641,9,103639013931,2469000,1
103.641,22,103639013931,2469000,1
103.644,5,103641507931,2496006,0
103.647,19,103644030937,2496006,0
103.649,18,103646553943,2496006,0
103.652,18,103649085949,2496006,0
103.654,10,103651608955,2496006,0
103.657,13,103654131961,2496006,0
103.659,2,103656663967,2469000,1
103.659,10,103656663967,2469000,1
103.662,22,103659130967,2496006,0
103.664,14,103661671973,2469000,1
103.664,22,103661671973,2469000,1
103.667,18,103664138973,2469000,1
103.667,15,103664138973,2469000,1
103.669,19,103666605973,2469000,1
103.669,2,103666605973,2469000,1
103.669,10,103666605973,2469000,1
103.672,5,103669072973,2496006,0
103.674,1,103671595979,2496006,0
103.677,13,103674431985,2496006,0
103.679,22,103676954991,2469000,1
103.679,18,103676954991,2469000,1
103.679,5,103676954991,2469000,1
103.682,5,103679423991,2496006,0
103.684,4,103681946997,2469000,1
103.684,11,103681946997,2469000,1
103.687,1,103684449997,2496006,0
103.689,14,103686982003,2469000,1
103.689,13,103686982003,2469000,1
103.689,4,103686982003,2469000,1
103.692,18,103689449003,2496006,0
103.694,19,103691981009,2469000,1
103.694,13,103691981009,2469000,1
103.697,18,103694448009,2496006,0
103.699,5,103696980015,2496006,0
103.702,1,103699548021,2496006,0
103.705,7,103702071027,2469000,1
103.707,18,103704869033,2496006,0
103.71,5,103707392039,2496006,0
103.712,10,103709915045,2496006,0
103.715,12,103712447051,2469000,1
103.715,13,103712447051,2469000,1
103.717,10,103714923051,2496006,0
103.72,5,103717446057,2469000,1
103.72,1,103717446057,2469000,1
103.725,10,103722454063,2496006,0
103.727,11,103724986069,2496006,0
103.73,18,103727518075,2496006,0
103.733,11,103730068081,2469000,1
103.733,10,103730068081,2469000,1
103.735,19,103732571081,2496006,0
103.738,18,103735103087,2496006,0
103.74,1,103737644093,2496006,0
103.743,10,103740176099,2496006,0
103.745,22,103742699105,2496006,0
103.748,2,103745222111,2469000,1
103.748,5,103745222111,2469000,1
103.748,1,103745222111,2469000,1
103.75,11,103747707111,2496006,0
103.753,22,103750230117,2496006,0
103.755,18,103752771123,2469000,1
103.755,19,103752771123,2469000,1
103.758,11,103755238123,2469000,1
103.76,1,103757723123,2496006,0
103.763,10,103760246129,2496006,0
103.765,22,103762778135,2496006,0
103.768,19,103765328141,2496006,0
103.77,1,103767860147,2496006,0
103.773,10,103770383153,2496006,0
103.775,19,103772906159,2496006,0
103.778,1,103775438165,2496006,0
103.781,11,103778274171,2496006,0
103.783,10,103780797177,2469000,1
103.783,22,103780797177,2469000,1
103.786,19,103783273177,2469000,1
103.786,18,103783273177,2469000,1
103.788,15,103785740177,2469000,1
103.788,13,103785740177,2469000,1
103.788,11,103785740177,2469000,1
103.791,23,103788261177,2469000,1
103.793,1,103790755177,2469000,1
103.793,22,103790755177,2469000,1
103.796,11,103793231177,2496006,0
103.798,10,103795763183,2496006,0
103.801,18,103798295189,2496006,0
103.803,19,103800836195,2469000,1
103.803,1,103800836195,2469000,1
103.806,18,103803303195,2496006,0
103.809,11,103806139201,2496006,0
103.811,10,103808707207,2496006,0
103.814,2,103811230213,2496006,0
103.816,5,103813753219,2469000,1
103.816,2,103813753219,2469000,1
103.819,18,103816220219,2469000,1
103.819,2,103816222219,2469000,1
103.821,14,103818689219,2469000,1
103.821,10,103818689219,2469000,1
103.826,11,103823688225,2496006,0
103.829,5,103826220231,2496006,0
103.831,5,103828752237,2496006,0
103.834,10,103831329243,2496006,0
103.836,18,103833870249,2496006,0
103.839,1,103836393255,2496006,0
103.841,11,103838916261,2496006,0
103.844,5,103841439267,2469000,1
103.844,11,103841439267,2469000,1
103.846,1,103843915267,2496006,0
103.849,8,103846438273,2469000,1
103.849,22,103846438273,2469000,1
103.851,19,103848905273,2496006,0
103.856,10,103853987285,2496006,0
103.859,6,103856510291,2496006,0
103.862,18,103859033297,2496006,0
103.864,6,103861574303,2496006,0
103.867,1,103864106309,2469000,1
103.867,6,103864106309,2469000,1
103.869,5,103866582309,2469000,1
103.869,11,103866582309,2469000,1
103.872,19,103869049309,2496006,0
103.874,18,103871590315,2496006,0
103.877,19,103874122321,2496006,0
103.879,10,103876645327,2496006,0
103.882,1,103879481333,2496006,0
103.885,2,103882031339,2496006,0
103.887,2,103884563345,2496006,0
103.892,1,103889618357,2469000,1
103.892,10,103889618357,2469000,1
103.895,6,103892085357,2469000,1
103.895,18,103892085357,2469000,1
103.897,11,103894552357,2469000,1
103.897,19,103894552357,2469000,1
103.9,2,103897100357,2496006,0
103.902,2,103899632363,2496006,0
103.905,2,103902164369,2496006,0
103.907,18,103904687375,2469000,1
103.907,11,103904687375,2469000,1
103.91,6,103907163375,2496006,0
103.913,10,103910035381,2496006,0
103.918,2,103915099393,2496006,0
103.92,1,103917640399,2496006,0
103.923,19,103920181405,2469000,1
103.923,6,103920181405,2469000,1
103.925,1,103922666405,2496006,0
103.928,10,103925207411,2496006,0
103.93,2,103927739417,2496006,0
103.933,5,103930271423,2496006,0
103.935,6,103932821429,2469000,1
103.938,3,103935288429,2496006,0
103.94,10,103937811435,2496006,0
103.943,2,103940343441,2496006,0
103.945,5,103942866447,2469000,1
103.945,1,103942866447,2469000,1
103.948,10,103945342447,2496006,0
103.95,2,103947883453,2496006,0
103.953,5,103950406459,2496006,0
103.955,3,103952929465,2496006,0
103.958,15,103955470471,2469000,1
103.958,6,103955470471,2469000,1
103.96,2,103957937471,2469000,1
103.96,21,103957937471,2469000,1
103.963,13,103960404471,2496006,0
103.965,19,103962936477,2469000,1
103.965,13,103962936477,2469000,1
103.968,5,103965403477,2496006,0
103.97,3,103967926483,2469000,1
103.97,10,103967926483,2469000,1
103.973,2,103970393483,2469000,1
103.973,3,103970395483,2469000,1
103.975,18,103972880483,2469000,1
103.975,2,103972880483,2469000,1
103.978,13,103975347483,2496006,0
103.98,22,103977888489,2496006,0
103.983,5,103980411495,2496006,0
103.986,1,103983256501,2496006,0
103.988,1,103985788507,2496006,0
103.991,22,103988320513,2496006,0
103.993,13,103990852519,2469000,1
103.993,5,103990852519,2469000,1
103.996,22,103993337519,2469000,1
103.996,10,103993337519,2469000,1
103.998,11,103995822519,2469000,1
104.001,1,103998289519,2469000,1
104.001,6,103998289519,2469000,1
104.001,22,103998289519,2469000,1
104.006,3,104003297525,2469000,1
104.006,5,104003297525,2469000,1
104.008,1,104005764525,2496006,0
104.011,22,104008296531,2469000,1
104.011,5,104008296531,2469000,1
104.014,11,104011148537,2496006,0
104.016,10,104013671543,2496006,0
104.019,1,104016203549,2496006,0
104.021,13,104018762555,2496006,0
104.024,11,104021285561,2469000,1
104.024,2,104021285561,2469000,1
104.026,10,104023752561,2496006,0
104.031,1,104028816573,2496006,0
104.034,1,104031384579,2469000,1
104.034,10,104031384579,2469000,1
104.034,13,104031384579,2469000,1
104.036,18,104033923579,2496006,0
104.042,18,104039023591,2496006,0
104.044,11,104041573597,2496006,0
104.047,14,104044096603,2496006,0
104.049,11,104046628609,2496006,0
104.052,10,104049151615,2496006,0
104.054,13,104051674621,2469000,1
104.054,11,104051674621,2469000,1
104.057,11,104054143621,2469000,1
104.059,1,104056628621,2496006,0
104.062,14,104059151627,2469000,1
104.062,18,104059151627,2469000,1
104.064,10,104061627627,2496006,0
104.067,17,104064177633,2496006,0
104.069,13,104066709639,2496006,0
104.072,1,104069232645,2496006,0
104.074,23,104071764651,2496006,0
104.077,18,104074287657,2496006,0
104.079,14,104076819663,2469000,1
104.082,10,104079286663,2496006,0
104.084,17,104081809669,2496006,0
104.087,23,104084654675,2469000,1
104.087,13,104084654675,2469000,1
104.09,18,104087121675,2496006,0
104.092,1,104089644681,2469000,1
104.092,11,104089644681,2469000,1
104.095,17,104092111681,2496006,0
104.097,1,104094634687,2496006,0
104.1,5,104097175693,2496006,0
104.102,19,104099698699,2496006,0
104.105,20,104102230705,2469000,1
104.105,10,104102230705,2469000,1
104.107,18,104104697705,2469000,1
104.107,19,104104697705,2469000,1
104.11,22,104107164705,2496006,0
104.112,17,104109687711,2469000,1
104.112,19,104109687711,2469000,1
104.115,5,104112485717,2496006,0
104.12,22,104117531729,2496006,0
104.123,5,104120054735,2496006,0
104.125,1,104122577741,2469000,1
104.125,10,104122577741,2469000,1
104.128,17,104125053741,2469000,1
104.128,5,104125053741,2469000,1
104.13,23,104127529741,2469000,1
104.13,5,104127529741,2469000,1
104.133,22,104130005741,2496006,0
104.135,14,104132537747,2469000,1
104.135,23,104132537747,2469000,1
104.137,13,104135022747,2469000,1
104.137,1,104135022747,2469000,1
104.14,1,104137507747,2496006,0
104.143,5,104140030753,2496006,0
104.145,1,104142553759,2496006,0
104.148,5,104145076765,2496006,0
104.15,22,104147599771,2496006,0
104.153,3,104150140777,2496006,0
104.155,18,104152672783,2496006,0
104.158,5,104155195789,2469000,1
104.158,1,104155195789,2469000,1
104.158,23,104155195789,2469000,1
104.16,3,104157662789,2496006,0
104.165,3,104162744801,2469000,1
104.165,19,104162744801,2469000,1
104.168,22,104165211801,2496006,0
104.17,19,104167734807,2496006,0
104.173,22,104170257813,2496006,0
104.175,4,104172789819,2469000,1
104.175,5,104172789819,2469000,1
104.178,18,104175265819,2469000,1
104.178,1,104175265819,2469000,1
104.18,19,104177732819,2496006,0
104.183,5,104180273825,2496006,0
104.185,22,104182814831,2496006,0
104.188,5,104185686837,2496006,0
104.191,19,104188209843,2469000,1
104.191,13,104188209843,2469000,1
104.193,1,104190685843,2496006,0
104.196,10,104193217849,2469000,1
104.196,22,104193217849,2469000,1
104.196,1,104193217849,2469000,1
104.198,1,104195693849,2496006,0
104.201,3,104198225855,2496006,0
104.203,5,104200757861,2469000,1
104.206,17,104203224861,2469000,1
104.206,19,104203224861,2469000,1
104.208,9,104205709861,2496006,0
104.211,19,104208232867,2496006,0
104.213,19,104210764873,2496006,0
104.216,19,104213287879,2496006,0
104.219,18,104216123885,2496006,0
104.221,22,104218655891,2496006,0
104.224,1,104221178897,2496006,0
104.226,3,104223701903,2496006,0
104.229,11,104226224909,2469000,1
104.229,17,104226224909,2469000,1
104.231,9,104228691909,2496006,0
104.234,1,104231223915,2496006,0
104.236,3,104233746921,2496006,0
104.239,9,104236278927,2469000,1
104.239,19,104236278927,2469000,1
104.241,2,104238763927,2469000,1
104.241,14,104238763927,2469000,1
104.241,18,104238763927,2469000,1
104.244,5,104241239927,2496006,0
104.246,3,104243762933,2469000,1
104.246,1,104243762933,2469000,1
104.246,22,104243762933,2469000,1
104.249,19,104246238933,2496006,0
104.254,5,104251302945,2496006,0
104.256,22,104253825951,2496006,0
104.259,6,104256348957,2469000,1
104.259,9,104256348957,2469000,1
104.259,18,104256348957,2469000,1
104.261,22,104258842957,2496006,0
104.264,19,104261374963,2496006,0
104.266,3,104263933969,2496006,0
104.269,5,104266456975,2496006,0
104.271,22,104269015981,2469000,1
104.271,1,104269015981,2469000,1
104.274,19,104271509981,2496006,0
104.277,21,104274059987,2496006,0
104.279,19,104276582993,2496006,0
104.282,3,104279105999,2469000,1
104.282,5,104279105999,2469000,1
104.284,1,104281581999,2469000,1
104.284,21,104281581999,2469000,1
104.287,9,104284057999,2469000,1
104.287,22,104284057999,2469000,1
104.292,19,104289388005,2469000,1
104.292,3,104289388005,2469000,1
104.294,23,104291873005,2496006,0
104.297,23,104294432011,2496006,0
104.299,23,104296982017,2496006,0
104.302,23,104299505023,2496006,0
104.305,14,104302037029,2496006,0
104.307,18,104304560035,2496006,0
104.31,18,104307083041,2496006,0
104.312,18,104309624047,2496006,0
104.315,5,104312156053,2496006,0
104.317,21,104314679059,2496006,0
104.32,10,104317515065,2496006,0
104.323,23,104320047071,2469000,1
104.323,2,104320047071,2469000,1
104.328,14,104325037077,2496006,0
104.33,21,104327569083,2496006,0
104.333,18,104330092089,2469000,1
104.333,14,104330092089,2469000,1
104.335,10,104332559089,2469000,1
104.335,5,104332559089,2469000,1
104.335,19,104332559089,2469000,1
104.338,18,104335026089,2496006,0
104.34,21,104337558095,2496006,0
104.343,15,104340090101,2496006,0
104.345,5,104342631107,2496006,0
104.348,15,104345199113,2469000,1
104.348,18,104345199113,2469000,1
104.348,23,104345199113,2469000,1
104.35,13,104347666113,2469000,1
104.35,14,104347666113,2469000,1
104.35,10,104347666113,2469000,1
104.353,22,104350160113,2469000,1
104.353,21,104350160113,2469000,1
104.353,18,104350160113,2469000,1
104.355,5,104352636113,2496006,0
104.36,15,104357700125,2496006,0
104.363,5,104360223131,2496006,0
104.365,22,104362746137,2496006,0
104.368,21,104365269143,2496006,0
104.37,3,104367792149,2469000,1
104.37,15,104367792149,2469000,1
104.373,5,104370259149,2469000,1
104.373,15,104370261149,2469000,1
104.375,22,104372737149,2496006,0
104.378,21,104375269155,2469000,1
104.378,10,104375269155,2469000,1
104.38,21,104377790155,2496006,0
104.383,3,104380313161,2496006,0
104.385,22,104382836167,2496006,0
104.388,10,104385386173,2496006,0
104.39,3,104387927179,2469000,1
104.393,21,104390716185,2496006,0
104.396,23,104393257191,2496006,0
104.398,22,104395780197,2469000,1
104.398,6,104395780197,2469000,1
104.398,5,104395780197,2469000,1
104.401,18,104398247197,2496006,0
104.403,23,104400770203,2469000,1
104.403,18,104400770203,2469000,1
104.406,9,104403246203,2469000,1
104.406,10,104403246203,2469000,1
104.408,14,104405731203,2469000,1
104.408,10,104405731203,2469000,1
104.411,19,104408198203,2496006,0
104.413,5,104410721209,2496006,0
104.416,21,104413253215,2496006,0
104.418,3,104415794221,2469000,1
104.418,23,104415794221,2469000,1
104.421,18,104418270221,2496006,0
104.424,1,104421106227,2469000,1
104.424,22,104421106227,2469000,1
104.426,21,104423573227,2496006,0
104.429,5,104426096233,2469000,1
104.429,19,104426096233,2469000,1
104.429,18,104426096233,2469000,1
104.434,17,104431122239,2496006,0
104.436,21,104433645245,2469000,1
104.436,5,104433645245,2469000,1
104.439,19,104436112245,2496006,0
104.441,17,104438635251,2496006,0
104.444,15,104441167257,2469000,1
104.444,19,104441167257,2469000,1
104.446,17,104443661257,2496006,0
104.449,18,104446202263,2469000,1
104.449,21,104446202263,2469000,1
104.451,23,104448678263,2496006,0
104.454,17,104451201269,2496006,0
104.456,18,104453724275,2496006,0
104.459,23,104456247281,2496006,0
104.461,19,104458770287,2469000,1
104.461,23,104458770287,2469000,1
104.466,18,104463832293,2496006,0
104.469,22,104466364299,2496006,0
104.471,17,104468887305,2496006,0
104.474,15,104471428311,2496006,0
104.476,10,104473969317,2496006,0
104.479,22,104476501323,2496006,0
104.481,10,104479024329,2469000,1
104.481,22,104479024329,2469000,1
104.484,15,104481500329,2469000,1
104.484,23,104481500329,2469000,1
104.486,17,104483967329,2469000,1
104.486,18,104483967329,2469000,1
104.489,17,104486452329,2496006,0
104.491,15,104488984335,2496006,0
104.494,17,104491525341,2469000,1
104.494,3,104491525341,2469000,1
104.494,22,104491525341,2469000,1
104.497,21,104494305347,2496006,0
104.502,11,104499378359,2496006,0
104.504,15,104501901365,2496006,0
104.507,11,104504433371,2496006,0
104.509,5,104506956377,2496006,0
104.512,15,104509488383,2496006,0
104.515,19,104512011389,2496006,0
104.517,21,104514534395,2496006,0
104.52,22,104517066401,2469000,1
104.52,15,104517066401,2469000,1
104.522,11,104519542401,2469000,1
104.522,22,104519542401,2469000,1
104.525,19,104522340407,2469000,1
104.525,5,104522340407,2469000,1
104.525,10,104522340407,2469000,1
104.525,18,104522340407,2469000,1
104.527,21,104524816407,2496006,0
104.53,17,104527366413,2496006,0
104.532,17,104529889419,2496006,0
104.535,11,104532430425,2469000,1
104.537,21,104534906425,2469000,1
104.537,18,104534906425,2469000,1
104.54,14,104537373425,2496006,0
104.542,5,104539896431,2496006,0
104.545,17,104542428437,2496006,0
104.547,23,104544951443,2469000,1
104.547,15,104544951443,2469000,1
104.55,3,104547418443,2469000,1
104.55,19,104547418443,2469000,1
104.552,14,104549939443,2496006,0
104.555,5,104552462449,2496006,0
104.557,19,104554985455,2496006,0
104.56,10,104557508461,2469000,1
104.56,14,104557508461,2469000,1
104.562,17,104559984461,2469000,1
104.562,23,104559984461,2469000,1
104.562,19,104559984461,2469000,1
104.565,21,104562478461,2469000,1
104.565,17,104562478461,2469000,1
104.567,20,104564945461,2469000,1
104.567,23,104564945461,2469000,1
104.567,19,104564945461,2469000,1
104.57,14,104567421461,2496006,0
104.572,15,104569944467,2469000,1
104.575,3,104572438467,2469000,1
104.575,5,104572438467,2469000,1
104.575,17,104572438467,2469000,1
104.575,19,104572438467,2469000,1
104.577,20,104574923467,2496006,0
104.58,14,104577509473,2496006,0
104.583,11,104580032479,2496006,0
104.585,9,104582564485,2496006,0
104.588,9,104585087491,2496006,0
104.59,11,104587619497,2496006,0
104.593,20,104590151503,2496006,0
104.595,13,104592701509,2469000,1
104.595,5,104592701509,2469000,1
104.598,3,104595481515,2469000,1
104.598,14,104595481515,2469000,1
104.6,20,104597957515,2469000,1
104.605,11,104602956521,2469000,1
104.605,9,104602956521,2469000,1
104.608,19,104605432521,2496006,0
104.61,9,104607964527,2496006,0
104.613,21,104610523533,2496006,0
104.616,14,104613055539,2496006,0
104.618,19,104615578545,2496006,0
104.621,20,104618110551,2496006,0
104.623,9,104620633557,2496006,0
104.626,21,104623156563,2469000,1
104.626,9,104623156563,2469000,1
104.628,10,104625936569,2496006,0
104.631,9,104628504575,2469000,1
104.633,19,104630980575,2496006,0
104.636,14,104633503581,2469000,1
104.636,9,104633503581,2469000,1
104.638,11,104635979581,2469000,1
104.638,20,104635979581,2469000,1
104.641,20,104638448581,2496006,0
104.643,19,104640980587,2469000,1
104.643,20,104640980587,2469000,1
104.646,6,104643447587,2496006,0
104.648,21,104645970593,2469000,1
104.648,10,104645970593,2469000,1
104.651,6,104648446593,2496006,0
104.653,20,104651023599,2469000,1
104.653,21,104651023599,2469000,1
104.656,9,104653490599,2496006,0
104.661,1,104658563611,2496006,0
104.664,15,104661086617,2469000,1
104.664,19,104661086617,2469000,1
104.666,6,104663553617,2496006,0
104.669,1,104666094623,2469000,1
104.669,14,104666094623,2469000,1
104.671,10,104668579623,2469000,1
104.671,1,104668579623,2469000,1
104.674,5,104671046623,2496006,0
104.676,9,104673569629,2496006,0
104.679,18,104676101635,2496006,0
104.681,5,104678633641,2496006,0
104.684,17,104681156647,2496006,0
104.686,5,104683679653,2496006,0
104.689,6,104686211659,2496006,0
104.691,9,104688734665,2496006,0
104.694,17,104691266671,2469000,1
104.694,9,104691266671,2469000,1
104.696,18,104693733671,2496006,0
104.699,6,104696256677,2469000,1
104.699,21,104696256677,2469000,1
104.699,19,104696256677,2469000,1
104.699,17,104696256677,2469000,1
104.702,5,104699036683,2496006,0
104.704,5,104701559689,2496006,0
104.707,11,104704091695,2496006,0
104.709,9,104706623701,2469000,1
104.709,5,104706623701,2469000,1
104.712,21,104709099701,2496006,0
104.714,18,104711649707,2469000,1
104.714,21,104711649707,2469000,1
104.717,17,104714116707,2496006,0
104.719,11,104716639713,2496006,0
104.722,6,104719180719,2496006,0
104.724,14,104721703725,2496006,0
104.727,6,104724226731,2496006,0
104.73,11,104727062737,2496006,0
104.732,17,104729585743,2496006,0
104.735,20,104732117749,2496006,0
104.737,21,104734649755,2496006,0
104.74,17,104737172761,2496006,0
104.742,9,104739695767,2469000,1
104.742,21,104739695767,2469000,1
104.745,11,104742162767,2469000,1
104.745,14,104742162767,2469000,1
104.745,6,104742162767,2469000,1
104.745,17,104742162767,2469000,1
104.747,5,104744629767,2469000,1
104.747,18,104744629767,2469000,1
104.75,20,104747105767,2469000,1
104.75,19,104747105767,2469000,1
104.752,21,104749581767,2496006,0
104.755,17,104752104773,2496006,0
104.757,5,104754627779,2496006,0
104.76,10,104757168785,2469000,1
104.76,1,104757168785,2469000,1
104.762,17,104759644785,2469000,1
104.762,20,104759644785,2469000,1
104.765,11,104762165785,2469000,1
104.765,21,104762165785,2469000,1
104.765,5,104762165785,2469000,1
104.767,7,104764632785,2496006,0
104.77,14,104767155791,2496006,0
104.772,21,104769678797,2469000,1
104.772,14,104769678797,2469000,1
104.775,16,104772181797,2496006,0
104.777,5,104774704803,2496006,0
104.78,6,104777227809,2496006,0
104.782,7,104779759815,2469000,1
104.782,9,104779759815,2469000,1
104.782,5,104779759815,2469000,1
104.785,17,104782253815,2496006,0
104.787,16,104784785821,2496006,0
104.79,6,104787326827,2469000,1
104.792,22,104789811827,2469000,1
104.792,7,104789811827,2469000,1
104.792,5,104789811827,2469000,1
104.795,14,104792287827,2496006,0
104.797,6,104794819833,2469000,1
104.8,17,104797313833,2496006,0
104.803,14,104800149839,2469000,1
104.803,18,104800149839,2469000,1
104.803,17,104800149839,2469000,1
104.805,16,104802616839,2496006,0
104.808,19,104805139845,2469000,1
104.813,7,104810201851,2496006,0
104.815,16,104812724857,2496006,0
104.818,11,104815265863,2496006,0
104.82,11,104817788869,2496006,0
104.823,20,104820329875,2469000,1
104.823,6,104820329875,2469000,1
104.823,17,104820329875,2469000,1
104.825,21,104822805875,2496006,0
104.828,7,104825337881,2496006,0
104.83,16,104827869887,2496006,0
104.833,21,104830705893,2469000,1
104.833,11,104830705893,2469000,1
104.836,14,104833190893,2496006,0
104.838,16,104835722899,2469000,1
104.838,7,104835722899,2469000,1
104.838,14,104835722899,2469000,1
104.841,5,104838189899,2496006,0
104.846,21,104843307911,2469000,1
104.846,7,104843307911,2469000,1
104.848,5,104845792911,2496006,0
104.851,5,104848378917,2496006,0
104.853,14,104850901923,2496006,0
104.856,8,104853424929,2496006,0
104.858,11,104855956935,2469000,1
104.858,16,104855956935,2469000,1
104.861,14,104858423935,2496006,0
104.863,8,104860964941,2496006,0
104.866,5,104863487947,2469000,1
104.866,10,104863487947,2469000,1
104.871,1,104868495953,2496006,0
104.874,20,104871072959,2469000,1
104.874,14,104871072959,2469000,1
104.876,8,104873548959,2496006,0
104.879,17,104876089965,2496006,0
104.881,8,104878621971,2469000,1
104.881,1,104878621971,2469000,1
104.884,17,104881088971,2496006,0
104.886,5,104883638977,2469000,1
104.889,17,104886105977,2496006,0
104.891,11,104888700983,2496006,0
104.894,14,104891241989,2496006,0
104.896,21,104893782995,2469000,1
104.896,7,104893782995,2469000,1
104.899,17,104896249995,2496006,0
104.904,11,104901305007,2496006,0
104.907,14,104904150013,2469000,1
104.907,8,104904150013,2469000,1
104.909,17,104906617013,2496006,0
104.912,7,104909140019,2496006,0
104.914,1,104911663025,2496006,0
104.917,16,104914186031,2469000,1
104.917,7,104914186031,2469000,1
104.919,11,104916653031,2496006,0
104.922,1,104919176037,2469000,1
104.922,11,104919176037,2469000,1
104.924,15,104921652037,2496006,0
104.927,6,104924175043,2469000,1
104.927,21,104924175043,2469000,1
104.929,18,104926660043,2469000,1
104.932,17,104929136043,2496006,0
104.934,11,104931972049,2496006,0
104.937,14,104934513055,2496006,0
104.94,8,104937036061,2496006,0
104.942,15,104939559067,2496006,0
104.945,7,104942091073,2469000,1
104.945,17,104942091073,2469000,1
104.947,17,104944576073,2496006,0
104.95,15,104947099079,2469000,1
104.95,8,104947099079,2469000,1
104.95,11,104947099079,2469000,1
104.952,14,104949584079,2496006,0
104.955,12,104952107085,2496006,0
104.957,17,104954639091,2469000,1
104.957,1,104954639091,2469000,1
104.957,14,104954639091,2469000,1
104.96,5,104957115091,2496006,0
104.965,15,104962170103,2496006,0
104.967,14,104964693109,2496006,0
104.97,17,104967216115,2496006,0
104.972,5,104969739121,2496006,0
104.975,11,104972262127,2469000,1
104.975,12,104972262127,2469000,1
104.977,7,104974729127,2496006,0
104.98,15,104977252133,2496006,0
104.982,15,104979775139,2496006,0
104.985,14,104982307145,2496006,0
104.987,17,104984839151,2469000,1
104.987,12,104984839151,2469000,1
104.99,5,104987315151,2496006,0
104.992,15,104989838157,2469000,1
104.992,7,104989838157,2469000,1
104.995,17,104992332157,2496006,0
104.997,8,104994873163,2496006,0
105,14,104997414169,2496006,0
105.002,1,104999946175,2469000,1
105.005,14,105002431175,2469000,1
105.005,8,105002431175,2469000,1
105.005,20,105002431175,2469000,1
105.005,5,105002431175,2469000,1
105.008,16,105005211181,2496006,0
105.01,15,105007734187,2469000,1
105.01,1,105007734187,2469000,1
105.013,17,105010201187,2496006,0
105.015,7,105012778193,2469000,1
105.015,14,105012778193,2469000,1
105.018,17,105015245193,2496006,0
105.02,17,105017768199,2496006,0
105.023,16,105020318205,2469000,1
105.023,17,105020318205,2469000,1
105.025,8,105022839205,2469000,1
105.025,1,105022839205,2469000,1
105.025,17,105022839205,2469000,1
105.028,5,105025306205,2469000,1
105.028,14,105025306205,2469000,1
105.03,11,105027773205,2496006,0
105.033,16,105030314211,2469000,1
105.035,11,105032808211,2469000,1
105.035,9,105032808211,2469000,1
105.038,17,105035615217,2469000,1
105.038,11,105035615217,2469000,1
105.041,7,105038118217,2496006,0
105.043,12,105040659223,2496006,0
105.046,8,105043182229,2496006,0
105.048,23,105045705235,2496006,0
105.051,5,105048237241,2496006,0
105.053,7,105050760247,2496006,0
105.056,10,105053301253,2496006,0
105.058,23,105055824259,2469000,1
105.061,5,105058291259,2496006,0
105.063,15,105060814265,2496006,0
105.066,12,105063337271,2469000,1
105.066,15,105063337271,2469000,1
105.071,14,105068347277,2469000,1
105.071,8,105068347277,2469000,1
105.073,8,105070823277,2496006,0
105.076,7,105073346283,2469000,1
105.076,10,105073346283,2469000,1
105.078,11,105075822283,2496006,0
105.081,5,105078345289,2469000,1
105.081,11,105078345289,2469000,1
105.083,8,105080821289,2496006,0
105.086,12,105083344295,2496006,0
105.088,23,105085885301,2469000,1
105.088,7,105085885301,2469000,1
105.088,10,105085885301,2469000,1
105.091,5,105088370301,2496006,0
105.093,5,105090911307,2496006,0
105.098,12,105095957319,2496006,0
105.101,11,105098498325,2496006,0
105.103,5,105101021331,2469000,1
105.103,17,105101021331,2469000,1
105.103,8,105101021331,2469000,1
105.106,16,105103488331,2469000,1
105.106,5,105103490331,2469000,1
105.108,15,105105966331,2496006,0
105.111,15,105108838337,2496006,0
105.114,7,105111361343,2469000,1
105.114,11,105111361343,2469000,1
105.116,12,105113837343,2496006,0
105.119,13,105116369349,2469000,1
105.119,11,105116369349,2469000,1
105.121,15,105118836349,2469000,1
105.121,10,105118836349,2469000,1
105.124,12,105121303349,2496006,0
105.126,8,105123826355,2469000,1
105.126,10,105123826355,2469000,1
105.129,12,105126311355,2469000,1
105.131,15,105128814355,2496006,0
105.134,23,105131409361,2469000,1
105.134,12,105131409361,2469000,1
105.136,5,105133885361,2496006,0
105.139,11,105136730367,2469000,1
105.139,5,105136730367,2469000,1
105.142,14,105139206367,2496006,0
105.144,15,105141729373,2496006,0
105.147,14,105144261379,2496006,0
105.149,18,105146784385,2469000,1
105.149,15,105146784385,2469000,1
105.152,5,105149251385,2496006,0
105.157,5,105154306397,2496006,0
105.159,14,105156865403,2496006,0
105.162,8,105159397409,2496006,0
105.164,12,105161920415,2496006,0
105.167,12,105164443421,2496006,0
105.169,5,105166966427,2469000,1
105.169,15,105166966427,2469000,1
105.172,8,105169460427,2469000,1
105.172,6,105169460427,2469000,1
105.174,21,105171954427,2496006,0
105.177,14,105174486433,2496006,0
105.179,7,105177009439,2469000,1
105.182,14,105179494439,2496006,0
105.185,12,105182017445,2496006,0
105.187,8,105184558451,2496006,0
105.19,5,105187081457,2496006,0
105.192,12,105189604463,2469000,1
105.192,21,105189604463,2469000,1
105.195,14,105192080463,2496006,0
105.197,5,105194612469,2496006,0
105.2,19,105197144475,2496006,0
105.202,8,105199667481,2496006,0
105.205,21,105202199487,2496006,0
105.207,7,105204740493,2496006,0
105.21,19,105207263499,2469000,1
105.213,7,105210052505,2496006,0
105.215,8,105212575511,2469000,1
105.215,5,105212575511,2469000,1
105.215,23,105212575511,2469000,1
105.215,14,105212575511,2469000,1
105.218,4,105215051511,2496006,0
105.22,21,105217592517,2469000,1
105.22,12,105217592517,2469000,1
105.223,19,105220059517,2496006,0
105.225,21,105222582523,2496006,0
105.228,7,105225168529,2496006,0
105.23,4,105227691535,2496006,0
105.233,19,105230214541,2469000,1
105.233,15,105230214541,2469000,1
105.233,7,105230214541,2469000,1
105.235,8,105232699541,2496006,0
105.238,4,105235222547,2469000,1
105.238,21,105235222547,2469000,1
105.238,7,105235222547,2469000,1
105.243,14,105240525553,2496006,0
105.246,14,105243057559,2496006,0
105.248,14,105245580565,2496006,0
105.251,8,105248103571,2496006,0
105.253,16,105250626577,2496006,0
105.256,5,105253158583,2496006,0
105.258,8,105255735589,2496006,0
105.261,16,105258267595,2496006,0
105.263,12,105260790601,2469000,1
105.263,4,105260790601,2469000,1
105.263,14,105260790601,2469000,1
105.266,21,105263257601,2496006,0
105.268,5,105265789607,2496006,0
105.271,6,105268312613,2496006,0
105.273,8,105270835619,2496006,0
105.276,16,105273358625,2469000,1
105.276,23,105273358625,2469000,1
105.276,19,105273358625,2469000,1
105.276,8,105273358625,2469000,1
105.278,14,105275825625,2469000,1
105.278,5,105275825625,2469000,1
105.281,21,105278310625,2496006,0
105.283,22,105280842631,2496006,0
105.286,6,105283374637,2469000,1
105.286,11,105283374637,2469000,1
105.288,7,105285841637,2496006,0
105.291,22,105288373643,2496006,0
105.293,21,105290914649,2469000,1
105.293,5,105290914649,2469000,1
105.296,19,105293399649,2496006,0
105.298,16,105295931655,2496006,0
105.301,7,105298454661,2496006,0
105.303,6,105300995667,2496006,0
105.306,7,105303527673,2469000,1
105.306,16,105303527673,2469000,1
105.308,22,105305994673,2496006,0
105.311,8,105308517679,2496006,0
105.314,19,105311040685,2496006,0
105.316,17,105313876691,2496006,0
105.319,8,105316408697,2469000,1
105.321,6,105318875697,2469000,1
105.321,7,105318875697,2469000,1
105.324,22,105321369697,2469000,1
105.324,20,105321369697,2469000,1
105.326,17,105323836697,2496006,0
105.329,21,105326359703,2496006,0
105.331,18,105328882709,2469000,1
105.331,16,105328882709,2469000,1
105.334,19,105331358709,2496006,0
105.336,17,105333881715,2469000,1
105.336,10,105333881715,2469000,1
105.336,4,105333881715,2469000,1
105.339,12,105336357715,2469000,1
105.339,14,105336357715,2469000,1
105.341,21,105338824715,2496006,0
105.344,19,105341660721,2496006,0
105.347,8,105344201727,2496006,0
105.349,21,105346760733,2496006,0
105.352,22,105349301739,2496006,0
105.354,19,105351824745,2496006,0
105.357,22,105354347751,2496006,0
105.359,6,105356879757,2496006,0
105.362,21,105359402763,2469000,1
105.362,8,105359402763,2469000,1
105.364,22,105361869763,2496006,0
105.367,7,105364392769,2496006,0
105.369,5,105366924775,2496006,0
105.372,17,105369456781,2469000,1
105.372,7,105369456781,2469000,1
105.374,8,105371950781,2496006,0
105.377,11,105374473787,2469000,1
105.377,6,105374473787,2469000,1
105.377,17,105374473787,2469000,1
105.379,19,105376940787,2496006,0
105.384,16,105381986799,2496006,0
105.387,19,105384509805,2496006,0
105.39,22,105387032811,2496006,0
105.392,15,105389555817,2469000,1
105.392,10,105389555817,2469000,1
105.392,5,105389555817,2469000,1
105.392,22,105389555817,2469000,1
105.395,16,105392022817,2496006,0
105.397,9,105394554823,2496006,0
105.4,21,105397086829,2496006,0
105.402,8,105399609835,2496006,0
105.405,19,105402141841,2496006,0
105.407,8,105404673847,2496006,0
105.41,7,105407196853,2469000,1
105.41,19,105407196853,2469000,1
105.412,16,105409663853,2496006,0
105.415,21,105412204859,2469000,1
105.415,5,105412204859,2469000,1
105.417,9,105415002865,2496006,0
105.42,6,105417543871,2496006,0
105.423,22,105420084877,2469000,1
105.423,8,105420084877,2469000,1
105.425,16,105422551877,2496006,0
105.428,6,105425074883,2496006,0
105.433,9,105430147895,2496006,0
105.435,16,105432688901,2496006,0
105.438,4,105435229907,2469000,1
105.438,19,105435229907,2469000,1
105.44,7,105437714907,2496006,0
105.443,6,105440237913,2496006,0
105.445,16,105442769919,2469000,1
105.445,9,105442769919,2469000,1
105.448,13,105445558925,2469000,1
105.448,21,105445558925,2469000,1
105.451,8,105448052925,2496006,0
105.453,7,105450611931,2496006,0
105.456,6,105453134937,2496006,0
105.458,7,105455675943,2496006,0
105.461,9,105458198949,2496006,0
105.463,7,105460721955,2496006,0
105.466,8,105463244961,2469000,1
105.466,16,105463244961,2469000,1
105.468,22,105465711961,2496006,0
105.473,9,105470793973,2469000,1
105.473,6,105470793973,2469000,1
105.476,22,105473278973,2496006,0
105.478,5,105475819979,2469000,1
105.478,7,105475819979,2469000,1
105.481,22,105478304979,2496006,0
105.483,19,105480863985,2496006,0
105.486,14,105483386991,2496006,0
105.488,17,105485918997,2469000,1
105.488,14,105485918997,2469000,1
105.491,22,105488385997,2496006,0
105.493,22,105490918003,2496006,0
105.496,7,105493450009,2469000,1
105.496,22,105493450009,2469000,1
105.498,19,105495917009,2496006,0
105.501,6,105498440015,2469000,1
105.501,19,105498440015,2469000,1
105.503,8,105500907015,2496006,0
105.506,14,105503439021,2469000,1
105.506,8,105503439021,2469000,1
105.508,16,105505906021,2469000,1
105.511,9,105508382021,2469000,1
105.511,19,105508382021,2469000,1
105.513,7,105510867021,2496006,0
105.516,6,105513390027,2496006,0
105.518,19,105515940033,2496006,0
105.521,14,105518776039,2496006,0
105.524,21,105521299045,2496006,0
105.526,8,105523831051,2496006,0
105.529,8,105526372057,2496006,0
105.531,21,105528913063,2469000,1
105.531,14,105528913063,2469000,1
105.534,6,105531380063,2469000,1
105.534,9,105531380063,2469000,1
105.534,7,105531380063,2469000,1
105.536,22,105533865063,2496006,0
105.539,19,105536388069,2496006,0
105.541,2,105538947075,2469000,1
105.541,8,105538947075,2469000,1
105.544,17,105541414075,2496006,0
105.546,6,105543937081,2496006,0
105.549,7,105546773087,2469000,1
105.549,2,105546773087,2469000,1
105.552,22,105549249087,2496006,0
105.554,21,105551772093,2496006,0
105.557,8,105554295099,2496006,0
105.559,6,105556818105,2496006,0
105.562,19,105559341111,2496006,0
105.564,17,105561864117,2469000,1
105.564,19,105561864117,2469000,1
105.567,6,105564331117,2496006,0
105.569,17,105566863123,2469000,1
105.569,19,105566863123,2469000,1
105.572,8,105569330123,2496006,0
105.574,14,105571853129,2496006,0
105.577,22,105574376135,2496006,0
105.579,7,105576899141,2496006,0
105.582,2,105579422147,2496006,0
105.584,2,105581954153,2496006,0
105.587,14,105584477159,2496006,0
105.589,1,105587000165,2469000,1
105.589,21,105587000165,2469000,1
105.589,6,105587000165,2469000,1
105.592,22,105589476165,2496006,0
105.595,22,105592008171,2496006,0
105.597,7,105594531177,2469000,1
105.599,14,105596998177,2469000,1
105.602,19,105599476177,2469000,1
105.602,8,105599476177,2469000,1
105.602,14,105599476177,2469000,1
105.604,12,105601952177,2469000,1
105.607,2,105604419177,2496006,0
105.609,22,105606942183,2469000,1
105.609,7,105606942183,2469000,1
105.614,2,105611941189,2496006,0
105.617,23,105614464195,2496006,0
105.62,14,105617023201,2496006,0
105.622,23,105619859207,2496006,0
105.625,5,105622391213,2496006,0
105.627,7,105624914219,2496006,0
105.63,17,105627446225,2496006,0
105.632,9,105629978231,2469000,1
105.632,6,105629978231,2469000,1
105.632,2,105629978231,2469000,1
105.632,14,105629978231,2469000,1
105.635,21,105632445231,2496006,0
105.637,23,105634968237,2496006,0
105.64,22,105637491243,2496006,0
105.643,7,105640032249,2496006,0
105.645,15,105642555255,2469000,1
105.645,17,105642555255,2469000,1
105.645,14,105642555255,2469000,1
105.647,21,105645022255,2469000,1
105.647,2,105645022255,2469000,1
105.65,8,105647498255,2469000,1
105.65,5,105647498255,2469000,1
105.65,17,105647498255,2469000,1
105.653,16,105650305261,2496006,0
105.655,19,105652846267,2469000,1
105.655,23,105652846267,2469000,1
105.658,22,105655313267,2469000,1
105.658,5,105655313267,2469000,1
105.66,14,105657780267,2496006,0
105.663,16,105660312273,2469000,1
105.663,7,105660312273,2469000,1
105.665,14,105662779273,2496006,0
105.67,14,105667852285,2496006,0
105.673,21,105670393291,2496006,0
105.675,14,105672916297,2496006,0
105.678,21,105675466303,2496006,0
105.68,14,105677998309,2469000,1
105.68,22,105677998309,2469000,1
105.683,21,105680465309,2496006,0
105.685,10,105683006315,2469000,1
105.685,19,105683006315,2469000,1
105.688,23,105685518315,2469000,1
105.688,7,105685518315,2469000,1
105.69,21,105687985315,2496006,0
105.693,17,105690526321,2496006,0
105.696,14,105693049327,2496006,0
105.698,21,105695572333,2469000,1
105.698,16,105695572333,2469000,1
105.698,17,105695572333,2469000,1
105.701,2,105698039333,2496006,0
105.703,17,105700589339,2469000,1
105.703,2,105700589339,2469000,1
105.706,11,105703056339,2496006,0
105.708,11,105705588345,2496006,0
105.711,8,105708111351,2496006,0
105.713,8,105710634357,2496006,0
105.716,6,105713157363,2496006,0
105.721,14,105718221375,2496006,0
105.723,22,105720744381,2496006,0
105.726,14,105723589387,2496006,0
105.729,8,105726130393,2496006,0
105.731,6,105728653399,2469000,1
105.731,11,105728653399,2469000,1
105.734,5,105731138399,2469000,1
105.734,23,105731138399,2469000,1
105.734,2,105731138399,2469000,1
105.736,21,105733605399,2496006,0
105.739,22,105736128405,2496006,0
105.741,14,105738669411,2469000,1
105.741,2,105738669411,2469000,1
105.744,7,105741136411,2469000,1
105.744,17,105741136411,2469000,1
105.746,8,105743612411,2496006,0
105.749,21,105746180417,2496006,0
105.751,22,105748730423,2496006,0
105.754,8,105751584429,2469000,1
105.754,3,105751584429,2469000,1
105.757,21,105754051429,2496006,0
105.759,6,105756583435,2469000,1
105.762,13,105759059435,2496006,0
105.764,11,105761600441,2496006,0
105.767,21,105764123447,2469000,1
105.767,22,105764123447,2469000,1
105.769,8,105766590447,2496006,0
105.772,4,105769113453,2469000,1
105.772,16,105769113453,2469000,1
105.772,14,105769113453,2469000,1
105.772,8,105769113453,2469000,1
105.774,22,105771589453,2496006,0
105.777,9,105774112459,2496006,0
105.779,9,105776635465,2496006,0
105.782,8,105779158471,2469000,1
105.782,22,105779158471,2469000,1
105.784,13,105781625471,2496006,0
105.787,11,105784202477,2496006,0
105.789,9,105786752483,2496006,0
105.792,9,105789275489,2496006,0
105.794,5,105791807495,2469000,1
105.794,22,105791807495,2469000,1
105.797,13,105794283495,2496006,0
105.799,22,105796806501,2469000,1
105.802,19,105799282501,2469000,1
105.802,13,105799282501,2469000,1
105.804,9,105801749501,2469000,1
105.804,11,105801749501,2469000,1
105.807,2,105804216501,2469000,1
105.807,21,105804216501,2469000,1
105.809,6,105806683501,2496006,0
105.812,14,105809206507,2496006,0
105.814,9,105811729513,2496006,0
105.817,21,105814261519,2496006,0
105.819,6,105816838525,2496006,0
105.822,14,105819379531,2496006,0
105.824,9,105821902537,2469000,1
105.824,14,105821902537,2469000,1
105.827,13,105824682543,2496006,0
105.83,5,105827214549,2496006,0
105.832,21,105829746555,2469000,1
105.832,13,105829746555,2469000,1
105.835,5,105832213555,2496006,0
105.837,5,105834736561,2496006,0
105.84,11,105837286567,2469000,1
105.84,6,105837286567,2469000,1
105.84,5,105837286567,2469000,1
105.842,9,105839753567,2496006,0
105.845,7,105842285573,2496006,0
105.847,7,105844808579,2496006,0
105.85,8,105847331585,2469000,1
105.85,9,105847331585,2469000,1
105.852,9,105849825585,2496006,0
105.855,14,105852348591,2496006,0
105.86,9,105857707603,2496006,0
105.863,5,105860230609,2496006,0
105.865,9,105862753615,2496006,0
105.868,14,105865276621,2496006,0
105.87,21,105867799627,2496006,0
105.873,6,105870331633,2496006,0
105.875,7,105872863639,2496006,0
105.878,14,105875404645,2496006,0
105.88,5,105877927651,2496006,0
105.883,21,105880450657,2469000,1
105.883,13,105880450657,2469000,1
105.883,14,105880450657,2469000,1
105.883,5,105880450657,2469000,1
105.885,9,105882917657,2469000,1
105.885,17,105882917657,2469000,1
105.888,23,105885393657,2496006,0
105.89,6,105887916663,2496006,0
105.893,5,105890439669,2496006,0
105.895,9,105892962675,2496006,0
105.898,7,105895494681,2496006,0
105.901,23,105898017687,2496006,0
105.903,5,105900549693,2469000,1
105.903,14,105900549693,2469000,1
105.903,7,105900549693,2469000,1
105.903,23,105900549693,2469000,1
105.906,7,105903034693,2496006,0
105.908,6,105905557699,2496006,0
105.911,9,105908089705,2469000,1
105.913,16,105910565705,2469000,1
105.913,5,105910565705,2469000,1
105.916,21,105913041705,2496006,0
105.918,21,105915618711,2496006,0
105.921,7,105918150717,2496006,0
105.923,6,105920673723,2469000,1
105.923,7,105920673723,2469000,1
105.926,7,105923142723,2496006,0
105.928,11,105925674729,2496006,0
105.931,5,105928510735,2496006,0
105.934,13,105931042741,2496006,0
105.936,9,105933565747,2469000,1
105.936,11,105933565747,2469000,1
105.939,23,105936041747,2496006,0
105.941,21,105938582753,2496006,0
105.944,7,105941123759,2469000,1
105.944,13,105941123759,2469000,1
105.944,21,105941123759,2469000,1
105.946,23,105943608759,2496006,0
105.949,5,105946140765,2496006,0
105.951,6,105948690771,2496006,0
105.954,15,105951213777,2469000,1
105.954,3,105951213777,2469000,1
105.954,14,105951213777,2469000,1
105.956,23,105953698777,2469000,1
105.956,7,105953698777,2469000,1
105.956,3,105953698777,2469000,1
105.959,13,105956496783,2496006,0
105.962,23,105959019789,2496006,0
105.964,6,105961542795,2496006,0
105.967,5,105964065801,2496006,0
105.969,22,105966588807,2469000,1
105.969,13,105966588807,2469000,1
105.972,11,105969064807,2496006,0
105.974,21,105971632813,2469000,1
105.974,7,105971632813,2469000,1
105.977,6,105974108813,2469000,1
105.977,5,105974108813,2469000,1
105.979,3,105976584813,2469000,1
105.979,23,105976584813,2469000,1
105.982,11,105979069813,2496006,0
105.984,8,105981592819,2496006,0
105.987,7,105984124825,2496006,0
105.989,6,105986656831,2496006,0
105.994,6,105991729843,2469000,1
105.994,11,105991729843,2469000,1
105.994,9,105991729843,2469000,1
105.994,23,105991729843,2469000,1
105.997,8,105994196843,2496006,0
105.999,13,105996764849,2496006,0
106.002,5,105999287855,2469000,1
106.002,7,105999287855,2469000,1
106.004,8,106001772855,2496006,0
106.007,2,106004295861,2496006,0
106.009,9,106006818867,2496006,0
106.012,2,106009359873,2496006,0
106.014,6,106011882879,2496006,0
106.017,9,106014405885,2496006,0
106.019,13,106016937891,2469000,1
106.019,2,106016937891,2469000,1
106.022,7,106019422891,2496006,0
106.024,11,106021954897,2496006,0
106.027,8,106024486903,2469000,1
106.027,13,106024486903,2469000,1
106.032,6,106029789909,2496006,0
106.035,21,106032312915,2469000,1
106.035,6,106032312915,2469000,1
106.037,8,106034797915,2496006,0
106.04,9,106037320921,2496006,0
106.042,11,106039852927,2496006,0
106.045,2,106042375933,2469000,1
106.045,7,106042375933,2469000,1
106.047,5,106044851933,2469000,1
106.047,11,106044851933,2469000,1
106.05,5,106047320933,2496006,0
106.052,8,106049870939,2469000,1
106.052,5,106049870939,2469000,1
106.055,5,106052339939,2496006,0
106.057,9,106054871945,2496006,0
106.06,23,106057403951,2469000,1
106.06,13,106057403951,2469000,1
106.063,3,106060183957,2496006,0
106.065,5,106062706963,2469000,1
106.065,2,106062706963,2469000,1
106.068,12,106065173963,2496006,0
106.07,4,106067705969,2496006,0
106.073,13,106070237975,2469000,1
106.073,5,106070237975,2469000,1
106.075,11,106072704975,2496006,0
106.078,3,106075227981,2469000,1
106.078,11,106075227981,2469000,1
106.08,6,106077694981,2496006,0
106.083,12,106080244987,2469000,1
106.083,9,106080244987,2469000,1
106.083,4,106080244987,2469000,1
106.085,9,106082713987,2496006,0
106.088,12,106085236993,2496006,0
106.09,7,106087759999,2496006,0
106.093,6,106090292005,2496006,0
106.095,9,106092815011,2469000,1
106.095,3,106092815011,2469000,1
106.098,8,106095282011,2496006,0
106.1,12,106097832017,2469000,1
106.1,18,106097832017,2469000,1
106.1,13,106097832017,2469000,1
106.103,14,106100299017,2496006,0
106.105,7,106102831023,2496006,0
106.108,11,106105354029,2469000,1
106.108,14,106105354029,2469000,1
106.11,6,106107830029,2496006,0
106.113,17,106110353035,2496006,0
106.115,7,106112876041,2469000,1
106.115,6,106112876041,2469000,1
106.118,1,106115352041,2496006,0
106.12,8,106117884047,2496006,0
106.123,11,106120407053,2469000,1
106.123,1,106120407053,2469000,1
106.125,3,106122883053,2496006,0
106.128,4,106125433059,2469000,1
106.128,12,106125433059,2469000,1
106.13,7,106127900059,2469000,1
106.133,14,106130367059,2496006,0
106.136,17,106133203065,2469000,1
106.136,12,106133203065,2469000,1
106.138,16,106135670065,2469000,1
106.138,7,106135670065,2469000,1
106.141,14,106138155065,2469000,1
106.141,9,106138155065,2469000,1
106.143,5,106140622065,2469000,1
106.143,8,106140622065,2469000,1
106.146,3,106143089065,2496006,0
106.148,6,106145612071,2496006,0
106.151,3,106148135077,2496006,0
106.153,1,106150676083,2496006,0
106.156,6,106153199089,2496006,0
106.158,17,106155731095,2469000,1
106.158,8,106155731095,2469000,1
106.161,19,106158207095,2496006,0
106.164,14,106161043101,2496006,0
106.166,6,106163566107,2496006,0
106.169,3,106166098113,2496006,0
106.171,6,106168621119,2496006,0
106.174,14,106171162125,2469000,1
106.174,1,106171162125,2469000,1
106.176,5,106173638125,2496006,0
106.179,14,106176170131,2496006,0
106.181,19,106178711137,2469000,1
106.181,6,106178711137,2469000,1
106.184,3,106181178137,2496006,0
106.186,5,106183710143,2469000,1
106.186,12,106183710143,2469000,1
106.186,3,106183710143,2469000,1
106.191,1,106188736149,2496006,0
106.194,3,106191259155,2496006,0
106.196,14,106193782161,2496006,0
106.199,8,106196314167,2496006,0
106.201,3,106198873173,2496006,0
106.204,21,106201432179,2469000,1
106.204,23,106201432179,2469000,1
106.206,14,106203899179,2496006,0
106.209,4,106206422185,2469000,1
106.209,1,106206422185,2469000,1
106.211,3,106208898185,2469000,1
106.211,13,106208898185,2469000,1
106.214,19,106211365185,2496006,0
106.216,8,106213888191,2496006,0
106.219,6,106216411197,2496006,0
106.221,17,106218943203,2496006,0
106.224,9,106221466209,2469000,1
106.224,5,106221466209,2469000,1
106.224,4,106221466209,2469000,1
106.226,8,106223933209,2496006,0
106.229,6,106226456215,2496006,0
106.231,14,106228988221,2496006,0
106.234,3,106231520227,2469000,1
106.234,6,106231520227,2469000,1
106.237,2,106234300233,2469000,1
106.237,14,106234300233,2469000,1
106.239,11,106236776233,2496006,0
106.242,19,106239299239,2496006,0
106.244,17,106241822245,2496006,0
106.247,17,106244345251,2496006,0
106.249,8,106246868257,2496006,0
106.254,11,106251923269,2496006,0
106.257,8,106254455275,2469000,1
106.257,14,106254455275,2469000,1
106.259,21,106256922275,2496006,0
106.262,17,106259445281,2469000,1
106.262,19,106259445281,2469000,1
106.264,11,106261921281,2469000,1
106.264,1,106261921281,2469000,1
106.267,5,106264755287,2496006,0
106.27,11,106267287293,2496006,0
106.272,6,106269810299,2469000,1
106.272,17,106269810299,2469000,1
106.275,21,106272277299,2469000,1
106.275,19,106272277299,2469000,1
106.277,21,106274771299,2496006,0
106.28,11,106277294305,2496006,0
106.282,22,106279853311,2469000,1
106.282,5,106279853311,2469000,1
106.285,21,106282338311,2496006,0
106.287,11,106284879317,2469000,1
106.287,3,106284879317,2469000,1
106.287,8,106284879317,2469000,1
106.29,19,106287346317,2496006,0
106.292,8,106289869323,2469000,1
106.292,19,106289869323,2469000,1
106.295,14,106292363323,2496006,0
106.297,1,106294904329,2469000,1
106.297,17,106294904329,2469000,1
106.3,21,106297380329,2469000,1
106.3,11,106297380329,2469000,1
106.302,22,106299847329,2496006,0
106.305,7,106302370335,2469000,1
106.305,22,106302370335,2469000,1
106.307,5,106304846335,2496006,0
106.31,1,106307387341,2496006,0
106.312,14,106309928347,2469000,1
106.312,1,106309928347,2469000,1
106.315,9,106312395347,2469000,1
106.315,17,106312395347,2469000,1
106.317,5,106314862347,2496006,0
106.32,6,106317421353,2496006,0
106.322,22,106319944359,2496006,0
106.325,5,106322467365,2469000,1
106.325,19,106322467365,2469000,1
106.325,14,106322467365,2469000,1
106.327,6,106324934365,2496006,0
106.33,1,106327475371,2496006,0
106.332,22,106329998377,2469000,1
106.332,21,106329998377,2469000,1
106.335,1,106332492377,2469000,1
106.335,6,106332492377,2469000,1
106.338,6,106335004377,2496006,0
106.34,5,106337840383,2496006,0
106.343,15,106340363389,2469000,1
106.345,5,106342839389,2496006,0
106.348,14,106345371395,2496006,0
106.35,19,106347921401,2469000,1
106.35,6,106347921401,2469000,1
106.35,14,106347921401,2469000,1
106.353,4,106350388401,2469000,1
106.353,11,106350388401,2469000,1
106.355,22,106352864401,2496006,0
106.358,5,106355405407,2496006,0
106.36,8,106357937413,2469000,1
106.36,5,106357937413,2469000,1
106.363,6,106360413413,2496006,0
106.365,22,106362936419,2496006,0
106.368,1,106365790425,2496006,0
106.371,23,106368313431,2496006,0
106.373,6,106370872437,2496006,0
106.376,1,106373395443,2469000,1
106.376,11,106373395443,2469000,1
106.378,3,106375871443,2496006,0
106.381,1,106378394449,2496006,0
106.386,5,106383440461,2469000,1
106.386,22,106383440461,2469000,1
106.388,19,106385907461,2496006,0
106.391,14,106388430467,2469000,1
106.391,19,106388430467,2469000,1
106.393,3,106390906467,2469000,1
106.393,23,106390906467,2469000,1
106.396,6,106393373467,2496006,0
106.398,6,106395914473,2496006,0
106.401,18,106398437479,2496006,0
106.403,1,106400969485,2496006,0
106.406,6,106403492491,2496006,0
106.409,16,106406015497,2496006,0
106.411,18,106408538503,2496006,0
106.414,21,106411079509,2469000,1
106.414,16,106411079509,2469000,1
106.416,18,106413555509,2496006,0
106.419,6,106416096515,2469000,1
106.419,22,106416096515,2469000,1
106.419,16,106416096515,2469000,1
106.421,18,106418572515,2496006,0
106.424,5,106421095521,2496006,0
106.426,1,106423627527,2496006,0
106.429,23,106426150533,2496006,0
106.431,6,106428682539,2469000,1
106.434,5,106431149539,2496006,0
106.436,19,106433672545,2496006,0
106.439,18,106436204551,2469000,1
106.439,3,106436204551,2469000,1
106.441,2,106439002557,2496006,0
106.444,6,106441525563,2496006,0
106.447,1,106444057569,2469000,1
106.447,23,106444057569,2469000,1
106.449,19,106446524569,2496006,0
106.452,6,106449047575,2496006,0
106.454,2,106451570581,2469000,1
106.454,9,106451570581,2469000,1
106.457,6,106454037581,2496006,0
106.459,5,106456560587,2496006,0
106.462,19,106459092593,2496006,0
106.464,7,106461651599,2496006,0
106.467,19,106464174605,2496006,0
106.469,22,106466697611,2469000,1
106.469,18,106466697611,2469000,1
106.472,5,106469477617,2496006,0
106.474,23,106472000623,2469000,1
106.474,9,106472000623,2469000,1
106.474,5,106472000623,2469000,1
106.477,14,106474467623,2469000,1
106.477,1,106474467623,2469000,1
106.479,6,106476952623,2496006,0
106.482,16,106479484629,2496006,0
106.487,7,106484566641,2469000,1
106.487,19,106484566641,2469000,1
106.487,18,106484566641,2469000,1
106.49,2,106487051641,2469000,1
106.49,5,106487051641,2469000,1
106.492,12,106489518641,2469000,1
106.492,1,106489518641,2469000,1
106.494,19,106491994641,2496006,0
106.497,16,106494517647,2469000,1
106.497,1,106494517647,2469000,1
106.499,6,106496984647,2496006,0
106.502,3,106499507653,2496006,0
106.505,6,106502066659,2496006,0
106.507,22,106504589665,2496006,0
106.51,3,106507121671,2469000,1
106.51,7,106507121671,2469000,1
106.51,19,106507121671,2469000,1
106.51,6,106507121671,2469000,1
106.512,8,106509624671,2496006,0
106.515,21,106512183677,2496006,0
106.517,8,106514724683,2469000,1
106.517,22,106514724683,2469000,1
106.517,6,106514724683,2469000,1
106.517,21,106514724683,2469000,1
106.52,3,106517200683,2496006,0
106.522,23,106519732689,2469000,1
106.522,3,106519732689,2469000,1
106.525,17,106522199689,2496006,0
106.527,16,106524722695,2469000,1
106.527,3,106524722695,2469000,1
106.53,19,106527189695,2469000,1
106.532,5,106529683695,2496006,0
106.535,22,106532233701,2496006,0
106.537,7,106534756707,2496006,0
106.54,21,106537279713,2469000,1
106.54,7,106537279713,2469000,1
106.542,14,106539746713,2469000,1
106.542,22,106539746713,2469000,1
106.545,8,106542526719,2469000,1
106.545,17,106542526719,2469000,1
106.547,2,106545002719,2496006,0
106.55,22,106547534725,2496006,0
106.553,5,106550057731,2496006,0
106.555,5,106552598737,2496006,0
106.558,5,106555175743,2496006,0
106.56,12,106557707749,2469000,1
106.56,5,106557707749,2469000,1
106.563,2,106560174749,2469000,1
106.563,22,106560174749,2469000,1
106.565,3,106562659749,2496006,0
106.57,7,106567714761,2496006,0
106.573,16,106570559767,2496006,0
106.576,16,106573082773,2496006,0
106.578,17,106575605779,2496006,0
106.581,16,106578128785,2496006,0
106.583,5,106580687791,2469000,1
106.583,3,106580687791,2469000,1
106.586,6,106583163791,2469000,1
106.586,7,106583163791,2469000,1
106.588,7,106585632791,2496006,0
106.591,21,106588155797,2496006,0
106.593,16,106590678803,2496006,0
106.596,17,106593201809,2496006,0
106.598,7,106595724815,2496006,0
106.601,22,106598247821,2496006,0
106.603,21,106600770827,2469000,1
106.603,17,106600770827,2469000,1
106.606,2,106603255827,2496006,0
106.608,16,106605778833,2469000,1
106.608,17,106605778833,2469000,1
106.611,19,106608254833,2496006,0
106.613,19,106610795839,2469000,1
106.616,23,106613271839,2469000,1
106.616,5,106613271839,2469000,1
106.618,7,106615747839,2496006,0
106.621,8,106618279845,2469000,1
106.621,22,106618279845,2469000,1
106.621,21,106618279845,2469000,1
106.623,18,106620746845,2469000,1
106.623,2,106620746845,2469000,1
106.626,7,106623213845,2496006,0
106.628,3,106625763851,2496006,0
106.631,7,106628322857,2469000,1
106.631,19,106628322857,2469000,1
106.633,3,106630798857,2496006,0
106.636,2,106633330863,2496006,0
106.638,17,106635862869,2469000,1
106.638,3,106635862869,2469000,1
106.641,20,106638329869,2469000,1
106.641,16,106638329869,2469000,1
106.643,3,106640796869,2496006,0
106.646,22,106643668875,2496006,0
106.649,3,106646209881,2496006,0
106.651,2,106648732887,2469000,1
106.654,3,106651244887,2469000,1
106.654,2,106651244887,2469000,1
106.656,2,106653713887,2496006,0
106.659,16,106656245893,2469000,1
106.659,3,106656245893,2469000,1
106.661,8,106658721893,2496006,0
106.664,22,106661244899,2496006,0
106.666,7,106663785905,2496006,0
106.669,1,106666308911,2496006,0
106.671,2,106668831917,2496006,0
106.674,7,106671363923,2496006,0
106.677,7,106674235929,2496006,0
106.679,22,106676758935,2469000,1
106.679,14,106676758935,2469000,1
106.682,8,106679225935,2496006,0
106.684,1,106681757941,2496006,0
106.687,7,106684289947,2469000,1
106.689,2,106686756947,2496006,0
106.692,21,106689279953,2469000,1
106.692,1,106689279953,2469000,1
106.697,7,106694296959,2496006,0
106.699,8,106696828965,2496006,0
106.702,18,106699360971,2496006,0
106.704,8,106701901977,2496006,0
106.707,2,106704433983,2496006,0
106.709,11,106706956989,2469000,1
106.709,19,106706956989,2469000,1
106.709,16,106706956989,2469000,1
106.712,2,106709423989,2496006,0
106.714,18,106711955995,2469000,1
106.714,7,106711955995,2469000,1
106.714,22,106711955995,2469000,1
106.717,2,106714431995,2496006,0
106.719,1,106716955001,2469000,1
106.719,7,106716955001,2469000,1
106.722,8,106719458001,2496006,0
106.724,6,106721981007,2496006,0
106.727,6,106724513013,2496006,0
106.732,2,106729559025,2496006,0
106.735,7,106732082031,2496006,0
106.737,8,106734605037,2496006,0
106.74,8,106737155043,2496006,0
106.742,3,106739678049,2496006,0
106.745,7,106742201055,2469000,1
106.745,6,106742201055,2469000,1
106.745,18,106742201055,2469000,1
106.745,8,106742201055,2469000,1
106.747,3,106744668055,2496006,0
106.75,23,106747531061,2469000,1
106.75,7,106747531061,2469000,1
106.75,3,106747531061,2469000,1
106.752,2,106749998061,2496006,0
106.755,6,106752593067,2496006,0
106.758,7,106755125073,2496006,0
106.76,7,106757648079,2496006,0
106.763,5,106760171085,2469000,1
106.763,1,106760171085,2469000,1
106.765,2,106762638085,2496006,0
106.768,2,106765161091,2496006,0
106.77,6,106767684097,2469000,1
106.77,3,106767684097,2469000,1
106.773,17,106770151097,2496006,0
106.775,8,106772674103,2469000,1
106.775,6,106772674103,2469000,1
106.775,17,106772674103,2469000,1
106.778,15,106775454109,2496006,0
106.781,15,106778040115,2469000,1
106.781,7,106778040115,2469000,1
106.783,2,106780507115,2496006,0
106.785,17,106783030121,2469000,1
106.785,7,106783030121,2469000,1
106.788,15,106785524121,2496006,0
106.791,2,106788047127,2496006,0
106.793,22,106790588133,2496006,0
106.798,15,106795661145,2496006,0
106.801,2,106798193151,2496006,0
106.803,18,106800752157,2496006,0
106.806,22,106803275163,2469000,1
106.806,6,106803275163,2469000,1
106.808,18,106805751163,2496006,0
106.811,18,106808274169,2496006,0
106.813,2,106810797175,2469000,1
106.813,18,106810797175,2469000,1
106.816,15,106813264175,2496006,0
106.818,18,106815796181,2496006,0
106.821,8,106818346187,2496006,0
106.823,18,106820878193,2496006,0
106.826,15,106823401199,2496006,0
106.828,3,106825933205,2469000,1
106.828,15,106825933205,2469000,1
106.833,22,106830923211,2496006,0
106.836,22,106833446217,2496006,0
106.838,18,106835969223,2496006,0
106.841,8,106838501229,2496006,0
106.844,21,106841033235,2496006,0
106.846,2,106843574241,2469000,1
106.846,3,106843574241,2469000,1
106.849,18,106846041241,2469000,1
106.849,15,106846041241,2469000,1
106.851,22,106848821247,2496006,0
106.854,17,106851344253,2496006,0
106.856,2,106853867259,2469000,1
106.856,17,106853867259,2469000,1
106.859,19,106856343259,2469000,1
106.859,7,106856343259,2469000,1
106.859,22,106856343259,2469000,1
106.861,6,106858828259,2469000,1
106.861,21,106858828259,2469000,1
106.864,8,106861295259,2496006,0
106.866,18,106863836265,2496006,0
106.869,8,106866368271,2496006,0
106.871,8,106868909277,2469000,1
106.874,22,106871376277,2469000,1
106.874,21,106871376277,2469000,1
106.876,18,106873852277,2496006,0
106.879,18,106876384283,2496006,0
106.882,1,106879220289,2496006,0
106.884,17,106881743295,2469000,1
106.884,18,106881743295,2469000,1
106.887,1,106884210295,2496006,0
106.889,4,106886769301,2496006,0
106.892,8,106889319307,2496006,0
106.894,4,106891842313,2469000,1
106.894,18,106891842313,2469000,1
106.897,1,106894327313,2496006,0
106.899,15,106896850319,2496006,0
106.902,15,106899373325,2496006,0
106.904,15,106901905331,2496006,0
106.907,15,106904437337,2496006,0
106.909,2,106906960343,2496006,0
106.912,8,106909483349,2496006,0
106.914,1,106912015355,2469000,1
106.917,1,106914500355,2496006,0
106.919,8,106917023361,2469000,1
106.919,1,106917023361,2469000,1
106.922,15,106919499361,2496006,0
106.925,17,106922022367,2496006,0
106.927,21,106924563373,2496006,0
106.93,2,106927086379,2496006,0
106.932,2,106929636385,2496006,0
106.935,15,106932168391,2469000,1
106.935,5,106932168391,2469000,1
106.937,4,106934635391,2496006,0
106.94,21,106937167397,2469000,1
106.94,4,106937167397,2469000,1
106.942,17,106939634397,2496006,0
106.945,8,106942157403,2496006,0
106.947,14,106944680409,2496006,0
106.95,8,106947212415,2496006,0
106.952,2,106949735421,2496006,0
106.955,7,106952571427,2496006,0
106.958,14,106955094433,2496006,0
106.96,4,106957617439,2496006,0
106.963,8,106960140445,2496006,0
106.965,22,106962663451,2496006,0
106.968,2,106965195457,2469000,1
106.97,8,106967662457,2496006,0
106.973,4,106970185463,2496006,0
106.975,1,106972708469,2469000,1
106.975,15,106972708469,2469000,1
106.978,17,106975175469,2496006,0
106.98,7,106977707475,2469000,1
106.983,14,106980487481,2469000,1
106.983,17,106980487481,2469000,1
106.985,18,106982990481,2469000,1
106.985,22,106982990481,2469000,1
106.991,8,106988007487,2496006,0
106.993,4,106990530493,2496006,0
106.996,21,106993053499,2496006,0
106.998,2,106995576505,2496006,0
107.001,15,106998099511,2469000,1
107.001,2,106998099511,2469000,1
107.003,14,107000566511,2496006,0
107.006,4,107003089517,2469000,1
107.006,21,107003089517,2469000,1
107.008,13,107005574517,2469000,1
107.008,7,107005574517,2469000,1
107.008,22,107005574517,2469000,1
107.011,17,107008050517,2469000,1
107.011,21,107008050517,2469000,1
107.013,14,107010526517,2496006,0
107.016,8,107013049523,2496006,0
107.018,8,107015572529,2496006,0
107.021,4,107018104535,2469000,1
107.021,14,107018104535,2469000,1
107.023,1,107020580535,2469000,1
107.023,2,107020580535,2469000,1
107.023,8,107020580535,2469000,1
107.026,17,107023101535,2469000,1
107.026,4,107023101535,2469000,1
107.028,10,107025640535,2496006,0
107.031,8,107028172541,2496006,0
107.036,16,107033227553,2496006,0
107.038,2,107035768559,2496006,0
107.041,8,107038309565,2496006,0
107.043,14,107040832571,2496006,0
107.046,2,107043355577,2496006,0
107.048,10,107045878583,2496006,0
107.051,16,107048419589,2496006,0
107.053,21,107050951595,2496006,0
107.056,14,107053796601,2496006,0
107.059,10,107056319607,2496006,0
107.061,7,107058851613,2496006,0
107.064,22,107061374619,2496006,0
107.066,8,107063897625,2469000,1
107.066,10,107063897625,2469000,1
107.069,18,107066364625,2496006,0
107.071,2,107068887631,2469000,1
107.071,21,107068887631,2469000,1
107.074,14,107071354631,2496006,0
107.076,16,107073877637,2496006,0
107.079,22,107076409643,2496006,0
107.081,16,107078950649,2469000,1
107.081,7,107078950649,2469000,1
107.084,2,107081426649,2469000,1
107.087,21,107084206655,2496006,0
107.089,10,107086738661,2469000,1
107.089,16,107086738661,2469000,1
107.092,18,107089205661,2496006,0
107.094,6,107091728667,2496006,0
107.097,14,107094251673,2469000,1
107.097,18,107094251673,2469000,1
107.099,3,107096718673,2469000,1
107.099,6,107096718673,2469000,1
107.102,22,107099194673,2496006,0
107.104,22,107101717679,2496006,0
107.107,7,107104240685,2496006,0
107.109,8,107106781691,2469000,1
107.109,21,107106781691,2469000,1
107.112,8,107109275691,2496006,0
107.114,18,107111798697,2496006,0
107.117,15,107114339703,2496006,0
107.119,18,107116880709,2469000,1
107.119,22,107116880709,2469000,1
107.119,15,107116880709,2469000,1
107.122,8,107119356709,2469000,1
107.122,7,107119356709,2469000,1
107.122,22,107119356709,2469000,1
107.124,6,107121823709,2496006,0
107.127,14,107124355715,2496006,0
107.129,21,107126887721,2469000,1
107.129,7,107126887721,2469000,1
107.132,14,107129372721,2469000,1
107.132,6,107129372721,2469000,1
107.134,6,107131841721,2496006,0
107.137,17,107134364727,2469000,1
107.139,18,107136831727,2496006,0
107.142,18,107139399733,2496006,0
107.144,21,107141922739,2496006,0
107.147,14,107144445745,2496006,0
107.149,6,107146968751,2469000,1
107.149,14,107146968751,2469000,1
107.152,8,107149435751,2496006,0
107.154,21,107151976757,2469000,1
107.154,18,107151976757,2469000,1
107.154,10,107151976757,2469000,1
107.157,8,107154452757,2469000,1
107.157,4,107154452757,2469000,1
107.16,1,107157241763,2469000,1
107.16,15,107157241763,2469000,1
107.16,14,107157241763,2469000,1
107.162,16,107159708763,2496006,0
107.165,16,107162258769,2496006,0
107.167,6,107164781775,2496006,0
107.17,2,107167313781,2496006,0
107.172,18,107169836787,2496006,0
107.175,16,107172359793,2496006,0
107.177,6,107174882799,2496006,0
107.18,16,107177405805,2496006,0
107.182,7,107179937811,2496006,0
107.185,18,107182460817,2469000,1
107.185,11,107182460817,2469000,1
107.188,22,107185240823,2496006,0
107.19,21,107187763829,2496006,0
107.193,19,107190286835,2469000,1
107.193,22,107190286835,2469000,1
107.195,2,107192762835,2469000,1
107.195,23,107192762835,2469000,1
107.198,15,107195229835,2469000,1
107.2,6,107197696835,2496006,0
107.205,18,107202742847,2496006,0
107.208,7,107205274853,2496006,0
107.21,8,107207797859,2496006,0
107.213,16,107210320865,2496006,0
107.215,21,107212861871,2496006,0
107.218,8,107215402877,2469000,1
107.218,7,107215402877,2469000,1
107.218,18,107215402877,2469000,1
107.218,6,107215402877,2469000,1
107.22,2,107217896877,2496006,0
107.223,16,107220455883,2496006,0
107.225,14,107222987889,2496006,0
107.228,22,107225510895,2496006,0
107.231,21,107228033901,2469000,1
107.231,22,107228033901,2469000,1
107.233,2,107230518901,2469000,1
107.233,22,107230518901,2469000,1
107.235,16,107233003901,2469000,1
107.235,8,107233003901,2469000,1
107.238,6,107235470901,2496006,0
107.24,13,107237993907,2469000,1
107.24,18,107237993907,2469000,1
107.243,21,107240460907,2496006,0
107.245,21,107242992913,2496006,0
107.248,14,107245515919,2496006,0
107.251,7,107248038925,2469000,1
107.251,13,107248038925,2469000,1
107.253,14,107250505925,2496006,0
107.256,21,107253037931,2496006,0
107.261,14,107258432943,2469000,1
107.261,6,107258432943,2469000,1
107.263,2,107260899943,2496006,0
107.266,8,107263449949,2496006,0
107.268,21,107265972955,2469000,1
107.268,22,107265972955,2469000,1
107.271,8,107268475955,2496006,0
107.273,2,107271025961,2469000,1
107.273,14,107271025961,2469000,1
107.276,8,107273492961,2469000,1
107.276,9,107273492961,2469000,1
107.276,16,107273492961,2469000,1
107.278,10,107275986961,2496006,0
107.281,1,107278509967,2496006,0
107.284,13,107281032973,2496006,0
107.286,4,107283582979,2469000,1
107.286,6,107283582979,2469000,1
107.289,17,107286058979,2496006,0
107.291,18,107288903985,2496006,0
107.294,21,107291453991,2469000,1
107.294,10,107291453991,2469000,1
107.294,1,107291453991,2469000,1
107.296,13,107293920991,2496006,0
107.299,8,107296443997,2496006,0
107.301,18,107298967003,2469000,1
107.304,21,107301434003,2496006,0
107.306,7,107303957009,2469000,1
107.306,2,107303957009,2469000,1
107.309,17,107306433009,2496006,0
107.311,14,107308956015,2496006,0
107.314,1,107311497021,2469000,1
107.314,18,107311497021,2469000,1
107.316,21,107313982021,2496006,0
107.319,13,107316505027,2496006,0
107.322,8,107319028033,2496006,0
107.324,13,107321560039,2469000,1
107.324,8,107321560039,2469000,1
107.327,14,107324027039,2496006,0
107.329,21,107326550045,2469000,1
107.329,10,107326550045,2469000,1
107.331,17,107329017045,2469000,1
107.331,8,107329017045,2469000,1
107.334,15,107331547045,2469000,1
107.334,16,107331547045,2469000,1
107.336,6,107334023045,2469000,1
107.336,14,107334023045,2469000,1
107.336,10,107334023045,2469000,1
107.339,13,107336490045,2469000,1
107.339,21,107336490045,2469000,1
107.341,14,107338975045,2496006,0
107.347,8,107344048057,2496006,0
107.349,6,107346580063,2496006,0
107.352,22,107349103069,2469000,1
107.352,8,107349103069,2469000,1
107.354,14,107351615069,2496006,0
107.357,2,107354138075,2469000,1
107.357,6,107354138075,2469000,1
107.359,17,107356605075,2496006,0
107.362,14,107359155081,2496006,0
107.365,14,107362009087,2496006,0
107.367,7,107364541093,2496006,0
107.37,8,107367073099,2496006,0
107.372,1,107369614105,2496006,0
107.375,14,107372137111,2469000,1
107.375,17,107372137111,2469000,1
107.377,18,107374613111,2496006,0
107.38,14,107377136117,2469000,1
107.382,17,107379603117,2496006,0
107.385,13,107382135123,2496006,0
107.387,7,107384658129,2496006,0
107.39,18,107387181135,2496006,0
107.392,8,107390017141,2469000,1
107.392,6,107390017141,2469000,1
107.392,1,107390017141,2469000,1
107.395,16,107392484141,2496006,0
107.397,13,107395007147,2469000,1
107.397,7,107395007147,2469000,1
107.4,16,107397519147,2469000,1
107.4,17,107397519147,2469000,1
107.402,13,107399986147,2469000,1
107.402,17,107399988147,2469000,1
107.405,7,107402473147,2496006,0
107.407,1,107404996153,2496006,0
107.41,8,107407519159,2469000,1
107.41,1,107407519159,2469000,1
107.412,18,107409986159,2496006,0
107.415,13,107412509165,2496006,0
107.418,21,107415032171,2469000,1
107.418,16,107415032171,2469000,1
107.418,13,107415032171,2469000,1
107.42,14,107417499171,2496006,0
107.423,18,107420049177,2469000,1
107.425,18,107422518177,2496006,0
107.428,7,107425041183,2496006,0
107.43,14,107427564189,2496006,0
107.433,18,107430105195,2469000,1
107.433,17,107430105195,2469000,1
107.435,13,107432581195,2496006,0
107.438,1,107435104201,2496006,0
107.44,7,107437627207,2496006,0
107.443,16,107440150213,2469000,1
107.443,13,107440150213,2469000,1
107.443,1,107440150213,2469000,1
107.445,7,107442644213,2496006,0
107.448,17,107445176219,2496006,0
107.45,18,107447699225,2496006,0
107.453,14,107450222231,2496006,0
107.455,18,107452763237,2496006,0
107.458,18,107455295243,2496006,0
107.46,13,107457818249,2469000,1
107.46,1,107457818249,2469000,1
107.463,7,107460294249,2469000,1
107.463,2,107460294249,2469000,1
107.466,14,107463074255,2496006,0
107.468,17,107465615261,2496006,0
107.471,17,107468147267,2469000,1
107.473,22,107470614267,2469000,1
107.473,6,107470614267,2469000,1
107.476,14,107473090267,2496006,0
107.481,8,107478145279,2496006,0
107.483,18,107480668285,2469000,1
107.483,14,107480668285,2469000,1
107.486,7,107483162285,2496006,0
107.488,10,107485694291,2496006,0
107.491,21,107488217297,2496006,0
107.493,1,107490776303,2496006,0
107.496,7,107493630309,2469000,1
107.496,17,107493630309,2469000,1
107.496,8,107493630309,2469000,1
107.499,8,107496099309,2496006,0
107.501,1,107498631315,2469000,1
107.501,10,107498631315,2469000,1
107.504,21,107501098315,2469000,1
107.504,18,107501098315,2469000,1
107.506,14,107503619315,2469000,1
107.506,8,107503619315,2469000,1
107.506,21,107503619315,2469000,1
107.509,6,107506104315,2496006,0
107.511,13,107508654321,2469000,1
107.511,8,107508654321,2469000,1
107.514,13,107511123321,2469000,1
107.516,11,107513617321,2496006,0
107.519,7,107516140327,2469000,1
107.519,18,107516140327,2469000,1
107.521,6,107518616327,2496006,0
107.524,10,107521148333,2496006,0
107.526,11,107523671339,2496006,0
107.529,10,107526203345,2496006,0
107.531,13,107528735351,2496006,0
107.534,6,107531267357,2469000,1
107.534,1,107531267357,2469000,1
107.536,10,107533752357,2496006,0
107.539,13,107536284363,2496006,0
107.541,11,107538816369,2496006,0
107.544,17,107541339375,2469000,1
107.544,1,107541339375,2469000,1
107.546,10,107543806375,2496006,0
107.551,10,107548879387,2469000,1
107.551,11,107548879387,2469000,1
107.551,7,107548879387,2469000,1
107.554,13,107551391387,2496006,0
107.556,6,107553932393,2496006,0
107.559,21,107556464399,2496006,0
107.562,21,107559041405,2496006,0
107.564,16,107561573411,2469000,1
107.564,21,107561573411,2469000,1
107.567,13,107564049411,2496006,0
107.569,12,107566885417,2469000,1
107.569,11,107566885417,2469000,1
107.572,6,107569352417,2496006,0
107.574,14,107571875423,2496006,0
107.579,8,107576921435,2469000,1
107.579,10,107576921435,2469000,1
107.582,13,107579424435,2496006,0
107.584,20,107581947441,2496006,0
107.587,20,107584497447,2496006,0
107.589,13,107587029453,2469000,1
107.589,6,107587029453,2469000,1
107.592,21,107589496453,2496006,0
107.594,14,107592019459,2469000,1
107.594,20,107592019459,2469000,1
107.597,5,107594799465,2496006,0
107.6,21,107597340471,2469000,1
107.6,7,107597340471,2469000,1
107.6,20,107597340471,2469000,1
107.605,6,107602366477,2496006,0
107.607,5,107604916483,2496006,0
107.61,15,107607439489,2496006,0
107.612,11,107609989495,2496006,0
107.615,5,107612512501,2469000,1
107.615,6,107612512501,2469000,1
107.615,11,107612512501,2469000,1
107.617,15,107614979501,2496006,0
107.62,14,107617529507,2496006,0
107.623,17,107620052513,2469000,1
107.623,13,107620052513,2469000,1
107.625,4,107622528513,2496006,0
107.628,5,107625069519,2469000,1
107.63,21,107627536519,2496006,0
107.633,4,107630059525,2469000,1
107.633,15,107630059525,2469000,1
107.633,10,107630059525,2469000,1
107.635,21,107632535525,2496006,0
107.638,14,107635058531,2469000,1
107.638,13,107635058531,2469000,1
107.64,11,107637525531,2496006,0
107.643,2,107640048537,2469000,1
107.643,18,107640048537,2469000,1
107.645,14,107642515537,2496006,0
107.648,6,107645092543,2469000,1
107.648,21,107645092543,2469000,1
107.65,11,107647568543,2496006,0
107.653,20,107650100549,2496006,0
107.655,4,107652632555,2496006,0
107.658,10,107655155561,2469000,1
107.66,14,107657622561,2496006,0
107.663,11,107660154567,2496006,0
107.665,14,107662677573,2496006,0
107.668,11,107665200579,2496006,0
107.671,4,107668045585,2496006,0
107.673,15,107670568591,2469000,1
107.673,21,107670568591,2469000,1
107.673,14,107670568591,2469000,1
107.676,13,107673071591,2469000,1
107.676,20,107673071591,2469000,1
107.678,11,107675538591,2496006,0
107.681,1,107678079597,2469000,1
107.681,10,107678079597,2469000,1
107.683,21,107680564597,2496006,0
107.686,20,107683087603,2496006,0
107.688,4,107685610609,2496006,0
107.691,21,107688133615,2496006,0
107.693,9,107690656621,2496006,0
107.696,20,107693179627,2469000,1
107.696,9,107693179627,2469000,1
107.698,4,107695664627,2496006,0
107.701,11,107698500633,2496006,0
107.704,4,107701032639,2496006,0
107.709,3,107706087651,2469000,1
107.709,9,107706087651,2469000,1
107.711,11,107708563651,2469000,1
107.711,8,107708563651,2469000,1
107.711,6,107708563651,2469000,1
107.711,15,107708563651,2469000,1
107.711,14,107708563651,2469000,1
107.714,14,107711032651,2496006,0
107.716,21,107713564657,2496006,0
107.719,5,107716105663,2496006,0
107.721,11,107718637669,2469000,1
107.721,5,107718637669,2469000,1
107.724,4,107721122669,2469000,1
107.724,15,107721122669,2469000,1
107.726,20,107723589669,2496006,0
107.729,21,107726112675,2496006,0
107.731,14,107728644681,2496006,0
107.734,19,107731176687,2496006,0
107.736,5,107733699693,2469000,1
107.736,15,107733699693,2469000,1
107.739,14,107736184693,2496006,0
107.741,20,107738734699,2496006,0
107.744,14,107741257705,2469000,1
107.746,21,107743724705,2496006,0
107.749,19,107746256711,2496006,0
107.751,19,107748779717,2496006,0
107.754,14,107751302723,2496006,0
107.756,4,107753843729,2496006,0
107.759,6,107756384735,2496006,0
107.761,5,107758907741,2496006,0
107.764,19,107761439747,2469000,1
107.764,20,107761439747,2469000,1
107.766,14,107763915747,2469000,1
107.766,21,107763915747,2469000,1
107.766,5,107763915747,2469000,1
107.769,11,107766382747,2496006,0
107.771,6,107768905753,2496006,0
107.774,4,107771741759,2496006,0
107.777,4,107774264765,2496006,0
107.779,20,107776805771,2496006,0
107.782,19,107779337777,2496006,0
107.784,9,107781869783,2469000,1
107.784,20,107781869783,2469000,1
107.787,11,107784354783,2469000,1
107.789,6,107786839783,2496006,0
107.792,16,107789362789,2496006,0
107.794,4,107791894795,2496006,0
107.797,19,107794417801,2496006,0
107.799,6,107796949807,2469000,1
107.799,19,107796949807,2469000,1
107.802,16,107799738813,2496006,0
107.805,4,107802261819,2496006,0
107.807,5,107804784825,2469000,1
107.807,19,107804784825,2469000,1
107.81,21,107807260825,2496006,0
107.812,14,107809801831,2496006,0
107.815,4,107812333837,2496006,0
107.817,4,107814865843,2496006,0
107.82,16,107817388849,2496006,0
107.822,20,107819920855,2496006,0
107.825,11,107822443861,2496006,0
107.827,20,107824984867,2496006,0
107.83,14,107827507873,2469000,1
107.83,21,107827507873,2469000,1
107.832,17,107829974873,2496006,0
107.835,6,107832497879,2496006,0
107.837,16,107835020885,2469000,1
107.84,16,107837505885,2496006,0
107.842,4,107840028891,2469000,1
107.842,21,107840028891,2469000,1
107.845,20,107842495891,2469000,1
107.845,4,107842497891,2469000,1
107.85,17,107847505897,2469000,1
107.85,11,107847505897,2469000,1
107.852,14,107849972897,2496006,0
107.855,19,107852504903,2496006,0
107.857,5,107855027909,2469000,1
107.857,6,107855027909,2469000,1
107.86,17,107857503909,2496006,0
107.863,16,107860026915,2496006,0
107.865,14,107862549921,2496006,0
107.868,14,107865081927,2496006,0
107.87,17,107867604933,2496006,0
107.873,1,107870136939,2469000,1
107.873,19,107870136939,2469000,1
107.875,19,107872934945,2496006,0
107.878,17,107875466951,2496006,0
107.88,18,107877989957,2496006,0
107.883,20,107880512963,2496006,0
107.886,18,107883035969,2496006,0
107.888,11,107885558975,2496006,0
107.891,17,107888081981,2469000,1
107.891,19,107888081981,2469000,1
107.891,5,107888081981,2469000,1
107.891,16,107888081981,2469000,1
107.891,14,107888081981,2469000,1
107.893,18,107890548981,2496006,0
107.896,20,107893071987,2496006,0
107.898,18,107895603993,2496006,0
107.901,11,107898126999,2469000,1
107.901,4,107898126999,2469000,1
107.903,13,107900602999,2496006,0
107.906,11,107903448005,2469000,1
107.906,13,107903448005,2469000,1
107.908,21,107905915005,2496006,0
107.911,13,107908438011,2496006,0
107.913,18,107910961017,2469000,1
107.916,6,107913428017,2469000,1
107.916,11,107913428017,2469000,1
107.918,20,107915913017,2496006,0
107.921,17,107918436023,2496006,0
107.923,21,107920959029,2496006,0
107.926,19,107923482035,2469000,1
107.926,18,107923482035,2469000,1
107.928,7,107925949035,2496006,0
107.931,21,107928481041,2496006,0
107.933,17,107931004047,2469000,1
107.933,13,107931004047,2469000,1
107.933,7,107931004047,2469000,1
107.936,14,107933498047,2496006,0
107.939,16,107936030053,2496006,0
107.941,20,107938562059,2469000,1
107.941,18,107938562059,2469000,1
107.941,13,107938562059,2469000,1
107.944,9,107941029059,2496006,0
107.946,16,107943552065,2496006,0
107.949,14,107946093071,2496006,0
107.951,8,107948616077,2469000,1
107.951,21,107948616077,2469000,1
107.951,14,107948616077,2469000,1
107.954,9,107951092077,2496006,0
107.956,7,107953660083,2469000,1
107.956,20,107953660083,2469000,1
107.959,16,107956127083,2496006,0
107.961,17,107958668089,2496006,0
107.964,14,107961191095,2496006,0
107.966,19,107963723101,2469000,1
107.966,13,107963723101,2469000,1
107.966,9,107963723101,2469000,1
107.969,16,107966199101,2496006,0
107.974,14,107971299113,2496006,0
107.976,17,107973831119,2496006,0
107.979,11,107976676125,2469000,1
107.979,20,107976676125,2469000,1
107.982,16,107979143125,2496006,0
107.984,21,107981666131,2496006,0
107.987,9,107984189137,2496006,0
107.989,12,107986730143,2469000,1
107.989,6,107986730143,2469000,1
107.992,9,107989215143,2469000,1
107.992,20,107989215143,2469000,1
107.994,14,107991700143,2469000,1
107.994,17,107991700143,2469000,1
107.997,16,107994176143,2469000,1
107.997,12,107994176143,2469000,1
107.999,13,107996643143,2496006,0
108.002,21,107999166149,2496006,0
108.004,14,108001689155,2496006,0
108.007,17,108004543161,2496006,0
108.01,13,108007066167,2496006,0
108.012,7,108009598173,2496006,0
108.015,16,108012130179,2469000,1
108.015,13,108012130179,2469000,1
108.017,21,108014606179,2469000,1
108.017,18,108014606179,2469000,1
108.017,16,108014606179,2469000,1
108.02,17,108017073179,2496006,0
108.022,19,108019614185,2469000,1
108.022,14,108019614185,2469000,1
108.025,13,108022081185,2496006,0
108.027,12,108024613191,2469000,1
108.027,21,108024613191,2469000,1
108.03,3,108027080191,2469000,1
108.03,7,108027080191,2469000,1
108.032,13,108029556191,2469000,1
108.032,17,108029556191,2469000,1
108.035,9,108032023191,2496006,0
108.037,21,108034564197,2496006,0
108.04,14,108037114203,2496006,0
108.042,14,108039637209,2496006,0
108.045,21,108042178215,2469000,1
108.045,9,108042178215,2469000,1
108.047,14,108044645215,2496006,0
108.05,7,108047177221,2496006,0
108.052,14,108049718227,2496006,0
108.055,13,108052241233,2496006,0
108.057,19,108054764239,2496006,0
108.06,4,108057287245,2496006,0
108.062,13,108059837251,2469000,1
108.062,14,108059837251,2469000,1
108.065,21,108062304251,2496006,0
108.067,4,108064827257,2469000,1
108.067,17,108064827257,2469000,1
108.07,19,108067303257,2469000,1
108.07,4,108067303257,2469000,1
108.072,7,108069770257,2496006,0
108.075,9,108072293263,2496006,0
108.077,14,108074843269,2496006,0
108.083,21,108080211281,2496006,0
108.085,7,108082734287,2496006,0
108.088,21,108085257293,2469000,1
108.088,7,108085257293,2469000,1
108.09,9,108087742293,2496006,0
108.093,12,108090274299,2496006,0
108.095,14,108092797305,2496006,0
108.098,7,108095356311,2496006,0
108.1,9,108097879317,2496006,0
108.103,14,108100411323,2469000,1
108.103,19,108100411323,2469000,1
108.105,13,108102887323,2496006,0
108.108,22,108105410329,2496006,0
108.111,9,108108246335,2469000,1
108.111,12,108108246335,2469000,1
108.113,7,108110713335,2496006,0
108.116,7,108113236341,2496006,0
108.118,22,108115768347,2469000,1
108.118,21,108115768347,2469000,1
108.121,13,108118244347,2469000,1
108.121,14,108118244347,2469000,1
108.123,18,108120711347,2496006,0
108.126,6,108123261353,2496006,0
108.128,7,108125784359,2496006,0
108.131,20,108128307365,2496006,0
108.133,6,108130839371,2496006,0
108.136,18,108133362377,2469000,1
108.136,22,108133362377,2469000,1
108.138,17,108135829377,2496006,0
108.141,7,108138352383,2469000,1
108.141,13,108138352383,2469000,1
108.143,5,108140846383,2469000,1
108.143,12,108140846383,2469000,1
108.146,17,108143322383,2496006,0
108.148,20,108145845389,2469000,1
108.148,6,108145845389,2469000,1
108.151,4,108148312389,2469000,1
108.151,9,108148312389,2469000,1
108.151,17,108148312389,2469000,1
108.153,18,108150797389,2496006,0
108.156,6,108153329395,2496006,0
108.158,18,108155852401,2496006,0
108.161,10,108158384407,2469000,1
108.161,18,108158384407,2469000,1
108.163,6,108160869407,2469000,1
108.163,13,108160869407,2469000,1
108.166,16,108163417407,2496006,0
108.168,17,108165940413,2496006,0
108.171,7,108168463419,2496006,0
108.174,7,108171013425,2496006,0
108.176,6,108173545431,2496006,0
108.179,20,108176077437,2496006,0
108.181,16,108178600443,2469000,1
108.181,19,108178600443,2469000,1
108.184,6,108181380449,2496006,0
108.186,17,108183903455,2469000,1
108.186,14,108183903455,2469000,1
108.191,21,108188893461,2469000,1
108.191,18,108188893461,2469000,1
108.194,7,108191378461,2496006,0
108.196,11,108193910467,2496006,0
108.199,7,108196433473,2496006,0
108.201,22,108198965479,2496006,0
108.204,6,108201488485,2496006,0
108.206,12,108204011491,2469000,1
108.206,20,108204011491,2469000,1
108.209,9,108206478491,2496006,0
108.212,7,108209314497,2469000,1
108.212,18,108209314497,2469000,1
108.212,22,108209314497,2469000,1
108.214,6,108211790497,2496006,0
108.217,11,108214349503,2496006,0
108.219,6,108216881509,2496006,0
108.222,7,108219431515,2496006,0
108.224,9,108221954521,2496006,0
108.227,20,108224477527,2496006,0
108.229,16,108227000533,2469000,1
108.229,17,108227000533,2469000,1
108.232,14,108229467533,2496006,0
108.234,14,108231990539,2496006,0
108.237,6,108234513545,2469000,1
108.237,18,108234513545,2469000,1
108.239,16,108236989545,2496006,0
108.242,9,108239512551,2496006,0
108.245,11,108242035557,2469000,1
108.247,20,108244511557,2496006,0
108.25,22,108247043563,2469000,1
108.25,7,108247043563,2469000,1
108.252,23,108249510563,2496006,0
108.255,23,108252078569,2469000,1
108.255,14,108252078569,2469000,1
108.255,16,108252078569,2469000,1
108.255,20,108252078569,2469000,1
108.257,12,108254554569,2469000,1
108.257,9,108254554569,2469000,1
108.26,6,108257021569,2496006,0
108.262,7,108259544575,2496006,0
108.265,6,108262103581,2496006,0
108.267,20,108264626587,2496006,0
108.27,13,108267149593,2469000,1
108.27,11,108267149593,2469000,1
108.272,20,108269616593,2496006,0
108.275,7,108272202599,2469000,1
108.275,19,108272202599,2469000,1
108.275,11,108272202599,2469000,1
108.277,20,108274678599,2469000,1
108.277,6,108274678599,2469000,1
108.28,7,108277145599,2496006,0
108.282,17,108279677605,2496006,0
108.285,17,108282513611,2496006,0
108.288,14,108285036617,2496006,0
108.29,23,108287559623,2496006,0
108.293,14,108290082629,2469000,1
108.295,2,108292549629,2469000,1
108.295,17,108292549629,2469000,1
108.298,16,108295025629,2496006,0
108.3,9,108297548635,2469000,1
108.3,20,108297548635,2469000,1
108.303,14,108300015635,2496006,0
108.305,7,108302538641,2496006,0
108.308,5,108305079647,2496006,0
108.31,14,108307602653,2496006,0
108.313,7,108310134659,2469000,1
108.313,14,108310134659,2469000,1
108.315,23,108312914665,2496006,0
108.318,8,108315437671,2469000,1
108.318,21,108315437671,2469000,1
108.318,6,108315437671,2469000,1
108.32,4,108317922671,2496006,0
108.323,16,108320445677,2496006,0
108.325,23,108322968683,2496006,0
108.328,5,108325500689,2496006,0
108.331,9,108328032695,2496006,0
108.333,4,108330555701,2496006,0
108.336,22,108333078707,2496006,0
108.338,16,108335601713,2496006,0
108.341,16,108338124719,2496006,0
108.343,4,108340665725,2469000,1
108.343,17,108340665725,2469000,1
108.346,16,108343132725,2496006,0
108.348,23,108345655731,2496006,0
108.351,7,108348178737,2496006,0
108.353,22,108350719743,2469000,1
108.353,5,108350719743,2469000,1
108.356,14,108353195743,2469000,1
108.356,9,108353195743,2469000,1
108.356,5,108353195743,2469000,1
108.358,7,108355671743,2469000,1
108.358,20,108355671743,2469000,1
108.363,23,108360661749,2496006,0
108.366,16,108363211755,2496006,0
108.368,16,108365752761,2496006,0
108.371,7,108368275767,2496006,0
108.373,18,108370807773,2469000,1
108.373,9,108370807773,2469000,1
108.376,11,108373274773,2496006,0
108.378,22,108375797779,2496006,0
108.381,23,108378320785,2496006,0
108.383,4,108380843791,2496006,0
108.386,16,108383366797,2496006,0
108.389,11,108386202803,2469000,1
108.389,17,108386202803,2469000,1
108.391,6,108388669803,2469000,1
108.391,7,108388669803,2469000,1
108.394,16,108391154803,2496006,0
108.396,4,108393677809,2496006,0
108.399,23,108396200815,2496006,0
108.401,1,108398723821,2496006,0
108.404,1,108401246827,2496006,0
108.406,1,108403769833,2496006,0
108.409,22,108406301839,2496006,0
108.411,22,108408842845,2496006,0
108.414,23,108411374851,2469000,1
108.414,4,108411374851,2469000,1
108.414,16,108411374851,2469000,1
108.417,11,108414172857,2496006,0
108.419,1,108416713863,2469000,1
108.419,4,108416713863,2469000,1
108.419,16,108416713863,2469000,1
108.422,7,108419180863,2496006,0
108.424,14,108421712869,2496006,0
108.427,11,108424235875,2469000,1
108.427,22,108424235875,2469000,1
108.427,4,108424235875,2469000,1
108.429,21,108426720875,2496006,0
108.432,23,108429243881,2469000,1
108.432,22,108429243881,2469000,1
108.434,7,108431719881,2469000,1
108.434,11,108431719881,2469000,1
108.437,16,108434186881,2496006,0
108.439,16,108436727887,2496006,0
108.442,4,108439250893,2496006,0
108.444,15,108441773899,2496006,0
108.447,14,108444305905,2496006,0
108.449,5,108446828911,2496006,0
108.452,1,108449351917,2496006,0
108.454,4,108451874923,2496006,0
108.457,16,108454397929,2469000,1
108.457,21,108454397929,2469000,1
108.459,3,108456873929,2469000,1
108.459,23,108456873929,2469000,1
108.459,11,108456873929,2469000,1
108.462,8,108459340929,2496006,0
108.464,3,108461863935,2496006,0
108.467,9,108464386941,2469000,1
108.467,7,108464386941,2469000,1
108.469,5,108466853941,2469000,1
108.469,15,108466853941,2469000,1
108.472,4,108469320941,2496006,0
108.474,14,108471843947,2469000,1
108.474,22,108471843947,2469000,1
108.477,21,108474310947,2469000,1
108.477,15,108474310947,2469000,1
108.479,3,108476786947,2496006,0
108.482,1,108479318953,2496006,0
108.484,8,108481841959,2469000,1
108.484,5,108481841959,2469000,1
108.487,9,108484308959,2496006,0
108.49,3,108487171965,2496006,0
108.492,23,108489694971,2496006,0
108.495,4,108492235977,2469000,1
108.495,14,108492235977,2469000,1
108.495,9,108492235977,2469000,1
108.497,6,108494702977,2496006,0
108.5,23,108497234983,2469000,1
108.5,6,108497234983,2469000,1
108.502,8,108499701983,2496006,0
108.505,1,108502224989,2469000,1
108.507,3,108504709989,2469000,1
108.507,16,108504709989,2469000,1
108.51,4,108507176989,2496006,0
108.512,7,108509699995,2469000,1
108.512,14,108509699995,2469000,1
108.515,20,108512166995,2496006,0
108.517,4,108514726001,2469000,1
108.517,5,108514726001,2469000,1
108.517,9,108514726001,2469000,1
108.517,23,108514726001,2469000,1
108.517,1,108514726001,2469000,1
108.52,8,108517515007,2496006,0
108.523,17,108520056013,2469000,1
108.523,8,108520056013,2469000,1
108.525,20,108522523013,2496006,0
108.528,8,108525046019,2496006,0
108.53,9,108527632025,2496006,0
108.533,20,108530164031,2496006,0
108.535,3,108532687037,2496006,0
108.538,6,108535210043,2496006,0
108.54,16,108537733049,2496006,0
108.543,9,108540256055,2469000,1
108.543,6,108540256055,2469000,1
108.545,8,108542723055,2496006,0
108.548,4,108545255061,2496006,0
108.55,8,108547787067,2496006,0
108.553,1,108550319073,2469000,1
108.553,6,108550319073,2469000,1
108.555,20,108552786073,2496006,0
108.558,21,108555309079,2469000,1
108.558,15,108555309079,2469000,1
108.56,14,108557776079,2496006,0
108.563,8,108560299085,2469000,1
108.563,19,108560299085,2469000,1
108.563,3,108560299085,2469000,1
108.565,4,108562775085,2496006,0
108.568,4,108565298091,2496006,0
108.57,14,108567821097,2469000,1
108.57,13,108567821097,2469000,1
108.57,16,108567821097,2469000,1
108.573,8,108570288097,2496006,0
108.575,9,108572811103,2469000,1
108.575,8,108572811103,2469000,1
108.578,20,108575287103,2469000,1
108.578,9,108575287103,2469000,1
108.58,3,108577763103,2469000,1
108.58,14,108577763103,2469000,1
108.583,14,108580232103,2469000,1
108.588,4,108585222109,2496006,0
108.59,22,108587745115,2496006,0
108.593,12,108590581121,2496006,0
108.596,14,108593104127,2496006,0
108.598,6,108595627133,2469000,1
108.598,12,108595627133,2469000,1
108.601,4,108598112133,2469000,1
108.601,21,108598112133,2469000,1
108.603,16,108600579133,2469000,1
108.603,8,108600579133,2469000,1
108.606,14,108603046133,2496006,0
108.608,23,108605578139,2469000,1
108.608,12,108605578139,2469000,1
108.608,16,108605578139,2469000,1
108.611,4,108608045139,2496006,0
108.613,14,108610568145,2496006,0
108.616,20,108613109151,2496006,0
108.618,22,108615632157,2496006,0
108.621,2,108618468163,2496006,0
108.623,22,108621009169,2469000,1
108.623,2,108621009169,2469000,1
108.626,9,108623476169,2469000,1
108.626,12,108623476169,2469000,1
108.628,14,108625970169,2469000,1
108.628,4,108625970169,2469000,1
108.631,20,108628482169,2496006,0
108.634,1,108631068175,2496006,0
108.636,16,108633600181,2496006,0
108.639,20,108636123187,2496006,0
108.641,4,108638655193,2496006,0
108.644,11,108641178199,2469000,1
108.644,22,108641178199,2469000,1
108.646,16,108643654199,2469000,1
108.646,4,108643654199,2469000,1
108.649,8,108646130199,2496006,0
108.651,3,108648671205,2469000,1
108.651,2,108648671205,2469000,1
108.654,14,108651138205,2469000,1
108.654,16,108651138205,2469000,1
108.656,20,108653605205,2496006,0
108.659,1,108656128211,2496006,0
108.661,7,108658651217,2496006,0
108.664,8,108661192223,2496006,0
108.666,7,108663715229,2496006,0
108.669,8,108666247235,2469000,1
108.669,7,108666247235,2469000,1
108.671,3,108668714235,2496006,0
108.674,20,108671237241,2469000,1
108.674,17,108671237241,2469000,1
108.674,22,108671237241,2469000,1
108.676,4,108673731241,2496006,0
108.679,3,108676263247,2496006,0
108.681,1,108678786253,2496006,0
108.684,1,108681318259,2496006,0
108.686,15,108683850265,2496006,0
108.689,22,108686373271,2496006,0
108.691,4,108688914277,2469000,1
108.691,5,108688914277,2469000,1
108.691,22,108688914277,2469000,1
108.694,1,108691694283,2496006,0
108.697,18,108694217289,2469000,1
108.697,16,108694217289,2469000,1
108.699,3,108696693289,2496006,0
108.702,15,108699216295,2496006,0
108.704,11,108701739301,2496006,0
108.707,8,108704280307,2496006,0
108.709,6,108706803313,2469000,1
108.709,7,108706803313,2469000,1
108.712,4,108709279313,2469000,1
108.712,8,108709279313,2469000,1
108.714,2,108711746313,2469000,1
108.714,7,108711746313,2469000,1
108.717,3,108714213313,2469000,1
108.717,8,108714213313,2469000,1
108.719,1,108716689313,2469000,1
108.719,4,108716689313,2469000,1
108.722,20,108719156313,2496006,0
108.724,15,108722001319,2469000,1
108.727,11,108724468319,2496006,0
108.729,11,108726991325,2496006,0
108.732,14,108729568331,2496006,0
108.735,20,108732091337,2496006,0
108.737,11,108734632343,2469000,1
108.737,22,108734632343,2469000,1
108.737,14,108734632343,2469000,1
108.74,1,108737099343,2496006,0
108.742,5,108739658349,2469000,1
108.742,14,108739658349,2469000,1
108.745,1,108742134349,2496006,0
108.747,15,108744657355,2496006,0
108.75,3,108747189361,2496006,0
108.752,20,108749712367,2496006,0
108.755,11,108752280373,2496006,0
108.757,11,108754803379,2496006,0
108.76,20,108757335385,2469000,1
108.76,1,108757335385,2469000,1
108.762,15,108759802385,2496006,0
108.765,23,108762334391,2469000,1
108.765,3,108762334391,2469000,1
108.767,12,108764855391,2469000,1
108.767,8,108764855391,2469000,1
108.77,7,108767322391,2469000,1
108.77,11,108767322391,2469000,1
108.77,15,108767322391,2469000,1
108.772,16,108769807391,2496006,0
108.775,23,108772339397,2496006,0
108.78,15,108777412409,2496006,0
108.782,22,108779935415,2496006,0
108.785,16,108782458421,2496006,0
108.787,15,108784981427,2496006,0
108.79,23,108787513433,2469000,1
108.79,20,108787513433,2469000,1
108.792,22,108789980433,2469000,1
108.792,3,108789980433,2469000,1
108.792,11,108789980433,2469000,1
108.792,20,108789982433,2469000,1
108.795,16,108792458433,2496006,0
108.798,1,108795303439,2496006,0
108.8,15,108797844445,2496006,0
108.803,2,108800367451,2469000,1
108.803,14,108800367451,2469000,1
108.805,1,108802834451,2469000,1
108.805,15,108802834451,2469000,1
108.808,12,108805301451,2496006,0
108.81,12,108807824457,2496006,0
108.813,15,108810356463,2496006,0
108.815,12,108812906469,2469000,1
108.815,16,108812906469,2469000,1
108.818,22,108815382469,2496006,0
108.82,11,108817905475,2496006,0
108.823,22,108820437481,2496006,0
108.826,3,108823300487,2496006,0
108.828,23,108825823493,2496006,0
108.831,15,108828346499,2469000,1
108.831,3,108828346499,2469000,1
108.833,11,108830813499,2469000,1
108.833,7,108830813499,2469000,1
108.836,23,108833298499,2469000,1
108.836,12,108833298499,2469000,1
108.836,15,108833298499,2469000,1
108.836,11,108833298499,2469000,1
108.838,22,108835765499,2496006,0
108.841,1,108838288505,2496006,0
108.843,11,108840811511,2496006,0
108.846,16,108843334517,2496006,0
108.848,3,108845875523,2496006,0
108.851,1,108848398529,2496006,0
108.853,11,108850921535,2496006,0
108.856,22,108853444541,2496006,0
108.858,15,108855967547,2496006,0
108.861,16,108858499553,2496006,0
108.864,22,108861058559,2469000,1
108.864,8,108861058559,2469000,1
108.866,11,108863534559,2469000,1
108.866,1,108863534559,2469000,1
108.869,3,108866010559,2496006,0
108.871,15,108868542565,2469000,1
108.871,4,108868542565,2469000,1
108.873,12,108871027565,2469000,1
108.873,16,108871027565,2469000,1
108.876,3,108873494565,2496006,0
108.879,7,108876017571,2496006,0
108.881,22,108878540577,2496006,0
108.884,23,108881072583,2496006,0
108.886,3,108883595589,2496006,0
108.889,15,108886118595,2496006,0
108.891,7,108888641601,2469000,1
108.891,3,108888641601,2469000,1
108.894,23,108891108601,2496006,0
108.899,15,108896476613,2496006,0
108.901,11,108898999619,2496006,0
108.904,16,108901522625,2496006,0
108.907,22,108904045631,2496006,0
108.909,11,108906568637,2496006,0
108.912,15,108909091643,2469000,1
108.912,1,108909091643,2469000,1
108.912,16,108909091643,2469000,1
108.914,14,108911567643,2496006,0
108.917,21,108914108649,2469000,1
108.917,17,108914108649,2469000,1
108.919,23,108916584649,2496006,0
108.922,12,108919107655,2496006,0
108.924,23,108921630661,2496006,0
108.927,22,108924153667,2469000,1
108.927,1,108924153667,2469000,1
108.929,20,108926942673,2496006,0
108.932,9,108929465679,2469000,1
108.932,23,108929465679,2469000,1
108.934,3,108931932679,2469000,1
108.934,11,108931932679,2469000,1
108.934,14,108931932679,2469000,1
108.937,3,108934426679,2496006,0
108.939,22,108936949685,2496006,0
108.942,16,108939481691,2496006,0
108.944,7,108942004697,2469000,1
108.944,12,108942004697,2469000,1
108.947,15,108944480697,2496006,0
108.949,3,108947003703,2496006,0
108.952,12,108949526709,2496006,0
108.955,20,108952049715,2496006,0
108.957,15,108954572721,2496006,0
108.96,20,108957104727,2496006,0
108.962,23,108959627733,2469000,1
108.962,14,108959627733,2469000,1
108.965,20,108962103733,2496006,0
108.967,22,108964626739,2469000,1
108.967,16,108964626739,2469000,1
108.967,20,108964626739,2469000,1
108.97,12,108967102739,2496006,0
108.975,3,108972157751,2496006,0
108.977,15,108974707757,2496006,0
108.98,7,108977230763,2496006,0
108.982,12,108979762769,2469000,1
108.982,11,108979762769,2469000,1
108.985,22,108982256769,2496006,0
108.987,7,108984779775,2469000,1
108.987,15,108984779775,2469000,1
108.987,3,108984779775,2469000,1
108.99,6,108987264775,2469000,1
108.99,3,108987264775,2469000,1
108.992,15,108989749775,2496006,0
108.995,16,108992281781,2496006,0
108.997,20,108994804787,2496006,0
109,14,108997345793,2496006,0
109.003,16,109000190799,2469000,1
109.003,7,109000190799,2469000,1
109.005,22,109002657799,2496006,0
109.008,4,109005216805,2496006,0
109.01,15,109007739811,2496006,0
109.013,22,109010262817,2496006,0
109.015,12,109012794823,2469000,1
109.015,14,109012794823,2469000,1
109.018,4,109015261823,2469000,1
109.018,20,109015261823,2469000,1
109.02,14,109017728823,2496006,0
109.023,23,109020251829,2496006,0
109.025,23,109022774835,2496006,0
109.028,23,109025306841,2496006,0
109.031,22,109028169847,2469000,1
109.031,20,109028169847,2469000,1
109.033,15,109030636847,2496006,0
109.036,14,109033177853,2469000,1
109.036,15,109033177853,2469000,1
109.041,22,109038167859,2469000,1
109.041,20,109038167859,2469000,1
109.043,3,109040634859,2496006,0
109.046,16,109043184865,2496006,0
109.048,23,109045707871,2496006,0
109.051,3,109048239877,2469000,1
109.051,23,109048239877,2469000,1
109.053,3,109050708877,2496006,0
109.056,15,109053249883,2496006,0
109.058,4,109055772889,2469000,1
109.058,3,109055772889,2469000,1
109.061,19,109058239889,2469000,1
109.061,15,109058239889,2469000,1
109.063,16,109060715889,2469000,1
109.063,11,109060715889,2469000,1
109.066,3,109063191889,2496006,0
109.068,7,109065750895,2496006,0
109.071,3,109068282901,2469000,1
109.071,14,109068282901,2469000,1
109.073,3,109070785901,2496006,0
109.076,23,109073308907,2496006,0
109.078,12,109075858913,2469000,1
109.078,15,109075858913,2469000,1
109.081,1,109078343913,2469000,1
109.081,7,109078343913,2469000,1
109.083,23,109080810913,2496006,0
109.086,3,109083333919,2496006,0
109.088,7,109085865925,2469000,1
109.088,3,109085865925,2469000,1
109.091,23,109088332925,2496006,0
109.096,11,109093387937,2496006,0
109.098,16,109095919943,2469000,1
109.098,3,109095919943,2469000,1
109.101,23,109098395943,2469000,1
109.101,20,109098395943,2469000,1
109.104,15,109101193949,2496006,0
109.106,4,109103725955,2496006,0
109.109,11,109106275961,2496006,0
109.111,15,109108807967,2469000,1
109.111,22,109108807967,2469000,1
109.111,14,109108807967,2469000,1
109.111,7,109108807967,2469000,1
109.114,23,109111301967,2496006,0
109.116,23,109113824973,2496006,0
109.119,2,109116347979,2496006,0
109.121,15,109118870985,2496006,0
109.124,4,109121402991,2469000,1
109.124,20,109121402991,2469000,1
109.126,2,109123878991,2496006,0
109.129,23,109126401997,2469000,1
109.129,11,109126401997,2469000,1
109.131,4,109128877997,2496006,0
109.134,12,109131714003,2469000,1
109.134,23,109131714003,2469000,1
109.137,2,109134181003,2469000,1
109.137,3,109134181003,2469000,1
109.139,15,109136675003,2496006,0
109.142,23,109139207009,2496006,0
109.144,15,109141730015,2496006,0
109.147,4,109144253021,2469000,1
109.149,23,109146747021,2496006,0
109.152,2,109149288027,2496006,0
109.154,3,109151820033,2496006,0
109.157,23,109154343039,2496006,0
109.159,4,109156866045,2496006,0
109.162,8,109159398051,2469000,1
109.162,22,109159398051,2469000,1
109.162,11,109159398051,2469000,1
109.162,15,109159398051,2469000,1
109.164,11,109161867051,2496006,0
109.167,3,109164408057,2496006,0
109.169,15,109166931063,2496006,0
109.172,23,109169454069,2496006,0
109.174,23,109171977075,2496006,0
109.177,4,109174500081,2496006,0
109.179,11,109177023087,2469000,1
109.179,2,109177023087,2469000,1
109.182,4,109179517087,2469000,1
109.182,16,109179517087,2469000,1
109.184,23,109182011087,2469000,1
109.184,15,109182011087,2469000,1
109.184,3,109182011087,2469000,1
109.187,15,109184505087,2496006,0
109.19,16,109187037093,2496006,0
109.192,13,109189569099,2469000,1
109.192,2,109189569099,2469000,1
109.195,16,109192036099,2469000,1
109.197,7,109194539099,2469000,1
109.197,11,109194539099,2469000,1
109.2,14,109197006099,2496006,0
109.202,23,109199547105,2496006,0
109.205,4,109202070111,2469000,1
109.205,15,109202070111,2469000,1
109.207,3,109204868117,2496006,0
109.21,16,109207400123,2496006,0
109.212,23,109209923129,2496006,0
109.215,14,109212464135,2496006,0
109.217,6,109214987141,2496006,0
109.22,3,109217510147,2469000,1
109.22,11,109217510147,2469000,1
109.222,16,109219977147,2496006,0
109.225,14,109222527153,2496006,0
109.228,18,109225068159,2469000,1
109.228,15,109225068159,2469000,1
109.23,16,109227535159,2496006,0
109.233,23,109230058165,2469000,1
109.233,6,109230058165,2469000,1
109.235,14,109232847171,2496006,0
109.24,23,109237920183,2496006,0
109.243,6,109240461189,2496006,0
109.245,21,109242984195,2469000,1
109.245,6,109242984195,2469000,1
109.248,3,109245460195,2469000,1
109.248,16,109245460195,2469000,1
109.25,14,109247927195,2496006,0
109.253,12,109250450201,2496006,0
109.255,16,109252982207,2469000,1
109.255,14,109252982207,2469000,1
109.258,3,109255467207,2496006,0
109.26,3,109257990213,2496006,0
109.263,4,109260513219,2469000,1
109.263,23,109260513219,2469000,1
109.265,12,109262980219,2496006,0
109.268,16,109265503225,2496006,0
109.271,2,109268044231,2469000,1
109.271,23,109268044231,2469000,1
109.273,16,109270520231,2469000,1
109.273,15,109270520231,2469000,1
109.275,10,109272996231,2496006,0
109.278,12,109275528237,2496006,0
109.281,10,109278051243,2496006,0
109.283,3,109280574249,2496006,0
109.286,3,109283097255,2496006,0
109.288,6,109285629261,2469000,1
109.288,3,109285629261,2469000,1
109.291,1,109288096261,2469000,1
109.291,23,109288096261,2469000,1
109.293,10,109290563261,2469000,1
109.293,12,109290563261,2469000,1
109.296,16,109293039261,2496006,0
109.298,15,109295562267,2496006,0
109.301,15,109298085273,2496006,0
109.303,16,109300644279,2469000,1
109.303,14,109300644279,2469000,1
109.306,15,109303129279,2496006,0
109.308,15,109305965285,2496006,0
109.311,15,109308497291,2496006,0
109.313,4,109311029297,2469000,1
109.313,3,109311029297,2469000,1
109.313,12,109311029297,2469000,1
109.316,14,109313514297,2496006,0
109.319,10,109316037303,2496006,0
109.321,16,109318596309,2496006,0
109.324,15,109321119315,2496006,0
109.326,10,109323642321,2496006,0
109.329,14,109326183327,2496006,0
109.331,10,109328706333,2496006,0
109.334,16,109331229339,2496006,0
109.339,15,109336597351,2496006,0
109.342,10,109339138357,2496006,0
109.344,15,109341670363,2496006,0
109.347,16,109344193369,2496006,0
109.349,7,109346725375,2469000,1
109.349,14,109346725375,2469000,1
109.352,12,109349201375,2496006,0
109.354,12,109351724381,2496006,0
109.357,10,109354247387,2496006,0
109.359,15,109356788393,2469000,1
109.359,3,109356788393,2469000,1
109.362,12,109359255393,2469000,1
109.362,10,109359255393,2469000,1
109.364,15,109361740393,2496006,0
109.367,16,109364263399,2469000,1
109.367,15,109364263399,2469000,1
109.369,6,109366766399,2496006,0
109.372,6,109369289405,2496006,0
109.374,10,109371839411,2496006,0
109.377,14,109374362417,2496006,0
109.379,11,109376885423,2496006,0
109.382,16,109379408429,2496006,0
109.384,5,109381931435,2496006,0
109.389,4,109386977447,2496006,0
109.392,6,109389500453,2496006,0
109.395,6,109392023459,2496006,0
109.397,5,109394546465,2469000,1
109.397,14,109394546465,2469000,1
109.399,4,109397013465,2469000,1
109.399,5,109397015465,2469000,1
109.402,11,109399500465,2496006,0
109.405,10,109402023471,2496006,0
109.407,14,109404546477,2496006,0
109.41,23,109407078483,2496006,0
109.412,12,109409914489,2469000,1
109.412,16,109409914489,2469000,1
109.415,14,109412390489,2496006,0
109.417,15,109414913495,2496006,0
109.42,6,109417436501,2469000,1
109.42,14,109417436501,2469000,1
109.422,11,109419912501,2469000,1
109.422,16,109419912501,2469000,1
109.425,10,109422388501,2469000,1
109.425,23,109422388501,2469000,1
109.427,5,109424864501,2496006,0
109.43,3,109427396507,2496006,0
109.432,15,109429919513,2496006,0
109.435,11,109432442519,2496006,0
109.437,14,109434965525,2496006,0
109.44,2,109437810531,2469000,1
109.44,11,109437810531,2469000,1
109.443,15,109440304531,2469000,1
109.443,9,109440304531,2469000,1
109.445,3,109442780531,2469000,1
109.445,4,109442780531,2469000,1
109.445,11,109442780531,2469000,1
109.45,5,109447770537,2496006,0
109.453,3,109450293543,2496006,0
109.455,11,109452834549,2496006,0
109.458,14,109455366555,2496006,0
109.46,23,109457898561,2496006,0
109.463,10,109460421567,2496006,0
109.465,6,109462944573,2496006,0
109.468,11,109465467579,2469000,1
109.468,22,109465467579,2469000,1
109.47,5,109467943579,2496006,0
109.473,6,109470484585,2469000,1
109.473,14,109470484585,2469000,1
109.475,3,109472951585,2496006,0
109.478,23,109475483591,2496006,0
109.481,4,109478006597,2496006,0
109.483,10,109480529603,2496006,0
109.486,10,109483052609,2496006,0
109.488,15,109485575615,2496006,0
109.491,5,109488098621,2496006,0
109.493,4,109490621627,2496006,0
109.496,5,109493144633,2496006,0
109.498,12,109495694639,2496006,0
109.501,12,109498217645,2496006,0
109.503,14,109500749651,2469000,1
109.503,3,109500749651,2469000,1
109.503,23,109500749651,2469000,1
109.506,4,109503216651,2496006,0
109.508,15,109505739657,2469000,1
109.508,19,109505739657,2469000,1
109.508,16,109505739657,2469000,1
109.511,11,109508206657,2496006,0
109.514,10,109511042663,2496006,0
109.516,5,109513565669,2496006,0
109.519,10,109516115675,2469000,1
109.521,6,109518591675,2469000,1
109.521,12,109518591675,2469000,1
109.524,11,109521067675,2496006,0
109.526,16,109523599681,2496006,0
109.529,3,109526122687,2496006,0
109.531,14,109528645693,2469000,1
109.531,4,109528645693,2469000,1
109.531,5,109528645693,2469000,1
109.534,16,109531130693,2469000,1
109.534,10,109531130693,2469000,1
109.536,3,109533597693,2496006,0
109.539,6,109536120699,2496006,0
109.541,23,109538679705,2469000,1
109.541,15,109538679705,2469000,1
109.544,11,109541459711,2496006,0
109.546,3,109543982717,2469000,1
109.546,5,109543982717,2469000,1
109.549,12,109546458717,2496006,0
109.551,12,109548990723,2496006,0
109.554,4,109551549729,2469000,1
109.554,6,109551549729,2469000,1
109.557,20,109554025729,2496006,0
109.559,3,109556548735,2496006,0
109.562,11,109559071741,2496006,0
109.564,12,109561612747,2496006,0
109.567,16,109564144753,2496006,0
109.569,23,109566685759,2496006,0
109.572,3,109569226765,2496006,0
109.574,11,109571749771,2496006,0
109.577,13,109574272777,2469000,1
109.577,10,109574272777,2469000,1
109.577,6,109574272777,2469000,1
109.579,23,109576739777,2469000,1
109.579,20,109576739777,2469000,1
109.579,3,109576739777,2469000,1
109.582,16,109579215777,2469000,1
109.582,12,109579215777,2469000,1
109.582,11,109579215777,2469000,1
109.584,14,109581691777,2496006,0
109.587,23,109584223783,2496006,0
109.589,5,109586746789,2496006,0
109.592,15,109589278795,2496006,0
109.594,12,109591801801,2496006,0
109.597,16,109594333807,2496006,0
109.599,16,109596874813,2496006,0
109.602,12,109599397819,2469000,1
109.602,14,109599397819,2469000,1
109.604,5,109601864819,2469000,1
109.604,23,109601864819,2469000,1
109.607,20,109604331819,2496006,0
109.609,15,109606854825,2469000,1
109.609,5,109606854825,2469000,1
109.612,23,109609348825,2469000,1
109.612,15,109609348825,2469000,1
109.614,12,109611815825,2496006,0
109.617,11,109614651831,2496006,0
109.62,6,109617183837,2496006,0
109.622,20,109619706843,2496006,0
109.625,3,109622229849,2469000,1
109.625,16,109622229849,2469000,1
109.627,14,109624714849,2496006,0
109.63,6,109627237855,2496006,0
109.632,23,109629760861,2496006,0
109.635,12,109632283867,2496006,0
109.637,14,109634815873,2496006,0
109.64,11,109637338879,2469000,1
109.64,4,109637338879,2469000,1
109.642,20,109639832879,2496006,0
109.645,14,109642668885,2469000,1
109.645,6,109642668885,2469000,1
109.648,20,109645144885,2496006,0
109.65,16,109647667891,2496006,0
109.653,23,109650190897,2469000,1
109.655,20,109652657897,2496006,0
109.658,12,109655189903,2496006,0
109.66,11,109657721909,2469000,1
109.663,3,109660197909,2496006,0
109.665,20,109662720915,2496006,0
109.668,14,109665243921,2469000,1
109.668,16,109665243921,2469000,1
109.668,20,109665243921,2469000,1
109.67,6,109667710921,2496006,0
109.675,12,109672765933,2496006,0
109.678,23,109675288939,2496006,0
109.68,3,109677820945,2496006,0
109.683,12,109680343951,2496006,0
109.685,6,109682875957,2496006,0
109.688,12,109685398963,2496006,0
109.69,23,109687921969,2496006,0
109.693,23,109690471975,2496006,0
109.695,6,109692994981,2496006,0
109.698,23,109695517987,2496006,0
109.701,6,109698040993,2496006,0
109.703,5,109700572999,2469000,1
109.703,3,109700572999,2469000,1
109.703,23,109700572999,2469000,1
109.706,16,109703075999,2469000,1
109.706,20,109703075999,2469000,1
109.706,12,109703075999,2469000,1
109.708,15,109705578999,2496006,0
109.711,4,109708102005,2496006,0
109.713,6,109710625011,2496006,0
109.716,4,109713148017,2469000,1
109.716,6,109713148017,2469000,1
109.718,20,109715946023,2496006,0
109.721,15,109718487029,2496006,0
109.724,10,109721019035,2496006,0
109.726,15,109723560041,2496006,0
109.729,5,109726092047,2496006,0
109.731,20,109728615053,2469000,1
109.731,23,109728615053,2469000,1
109.731,15,109728615053,2469000,1
109.734,11,109731082053,2469000,1
109.734,3,109731082053,2469000,1
109.734,16,109731082053,2469000,1
109.739,10,109736117059,2496006,0
109.741,12,109738640065,2496006,0
109.744,14,109741163071,2496006,0
109.746,6,109743686077,2496006,0
109.749,4,109746522083,2496006,0
109.752,5,109749054089,2496006,0
109.754,12,109751595095,2496006,0
109.757,4,109754127101,2469000,1
109.757,6,109754127101,2469000,1
109.757,12,109754127101,2469000,1
109.759,5,109756603101,2469000,1
109.759,20,109756603101,2469000,1
109.759,10,109756603101,2469000,1
109.762,15,109759097101,2469000,1
109.762,14,109759097101,2469000,1
109.764,12,109761573101,2496006,0
109.767,4,109764114107,2496006,0
109.769,12,109766637113,2496006,0
109.772,6,109769214119,2496006,0
109.774,10,109771737125,2496006,0
109.777,12,109774269131,2496006,0
109.779,3,109776801137,2496006,0
109.782,2,109779324143,2496006,0
109.784,6,109781847149,2496006,0
109.787,12,109784370155,2469000,1
109.787,23,109784370155,2469000,1
109.787,4,109784370155,2469000,1
109.789,5,109786846155,2469000,1
109.792,2,109789331155,2496006,0
109.794,10,109791863161,2469000,1
109.794,2,109791863161,2469000,1
109.797,14,109794339161,2496006,0
109.799,4,109796862167,2496006,0
109.802,6,109799385173,2496006,0
109.804,3,109801908179,2496006,0
109.807,14,109804458185,2469000,1
109.807,15,109804458185,2469000,1
109.807,3,109804458185,2469000,1
109.809,14,109806927185,2496006,0
109.812,4,109809450191,2496006,0
109.814,12,109811973197,2469000,1
109.814,10,109811973197,2469000,1
109.817,14,109814440197,2496006,0
109.819,6,109816990203,2469000,1
109.819,12,109816990203,2469000,1
109.819,14,109816990203,2469000,1
109.822,1,109819779209,2469000,1
109.822,4,109819779209,2469000,1
109.825,20,109822246209,2496006,0
109.827,11,109824769215,2496006,0
109.83,16,109827292221,2469000,1
109.83,10,109827292221,2469000,1
109.832,8,109829777221,2469000,1
109.832,4,109829777221,2469000,1
109.835,20,109832253221,2496006,0
109.837,11,109834776227,2496006,0
109.84,2,109837317233,2496006,0
109.842,6,109839849239,2496006,0
109.847,20,109844913251,2496006,0
109.85,11,109847749257,2469000,1
109.85,5,109847749257,2469000,1
109.85,3,109847749257,2469000,1
109.853,11,109850218257,2496006,0
109.855,6,109852759263,2496006,0
109.858,11,109855300269,2469000,1
109.858,2,109855300269,2469000,1
109.86,6,109857767269,2496006,0
109.863,14,109860290275,2496006,0
109.865,1,109862831281,2469000,1
109.865,14,109862831281,2469000,1
109.868,11,109865298281,2496006,0
109.87,6,109867821287,2496006,0
109.873,20,109870344293,2496006,0
109.875,23,109872867299,2496006,0
109.878,15,109875399305,2496006,0
109.88,11,109877931311,2496006,0
109.883,11,109880454317,2496006,0
109.885,20,109882986323,2496006,0
109.888,14,109885509329,2469000,1
109.888,11,109885509329,2469000,1
109.89,15,109887976329,2469000,1
109.89,2,109887976329,2469000,1
109.89,11,109887978329,2469000,1
109.893,6,109890463329,2496006,0
109.895,23,109892986335,2496006,0
109.898,10,109895554341,2469000,1
109.898,20,109895554341,2469000,1
109.903,15,109900553347,2496006,0
109.906,14,109903076353,2496006,0
109.908,23,109905608359,2496006,0
109.911,6,109908149365,2496006,0
109.913,14,109910672371,2469000,1
109.913,4,109910672371,2469000,1
109.916,23,109913139371,2469000,1
109.916,15,109913139371,2469000,1
109.918,16,109915606371,2496006,0
109.921,23,109918174377,2496006,0
109.924,16,109921019383,2496006,0
109.926,6,109923542389,2469000,1
109.926,14,109923542389,2469000,1
109.929,20,109926018389,2496006,0
109.931,5,109928541395,2496006,0
109.934,3,109931064401,2469000,1
109.934,20,109931064401,2469000,1
109.936,7,109933549401,2469000,1
109.936,11,109933549401,2469000,1
109.939,17,109936052401,2469000,1
109.939,23,109936052401,2469000,1
109.939,16,109936052401,2469000,1
109.939,6,109936052401,2469000,1
109.941,1,109938519401,2496006,0
109.944,15,109941042407,2469000,1
109.944,1,109941042407,2469000,1
109.946,5,109943509407,2496006,0
109.949,2,109946032413,2496006,0
109.951,23,109948573419,2496006,0
109.956,23,109953932431,2496006,0
109.959,15,109956464437,2496006,0
109.961,23,109958996443,2469000,1
109.961,15,109958996443,2469000,1
109.964,15,109961465443,2496006,0
109.966,21,109963988449,2469000,1
109.966,12,109963988449,2469000,1
109.966,20,109963988449,2469000,1
109.969,2,109966464449,2469000,1
109.969,4,109966464449,2469000,1
109.971,5,109968940449,2469000,1
109.971,2,109968940449,2469000,1
109.974,14,109971407449,2469000,1
109.974,16,109971407449,2469000,1
109.976,1,109973874449,2496006,0
109.979,15,109976442455,2496006,0
109.981,6,109978965461,2496006,0
109.984,1,109981497467,2496006,0
109.987,15,109984047473,2469000,1
109.987,1,109984047473,2469000,1
109.989,6,109986514473,2496006,0
109.992,23,109989082479,2469000,1
109.992,20,109989082479,2469000,1
109.994,6,109991558479,2496006,0
109.997,5,109994081485,2496006,0
110.002,16,109999154497,2496006,0
110.004,6,110001704503,2496006,0
110.007,6,110004254509,2496006,0
110.009,5,110006795515,2469000,1
110.009,6,110006795515,2469000,1
110.012,15,110009262515,2469000,1
110.012,1,110009262515,2469000,1
110.014,16,110011729515,2496006,0
110.017,14,110014252521,2496006,0
110.019,14,110016784527,2496006,0
110.022,5,110019316533,2496006,0
110.024,2,110021866539,2496006,0
110.027,3,110024711545,2496006,0
110.03,14,110027234551,2496006,0
110.032,2,110029766557,2469000,1
110.032,16,110029766557,2469000,1
110.035,3,110032242557,2496006,0
110.037,5,110034774563,2496006,0
110.042,6,110039829575,2469000,1
110.042,1,110039829575,2469000,1
110.045,16,110042305575,2496006,0
110.047,20,110044828581,2496006,0
110.05,14,110047360587,2496006,0
110.052,5,110049892593,2496006,0
110.055,14,110052737599,2496006,0
110.058,5,110055260605,2496006,0
110.06,3,110057783611,2496006,0
110.063,16,110060306617,2469000,1
110.063,14,110060306617,2469000,1
110.065,5,110062773617,2496006,0
110.068,2,110065305623,2469000,1
110.068,1,110065305623,2469000,1
110.068,3,110065305623,2469000,1
110.07,20,110067772623,2496006,0
110.073,20,110070295629,2496006,0
110.075,14,110072836635,2469000,1
110.075,20,110072836635,2469000,1
110.078,23,110075312635,2496006,0
110.08,5,110077880641,2496006,0
110.085,23,110082953653,2469000,1
110.085,6,110082953653,2469000,1
110.088,20,110085420653,2496006,0
110.09,11,110087943659,2496006,0
110.093,15,110090475665,2469000,1
110.093,16,110090475665,2469000,1
110.095,23,110092942665,2496006,0
110.098,10,110095465671,2496006,0
110.1,5,110097988677,2469000,1
110.1,14,110097988677,2469000,1
110.103,2,110100464677,2496006,0
110.106,3,110103005683,2496006,0
110.108,2,110105528689,2496006,0
110.111,14,110108051695,2496006,0
110.113,20,110110574701,2496006,0
110.116,11,110113106707,2469000,1
110.116,2,110113106707,2469000,1
110.118,3,110115573707,2469000,1
110.118,10,110115573707,2469000,1
110.121,23,110118040707,2469000,1
110.121,3,110118042707,2469000,1
110.123,16,110120509707,2496006,0
110.126,5,110123041713,2496006,0
110.128,2,110125886719,2469000,1
110.128,3,110125886719,2469000,1
110.131,23,110128353719,2496006,0
110.133,16,110130876725,2469000,1
110.133,14,110130876725,2469000,1
110.136,16,110133345725,2496006,0
110.138,11,110135868731,2496006,0
110.141,2,110138391737,2469000,1
110.143,5,110140858737,2496006,0
110.146,23,110143381743,2469000,1
110.146,20,110143381743,2469000,1
110.148,22,110145848743,2496006,0
110.151,10,110148380749,2496006,0
110.153,16,110150912755,2496006,0
110.156,12,110153435761,2469000,1
110.156,11,110153435761,2469000,1
110.159,22,110156242767,2496006,0
110.161,5,110158765773,2469000,1
110.161,11,110158765773,2469000,1
110.164,22,110161232773,2496006,0
110.166,16,110163755779,2496006,0
110.169,10,110166287785,2496006,0
110.171,3,110168819791,2469000,1
110.171,20,110168819791,2469000,1
110.174,16,110171295791,2496006,0
110.176,23,110173827797,2496006,0
110.179,14,110176350803,2496006,0
110.181,10,110178873809,2496006,0
110.184,1,110181396815,2496006,0
110.186,16,110183928821,2469000,1
110.186,22,110183928821,2469000,1
110.186,10,110183928821,2469000,1
110.189,10,110186397821,2496006,0
110.191,14,110188920827,2496006,0
110.194,23,110191443833,2469000,1
110.194,14,110191443833,2469000,1
110.196,15,110193928833,2496006,0
110.199,14,110196451839,2496006,0
110.201,5,110198974845,2469000,1
110.201,20,110198974845,2469000,1
110.201,1,110198974845,2469000,1
110.204,6,110201441845,2496006,0
110.206,15,110204000851,2469000,1
110.209,10,110206476851,2496006,0
110.211,10,110208999857,2496006,0
110.214,15,110211522863,2496006,0
110.217,6,110214054869,2469000,1
110.217,14,110214054869,2469000,1
110.219,1,110216539869,2496006,0
110.222,10,110219098875,2469000,1
110.222,22,110219098875,2469000,1
110.222,23,110219098875,2469000,1
110.222,15,110219098875,2469000,1
110.224,16,110221565875,2469000,1
110.224,10,110221567875,2469000,1
110.227,11,110224043875,2496006,0
110.229,3,110226566881,2496006,0
110.232,2,110229420887,2496006,0
110.234,1,110231952893,2496006,0
110.237,14,110234475899,2496006,0
110.24,3,110237034905,2496006,0
110.242,2,110239557911,2469000,1
110.242,11,110239557911,2469000,1
110.245,16,110242024911,2496006,0
110.247,15,110244547917,2496006,0
110.25,16,110247070923,2496006,0
110.252,1,110249602929,2469000,1
110.252,15,110249602929,2469000,1
110.255,22,110252069929,2496006,0
110.257,6,110254592935,2496006,0
110.26,14,110257428941,2496006,0
110.262,3,110259960947,2496006,0
110.265,6,110262483953,2496006,0
110.268,22,110265006959,2496006,0
110.27,5,110267529965,2496006,0
110.273,16,110270052971,2496006,0
110.275,14,110272584977,2469000,1
110.278,6,110275051977,2496006,0
110.28,1,110277592983,2469000,1
110.283,11,110280059983,2469000,1
110.285,16,110282537983,2469000,1
110.287,5,110285004983,2469000,1
110.287,2,110285004983,2469000,1
110.29,21,110287471983,2469000,1
110.29,3,110287471983,2469000,1
110.292,22,110289938983,2496006,0
110.295,16,110292461989,2469000,1
110.295,21,110292461989,2469000,1
110.297,14,110294937989,2469000,1
110.297,21,110294937989,2469000,1
110.3,22,110297404989,2496006,0
110.302,6,110299927995,2496006,0
110.305,15,110302460001,2496006,0
110.307,11,110305001007,2496006,0
110.31,20,110307533013,2469000,1
110.31,23,110307533013,2469000,1
110.312,11,110310000013,2496006,0
110.315,22,110312523019,2496006,0
110.318,6,110315055025,2469000,1
110.318,3,110315055025,2469000,1
110.32,10,110317522025,2496006,0
110.323,15,110320045031,2469000,1
110.323,2,110320045031,2469000,1
110.325,4,110322512031,2469000,1
110.325,21,110322512031,2469000,1
110.327,11,110324979031,2496006,0
110.33,15,110327520037,2496006,0
110.333,22,110330365043,2496006,0
110.335,22,110332888049,2496006,0
110.338,21,110335429055,2496006,0
110.34,5,110337952061,2469000,1
110.34,10,110337952061,2469000,1
110.343,11,110340419061,2496006,0
110.345,15,110342942067,2496006,0
110.348,22,110345465073,2469000,1
110.348,11,110345465073,2469000,1
110.35,22,110347950073,2496006,0
110.353,22,110350491079,2496006,0
110.355,14,110353014085,2469000,1
110.355,21,110353014085,2469000,1
110.358,11,110355481085,2496006,0
110.361,11,110358013091,2496006,0
110.363,15,110360849097,2496006,0
110.366,16,110363372103,2469000,1
110.366,3,110363372103,2469000,1
110.368,1,110365839103,2496006,0
110.373,6,110370885115,2496006,0
110.376,15,110373408121,2469000,1
110.376,5,110373408121,2469000,1
110.378,22,110375875121,2496006,0
110.381,22,110378416127,2496006,0
110.383,22,110380957133,2496006,0
110.386,20,110383480139,2469000,1
110.386,10,110383480139,2469000,1
110.386,11,110383480139,2469000,1
110.388,6,110385956139,2496006,0
110.391,1,110388479145,2496006,0
110.393,22,110391002151,2496006,0
110.396,6,110393543157,2496006,0
110.399,21,110396075163,2496006,0
110.401,11,110398616169,2496006,0
110.404,1,110401148175,2496006,0
110.406,6,110403671181,2469000,1
110.406,22,110403671181,2469000,1
110.409,6,110406147181,2496006,0
110.411,1,110408679187,2469000,1
110.411,15,110408679187,2469000,1
110.414,13,110411164187,2469000,1
110.414,2,110411164187,2469000,1
110.416,21,110413631187,2496006,0
110.419,6,110416172193,2496006,0
110.421,14,110418695199,2469000,1
110.421,11,110418695199,2469000,1
110.424,4,110421207199,2496006,0
110.426,13,110423730205,2496006,0
110.429,4,110426262211,2496006,0
110.431,21,110428794217,2496006,0
110.434,6,110431326223,2496006,0
110.437,4,110434198229,2469000,1
110.439,22,110436674229,2469000,1
110.439,1,110436674229,2469000,1
110.442,13,110439141229,2496006,0
110.444,6,110441682235,2496006,0
110.447,21,110444223241,2496006,0
110.449,11,110446746247,2496006,0
110.452,10,110449269253,2496006,0
110.454,13,110451801259,2496006,0
110.457,15,110454324265,2496006,0
110.459,6,110456865271,2469000,1
110.459,13,110456865271,2469000,1
110.462,13,110459350271,2496006,0
110.465,16,110462186277,2469000,1
110.465,1,110462186277,2469000,1
110.467,21,110464653277,2496006,0
110.47,6,110467176283,2496006,0
110.472,11,110469708289,2496006,0
110.475,4,110472231295,2469000,1
110.475,10,110472231295,2469000,1
110.475,11,110472231295,2469000,1
110.477,15,110474716295,2469000,1
110.477,11,110474716295,2469000,1
110.48,6,110477192295,2496006,0
110.482,21,110479733301,2469000,1
110.482,13,110479733301,2469000,1
110.485,6,110482200301,2496006,0
110.487,23,110484741307,2496006,0
110.49,3,110487300313,2496006,0
110.492,14,110489823319,2496006,0
110.497,6,110494878331,2469000,1
110.497,10,110494878331,2469000,1
110.5,13,110497345331,2496006,0
110.502,23,110499868337,2469000,1
110.502,21,110499868337,2469000,1
110.505,23,110502337337,2496006,0
110.507,22,110504896343,2496006,0
110.51,14,110507419349,2496006,0
110.512,23,110509942355,2469000,1
110.512,2,110509942355,2469000,1
110.512,15,110509942355,2469000,1
110.515,3,110512409355,2496006,0
110.517,13,110514932361,2496006,0
110.52,23,110517455367,2469000,1
110.52,3,110517455367,2469000,1
110.522,4,110519922367,2496006,0
110.525,4,110522454373,2496006,0
110.527,22,110524986379,2469000,1
110.527,14,110524986379,2469000,1
110.53,5,110527462379,2496006,0
110.532,4,110529985385,2496006,0
110.535,13,110532535391,2496006,0
110.538,5,110535380397,2469000,1
110.538,13,110535380397,2469000,1
110.54,6,110537856397,2496006,0
110.543,18,110540379403,2496006,0
110.545,4,110542902409,2469000,1
110.545,6,110542902409,2469000,1
110.548,14,110545369409,2496006,0
110.55,3,110547892415,2496006,0
110.553,13,110550424421,2496006,0
110.555,14,110552956427,2496006,0
110.558,11,110555479433,2469000,1
110.558,23,110555479433,2469000,1
110.56,22,110557964433,2469000,1
110.563,3,110560449433,2469000,1
110.563,18,110560449433,2469000,1
110.565,20,110562916433,2496006,0
110.568,4,110565752439,2496006,0
110.571,3,110568284445,2496006,0
110.573,14,110570807451,2469000,1
110.573,4,110570807451,2469000,1
110.576,20,110573274451,2469000,1
110.576,10,110573274451,2469000,1
110.576,5,110573274451,2469000,1
110.578,13,110575741451,2496006,0
110.581,3,110578264457,2496006,0
110.583,5,110580787463,2496006,0
110.586,6,110583310469,2496006,0
110.588,14,110585842475,2496006,0
110.591,3,110588365481,2496006,0
110.593,21,110590888487,2496006,0
110.596,20,110593420493,2496006,0
110.598,1,110595943499,2469000,1
110.598,21,110595943499,2469000,1
110.598,20,110595943499,2469000,1
110.601,3,110598419499,2496006,0
110.603,14,110600942505,2469000,1
110.603,15,110600942505,2469000,1
110.603,13,110600942505,2469000,1
110.606,6,110603409505,2496006,0
110.608,18,110605932511,2469000,1
110.608,5,110605932511,2469000,1
110.611,4,110608417511,2496006,0
110.613,21,110610958517,2496006,0
110.616,6,110613481523,2496006,0
110.619,23,110616004529,2496006,0
110.621,3,110618545535,2469000,1
110.621,18,110618545535,2469000,1
110.624,13,110621012535,2496006,0
110.626,20,110623535541,2496006,0
110.629,21,110626058547,2496006,0
110.631,9,110628581553,2496006,0
110.634,13,110631113559,2496006,0
110.636,23,110633636565,2469000,1
110.636,9,110633636565,2469000,1
110.639,20,110636103565,2469000,1
110.639,4,110636103565,2469000,1
110.641,14,110638883571,2496006,0
110.646,6,110643929583,2469000,1
110.646,9,110643929583,2469000,1
110.649,21,110646405583,2469000,1
110.649,23,110646405583,2469000,1
110.651,13,110648881583,2496006,0
110.654,22,110651422589,2496006,0
110.656,14,110653963595,2469000,1
110.656,5,110653963595,2469000,1
110.656,3,110653963595,2469000,1
110.659,13,110656430595,2496006,0
110.661,4,110658953601,2496006,0
110.664,6,110661476607,2469000,1
110.664,21,110661476607,2469000,1
110.666,22,110663979607,2496006,0
110.669,4,110666815613,2496006,0
110.672,22,110669347619,2496006,0
110.674,22,110671870625,2496006,0
110.677,20,110674393631,2496006,0
110.679,22,110676916637,2496006,0
110.682,13,110679457643,2496006,0
110.684,20,110681980649,2496006,0
110.687,15,110684503655,2496006,0
110.69,4,110687035661,2496006,0
110.692,11,110689558667,2496006,0
110.695,11,110692081673,2496006,0
110.697,20,110694604679,2496006,0
110.7,15,110697136685,2469000,1
110.7,13,110697136685,2469000,1
110.7,14,110697136685,2469000,1
110.702,22,110699603685,2469000,1
110.702,23,110699603685,2469000,1
110.705,11,110702070685,2469000,1
110.705,4,110702070685,2469000,1
110.707,10,110704537685,2469000,1
110.707,21,110704537685,2469000,1
110.71,17,110707004685,2496006,0
110.712,13,110709527691,2496006,0
110.715,20,110712077697,2496006,0
110.717,22,110714609703,2496006,0
110.72,17,110717141709,2496006,0
110.722,9,110719664715,2469000,1
110.722,15,110719664715,2469000,1
110.725,20,110722131715,2469000,1
110.725,6,110722131715,2469000,1
110.727,13,110724616715,2496006,0
110.73,5,110727139721,2469000,1
110.73,20,110727139721,2469000,1
110.735,4,110732129727,2496006,0
110.737,22,110734661733,2496006,0
110.74,4,110737202739,2496006,0
110.743,8,110740038745,2469000,1
110.743,17,110740038745,2469000,1
110.743,13,110740038745,2469000,1
110.745,16,110742505745,2496006,0
110.748,3,110745028751,2496006,0
110.75,14,110747560757,2496006,0
110.753,11,110750083763,2496006,0
110.755,3,110752615769,2469000,1
110.755,4,110752615769,2469000,1
110.758,22,110755091769,2496006,0
110.76,11,110757614775,2469000,1
110.76,13,110757614775,2469000,1
110.763,4,110760099775,2469000,1
110.763,11,110760099775,2469000,1
110.765,11,110762568775,2496006,0
110.768,11,110765091781,2496006,0
110.77,20,110767614787,2496006,0
110.773,16,110770450793,2469000,1
110.773,14,110770450793,2469000,1
110.775,15,110772917793,2496006,0
110.778,20,110775440799,2469000,1
110.778,16,110775440799,2469000,1
110.78,3,110777907799,2496006,0
110.783,3,110780448805,2496006,0
110.785,11,110782971811,2496006,0
110.788,22,110785494817,2496006,0
110.791,15,110788035823,2496006,0
110.793,1,110790567829,2496006,0
110.796,17,110793090835,2496006,0
110.798,4,110795622841,2469000,1
110.798,20,110795622841,2469000,1
110.801,11,110798089841,2496006,0
110.803,1,110800612847,2496006,0
110.806,17,110803135853,2469000,1
110.806,3,110803135853,2469000,1
110.808,22,110805602853,2496006,0
110.811,14,110808125859,2469000,1
110.811,3,110808125859,2469000,1
110.813,15,110810610859,2496006,0
110.816,18,110813133865,2469000,1
110.816,3,110813133865,2469000,1
110.818,4,110815609865,2496006,0
110.821,22,110818132871,2469000,1
110.821,15,110818132871,2469000,1
110.823,11,110820599871,2469000,1
110.823,22,110820601871,2469000,1
110.826,1,110823086871,2496006,0
110.828,4,110825609877,2496006,0
110.831,21,110828132883,2469000,1
110.831,17,110828132883,2469000,1
110.833,9,110830608883,2469000,1
110.836,4,110833084883,2469000,1
110.836,23,110833084883,2469000,1
110.838,1,110835578883,2496006,0
110.841,13,110838128889,2469000,1
110.841,1,110838128889,2469000,1
110.843,4,110840604889,2496006,0
110.846,13,110843449895,2496006,0
110.848,6,110845972901,2496006,0
110.851,4,110848495907,2496006,0
110.853,14,110851018913,2469000,1
110.853,11,110851018913,2469000,1
110.856,12,110853485913,2469000,1
110.856,5,110853485913,2469000,1
110.858,15,110855952913,2469000,1
110.858,17,110855952913,2469000,1
110.861,6,110858464913,2496006,0
110.863,3,110860987919,2496006,0
110.866,16,110863510925,2469000,1
110.866,4,110863510925,2469000,1
110.868,13,110865977925,2496006,0
110.871,6,110868536931,2469000,1
110.871,22,110868536931,2469000,1
110.874,20,110871316937,2496006,0
110.876,1,110873839943,2469000,1
110.876,11,110873839943,2469000,1
110.879,13,110876306943,2496006,0
110.881,5,110878829949,2496006,0
110.884,20,110881361955,2469000,1
110.884,3,110881361955,2469000,1
110.884,16,110881361955,2469000,1
110.886,10,110883837955,2469000,1
110.886,17,110883837955,2469000,1
110.889,1,110886331955,2496006,0
110.891,15,110888854961,2496006,0
110.894,13,110891395967,2469000,1
110.894,16,110891395967,2469000,1
110.896,3,110893862967,2496006,0
110.899,4,110896403973,2469000,1
110.899,5,110896403973,2469000,1
110.901,6,110898870973,2496006,0
110.904,19,110901393979,2496006,0
110.906,20,110903925985,2496006,0
110.909,1,110906457991,2496006,0
110.911,15,110908989997,2496006,0
110.914,1,110911513003,2496006,0
110.917,3,110914045009,2496006,0
110.919,19,110916568015,2496006,0
110.924,1,110921623027,2469000,1
110.924,5,110921623027,2469000,1
110.927,6,110924090027,2496006,0
110.929,15,110926622033,2496006,0
110.932,20,110929154039,2496006,0
110.934,6,110931686045,2496006,0
110.937,3,110934218051,2496006,0
110.939,13,110936741057,2496006,0
110.942,6,110939273063,2469000,1
110.942,19,110939273063,2469000,1
110.944,15,110941740063,2496006,0
110.947,5,110944576069,2469000,1
110.947,13,110944576069,2469000,1
110.95,20,110947043069,2496006,0
110.952,4,110949584075,2469000,1
110.952,19,110949584075,2469000,1
110.955,13,110952060075,2496006,0
110.957,3,110954583081,2469000,1
110.957,6,110954583081,2469000,1
110.96,20,110957050081,2469000,1
110.96,1,110957050081,2469000,1
110.962,5,110959526081,2496006,0
110.965,4,110962058087,2496006,0
110.967,19,110964581093,2496006,0
110.97,15,110967113099,2496006,0
110.972,19,110969672105,2496006,0
110.975,15,110972204111,2469000,1
110.975,5,110972204111,2469000,1
110.975,13,110972204111,2469000,1
110.977,6,110974993117,2496006,0
110.98,22,110977543123,2469000,1
110.98,4,110977543123,2469000,1
110.983,14,110980010123,2496006,0
110.985,3,110982542129,2496006,0
110.988,14,110985065135,2496006,0
110.99,19,110987588141,2469000,1
110.99,3,110987588141,2469000,1
110.993,20,110990073141,2496006,0
110.995,15,110992596147,2469000,1
110.995,13,110992596147,2469000,1
110.998,6,110995063147,2469000,1
110.998,20,110995063147,2469000,1
111,4,110997530147,2496006,0
111.003,3,111000053153,2496006,0
111.005,14,111002585159,2496006,0
111.01,5,111007649171,2496006,0
111.013,4,111010172177,2496006,0
111.015,14,111012695183,2496006,0
111.018,14,111015218189,2496006,0
111.02,4,111017741195,2496006,0
111.023,15,111020273201,2496006,0
111.025,6,111022814207,2469000,1
111.025,3,111022814207,2469000,1
111.028,13,111025281207,2496006,0
111.03,5,111027804213,2469000,1
111.03,20,111027804213,2469000,1
111.033,13,111030280213,2469000,1
111.033,5,111030280213,2469000,1
111.035,14,111032747213,2469000,1
111.035,17,111032747213,2469000,1
111.038,3,111035214213,2496006,0
111.04,19,111037755219,2496006,0
111.043,4,111040278225,2469000,1
111.043,3,111040278225,2469000,1
111.045,15,111042754225,2496006,0
111.048,1,111045286231,2496006,0
111.051,15,111048122237,2496006,0
111.053,15,111050654243,2496006,0
111.056,19,111053186249,2496006,0
111.058,19,111055718255,2496006,0
111.061,11,111058241261,2496006,0
111.063,6,111060773267,2496006,0
111.066,15,111063305273,2469000,1
111.066,6,111063305273,2469000,1
111.068,14,111065799273,2469000,1
111.068,1,111065799273,2469000,1
111.071,4,111068266273,2496006,0
111.073,19,111070789279,2469000,1
111.073,16,111070789279,2469000,1
111.076,11,111073274279,2469000,1
111.076,13,111073274279,2469000,1
111.079,1,111076054285,2496006,0
111.081,3,111078586291,2496006,0
111.084,7,111081109297,2469000,1
111.084,4,111081109297,2469000,1
111.086,15,111083594297,2496006,0
111.089,20,111086117303,2496006,0
111.091,15,111088640309,2496006,0
111.094,19,111091181315,2469000,1
111.094,3,111091181315,2469000,1
111.099,1,111096198321,2496006,0
111.101,3,111098730327,2496006,0
111.104,20,111101253333,2469000,1
111.104,4,111101253333,2469000,1
111.106,11,111103720333,2469000,1
111.106,15,111103720333,2469000,1
111.109,6,111106187333,2496006,0
111.111,21,111108719339,2496006,0
111.114,17,111111260345,2496006,0
111.116,5,111113783351,2496006,0
111.119,1,111116315357,2496006,0
111.121,9,111118838363,2469000,1
111.121,17,111118838363,2469000,1
111.124,14,111121305363,2496006,0
111.126,5,111123837369,2496006,0
111.129,3,111126360375,2496006,0
111.131,20,111128883381,2469000,1
111.131,11,111128883381,2469000,1
111.131,15,111128883381,2469000,1
111.134,6,111131359381,2496006,0
111.136,5,111133882387,2469000,1
111.136,1,111133882387,2469000,1
111.139,3,111136349387,2469000,1
111.139,21,111136349387,2469000,1
111.141,21,111138825387,2496006,0
111.144,4,111141366393,2496006,0
111.146,1,111143889399,2496006,0
111.149,14,111146412405,2469000,1
111.149,5,111146412405,2469000,1
111.152,5,111149192411,2496006,0
111.154,3,111151724417,2496006,0
111.157,21,111154256423,2469000,1
111.157,6,111154256423,2469000,1
111.159,23,111156723423,2469000,1
111.159,17,111156723423,2469000,1
111.162,13,111159217423,2496006,0
111.164,3,111161740429,2496006,0
111.167,5,111164263435,2469000,1
111.167,18,111164263435,2469000,1
111.167,4,111164263435,2469000,1
111.169,1,111166748435,2496006,0
111.172,22,111169271441,2469000,1
111.172,21,111169271441,2469000,1
111.174,13,111171738441,2469000,1
111.174,21,111171740441,2469000,1
111.177,15,111174207441,2469000,1
111.177,1,111174207441,2469000,1
111.179,17,111176683441,2496006,0
111.182,3,111179528447,2496006,0
111.185,3,111182051453,2496006,0
111.187,13,111184583459,2469000,1
111.187,3,111184583459,2469000,1
111.19,19,111187050459,2469000,1
111.192,20,111189517459,2496006,0
111.195,14,111192040465,2496006,0
111.197,20,111194563471,2496006,0
111.2,17,111197086477,2496006,0
111.202,6,111199618483,2496006,0
111.205,13,111202159489,2496006,0
111.207,14,111204682495,2496006,0
111.21,4,111207214501,2496006,0
111.212,3,111209737507,2469000,1
111.212,4,111209737507,2469000,1
111.215,20,111212204507,2469000,1
111.215,19,111212204507,2469000,1
111.217,6,111214671507,2469000,1
111.217,2,111214671507,2469000,1
111.217,1,111214671507,2469000,1
111.22,17,111217147507,2496006,0
111.222,14,111219670513,2469000,1
111.222,5,111219670513,2469000,1
111.225,13,111222137513,2496006,0
111.227,14,111224669519,2496006,0
111.23,17,111227201525,2469000,1
111.23,4,111227201525,2469000,1
111.232,14,111229677525,2496006,0
111.235,20,111232263531,2496006,0
111.237,13,111234795537,2496006,0
111.24,14,111237327543,2496006,0
111.242,14,111239859549,2496006,0
111.245,17,111242382555,2496006,0
111.247,6,111244905561,2496006,0
111.25,20,111247437567,2496006,0
111.252,17,111249960573,2469000,1
111.252,20,111249960573,2469000,1
111.255,6,111252740579,2496006,0
111.258,13,111255263585,2496006,0
111.26,15,111257795591,2496006,0
111.263,20,111260318597,2496006,0
111.265,14,111262841603,2496006,0
111.268,20,111265373609,2496006,0
111.27,13,111267896615,2496006,0
111.273,19,111270437621,2496006,0
111.275,4,111272969627,2469000,1
111.275,6,111272969627,2469000,1
111.278,15,111275436627,2496006,0
111.28,13,111277968633,2496006,0
111.283,3,111280813639,2469000,1
111.283,17,111280813639,2469000,1
111.286,20,111283280639,2496006,0
111.288,13,111285812645,2469000,1
111.288,14,111285812645,2469000,1
111.291,10,111288279645,2469000,1
111.291,1,111288279645,2469000,1
111.293,15,111290746645,2469000,1
111.293,5,111290746645,2469000,1
111.296,19,111293222645,2496006,0
111.298,14,111295763651,2496006,0
111.301,17,111298295657,2496006,0
111.303,6,111300818663,2496006,0
111.306,11,111303341669,2496006,0
111.308,20,111305864675,2496006,0
111.311,14,111308387681,2469000,1
111.311,19,111308387681,2469000,1
111.313,6,111310854681,2496006,0
111.316,11,111313386687,2496006,0
111.318,13,111315909693,2469000,1
111.318,19,111315909693,2469000,1
111.321,6,111318376693,2496006,0
111.323,20,111320917699,2496006,0
111.326,19,111323440705,2496006,0
111.328,17,111325963711,2469000,1
111.328,13,111325963711,2469000,1
111.331,15,111328430711,2469000,1
111.331,19,111328430711,2469000,1
111.333,20,111330906711,2496006,0
111.336,15,111333429717,2496006,0
111.338,6,111335952723,2496006,0
111.341,11,111338502729,2496006,0
111.344,15,111341034735,2469000,1
111.344,20,111341034735,2469000,1
111.344,5,111341034735,2469000,1
111.346,6,111343501735,2496006,0
111.349,14,111346024741,2496006,0
111.351,11,111348583747,2496006,0
111.354,20,111351133753,2496006,0
111.356,15,111353969759,2496006,0
111.359,15,111356492765,2496006,0
111.362,15,111359024771,2496006,0
111.364,6,111361547777,2496006,0
111.367,14,111364070783,2469000,1
111.367,15,111364070783,2469000,1
111.369,11,111366537783,2469000,1
111.369,21,111366537783,2469000,1
111.369,17,111366537783,2469000,1
111.371,19,111369013783,2469000,1
111.371,20,111369013783,2469000,1
111.374,6,111371507783,2496006,0
111.377,14,111374030789,2496006,0
111.379,3,111376553795,2469000,1
111.379,17,111376553795,2469000,1
111.384,21,111381552801,2496006,0
111.387,15,111384388807,2496006,0
111.389,14,111386947813,2496006,0
111.392,4,111389470819,2496006,0
111.394,15,111392002825,2496006,0
111.397,6,111394525831,2496006,0
111.4,20,111397048837,2496006,0
111.402,19,111399571843,2496006,0
111.405,3,111402121849,2469000,1
111.405,21,111402121849,2469000,1
111.407,19,111404597849,2469000,1
111.407,20,111404597849,2469000,1
111.407,14,111404597849,2469000,1
111.41,6,111407064849,2469000,1
111.41,11,111407064849,2469000,1
111.412,4,111409531849,2496006,0
111.415,20,111412063855,2496006,0
111.417,15,111414604861,2496006,0
111.42,20,111417127867,2496006,0
111.422,13,111419659873,2496006,0
111.425,14,111422182879,2469000,1
111.425,15,111422182879,2469000,1
111.427,1,111424649879,2496006,0
111.43,13,111427172885,2496006,0
111.432,1,111429722891,2469000,1
111.432,6,111429722891,2469000,1
111.435,20,111432189891,2469000,1
111.435,9,111432189891,2469000,1
111.435,4,111432189891,2469000,1
111.437,21,111434665891,2496006,0
111.44,19,111437233897,2496006,0
111.442,21,111439756903,2469000,1
111.442,13,111439756903,2469000,1
111.445,1,111442241903,2496006,0
111.447,4,111444764909,2496006,0
111.45,4,111447296915,2496006,0
111.452,5,111449819921,2469000,1
111.452,1,111449819921,2469000,1
111.455,19,111452295921,2496006,0
111.457,20,111454818927,2496006,0
111.46,1,111457654933,2496006,0
111.463,15,111460186939,2469000,1
111.463,13,111460186939,2469000,1
111.465,11,111462653939,2496006,0
111.468,4,111465185945,2496006,0
111.47,1,111467717951,2469000,1
111.473,21,111470184951,2469000,1
111.473,20,111470184951,2469000,1
111.475,4,111472651951,2496006,0
111.478,15,111475183957,2496006,0
111.48,4,111477715963,2496006,0
111.483,14,111480238969,2469000,1
111.483,19,111480238969,2469000,1
111.483,1,111480238969,2469000,1
111.485,11,111482732969,2496006,0
111.488,11,111485604975,2469000,1
111.488,20,111485604975,2469000,1
111.491,6,111488071975,2469000,1
111.491,19,111488071975,2469000,1
111.493,4,111490547975,2496006,0
111.496,15,111493070981,2496006,0
111.498,3,111495647987,2496006,0
111.501,11,111498188993,2496006,0
111.503,15,111500711999,2469000,1
111.503,20,111500711999,2469000,1
111.503,3,111500711999,2469000,1
111.506,4,111503187999,2496006,0
111.508,4,111505729005,2496006,0
111.511,17,111508261011,2469000,1
111.511,3,111508261011,2469000,1
111.513,11,111510746011,2496006,0
111.516,1,111513287017,2496006,0
111.518,4,111515810023,2469000,1
111.518,11,111515810023,2469000,1
111.521,21,111518313023,2496006,0
111.523,1,111520845029,2496006,0
111.526,11,111523395035,2496006,0
111.528,21,111525918041,2496006,0
111.531,13,111528441047,2469000,1
111.531,14,111528441047,2469000,1
111.531,15,111528441047,2469000,1
111.536,1,111533449053,2469000,1
111.536,3,111533449053,2469000,1
111.538,21,111535925053,2496006,0
111.541,11,111538475059,2496006,0
111.544,21,111541034065,2469000,1
111.544,4,111541034065,2469000,1
111.544,14,111541034065,2469000,1
111.546,11,111543501065,2496006,0
111.549,21,111546069071,2496006,0
111.551,19,111548592077,2469000,1
111.551,17,111548592077,2469000,1
111.554,15,111551059077,2496006,0
111.556,11,111553609083,2496006,0
111.559,15,111556150089,2496006,0
111.561,15,111558986095,2496006,0
111.564,21,111561527101,2496006,0
111.567,1,111564050107,2496006,0
111.569,15,111566582113,2496006,0
111.572,11,111569105119,2496006,0
111.574,21,111571655125,2496006,0
111.577,11,111574187131,2496006,0
111.579,21,111576719137,2469000,1
111.582,15,111579186137,2496006,0
111.584,1,111581718143,2469000,1
111.584,15,111581718143,2469000,1
111.587,20,111584194143,2496006,0
111.589,15,111586717149,2469000,1
111.589,20,111586717149,2469000,1
111.592,1,111589515155,2496006,0
111.595,11,111592056161,2496006,0
111.597,6,111594579167,2469000,1
111.597,4,111594579167,2469000,1
111.597,1,111594579167,2469000,1
111.6,21,111597073167,2496006,0
111.602,22,111599596173,2469000,1
111.602,21,111599596173,2469000,1
111.605,1,111602063173,2496006,0
111.607,20,111604586179,2496006,0
111.61,11,111607118185,2496006,0
111.612,16,111609641191,2496006,0
111.615,10,111612173197,2496006,0
111.617,1,111614696203,2496006,0
111.62,16,111617237209,2496006,0
111.622,11,111619760215,2469000,1
111.622,1,111619760215,2469000,1
111.625,10,111622227215,2469000,1
111.625,15,111622227215,2469000,1
111.627,16,111624703215,2496006,0
111.63,20,111627226221,2469000,1
111.632,16,111629720221,2496006,0
111.635,21,111632270227,2496006,0
111.637,20,111634793233,2496006,0
111.64,13,111637316239,2469000,1
111.64,10,111637316239,2469000,1
111.642,21,111639828239,2496006,0
111.645,21,111642351245,2496006,0
111.647,11,111644874251,2496006,0
111.65,16,111647397257,2496006,0
111.652,21,111649938263,2496006,0
111.655,20,111652461269,2496006,0
111.657,16,111654993275,2469000,1
111.657,1,111654993275,2469000,1
111.66,17,111657478275,2496006,0
111.662,3,111660001281,2496006,0
111.665,21,111662846287,2469000,1
111.665,23,111662846287,2469000,1
111.665,11,111662846287,2469000,1
111.668,20,111665331287,2469000,1
111.668,21,111665331287,2469000,1
111.67,3,111667798287,2496006,0
111.673,17,111670330293,2469000,1
111.675,16,111672815293,2496006,0
111.678,17,111675347299,2496006,0
111.683,17,111680411311,2496006,0
111.685,3,111682934317,2496006,0
111.688,4,111685484323,2469000,1
111.688,20,111685484323,2469000,1
111.69,17,111687987323,2469000,1
111.69,16,111687987323,2469000,1
111.693,11,111690776329,2496006,0
111.696,17,111693299335,2496006,0
111.698,3,111695849341,2496006,0
111.701,3,111698372347,2496006,0
111.703,20,111700895353,2496006,0
111.706,10,111703427359,2496006,0
111.708,11,111705950365,2496006,0
111.711,19,111708482371,2496006,0
111.713,17,111711005377,2469000,1
111.713,4,111711005377,2469000,1
111.716,1,111713472377,2496006,0
111.718,20,111716004383,2469000,1
111.718,16,111716004383,2469000,1
111.721,11,111718471383,2496006,0
111.726,3,111723526395,2496006,0
111.729,1,111726058401,2496006,0
111.731,11,111728581407,2496006,0
111.734,10,111731104413,2496006,0
111.736,13,111733654419,2469000,1
111.736,19,111733654419,2469000,1
111.739,3,111736148419,2496006,0
111.741,10,111738671425,2469000,1
111.741,20,111738671425,2469000,1
111.744,11,111741138425,2496006,0
111.746,6,111743661431,2496006,0
111.749,1,111746184437,2496006,0
111.751,1,111748707443,2496006,0
111.754,21,111751230449,2469000,1
111.754,6,111751230449,2469000,1
111.754,1,111751230449,2469000,1
111.756,17,111753724449,2496006,0
111.759,11,111756247455,2496006,0
111.761,3,111758788461,2496006,0
111.764,6,111761329467,2469000,1
111.764,1,111761329467,2469000,1
111.767,17,111764118473,2496006,0
111.772,11,111769164485,2496006,0
111.774,10,111771714491,2496006,0
111.777,19,111774246497,2496006,0
111.779,3,111776769503,2496006,0
111.782,3,111779301509,2496006,0
111.784,3,111781824515,2496006,0
111.787,15,111784347521,2469000,1
111.787,16,111784347521,2469000,1
111.787,17,111784347521,2469000,1
111.789,11,111786832521,2496006,0
111.792,3,111789364527,2496006,0
111.794,19,111791905533,2496006,0
111.797,11,111794741539,2469000,1
111.797,10,111794741539,2469000,1
111.8,18,111797208539,2496006,0
111.802,3,111799740545,2496006,0
111.805,18,111802290551,2469000,1
111.805,6,111802290551,2469000,1
111.805,16,111802290551,2469000,1
111.805,10,111802290551,2469000,1
111.807,3,111804757551,2496006,0
111.81,1,111807280557,2496006,0
111.812,18,111809803563,2496006,0
111.815,21,111812335569,2496006,0
111.82,3,111817381581,2496006,0
111.822,19,111819904587,2469000,1
111.822,10,111819904587,2469000,1
111.825,8,111822380587,2469000,1
111.825,11,111822380587,2469000,1
111.827,8,111824849587,2496006,0
111.83,3,111827372593,2496006,0
111.832,21,111829895599,2469000,1
111.832,1,111829895599,2469000,1
111.835,18,111832362599,2469000,1
111.835,3,111832362599,2469000,1
111.837,20,111834829599,2469000,1
111.837,17,111834829599,2469000,1
111.84,18,111837296599,2496006,0
111.842,16,111839837605,2469000,1
111.842,10,111839837605,2469000,1
111.842,18,111839837605,2469000,1
111.845,1,111842304605,2496006,0
111.847,8,111844845611,2496006,0
111.85,18,111847404617,2496006,0
111.852,8,111849945623,2469000,1
111.852,2,111849945623,2469000,1
111.855,1,111852430623,2469000,1
111.855,20,111852430623,2469000,1
111.857,8,111854897623,2496006,0
111.86,18,111857420629,2469000,1
111.86,15,111857420629,2469000,1
111.862,19,111859887629,2496006,0
111.865,21,111862428635,2496006,0
111.867,3,111864951641,2496006,0
111.873,8,111870310653,2496006,0
111.875,18,111872833659,2496006,0
111.878,17,111875356665,2469000,1
111.878,18,111875356665,2469000,1
111.88,11,111877823665,2496006,0
111.883,19,111880346671,2496006,0
111.885,3,111882869677,2469000,1
111.885,19,111882869677,2469000,1
111.888,11,111885354677,2496006,0
111.89,14,111887877683,2469000,1
111.89,18,111887877683,2469000,1
111.893,8,111890344683,2496006,0
111.895,21,111892867689,2496006,0
111.898,1,111895748695,2496006,0
111.901,11,111898280701,2496006,0
111.903,8,111900803707,2469000,1
111.903,21,111900803707,2469000,1
111.906,1,111903297707,2469000,1
111.906,19,111903297707,2469000,1
111.908,3,111905809707,2496006,0
111.911,6,111908341713,2469000,1
111.911,1,111908341713,2469000,1
111.913,21,111910808713,2496006,0
111.916,11,111913340719,2496006,0
111.921,19,111918413731,2496006,0
111.923,21,111920936737,2469000,1
111.923,3,111920936737,2469000,1
111.926,18,111923412737,2496006,0
111.928,11,111925935743,2496006,0
111.931,23,111928458749,2496006,0
111.933,19,111930990755,2496006,0
111.936,13,111933513761,2469000,1
111.936,23,111933513761,2469000,1
111.938,8,111935989761,2496006,0
111.941,1,111938539767,2496006,0
111.944,10,111941062773,2469000,1
111.944,23,111941062773,2469000,1
111.946,3,111943529773,2496006,0
111.949,11,111946052779,2496006,0
111.951,11,111948575785,2496006,0
111.954,18,111951098791,2496006,0
111.956,18,111953630797,2496006,0
111.959,8,111956162803,2469000,1
111.959,19,111956162803,2469000,1
111.959,1,111956162803,2469000,1
111.959,18,111956162803,2469000,1
111.961,21,111958647803,2496006,0
111.964,11,111961170809,2469000,1
111.964,21,111961170809,2469000,1
111.966,11,111963639809,2496006,0
111.969,3,111966171815,2496006,0
111.972,5,111969016821,2496006,0
111.974,11,111971539827,2469000,1
111.974,19,111971539827,2469000,1
111.974,3,111971539827,2469000,1
111.979,3,111976538833,2496006,0
111.982,11,111979079839,2496006,0
111.984,5,111981620845,2496006,0
111.987,1,111984143851,2496006,0
111.989,8,111986666857,2469000,1
111.989,21,111986666857,2469000,1
111.992,3,111989160857,2469000,1
111.992,10,111989160857,2469000,1
111.994,18,111991636857,2496006,0
111.997,23,111994159863,2496006,0
111.999,5,111996691869,2496006,0
112.002,11,111999536875,2469000,1
112.002,5,111999536875,2469000,1
112.005,1,112002021875,2496006,0
112.007,18,112004553881,2496006,0
112.01,23,112007103887,2496006,0
112.012,18,112009635893,2496006,0
112.015,18,112012176899,2496006,0
112.017,11,112014699905,2496006,0
112.02,23,112017231911,2496006,0
112.022,19,112019754917,2496006,0
112.025,18,112022277923,2469000,1
112.025,1,112022277923,2469000,1
112.027,23,112024744923,2496006,0
112.03,23,112027267929,2469000,1
112.032,3,112029734929,2496006,0
112.035,5,112032275935,2496006,0
112.037,19,112034798941,2496006,0
112.04,11,112037330947,2469000,1
112.04,18,112037330947,2469000,1
112.042,17,112039797947,2469000,1
112.042,5,112039797947,2469000,1
112.045,21,112042264947,2496006,0
112.047,23,112044814953,2496006,0
112.05,23,112047337959,2496006,0
112.052,19,112049860965,2496006,0
112.055,3,112052392971,2469000,1
112.055,5,112052392971,2469000,1
112.057,1,112054868971,2496006,0
112.06,11,112057391977,2496006,0
112.062,23,112059914983,2496006,0
112.065,21,112062455989,2496006,0
112.067,19,112064987995,2496006,0
112.07,11,112067529001,2469000,1
112.07,1,112067529001,2469000,1
112.073,8,112070005001,2496006,0
112.075,23,112072850007,2469000,1
112.075,5,112072850007,2469000,1
112.078,19,112075353007,2469000,1
112.078,5,112075353007,2469000,1
112.083,21,112080343013,2496006,0
112.085,17,112082875019,2496006,0
112.088,1,112085407025,2496006,0
112.09,18,112087930031,2496006,0
112.093,3,112090453037,2469000,1
112.093,8,112090453037,2469000,1
112.095,1,112092920037,2496006,0
112.098,18,112095452043,2496006,0
112.1,3,112097993049,2496006,0
112.103,1,112100829055,2469000,1
112.103,14,112100829055,2469000,1
112.106,11,112103296055,2469000,1
112.106,23,112103296055,2469000,1
112.106,21,112103296055,2469000,1
112.106,3,112103296055,2469000,1
112.108,19,112105763055,2496006,0
112.111,17,112108304061,2496006,0
112.113,8,112110827067,2496006,0
112.116,18,112113359073,2496006,0
112.118,12,112115891079,2469000,1
112.118,21,112115891079,2469000,1
112.121,19,112118358079,2496006,0
112.123,8,112120899085,2496006,0
112.126,19,112123440091,2496006,0
112.128,17,112125972097,2496006,0
112.131,8,112128504103,2469000,1
112.131,1,112128504103,2469000,1
112.131,19,112128504103,2469000,1
112.133,18,112130980103,2469000,1
112.136,17,112133474103,2496006,0
112.138,1,112135997109,2496006,0
112.141,3,112138529115,2496006,0
112.144,19,112141052121,2496006,0
112.146,3,112143575127,2496006,0
112.149,20,112146098133,2496006,0
112.151,17,112148621139,2496006,0
112.154,21,112151153145,2496006,0
112.156,23,112153685151,2496006,0
112.159,20,112156226157,2469000,1
112.159,3,112156226157,2469000,1
112.159,19,112156226157,2469000,1
112.161,1,112158693157,2496006,0
112.164,17,112161243163,2496006,0
112.166,1,112163766169,2496006,0
112.169,8,112166316175,2496006,0
112.171,21,112168839181,2496006,0
112.174,23,112171362187,2496006,0
112.177,18,112174207193,2496006,0
112.179,17,112176730199,2469000,1
112.179,18,112176730199,2469000,1
112.182,1,112179197199,2496006,0
112.184,20,112181720205,2496006,0
112.187,19,112184243211,2496006,0
112.189,17,112186784217,2469000,1
112.192,23,112189251217,2469000,1
112.192,19,112189251217,2469000,1
112.194,21,112191718217,2469000,1
112.194,11,112191718217,2469000,1
112.197,8,112194203217,2496006,0
112.199,3,112196735223,2496006,0
112.202,3,112199258229,2496006,0
112.205,1,112202103235,2469000,1
112.205,20,112202103235,2469000,1
112.207,21,112204606235,2496006,0
112.21,23,112207129241,2496006,0
112.212,21,112209652247,2469000,1
112.212,23,112209652247,2469000,1
112.215,3,112212119247,2469000,1
112.215,20,112212119247,2469000,1
112.217,8,112214595247,2496006,0
112.22,23,112217118253,2496006,0
112.222,8,112219641259,2496006,0
112.225,19,112222173265,2496006,0
112.227,18,112224705271,2469000,1
112.227,17,112224705271,2469000,1
112.227,3,112224705271,2469000,1
112.23,21,112227181271,2496006,0
112.232,9,112229722277,2496006,0
112.235,23,112232245283,2496006,0
112.237,4,112234768289,2496006,0
112.24,19,112237291295,2496006,0
112.242,8,112239814301,2496006,0
112.245,23,112242355307,2496006,0
112.247,1,112244887313,2469000,1
112.25,21,112247354313,2496006,0
112.252,4,112249886319,2469000,1
112.255,19,112252353319,2496006,0
112.257,8,112254894325,2469000,1
112.257,9,112254894325,2469000,1
112.26,6,112257361325,2496006,0
112.262,23,112259902331,2469000,1
112.267,21,112264930337,2496006,0
112.27,19,112267453343,2496006,0
112.272,16,112269985349,2469000,1
112.272,6,112269985349,2469000,1
112.275,4,112272452349,2496006,0
112.278,21,112275297355,2496006,0
112.28,20,112277829361,2469000,1
112.28,18,112277829361,2469000,1
112.28,1,112277829361,2469000,1
112.283,9,112280314361,2469000,1
112.283,19,112280314361,2469000,1
112.285,4,112282781361,2496006,0
112.288,21,112285322367,2496006,0
112.29,23,112287845373,2469000,1
112.29,6,112287845373,2469000,1
112.29,19,112287845373,2469000,1
112.293,8,112290312373,2496006,0
112.295,4,112292853379,2469000,1
112.295,3,112292853379,2469000,1
112.295,8,112292853379,2469000,1
112.298,10,112295320379,2496006,0
112.3,21,112297888385,2496006,0
112.303,8,112300411391,2496006,0
112.305,23,112302934397,2496006,0
112.308,4,112305770403,2496006,0
112.311,15,112308293409,2496006,0
112.313,15,112310825415,2496006,0
112.316,21,112313357421,2469000,1
112.316,10,112313357421,2469000,1
112.316,7,112313357421,2469000,1
112.318,10,112315826421,2496006,0
112.321,19,112318349427,2469000,1
112.321,15,112318349427,2469000,1
112.323,11,112320825427,2496006,0
112.326,23,112323348433,2496006,0
112.328,4,112325871439,2469000,1
112.328,15,112325871439,2469000,1
112.331,6,112328338439,2496006,0
112.333,8,112330861445,2496006,0
112.336,11,112333393451,2496006,0
112.338,23,112335916457,2496006,0
112.341,7,112338439463,2469000,1
112.341,10,112338439463,2469000,1
112.343,7,112340908463,2496006,0
112.346,15,112343431469,2496006,0
112.348,11,112345954475,2496006,0
112.351,6,112348477481,2496006,0
112.354,23,112351027487,2496006,0
112.356,4,112353559493,2496006,0
112.359,8,112356082499,2496006,0
112.361,9,112358614505,2496006,0
112.364,15,112361137511,2469000,1
112.364,3,112361137511,2469000,1
112.364,4,112361137511,2469000,1
112.366,21,112363613511,2469000,1
112.366,11,112363613511,2469000,1
112.369,7,112366080511,2469000,1
112.369,21,112366082511,2469000,1
112.371,6,112368549511,2496006,0
112.374,10,112371081517,2496006,0
112.376,4,112373604523,2469000,1
112.376,10,112373604523,2469000,1
112.379,8,112376071523,2469000,1
112.379,23,112376071523,2469000,1
112.381,9,112378878529,2469000,1
112.381,8,112378878529,2469000,1
112.384,17,112381363529,2496006,0
112.386,6,112383886535,2469000,1
112.386,10,112383886535,2469000,1
112.389,15,112386371535,2496006,0
112.391,18,112388894541,2469000,1
112.391,15,112388894541,2469000,1
112.394,4,112391388541,2469000,1
112.394,9,112391388541,2469000,1
112.396,6,112393873541,2496006,0
112.399,11,112396396547,2469000,1
112.399,17,112396396547,2469000,1
112.401,6,112398872547,2496006,0
112.404,15,112401404553,2496006,0
112.406,23,112403927559,2496006,0
112.409,7,112406763565,2496006,0
112.412,6,112409286571,2469000,1
112.412,23,112409286571,2469000,1
112.414,15,112411762571,2469000,1
112.414,7,112411762571,2469000,1
112.417,11,112414247571,2496006,0
112.419,17,112416779577,2496006,0
112.422,20,112419302583,2469000,1
112.422,7,112419302583,2469000,1
112.424,22,112421787583,2496006,0
112.427,6,112424319589,2469000,1
112.427,15,112424319589,2469000,1
112.429,5,112426822589,2496006,0
112.432,23,112429345595,2496006,0
112.434,11,112431868601,2496006,0
112.437,17,112434391607,2469000,1
112.437,7,112434391607,2469000,1
112.437,15,112434391607,2469000,1
112.439,23,112436876607,2496006,0
112.442,11,112439399613,2469000,1
112.442,22,112439399613,2469000,1
112.444,5,112441875613,2469000,1
112.447,8,112444351613,2496006,0
112.449,1,112446883619,2469000,1
112.449,11,112446883619,2469000,1
112.452,6,112449359619,2496006,0
112.457,5,112454405631,2496006,0
112.459,23,112456937637,2496006,0
112.462,9,112459460643,2496006,0
112.464,20,112461992649,2496006,0
112.467,5,112464515655,2469000,1
112.467,8,112464515655,2469000,1
112.469,20,112466991655,2496006,0
112.472,23,112469523661,2469000,1
112.472,10,112469523661,2469000,1
112.474,4,112471999661,2469000,1
112.474,7,112471999661,2469000,1
112.477,20,112474466661,2469000,1
112.477,9,112474466661,2469000,1
112.477,6,112474466661,2469000,1
112.479,17,112476933661,2496006,0
112.482,22,112479465667,2469000,1
112.482,17,112479465667,2469000,1
112.485,23,112482263673,2496006,0
112.487,23,112484786679,2496006,0
112.49,21,112487318685,2496006,0
112.492,8,112489841691,2496006,0
112.495,20,112492382697,2496006,0
112.497,21,112494932703,2496006,0
112.5,23,112497455709,2496006,0
112.502,20,112499987715,2469000,1
112.502,8,112499987715,2469000,1
112.502,22,112499987715,2469000,1
112.502,23,112499987715,2469000,1
112.505,19,112502454715,2496006,0
112.507,5,112504977721,2469000,1
112.507,9,112504977721,2469000,1
112.51,21,112507444721,2469000,1
112.51,20,112507444721,2469000,1
112.513,23,112510242727,2496006,0
112.515,11,112512765733,2496006,0
112.518,6,112515288739,2469000,1
112.518,17,112515288739,2469000,1
112.52,19,112517755739,2469000,1
112.52,17,112517757739,2469000,1
112.523,21,112520233739,2496006,0
112.525,21,112522756745,2496006,0
112.528,11,112525315751,2496006,0
112.53,9,112527847757,2496006,0
112.533,23,112530370763,2469000,1
112.533,6,112530370763,2469000,1
112.533,11,112530370763,2469000,1
112.535,19,112532846763,2496006,0
112.538,21,112535369769,2496006,0
112.54,11,112537901775,2469000,1
112.54,21,112537901775,2469000,1
112.543,9,112540368775,2469000,1
112.543,19,112540368775,2469000,1
112.545,21,112542835775,2496006,0
112.548,8,112545376781,2496006,0
112.55,8,112547899787,2496006,0
112.553,15,112550449793,2496006,0
112.555,8,112552999799,2496006,0
112.558,9,112555522805,2496006,0
112.561,21,112558045811,2496006,0
112.563,1,112560568817,2496006,0
112.566,1,112563091823,2496006,0
112.568,15,112565659829,2496006,0
112.571,23,112568191835,2496006,0
112.573,9,112570723841,2469000,1
112.576,20,112573190841,2469000,1
112.576,21,112573190841,2469000,1
112.578,1,112575657841,2469000,1
112.578,22,112575657841,2469000,1
112.578,8,112575657841,2469000,1
112.578,23,112575657841,2469000,1
112.578,9,112575657841,2469000,1
112.581,5,112578124841,2469000,1
112.581,19,112578124841,2469000,1
112.583,17,112580591841,2496006,0
112.586,10,112583427847,2469000,1
112.586,1,112583427847,2469000,1
112.588,15,112585939847,2496006,0
112.591,15,112588480853,2496006,0
112.593,17,112591003859,2496006,0
112.596,11,112593553865,2496006,0
112.599,3,112596112871,2496006,0
112.601,15,112598635877,2496006,0
112.604,17,112601158883,2496006,0
112.606,3,112603699889,2496006,0
112.609,21,112606222895,2496006,0
112.611,3,112608745901,2496006,0
112.614,11,112611581907,2469000,1
112.614,23,112611581907,2469000,1
112.617,8,112614048907,2496006,0
112.619,15,112616571913,2496006,0
112.622,3,112619094919,2496006,0
112.624,17,112621617925,2496006,0
112.629,21,112626690937,2496006,0
112.632,8,112629213943,2496006,0
112.634,3,112631736949,2496006,0
112.637,8,112634259955,2496006,0
112.639,21,112636791961,2496006,0
112.642,17,112639341967,2469000,1
112.642,11,112639341967,2469000,1
112.642,15,112639341967,2469000,1
112.644,21,112641826967,2496006,0
112.647,8,112644349973,2469000,1
112.647,3,112644349973,2469000,1
112.647,17,112644349973,2469000,1
112.649,4,112646816973,2469000,1
112.649,9,112646816973,2469000,1
112.652,15,112649283973,2496006,0
112.654,19,112651815979,2469000,1
112.654,1,112651815979,2469000,1
112.657,4,112654282979,2496006,0
112.659,19,112656805985,2496006,0
112.662,4,112659355991,2496006,0
112.664,21,112661905997,2496006,0
112.667,5,112664429003,2469000,1
112.667,23,112664429003,2469000,1
112.669,21,112666896003,2496006,0
112.672,3,112669419009,2496006,0
112.674,19,112671942015,2469000,1
112.674,15,112671942015,2469000,1
112.677,3,112674409015,2496006,0
112.679,18,112676932021,2496006,0
112.682,4,112679464027,2496006,0
112.687,3,112684841039,2469000,1
112.687,2,112684841039,2469000,1
112.69,4,112687317039,2496006,0
112.692,8,112689849045,2496006,0
112.695,18,112692372051,2469000,1
112.695,11,112692372051,2469000,1
112.695,21,112692372051,2469000,1
112.695,15,112692372051,2469000,1
112.697,8,112694866051,2469000,1
112.697,18,112694866051,2469000,1
112.7,4,112697333051,2496006,0
112.702,17,112699865057,2496006,0
112.705,8,112702397063,2469000,1
112.705,4,112702397063,2469000,1
112.707,6,112704864063,2469000,1
112.707,2,112704864063,2469000,1
112.707,17,112704864063,2469000,1
112.71,2,112707376063,2496006,0
112.712,19,112709908069,2469000,1
112.712,3,112709908069,2469000,1
112.715,4,112712384069,2496006,0
112.718,21,112715220075,2496006,0
112.72,15,112717752081,2469000,1
112.72,8,112717752081,2469000,1
112.72,4,112717752081,2469000,1
112.723,21,112720228081,2469000,1
112.723,4,112720228081,2469000,1
112.725,21,112722713081,2496006,0
112.728,21,112725254087,2496006,0
112.73,11,112727777093,2469000,1
112.73,2,112727777093,2469000,1
112.733,17,112730253093,2496006,0
112.738,20,112735317105,2496006,0
112.74,3,112737840111,2496006,0
112.743,1,112740363117,2496006,0
112.745,19,112742904123,2496006,0
112.748,17,112745427129,2469000,1
112.748,19,112745427129,2469000,1
112.75,2,112747903129,2469000,1
112.75,19,112747903129,2469000,1
112.753,21,112750370129,2496006,0
112.755,5,112752893135,2496006,0
112.758,20,112755416141,2496006,0
112.76,20,112757939147,2496006,0
112.763,3,112760480153,2469000,1
112.763,2,112760480153,2469000,1
112.765,17,112762947153,2496006,0
112.768,1,112765479159,2496006,0
112.77,5,112768011165,2469000,1
112.77,21,112768011165,2469000,1
112.773,20,112770478165,2469000,1
112.773,11,112770478165,2469000,1
112.775,21,112772972165,2469000,1
112.775,20,112772972165,2469000,1
112.778,17,112775439165,2496006,0
112.78,4,112777962171,2469000,1
112.78,17,112777962171,2469000,1
112.783,3,112780429171,2469000,1
112.783,5,112780429171,2469000,1
112.785,23,112782896171,2469000,1
112.785,18,112782896171,2469000,1
112.788,15,112785363171,2496006,0
112.791,1,112788199177,2496006,0
112.793,7,112790749183,2469000,1
112.793,5,112790749183,2469000,1
112.796,1,112793243183,2496006,0
112.798,11,112795766189,2496006,0
112.801,15,112798289195,2496006,0
112.803,19,112800821201,2496006,0
112.806,6,112803362207,2496006,0
112.808,11,112805885213,2469000,1
112.808,7,112805885213,2469000,1
112.811,19,112808352213,2469000,1
112.811,4,112808352213,2469000,1
112.813,20,112810819213,2496006,0
112.816,1,112813342219,2469000,1
112.816,17,112813342219,2469000,1
112.816,19,112813342219,2469000,1
112.818,6,112815818219,2496006,0
112.821,15,112818654225,2469000,1
112.821,6,112818654225,2469000,1
112.824,1,112821121225,2496006,0
112.826,9,112823644231,2469000,1
112.826,15,112823644231,2469000,1
112.829,11,112826138231,2496006,0
112.831,18,112828661237,2469000,1
112.831,17,112828661237,2469000,1
112.831,9,112828661237,2469000,1
112.834,1,112831137237,2496006,0
112.836,20,112833660243,2496006,0
112.839,1,112836237249,2469000,1
112.839,19,112836237249,2469000,1
112.841,11,112838704249,2496006,0
112.844,20,112841227255,2496006,0
112.846,3,112843750261,2496006,0
112.849,21,112846273267,2496006,0
112.851,22,112848796273,2469000,1
112.851,3,112848796273,2469000,1
112.854,21,112851263273,2496006,0
112.859,11,112856318285,2496006,0
112.861,6,112858850291,2469000,1
112.861,11,112858850291,2469000,1
112.864,8,112861317291,2496006,0
112.866,20,112863849297,2496006,0
112.869,23,112866390303,2496006,0
112.871,21,112868931309,2496006,0
112.874,3,112871481315,2496006,0
112.877,8,112874004321,2496006,0
112.879,20,112876527327,2469000,1
112.879,2,112876527327,2469000,1
112.881,1,112878994327,2496006,0
112.884,11,112881526333,2496006,0
112.887,8,112884049339,2496006,0
112.889,3,112886572345,2496006,0
112.892,21,112889095351,2496006,0
112.894,10,112891931357,2469000,1
112.894,23,112891931357,2469000,1
112.897,5,112894416357,2496006,0
112.899,8,112896948363,2469000,1
112.899,5,112896948363,2469000,1
112.902,1,112899415363,2496006,0
112.904,11,112901956369,2496006,0
112.907,15,112904488375,2496006,0
112.909,1,112907020381,2469000,1
112.909,20,112907020381,2469000,1
112.909,11,112907020381,2469000,1
112.912,2,112909487381,2469000,1
112.912,3,112909487381,2469000,1
112.912,21,112909487381,2469000,1
112.914,20,112911954381,2496006,0
112.92,23,112917027393,2496006,0
112.922,6,112919863399,2496006,0
112.925,15,112922386405,2496006,0
112.927,3,112924918411,2496006,0
112.93,1,112927441417,2496006,0
112.932,8,112929973423,2496006,0
112.935,15,112932496429,2469000,1
112.935,20,112932496429,2469000,1
112.937,3,112934981429,2496006,0
112.94,1,112937504435,2496006,0
112.943,17,112940027441,2496006,0
112.945,23,112942550447,2496006,0
112.948,6,112945073453,2496006,0
112.95,5,112947596459,2496006,0
112.953,3,112950119465,2496006,0
112.955,11,112952642471,2496006,0
112.958,8,112955165477,2496006,0
112.96,5,112957688483,2496006,0
112.963,15,112960238489,2496006,0
112.965,6,112962761495,2469000,1
112.965,1,112962761495,2469000,1
112.968,5,112965228495,2469000,1
112.968,21,112965228495,2469000,1
112.968,17,112965228495,2469000,1
112.97,3,112967695495,2496006,0
112.973,11,112970218501,2496006,0
112.975,23,112972741507,2469000,1
112.975,21,112972741507,2469000,1
112.978,20,112975217507,2496006,0
112.98,8,112977749513,2469000,1
112.98,23,112977749513,2469000,1
112.983,20,112980216513,2496006,0
112.985,6,112982739519,2469000,1
112.985,21,112982739519,2469000,1
112.988,3,112985215519,2496006,0
112.99,15,112987756525,2496006,0
112.993,11,112990279531,2469000,1
112.993,3,112990279531,2469000,1
112.996,6,112993059537,2469000,1
112.998,1,112995535537,2496006,0
113.001,1,112998058543,2496006,0
113.003,6,113000590549,2496006,0
113.006,23,113003113555,2469000,1
113.006,20,113003113555,2469000,1
113.008,6,113005580555,2496006,0
113.011,3,113008103561,2496006,0
113.013,18,113010644567,2469000,1
113.013,15,113010644567,2469000,1
113.013,3,113010644567,2469000,1
113.016,5,113013120567,2496006,0
113.018,17,113015643573,2496006,0
113.021,10,113018166579,2469000,1
113.021,17,113018166579,2469000,1
113.023,2,113020633579,2469000,1
113.023,8,113020633579,2469000,1
113.026,6,113023413585,2469000,1
113.026,1,113023413585,2469000,1
113.028,20,113025880585,2496006,0
113.031,3,113028403591,2496006,0
113.033,21,113030926597,2496006,0
113.036,3,113033449603,2496006,0
113.038,11,113035981609,2496006,0
113.041,8,113038504615,2496006,0
113.044,15,113041045621,2469000,1
113.044,17,113041045621,2469000,1
113.044,1,113041045621,2469000,1
113.046,5,113043512621,2496006,0
113.049,8,113046044627,2496006,0
113.051,3,113048567633,2469000,1
113.051,8,113048567633,2469000,1
113.054,19,113051034633,2469000,1
113.054,20,113051034633,2469000,1
113.056,5,113053510633,2496006,0
113.059,21,113056042639,2496006,0
113.061,11,113058565645,2496006,0
113.064,5,113061088651,2496006,0
113.066,11,113063647657,2496006,0
113.069,21,113066170663,2496006,0
113.071,14,113068702669,2469000,1
113.071,1,113068702669,2469000,1
113.074,6,113071178669,2469000,1
113.074,8,113071178669,2469000,1
113.076,5,113073654669,2496006,0
113.079,11,113076177675,2496006,0
113.081,14,113078700681,2496006,0
113.084,20,113081223687,2496006,0
113.086,21,113083746693,2469000,1
113.086,5,113083746693,2469000,1
113.089,11,113086240693,2496006,0
113.091,3,113088781699,2496006,0
113.094,20,113091304705,2496006,0
113.096,14,113093836711,2496006,0
113.099,3,113096681717,2469000,1
113.099,11,113096681717,2469000,1
113.102,5,113099184717,2496006,0
113.104,6,113101707723,2496006,0
113.107,20,113104248729,2469000,1
113.107,8,113104248729,2469000,1
113.107,14,113104248729,2469000,1
113.109,11,113106733729,2496006,0
113.112,6,113109256735,2469000,1
113.112,21,113109256735,2469000,1
113.114,14,113111732735,2496006,0
113.117,5,113114264741,2496006,0
113.119,15,113116787747,2469000,1
113.119,17,113116787747,2469000,1
113.119,14,113116787747,2469000,1
113.122,5,113119254747,2496006,0
113.124,6,113121804753,2469000,1
113.124,14,113121804753,2469000,1
113.127,3,113124593759,2496006,0
113.13,3,113127116765,2496006,0
113.132,11,113129639771,2496006,0
113.135,20,113132180777,2496006,0
113.137,5,113134721783,2496006,0
113.14,20,113137244789,2496006,0
113.142,3,113139785795,2496006,0
113.145,11,113142317801,2496006,0
113.147,20,113144912807,2496006,0
113.15,5,113147435813,2469000,1
113.152,11,113149902813,2469000,1
113.152,3,113149902813,2469000,1
113.155,3,113152371813,2469000,1
113.157,5,113154856813,2496006,0
113.16,20,113157379819,2469000,1
113.16,23,113157379819,2469000,1
113.165,1,113162396825,2496006,0
113.167,11,113164928831,2496006,0
113.17,21,113167460837,2469000,1
113.17,3,113167460837,2469000,1
113.172,5,113169936837,2496006,0
113.175,1,113172477843,2496006,0
113.177,13,113175000849,2496006,0
113.18,5,113177523855,2496006,0
113.183,11,113180046861,2469000,1
113.183,5,113180046861,2469000,1
113.185,4,113182513861,2469000,1
113.185,5,113182515861,2469000,1
113.187,1,113184982861,2496006,0
113.19,1,113187559867,2496006,0
113.193,6,113190082873,2469000,1
113.193,11,113190082873,2469000,1
113.195,13,113192549873,2496006,0
113.198,13,113195072879,2496006,0
113.2,15,113197908885,2469000,1
113.2,14,113197908885,2469000,1
113.203,20,113200384885,2496006,0
113.205,20,113202943891,2496006,0
113.208,20,113205475897,2496006,0
113.21,13,113207998903,2469000,1
113.21,20,113207998903,2469000,1
113.213,1,113210474903,2496006,0
113.216,1,113213006909,2496006,0
113.218,1,113215538915,2496006,0
113.221,13,113218070921,2496006,0
113.226,13,113223134933,2496006,0
113.228,5,113225979939,2496006,0
113.231,8,113228520945,2496006,0
113.234,1,113231043951,2496006,0
113.236,13,113233575957,2496006,0
113.239,5,113236098963,2469000,1
113.239,20,113236098963,2469000,1
113.241,8,113238565963,2469000,1
113.241,1,113238565963,2469000,1
113.244,3,113241068963,2496006,0
113.246,3,113243591969,2496006,0
113.249,11,113246114975,2496006,0
113.251,21,113248655981,2496006,0
113.254,21,113251187987,2496006,0
113.256,3,113253719993,2469000,1
113.256,13,113253719993,2469000,1
113.256,5,113253719993,2469000,1
113.259,11,113256213993,2496006,0
113.261,17,113258781999,2496006,0
113.264,21,113261305005,2469000,1
113.264,13,113261305005,2469000,1
113.266,1,113263772005,2469000,1
113.266,3,113263772005,2469000,1
113.269,11,113266248005,2496006,0
113.274,11,113271303017,2496006,0
113.276,14,113273826023,2469000,1
113.276,8,113273826023,2469000,1
113.279,21,113276302023,2496006,0
113.281,19,113278843029,2469000,1
113.281,8,113278843029,2469000,1
113.284,17,113281319029,2496006,0
113.286,1,113283842035,2469000,1
113.286,17,113283842035,2469000,1
113.289,21,113286327035,2496006,0
113.291,11,113288868041,2496006,0
113.294,11,113291391047,2496006,0
113.296,20,113293950053,2496006,0
113.299,11,113296473059,2496006,0
113.302,3,113299327065,2496006,0
113.304,9,113301859071,2469000,1
113.304,21,113301859071,2469000,1
113.307,3,113304344071,2496006,0
113.309,17,113306885077,2496006,0
113.312,20,113309417083,2469000,1
113.314,5,113311884083,2469000,1
113.314,11,113311884083,2469000,1
113.317,6,113314369083,2496006,0
113.319,3,113316892089,2496006,0
113.322,12,113319415095,2469000,1
113.322,13,113319415095,2469000,1
113.324,20,113321891095,2496006,0
113.327,23,113324432101,2496006,0
113.329,21,113326955107,2469000,1
113.329,17,113326955107,2469000,1
113.332,6,113329744113,2496006,0
113.335,17,113332267119,2496006,0
113.337,12,113334799125,2496006,0
113.34,3,113337331131,2496006,0
113.342,20,113339863137,2496006,0
113.345,3,113342431143,2469000,1
113.345,11,113342431143,2469000,1
113.345,23,113342431143,2469000,1
113.347,17,113344898143,2469000,1
113.347,6,113344898143,2469000,1
113.35,12,113347383143,2469000,1
113.352,20,113349850143,2496006,0
113.355,11,113352373149,2496006,0
113.357,11,113354905155,2496006,0
113.36,23,113357428161,2496006,0
113.362,1,113359951167,2496006,0
113.365,20,113362501173,2496006,0
113.367,15,113365024179,2469000,1
113.367,3,113365024179,2469000,1
113.37,12,113367491179,2496006,0
113.373,11,113370014185,2496006,0
113.375,23,113372546191,2496006,0
113.378,1,113375078197,2496006,0
113.38,11,113377601203,2469000,1
113.38,17,113377601203,2469000,1
113.38,1,113377601203,2469000,1
113.383,20,113380077203,2496006,0
113.385,6,113382600209,2469000,1
113.385,3,113382600209,2469000,1
113.388,21,113385067209,2496006,0
113.39,21,113387590215,2496006,0
113.393,23,113390122221,2469000,1
113.393,17,113390122221,2469000,1
113.395,12,113392598221,2496006,0
113.398,15,113395139227,2469000,1
113.4,12,113397606227,2496006,0
113.403,12,113400129233,2496006,0
113.405,20,113402992239,2469000,1
113.405,21,113402992239,2469000,1
113.408,1,113405468239,2469000,1
113.408,23,113405468239,2469000,1
113.41,11,113407944239,2496006,0
113.413,19,113410467245,2496006,0
113.418,12,113415558257,2496006,0
113.421,19,113418090263,2496006,0
113.423,7,113420613269,2496006,0
113.426,21,113423136275,2496006,0
113.428,11,113425659281,2496006,0
113.431,12,113428191287,2496006,0
113.434,12,113431027293,2496006,0
113.436,1,113433559299,2496006,0
113.439,20,113436100305,2496006,0
113.441,19,113438623311,2469000,1
113.441,8,113438623311,2469000,1
113.444,21,113441099311,2496006,0
113.446,1,113443622317,2469000,1
113.446,7,113443622317,2469000,1
113.449,1,113446091317,2496006,0
113.451,11,113448614323,2496006,0
113.454,21,113451146329,2496006,0
113.456,12,113453678335,2496006,0
113.459,1,113456210341,2469000,1
113.459,19,113456210341,2469000,1
113.461,20,113458686341,2469000,1
113.461,8,113458686341,2469000,1
113.464,11,113461153341,2469000,1
113.464,1,113461153341,2469000,1
113.466,1,113463638341,2469000,1
113.469,4,113466114341,2496006,0
113.471,6,113468637347,2496006,0
113.474,12,113471160353,2469000,1
113.474,6,113471160353,2469000,1
113.476,14,113473627353,2469000,1
113.476,21,113473627353,2469000,1
113.479,7,113476094353,2496006,0
113.481,12,113478617359,2496006,0
113.484,6,113481140365,2496006,0
113.486,5,113483663371,2469000,1
113.486,13,113483663371,2469000,1
113.486,11,113483663371,2469000,1
113.489,12,113486130371,2496006,0
113.491,23,113488680377,2496006,0
113.494,3,113491203383,2496006,0
113.496,4,113493735389,2496006,0
113.499,20,113496258395,2469000,1
113.499,3,113496258395,2469000,1
113.501,7,113498725395,2469000,1
113.501,11,113498725395,2469000,1
113.504,13,113501192395,2496006,0
113.506,12,113504028401,2469000,1
113.506,6,113504028401,2469000,1
113.509,4,113506495401,2496006,0
113.511,7,113509018407,2469000,1
113.511,13,113509018407,2469000,1
113.514,23,113511485407,2496006,0
113.517,21,113514044413,2496006,0
113.519,21,113516567419,2496006,0
113.522,7,113519090425,2496006,0
113.524,16,113521622431,2469000,1
113.524,20,113521622431,2469000,1
113.527,4,113524089431,2496006,0
113.529,13,113526612437,2496006,0
113.532,3,113529135443,2496006,0
113.534,12,113531658449,2469000,1
113.534,13,113531658449,2469000,1
113.537,23,113534438455,2496006,0
113.539,3,113536979461,2469000,1
113.539,17,113536979461,2469000,1
113.539,19,113536979461,2469000,1
113.542,7,113539446461,2496006,0
113.544,21,113541969467,2496006,0
113.547,4,113544492473,2496006,0
113.55,13,113547015479,2496006,0
113.552,7,113549538485,2469000,1
113.552,21,113549538485,2469000,1
113.552,13,113549538485,2469000,1
113.555,6,113552005485,2496006,0
113.557,23,113554546491,2496006,0
113.56,3,113557096497,2496006,0
113.562,6,113559619503,2496006,0
113.565,4,113562142509,2496006,0
113.567,11,113564665515,2496006,0
113.57,23,113567188521,2496006,0
113.572,1,113569720527,2469000,1
113.572,12,113569720527,2469000,1
113.572,7,113569720527,2469000,1
113.575,22,113572205527,2496006,0
113.577,11,113574737533,2469000,1
113.577,4,113574737533,2469000,1
113.58,6,113577204533,2496006,0
113.582,3,113579727539,2496006,0
113.585,23,113582250545,2469000,1
113.585,4,113582250545,2469000,1
113.587,13,113584717545,2496006,0
113.59,21,113587249551,2496006,0
113.592,11,113589772557,2469000,1
113.592,13,113589772557,2469000,1
113.592,21,113589772557,2469000,1
113.595,22,113592275557,2496006,0
113.597,22,113594807563,2496006,0
113.6,6,113597330569,2496006,0
113.602,22,113599853575,2469000,1
113.602,6,113599853575,2469000,1
113.605,3,113602320575,2496006,0
113.607,4,113604843581,2496006,0
113.61,13,113607679587,2496006,0
113.615,6,113612734599,2496006,0
113.618,13,113615275605,2496006,0
113.62,23,113617798611,2469000,1
113.62,11,113617798611,2469000,1
113.62,13,113617798611,2469000,1
113.623,21,113620265611,2496006,0
113.625,22,113622788617,2496006,0
113.628,3,113625311623,2496006,0
113.63,4,113627834629,2496006,0
113.633,14,113630375635,2496006,0
113.635,21,113632907641,2496006,0
113.638,6,113635743647,2469000,1
113.638,17,113635743647,2469000,1
113.641,4,113638210647,2496006,0
113.643,3,113640733653,2469000,1
113.643,18,113640733653,2469000,1
113.643,4,113640733653,2469000,1
113.646,21,113643200653,2496006,0
113.648,14,113645732659,2496006,0
113.651,13,113648255665,2469000,1
113.651,22,113648255665,2469000,1
113.653,4,113650722665,2496006,0
113.656,14,113653263671,2496006,0
113.658,7,113655786677,2496006,0
113.661,4,113658309683,2469000,1
113.661,21,113658309683,2469000,1
113.663,7,113660812683,2496006,0
113.666,14,113663335689,2496006,0
113.668,4,113665867695,2496006,0
113.671,22,113668417701,2496006,0
113.673,4,113670940707,2496006,0
113.676,14,113673481713,2469000,1
113.676,7,113673481713,2469000,1
113.678,4,113675966713,2469000,1
113.678,22,113675966713,2469000,1
113.678,6,113675966713,2469000,1
113.678,3,113675966713,2469000,1
113.681,7,113678433713,2496006,0
113.683,21,113680992719,2496006,0
113.689,12,113686038731,2496006,0
113.691,19,113688561737,2469000,1
113.691,4,113688561737,2469000,1
113.694,5,113691037737,2469000,1
113.694,14,113691037737,2469000,1
113.696,13,113693513737,2496006,0
113.699,7,113696054743,2496006,0
113.701,12,113698604749,2496006,0
113.704,13,113701127755,2496006,0
113.706,21,113703650761,2496006,0
113.709,20,113706173767,2469000,1
113.709,23,113706173767,2469000,1
113.711,22,113708971773,2496006,0
113.714,12,113711494779,2496006,0
113.717,7,113714035785,2496006,0
113.719,22,113716558791,2469000,1
113.719,11,113716558791,2469000,1
113.722,13,113719025791,2496006,0
113.724,3,113721548797,2496006,0
113.727,1,113724071803,2469000,1
113.727,3,113724071803,2469000,1
113.729,13,113726538803,2496006,0
113.732,21,113729061809,2496006,0
113.734,7,113731620815,2496006,0
113.737,12,113734143821,2496006,0
113.739,12,113736666827,2496006,0
113.742,6,113739502833,2496006,0
113.745,13,113742052839,2496006,0
113.747,7,113744575845,2469000,1
113.747,21,113744575845,2469000,1
113.75,22,113747042845,2496006,0
113.752,13,113749565851,2496006,0
113.755,6,113752088857,2469000,1
113.755,3,113752088857,2469000,1
113.757,12,113754555857,2496006,0
113.76,2,113757078863,2469000,1
113.76,4,113757078863,2469000,1
113.762,14,113759563863,2496006,0
113.765,12,113762086869,2469000,1
113.765,3,113762086869,2469000,1
113.767,22,113764571869,2469000,1
113.767,13,113764571869,2469000,1
113.77,21,113767065869,2496006,0
113.772,21,113769597875,2496006,0
113.775,12,113772138881,2496006,0
113.777,14,113774679887,2496006,0
113.78,12,113777211893,2496006,0
113.782,6,113779743899,2496006,0
113.785,7,113782266905,2469000,1
113.785,6,113782266905,2469000,1
113.787,22,113784733905,2496006,0
113.79,12,113787274911,2496006,0
113.792,21,113789797917,2496006,0
113.795,21,113792329923,2496006,0
113.797,14,113794852929,2469000,1
113.797,21,113794852929,2469000,1
113.8,7,113797319929,2496006,0
113.802,13,113799851935,2496006,0
113.805,12,113802374941,2496006,0
113.807,22,113804915947,2496006,0
113.81,22,113807438953,2496006,0
113.812,6,113809970959,2496006,0
113.815,22,113812806965,2496006,0
113.818,21,113815347971,2469000,1
113.818,22,113815347971,2469000,1
113.82,13,113817814971,2469000,1
113.82,17,113817814971,2469000,1
113.823,7,113820290971,2496006,0
113.825,12,113822822977,2496006,0
113.828,14,113825345983,2496006,0
113.83,6,113827877989,2496006,0
113.835,21,113832951001,2496006,0
113.838,14,113835474007,2496006,0
113.841,14,113838015013,2496006,0
113.843,6,113840851019,2469000,1
113.843,7,113840851019,2469000,1
113.843,12,113840851019,2469000,1
113.846,21,113843318019,2496006,0
113.848,6,113845859025,2496006,0
113.851,12,113848382031,2496006,0
113.853,13,113850914037,2469000,1
113.853,14,113850914037,2469000,1
113.856,3,113853381037,2496006,0
113.858,23,113855922043,2469000,1
113.858,22,113855922043,2469000,1
113.861,21,113858389043,2496006,0
113.863,14,113860912049,2496006,0
113.866,6,113863435055,2496006,0
113.868,3,113865967061,2496006,0
113.871,14,113868517067,2469000,1
113.871,12,113868517067,2469000,1
113.873,21,113870984067,2496006,0
113.876,21,113873543073,2469000,1
113.876,14,113873543073,2469000,1
113.879,13,113876010073,2496006,0
113.881,3,113878542079,2496006,0
113.884,6,113881065085,2496006,0
113.886,10,113883597091,2469000,1
113.886,7,113883597091,2469000,1
113.886,23,113883597091,2469000,1
113.889,14,113886082091,2496006,0
113.891,3,113888614097,2469000,1
113.891,12,113888614097,2469000,1
113.894,14,113891099097,2469000,1
113.894,6,113891099097,2469000,1
113.896,13,113893566097,2496006,0
113.899,7,113896089103,2469000,1
113.901,3,113898556103,2496006,0
113.904,3,113901097109,2496006,0
113.906,21,113903656115,2496006,0
113.909,3,113906188121,2496006,0
113.911,4,113908720127,2469000,1
113.911,21,113908720127,2469000,1
113.914,13,113911187127,2496006,0
113.917,22,113914068133,2496006,0
113.919,14,113916627139,2469000,1
113.919,6,113916627139,2469000,1
113.919,3,113916627139,2469000,1
113.922,12,113919103139,2496006,0
113.924,13,113921626145,2496006,0
113.927,22,113924176151,2496006,0
113.929,12,113926699157,2496006,0
113.932,17,113929222163,2496006,0
113.934,13,113931745169,2496006,0
113.937,10,113934295175,2496006,0
113.939,12,113936836181,2469000,1
113.939,21,113936836181,2469000,1
113.942,10,113939321181,2469000,1
113.942,22,113939321181,2469000,1
113.944,3,113941788181,2469000,1
113.947,17,113944568187,2496006,0
113.95,13,113947118193,2496006,0
113.952,10,113949668199,2496006,0
113.955,17,113952191205,2496006,0
113.957,13,113954714211,2469000,1
113.957,12,113954714211,2469000,1
113.96,3,113957190211,2496006,0
113.962,14,113959713217,2469000,1
113.962,22,113959713217,2469000,1
113.965,21,113962198217,2496006,0
113.967,10,113964739223,2469000,1
113.967,17,113964739223,2469000,1
113.97,13,113967206223,2496006,0
113.972,21,113969738229,2496006,0
113.975,13,113972261235,2496006,0
113.977,6,113974793241,2496006,0
113.98,3,113977325247,2496006,0
113.982,6,113979848253,2496006,0
113.985,6,113982398259,2496006,0
113.99,21,113987444271,2496006,0
113.992,21,113989967277,2496006,0
113.995,13,113992490283,2496006,0
113.998,3,113995040289,2496006,0
114,17,113997572295,2496006,0
114.003,6,114000104301,2496006,0
114.005,10,114002627307,2496006,0
114.008,6,114005150313,2469000,1
114.008,10,114005150313,2469000,1
114.01,20,114007644313,2469000,1
114.01,21,114007644313,2469000,1
114.013,13,114010111313,2496006,0
114.015,21,114012634319,2496006,0
114.018,19,114015157325,2496006,0
114.02,3,114017993331,2469000,1
114.02,21,114017993331,2469000,1
114.02,19,114017993331,2469000,1
114.023,22,114020469331,2496006,0
114.025,17,114022992337,2496006,0
114.028,22,114025524343,2496006,0
114.031,6,114028056349,2496006,0
114.033,12,114030579355,2496006,0
114.036,11,114033111361,2496006,0
114.038,13,114035634367,2496006,0
114.043,10,114040680379,2496006,0
114.046,13,114043203385,2496006,0
114.049,7,114046048391,2469000,1
114.049,13,114046048391,2469000,1
114.051,12,114048515391,2469000,1
114.051,4,114048515391,2469000,1
114.051,17,114048515391,2469000,1
114.053,11,114051000391,2496006,0
114.056,22,114053523397,2469000,1
114.056,12,114053523397,2469000,1
114.058,11,114055990397,2496006,0
114.061,6,114058513403,2469000,1
114.061,11,114058513403,2469000,1
114.063,19,114060980403,2496006,0
114.066,3,114063512409,2496006,0
114.069,14,114066035415,2496006,0
114.071,14,114068558421,2496006,0
114.074,10,114071081427,2496006,0
114.076,22,114073604433,2496006,0
114.079,21,114076127439,2496006,0
114.081,11,114078668445,2496006,0
114.084,1,114081191451,2469000,1
114.084,21,114081191451,2469000,1
114.086,13,114083658451,2496006,0
114.089,22,114086181457,2496006,0
114.091,10,114088704463,2496006,0
114.094,11,114091236469,2469000,1
114.094,19,114091236469,2469000,1
114.094,21,114091236469,2469000,1
114.096,3,114093703469,2496006,0
114.099,3,114096226475,2496006,0
114.101,14,114098749481,2469000,1
114.101,11,114098749481,2469000,1
114.104,13,114101216481,2469000,1
114.104,17,114101216481,2469000,1
114.106,22,114103683481,2469000,1
114.106,19,114103683481,2469000,1
114.109,6,114106150481,2469000,1
114.109,11,114106150481,2469000,1
114.111,10,114108617481,2469000,1
114.111,21,114108617481,2469000,1
114.114,8,114111084481,2469000,1
114.114,22,114111084481,2469000,1
114.116,22,114113560481,2496006,0
114.121,14,114118928493,2496006,0
114.124,3,114121460499,2496006,0
114.127,16,114124010505,2496006,0
114.129,22,114126542511,2469000,1
114.129,13,114126542511,2469000,1
114.132,14,114129036511,2496006,0
114.134,12,114131568517,2469000,1
114.134,19,114131568517,2469000,1
114.137,5,114134035517,2469000,1
114.137,6,114134035517,2469000,1
114.139,3,114136511517,2469000,1
114.139,16,114136511517,2469000,1
114.141,15,114139005517,2469000,1
114.141,14,114139005517,2469000,1
114.144,10,114141490517,2496006,0
114.146,22,114144022523,2469000,1
114.146,16,114144022523,2469000,1
114.149,3,114146543523,2469000,1
114.149,14,114146543523,2469000,1
114.152,10,114149323529,2496006,0
114.154,17,114151846535,2496006,0
114.157,17,114154450541,2496006,0
114.159,23,114156982547,2496006,0
114.162,17,114159514553,2496006,0
114.165,10,114162037559,2496006,0
114.17,23,114167092571,2469000,1
114.17,3,114167092571,2469000,1
114.172,21,114169568571,2496006,0
114.175,10,114172136577,2469000,1
114.175,17,114172136577,2469000,1
114.177,17,114174621577,2496006,0
114.18,14,114177144583,2496006,0
114.182,21,114179667589,2469000,1
114.182,11,114179667589,2469000,1
114.185,13,114182170589,2469000,1
114.185,19,114182170589,2469000,1
114.187,17,114184646589,2469000,1
114.187,14,114184646589,2469000,1
114.19,5,114187113589,2496006,0
114.192,23,114189645595,2496006,0
114.195,10,114192204601,2496006,0
114.197,14,114194736607,2496006,0
114.2,22,114197259613,2496006,0
114.202,5,114199782619,2496006,0
114.205,4,114202305625,2496006,0
114.207,10,114204828631,2469000,1
114.207,7,114204828631,2469000,1
114.207,3,114204828631,2469000,1
114.21,4,114207295631,2469000,1
114.212,22,114209771631,2469000,1
114.212,16,114209771631,2469000,1
114.212,21,114209771631,2469000,1
114.215,23,114212238631,2496006,0
114.217,23,114214770637,2496006,0
114.22,14,114217293643,2496006,0
114.222,22,114219843649,2496006,0
114.225,14,114222679655,2469000,1
114.225,5,114222679655,2469000,1
114.228,10,114225146655,2496006,0
114.23,12,114227678661,2469000,1
114.23,21,114227678661,2469000,1
114.233,22,114230145661,2469000,1
114.233,2,114230145661,2469000,1
114.235,19,114232621661,2469000,1
114.235,17,114232621661,2469000,1
114.238,23,114235106661,2469000,1
114.238,5,114235106661,2469000,1
114.24,6,114237582661,2469000,1
114.24,10,114237582661,2469000,1
114.243,23,114240058661,2496006,0
114.245,4,114242590667,2496006,0
114.248,13,114245113673,2496006,0
114.25,2,114247636679,2496006,0
114.253,2,114250472685,2496006,0
114.255,23,114252995691,2469000,1
114.255,14,114252995691,2469000,1
114.258,4,114255462691,2496006,0
114.26,2,114257985697,2496006,0
114.263,5,114260508703,2469000,1
114.265,6,114262975703,2496006,0
114.268,13,114265507709,2496006,0
114.271,4,114268048715,2469000,1
114.271,22,114268048715,2469000,1
114.273,13,114270533715,2496006,0
114.276,6,114273074721,2496006,0
114.278,2,114275615727,2496006,0
114.281,6,114278138733,2496006,0
114.283,13,114280670739,2496006,0
114.286,10,114283202745,2496006,0
114.288,13,114285734751,2496006,0
114.291,23,114288266757,2496006,0
114.293,10,114290834763,2496006,0
114.296,2,114293357769,2469000,1
114.296,6,114293357769,2469000,1
114.298,4,114295824769,2496006,0
114.301,13,114298356775,2469000,1
114.301,4,114298356775,2469000,1
114.303,16,114300823775,2469000,1
114.303,12,114300823775,2469000,1
114.303,14,114300823775,2469000,1
114.306,15,114303290775,2496006,0
114.308,23,114305813781,2469000,1
114.308,17,114305813781,2469000,1
114.311,2,114308280781,2496006,0
114.316,2,114313335793,2496006,0
114.318,10,114315876799,2496006,0
114.321,2,114318417805,2496006,0
114.323,15,114320940811,2496006,0
114.326,19,114323776817,2469000,1
114.326,2,114323776817,2469000,1
114.329,23,114326261817,2496006,0
114.331,10,114328784823,2469000,1
114.331,22,114328784823,2469000,1
114.334,23,114331296823,2469000,1
114.334,6,114331296823,2469000,1
114.334,4,114331296823,2469000,1
114.336,21,114333763823,2496006,0
114.339,15,114336295829,2469000,1
114.339,2,114336295829,2469000,1
114.341,13,114338771829,2496006,0
114.344,21,114341321835,2496006,0
114.346,13,114343862841,2469000,1
114.346,4,114343862841,2469000,1
114.349,6,114346329841,2496006,0
114.351,6,114348861847,2496006,0
114.357,10,114354238859,2496006,0
114.359,21,114356770865,2496006,0
114.362,6,114359329871,2496006,0
114.364,15,114361852877,2496006,0
114.367,10,114364375883,2469000,1
114.367,20,114364375883,2469000,1
114.369,23,114366842883,2496006,0
114.372,13,114369374889,2496006,0
114.374,21,114371897895,2469000,1
114.374,10,114371897895,2469000,1
114.377,13,114374364895,2496006,0
114.379,6,114376896901,2496006,0
114.382,23,114379437907,2496006,0
114.384,13,114381960913,2496006,0
114.387,6,114384492919,2469000,1
114.387,15,114384492919,2469000,1
114.387,23,114384492919,2469000,1
114.389,2,114386968919,2469000,1
114.389,13,114386968919,2469000,1
114.392,3,114389444919,2496006,0
114.394,13,114391967925,2496006,0
114.4,3,114397022937,2496006,0
114.402,13,114399563943,2496006,0
114.405,5,114402104949,2496006,0
114.407,3,114404663955,2496006,0
114.41,3,114407204961,2496006,0
114.412,14,114409727967,2469000,1
114.412,21,114409727967,2469000,1
114.412,23,114409727967,2469000,1
114.415,13,114412203967,2469000,1
114.415,3,114412203967,2469000,1
114.417,6,114414679967,2496006,0
114.42,5,114417220973,2469000,1
114.42,15,114417220973,2469000,1
114.422,15,114419689973,2496006,0
114.425,6,114422275979,2496006,0
114.43,11,114427643991,2469000,1
114.43,10,114427643991,2469000,1
114.433,15,114430119991,2496006,0
114.435,15,114432660997,2496006,0
114.438,13,114435202003,2469000,1
114.438,10,114435202003,2469000,1
114.44,3,114437669003,2496006,0
114.443,15,114440201009,2469000,1
114.443,6,114440201009,2469000,1
114.445,23,114442668009,2496006,0
114.448,16,114445191015,2496006,0
114.45,5,114447741021,2469000,1
114.45,6,114447741021,2469000,1
114.453,23,114450235021,2496006,0
114.455,2,114452758027,2469000,1
114.455,15,114452758027,2469000,1
114.458,17,114455538033,2469000,1
114.461,16,114458005033,2496006,0
114.463,3,114460528039,2496006,0
114.466,5,114463078045,2496006,0
114.468,16,114465610051,2469000,1
114.468,21,114465610051,2469000,1
114.471,23,114468086051,2496006,0
114.473,4,114470618057,2496006,0
114.476,13,114473159063,2469000,1
114.476,4,114473159063,2469000,1
114.478,8,114475626063,2469000,1
114.478,22,114475626063,2469000,1
114.478,4,114475628063,2469000,1
114.481,14,114478104063,2469000,1
114.481,3,114478104063,2469000,1
114.483,22,114480580063,2496006,0
114.486,5,114483103069,2496006,0
114.488,22,114485626075,2496006,0
114.491,23,114488149081,2496006,0
114.493,16,114490681087,2469000,1
114.496,5,114493148087,2496006,0
114.498,22,114495716093,2496006,0
114.501,23,114498275099,2496006,0
114.503,23,114500807105,2496006,0
114.506,5,114503348111,2496006,0
114.508,16,114505871117,2496006,0
114.511,4,114508394123,2496006,0
114.513,4,114510926129,2496006,0
114.516,22,114513449135,2469000,1
114.516,6,114513449135,2469000,1
114.518,3,114515925135,2496006,0
114.521,15,114518466141,2496006,0
114.523,16,114520989147,2469000,1
114.523,23,114520989147,2469000,1
114.526,5,114523483147,2469000,1
114.526,4,114523483147,2469000,1
114.528,3,114525950147,2469000,1
114.528,14,114525950147,2469000,1
114.531,16,114528748153,2496006,0
114.534,16,114531271159,2496006,0
114.536,13,114533794165,2496006,0
114.541,15,114538840177,2496006,0
114.544,3,114541363183,2469000,1
114.544,13,114541363183,2469000,1
114.546,22,114543848183,2496006,0
114.549,16,114546407189,2496006,0
114.551,23,114548939195,2496006,0
114.554,15,114551462201,2496006,0
114.557,16,114554021207,2496006,0
114.559,22,114556544213,2469000,1
114.559,21,114556544213,2469000,1
114.559,13,114556544213,2469000,1
114.562,4,114559324219,2496006,0
114.564,12,114561874225,2496006,0
114.567,15,114564397231,2469000,1
114.567,5,114564397231,2469000,1
114.569,23,114566864231,2496006,0
114.572,15,114569414237,2496006,0
114.574,16,114571946243,2496006,0
114.577,4,114574487249,2469000,1
114.577,22,114574487249,2469000,1
114.579,12,114576963249,2496006,0
114.582,3,114579486255,2496006,0
114.584,12,114582009261,2469000,1
114.584,3,114582009261,2469000,1
114.587,23,114584494261,2496006,0
114.589,21,114587026267,2469000,1
114.589,4,114587026267,2469000,1
114.592,6,114589502267,2469000,1
114.592,13,114589502267,2469000,1
114.592,15,114589502267,2469000,1
114.594,16,114591969267,2496006,0
114.597,16,114594492273,2496006,0
114.602,12,114599556285,2496006,0
114.605,16,114602115291,2469000,1
114.605,23,114602115291,2469000,1
114.607,9,114604600291,2496006,0
114.61,12,114607141297,2496006,0
114.612,9,114609664303,2496006,0
114.615,12,114612187309,2496006,0
114.617,9,114614737315,2496006,0
114.62,3,114617260321,2496006,0
114.622,9,114619792327,2496006,0
114.625,3,114622342333,2469000,1
114.625,4,114622342333,2469000,1
114.625,15,114622342333,2469000,1
114.627,2,114624845333,2469000,1
114.627,12,114624845333,2469000,1
114.63,2,114627330333,2496006,0
114.632,5,114629871339,2469000,1
114.632,16,114629871339,2469000,1
114.635,9,114632651345,2496006,0
114.638,23,114635174351,2469000,1
114.638,3,114635174351,2469000,1
114.64,9,114637695351,2496006,0
114.643,10,114640227357,2469000,1
114.643,23,114640227357,2469000,1
114.645,22,114642694357,2469000,1
114.645,12,114642694357,2469000,1
114.645,3,114642694357,2469000,1
114.648,2,114645161357,2496006,0
114.65,2,114647693363,2496006,0
114.653,2,114650270369,2496006,0
114.655,9,114652802375,2496006,0
114.658,14,114655343381,2496006,0
114.66,17,114657875387,2469000,1
114.66,4,114657875387,2469000,1
114.663,9,114660655393,2496006,0
114.666,2,114663187399,2469000,1
114.666,9,114663187399,2469000,1
114.668,16,114665663399,2469000,1
114.673,2,114670662405,2496006,0
114.676,14,114673194411,2496006,0
114.678,9,114675717417,2496006,0
114.681,9,114678249423,2496006,0
114.683,2,114680799429,2469000,1
114.683,15,114680799429,2469000,1
114.686,14,114683266429,2496006,0
114.691,2,114688366441,2496006,0
114.693,6,114690889447,2496006,0
114.696,9,114693421453,2496006,0
114.698,12,114695953459,2496006,0
114.701,2,114698476465,2469000,1
114.701,14,114698476465,2469000,1
114.703,14,114700945465,2496006,0
114.706,6,114703468471,2469000,1
114.706,12,114703468471,2469000,1
114.708,6,114705971471,2496006,0
114.711,16,114708494477,2469000,1
114.711,15,114708494477,2469000,1
114.713,3,114710961477,2496006,0
114.716,14,114713493483,2469000,1
114.718,9,114715960483,2496006,0
114.721,10,114718528489,2496006,0
114.724,9,114721051495,2469000,1
114.724,2,114721051495,2469000,1
114.726,6,114723518495,2496006,0
114.729,13,114726050501,2496006,0
114.731,3,114728573507,2496006,0
114.734,10,114731105513,2496006,0
114.736,6,114733941519,2496006,0
114.739,10,114736473525,2496006,0
114.741,12,114738996531,2496006,0
114.744,6,114741537537,2469000,1
114.744,23,114741537537,2469000,1
114.744,14,114741537537,2469000,1
114.747,23,114744013537,2496006,0
114.749,9,114746536543,2469000,1
114.751,13,114749003543,2496006,0
114.754,13,114751526549,2496006,0
114.757,5,114754049555,2469000,1
114.757,3,114754049555,2469000,1
114.757,23,114754049555,2469000,1
114.759,13,114756516555,2496006,0
114.762,16,114759075561,2469000,1
114.762,10,114759075561,2469000,1
114.764,12,114761542561,2469000,1
114.764,3,114761542561,2469000,1
114.767,13,114764340567,2469000,1
114.767,7,114764340567,2469000,1
114.767,22,114764340567,2469000,1
114.769,3,114766843567,2496006,0
114.772,10,114769375573,2496006,0
114.774,23,114771925579,2496006,0
114.777,16,114774448585,2496006,0
114.779,21,114776971591,2496006,0
114.782,23,114779494597,2469000,1
114.784,10,114781961597,2496006,0
114.787,2,114784484603,2469000,1
114.787,6,114784484603,2469000,1
114.789,3,114786951603,2496006,0
114.795,16,114792042615,2469000,1
114.795,18,114792042615,2469000,1
114.795,14,114792042615,2469000,1
114.795,10,114792042615,2469000,1
114.797,12,114794509615,2496006,0
114.8,3,114797032621,2496006,0
114.802,23,114799564627,2496006,0
114.805,21,114802087633,2469000,1
114.805,3,114802087633,2469000,1
114.807,13,114804563633,2496006,0
114.81,12,114807095639,2469000,1
114.81,16,114807095639,2469000,1
114.812,6,114809562639,2496006,0
114.815,13,114812121645,2496006,0
114.817,6,114814662651,2496006,0
114.82,23,114817185657,2496006,0
114.822,23,114819708663,2496006,0
114.825,23,114822231669,2496006,0
114.827,6,114824763675,2469000,1
114.827,9,114824763675,2469000,1
114.83,10,114827230675,2469000,1
114.832,16,114829697675,2496006,0
114.835,2,114832220681,2496006,0
114.837,13,114834752687,2469000,1
114.837,2,114834752687,2469000,1
114.84,23,114837541693,2469000,1
114.84,13,114837541693,2469000,1
114.843,12,114840008693,2496006,0
114.845,13,114842531699,2496006,0
114.848,21,114845090705,2469000,1
114.848,3,114845090705,2469000,1
114.85,9,114847557705,2496006,0
114.853,12,114850080711,2496006,0
114.855,16,114852603717,2496006,0
114.858,23,114855126723,2469000,1
114.858,9,114855126723,2469000,1
114.86,4,114857620723,2496006,0
114.863,13,114860152729,2496006,0
114.865,12,114862675735,2496006,0
114.868,16,114865511741,2496006,0
114.871,6,114868043747,2496006,0
114.873,14,114870584753,2469000,1
114.876,12,114873051753,2469000,1
114.876,13,114873051753,2469000,1
114.878,2,114875536753,2496006,0
114.881,6,114878059759,2469000,1
114.881,4,114878059759,2469000,1
114.883,12,114880526759,2496006,0
114.886,9,114883049765,2496006,0
114.888,9,114885572771,2496006,0
114.891,16,114888113777,2496006,0
114.893,23,114890645783,2496006,0
114.896,2,114893177789,2469000,1
114.896,16,114893177789,2469000,1
114.898,6,114895644789,2496006,0
114.901,4,114898167795,2496006,0
114.903,9,114900717801,2469000,1
114.903,3,114900717801,2469000,1
114.903,13,114900717801,2469000,1
114.906,12,114903184801,2496006,0
114.908,16,114905707807,2496006,0
114.911,4,114908230813,2496006,0
114.913,2,114910753819,2496006,0
114.916,10,114913276825,2469000,1
114.916,12,114913276825,2469000,1
114.918,6,114915743825,2496006,0
114.921,23,114918275831,2496006,0
114.926,6,114923357843,2469000,1
114.926,16,114923357843,2469000,1
114.928,4,114925824843,2496006,0
114.931,21,114928365849,2469000,1
114.931,2,114928365849,2469000,1
114.933,4,114930841849,2469000,1
114.933,23,114930841849,2469000,1
114.936,12,114933317849,2496006,0
114.938,9,114935867855,2496006,0
114.941,4,114938703861,2496006,0
114.944,12,114941235867,2469000,1
114.944,9,114941235867,2469000,1
114.946,16,114943711867,2496006,0
114.949,23,114946243873,2496006,0
114.951,12,114948766879,2496006,0
114.954,11,114951289885,2496006,0
114.956,18,114953812891,2469000,1
114.956,4,114953812891,2469000,1
114.956,11,114953812891,2469000,1
114.959,16,114956297891,2469000,1
114.959,11,114956297891,2469000,1
114.961,12,114958764891,2496006,0
114.964,23,114961314897,2469000,1
114.964,6,114961314897,2469000,1
114.964,2,114961314897,2469000,1
114.966,18,114963790897,2496006,0
114.972,13,114969176909,2496006,0
114.974,11,114971708915,2496006,0
114.977,12,114974231921,2496006,0
114.979,9,114976763927,2496006,0
114.982,4,114979286933,2469000,1
114.982,12,114979286933,2469000,1
114.984,12,114981771933,2496006,0
114.987,19,114984294939,2496006,0
114.989,18,114986817945,2496006,0
114.992,13,114989340951,2496006,0
114.994,11,114991863957,2496006,0
114.997,12,114994395963,2469000,1
114.997,23,114994395963,2469000,1
114.999,16,114996871963,2469000,1
114.999,9,114996871963,2469000,1
115.002,19,114999338963,2496006,0
115.004,2,115001879969,2496006,0
115.007,13,115004402975,2496006,0
115.009,18,115006934981,2496006,0
115.012,9,115009457987,2469000,1
115.012,2,115009457987,2469000,1
115.014,6,115011924987,2469000,1
115.014,18,115011924987,2469000,1
115.017,19,115014409987,2469000,1
115.017,11,115014409987,2469000,1
115.019,15,115016885987,2496006,0
115.024,13,115021931999,2496006,0
115.027,2,115024455005,2469000,1
115.027,11,115024455005,2469000,1
115.029,12,115026922005,2469000,1
115.029,16,115026922005,2469000,1
115.032,13,115029389005,2496006,0
115.034,13,115031984011,2469000,1
115.034,18,115031984011,2469000,1
115.037,15,115034451011,2496006,0
115.039,23,115036974017,2469000,1
115.039,12,115036974017,2469000,1
115.042,2,115039441017,2496006,0
115.045,13,115042304023,2496006,0
115.047,11,115044827029,2496006,0
115.05,2,115047350035,2496006,0
115.052,5,115049873041,2469000,1
115.052,4,115049873041,2469000,1
115.055,9,115052349041,2469000,1
115.055,19,115052349041,2469000,1
115.055,23,115052349041,2469000,1
115.057,15,115054843041,2496006,0
115.06,17,115057366047,2469000,1
115.06,18,115057366047,2469000,1
115.062,5,115059833047,2496006,0
115.065,11,115062356053,2469000,1
115.065,22,115062356053,2469000,1
115.067,3,115064832053,2496006,0
115.07,6,115067355059,2469000,1
115.07,13,115067355059,2469000,1
115.073,11,115070135065,2496006,0
115.075,3,115072658071,2496006,0
115.078,2,115075181077,2469000,1
115.078,11,115075181077,2469000,1
115.083,15,115080180083,2496006,0
115.085,10,115082712089,2496006,0
115.088,5,115085253095,2496006,0
115.09,3,115087776101,2496006,0
115.093,11,115090299107,2496006,0
115.095,13,115092822113,2469000,1
115.095,3,115092822113,2469000,1
115.098,2,115095307113,2496006,0
115.1,5,115097830119,2469000,1
115.1,19,115097830119,2469000,1
115.103,15,115100297119,2496006,0
115.105,10,115102838125,2496006,0
115.108,11,115105361131,2496006,0
115.11,21,115107884137,2496006,0
115.113,3,115110416143,2469000,1
115.113,21,115110416143,2469000,1
115.115,21,115112885143,2496006,0
115.118,15,115115408149,2496006,0
115.12,16,115117940155,2469000,1
115.12,2,115117940155,2469000,1
115.123,11,115120416155,2496006,0
115.125,15,115122948161,2496006,0
115.128,10,115125489167,2496006,0
115.13,5,115128021173,2469000,1
115.13,10,115128021173,2469000,1
115.133,15,115130506173,2469000,1
115.133,21,115130506173,2469000,1
115.135,11,115132973173,2496006,0
115.138,13,115135514179,2469000,1
115.14,21,115137990179,2496006,0
115.143,14,115140567185,2496006,0
115.146,21,115143403191,2469000,1
115.146,11,115143403191,2469000,1
115.148,10,115145870191,2496006,0
115.151,10,115148393197,2496006,0
115.153,2,115150916203,2469000,1
115.153,10,115150916203,2469000,1
115.156,21,115153392203,2496006,0
115.158,15,115155915209,2496006,0
115.161,10,115158438215,2496006,0
115.163,21,115160979221,2496006,0
115.166,12,115163520227,2469000,1
115.166,2,115163520227,2469000,1
115.168,14,115165987227,2496006,0
115.171,15,115168510233,2496006,0
115.174,3,115171033239,2496006,0
115.176,9,115173869245,2469000,1
115.176,14,115173869245,2469000,1
115.179,15,115176336245,2496006,0
115.181,3,115178859251,2496006,0
115.184,10,115181391257,2469000,1
115.184,15,115181391257,2469000,1
115.186,5,115183885257,2469000,1
115.186,21,115183885257,2469000,1
115.189,15,115186352257,2496006,0
115.191,11,115188875263,2496006,0
115.194,3,115191398269,2469000,1
115.194,11,115191398269,2469000,1
115.196,15,115193874269,2496006,0
115.201,14,115198965281,2469000,1
115.201,10,115198965281,2469000,1
115.204,15,115201441281,2469000,1
115.204,3,115201441281,2469000,1
115.206,15,115203944281,2496006,0
115.209,14,115206476287,2496006,0
115.212,4,115209008293,2496006,0
115.214,18,115211549299,2469000,1
115.214,21,115211549299,2469000,1
115.216,19,115214016299,2469000,1
115.216,11,115214016299,2469000,1
115.219,14,115216483299,2496006,0
115.222,15,115219024305,2496006,0
115.224,4,115221565311,2496006,0
115.227,13,115224106317,2496006,0
115.229,14,115226638323,2469000,1
115.229,3,115226638323,2469000,1
115.232,4,115229123323,2496006,0
115.234,15,115231646329,2469000,1
115.234,14,115231646329,2469000,1
115.237,10,115234158329,2469000,1
115.237,13,115234158329,2469000,1
115.239,4,115236625329,2469000,1
115.242,15,115239092329,2496006,0
115.244,12,115241660335,2496006,0
115.247,18,115244183341,2496006,0
115.25,6,115247019347,2496006,0
115.252,6,115249542353,2496006,0
115.255,23,115252065359,2496006,0
115.257,21,115254597365,2496006,0
115.26,21,115257120371,2496006,0
115.262,4,115259643377,2496006,0
115.265,15,115262166383,2496006,0
115.267,12,115264689389,2496006,0
115.27,6,115267212395,2496006,0
115.272,15,115269735401,2496006,0
115.275,11,115272258407,2469000,1
115.275,18,115272258407,2469000,1
115.278,21,115275047413,2469000,1
115.278,13,115275047413,2469000,1
115.28,18,115277514413,2496006,0
115.283,6,115280046419,2469000,1
115.283,4,115280046419,2469000,1
115.283,23,115280046419,2469000,1
115.285,2,115282522419,2496006,0
115.288,18,115285045425,2496006,0
115.29,14,115287568431,2469000,1
115.29,4,115287568431,2469000,1
115.293,15,115290035431,2496006,0
115.298,6,115295081443,2496006,0
115.3,12,115297604449,2496006,0
115.303,18,115300136455,2496006,0
115.305,15,115302659461,2496006,0
115.308,21,115305182467,2496006,0
115.31,2,115307705473,2496006,0
115.313,18,115310255479,2469000,1
115.313,6,115310255479,2469000,1
115.315,23,115312722479,2496006,0
115.318,12,115315290485,2469000,1
115.318,18,115315290485,2469000,1
115.32,21,115317757485,2469000,1
115.32,2,115317757485,2469000,1
115.323,6,115320224485,2496006,0
115.325,13,115322747491,2469000,1
115.325,15,115322747491,2469000,1
115.328,15,115325223491,2496006,0
115.33,23,115327746497,2496006,0
115.333,15,115330278503,2496006,0
115.335,15,115332846509,2496006,0
115.338,18,115335369515,2469000,1
115.338,15,115335369515,2469000,1
115.34,6,115337836515,2496006,0
115.343,23,115340359521,2496006,0
115.345,12,115342882527,2496006,0
115.348,23,115345405533,2496006,0
115.351,2,115348241539,2469000,1
115.351,15,115348241539,2469000,1
115.356,6,115353240545,2496006,0
115.358,5,115355781551,2496006,0
115.361,16,115358313557,2469000,1
115.361,21,115358313557,2469000,1
115.363,6,115360780557,2469000,1
115.363,23,115360780557,2469000,1
115.366,5,115363265557,2496006,0
115.368,12,115365797563,2496006,0
115.371,23,115368320569,2496006,0
115.373,23,115370843575,2496006,0
115.376,9,115373420581,2496006,0
115.378,4,115375943587,2496006,0
115.381,1,115378779593,2496006,0
115.384,5,115381311599,2496006,0
115.386,23,115383843605,2469000,1
115.386,21,115383843605,2469000,1
115.386,12,115383843605,2469000,1
115.386,5,115383843605,2469000,1
115.389,3,115386310605,2496006,0
115.391,9,115388860611,2496006,0
115.394,3,115391383617,2469000,1
115.394,4,115391383617,2469000,1
115.394,5,115391383617,2469000,1
115.396,1,115393859617,2496006,0
115.399,6,115396382623,2496006,0
115.401,10,115398905629,2496006,0
115.404,12,115401428635,2496006,0
115.406,14,115403969641,2469000,1
115.406,13,115403969641,2469000,1
115.409,9,115406436641,2469000,1
115.411,6,115408912641,2469000,1
115.411,2,115408912641,2469000,1
115.414,12,115411397641,2469000,1
115.414,1,115411397641,2469000,1
115.414,6,115411397641,2469000,1
115.416,4,115413864641,2496006,0
115.419,15,115416387647,2469000,1
115.419,14,115416387647,2469000,1
115.421,10,115418854647,2496006,0
115.424,12,115421386653,2469000,1
115.424,4,115421386653,2469000,1
115.426,23,115423853653,2496006,0
115.429,12,115426376659,2496006,0
115.431,10,115428926665,2496006,0
115.434,11,115431458671,2496006,0
115.436,1,115433981677,2496006,0
115.439,1,115436522683,2496006,0
115.442,11,115439045689,2469000,1
115.442,3,115439045689,2469000,1
115.444,5,115441521689,2469000,1
115.444,4,115441521689,2469000,1
115.446,23,115443988689,2496006,0
115.449,12,115446511695,2496006,0
115.452,12,115449034701,2496006,0
115.454,1,115451870707,2496006,0
115.457,10,115454393713,2496006,0
115.459,9,115456916719,2496006,0
115.462,10,115459439725,2496006,0
115.464,21,115461980731,2496006,0
115.467,12,115464503737,2496006,0
115.47,9,115467035743,2469000,1
115.47,23,115467035743,2469000,1
115.47,12,115467035743,2469000,1
115.472,10,115469511743,2469000,1
115.474,10,115471980743,2496006,0
115.477,21,115474503749,2469000,1
115.477,10,115474503749,2469000,1
115.479,1,115476988749,2496006,0
115.482,11,115479833755,2496006,0
115.485,21,115482356761,2496006,0
115.487,5,115484888767,2469000,1
115.487,9,115484888767,2469000,1
115.487,12,115484888767,2469000,1
115.49,6,115487364767,2469000,1
115.49,10,115487364767,2469000,1
115.492,23,115489831767,2496006,0
115.495,11,115492354773,2496006,0
115.497,11,115494886779,2496006,0
115.5,1,115497409785,2496006,0
115.502,23,115499950791,2469000,1
115.502,9,115499950791,2469000,1
115.505,21,115502417791,2496006,0
115.507,11,115504949797,2469000,1
115.507,12,115504949797,2469000,1
115.51,21,115507425797,2496006,0
115.512,1,115509966803,2496006,0
115.515,22,115512507809,2469000,1
115.515,18,115512507809,2469000,1
115.517,21,115514974809,2469000,1
115.517,1,115514974809,2469000,1
115.52,11,115517459809,2496006,0
115.522,15,115519991815,2469000,1
115.522,3,115519991815,2469000,1
115.525,8,115522458815,2496006,0
115.527,19,115524981821,2469000,1
115.527,6,115524981821,2469000,1
115.53,20,115527448821,2496006,0
115.532,12,115529989827,2496006,0
115.538,4,115535044839,2469000,1
115.538,21,115535044839,2469000,1
115.538,11,115535044839,2469000,1
115.54,2,115537538839,2496006,0
115.543,20,115540061845,2469000,1
115.543,23,115540061845,2469000,1
115.545,8,115542537845,2469000,1
115.545,2,115542537845,2469000,1
115.548,11,115545022845,2496006,0
115.55,1,115547545851,2469000,1
115.55,11,115547545851,2469000,1
115.553,12,115550012851,2496006,0
115.555,20,115552848857,2496006,0
115.558,1,115555380863,2469000,1
115.558,20,115555380863,2469000,1
115.56,21,115557856863,2496006,0
115.563,20,115560379869,2496006,0
115.565,10,115562911875,2496006,0
115.568,21,115565452881,2469000,1
115.568,12,115565452881,2469000,1
115.57,20,115567982881,2496006,0
115.573,2,115570505887,2496006,0
115.576,8,115573037893,2469000,1
115.576,11,115573037893,2469000,1
115.576,20,115573037893,2469000,1
115.578,13,115575504893,2469000,1
115.578,10,115575504893,2469000,1
115.578,2,115575504893,2469000,1
115.58,12,115577971893,2496006,0
115.583,21,115580521899,2496006,0
115.588,2,115585916911,2496006,0
115.591,10,115588439917,2496006,0
115.593,12,115590989923,2469000,1
115.593,20,115590989923,2469000,1
115.596,2,115593465923,2496006,0
115.598,10,115595988929,2469000,1
115.598,21,115595988929,2469000,1
115.601,2,115598482929,2496006,0
115.604,21,115601077935,2496006,0
115.606,9,115603600941,2469000,1
115.606,23,115603600941,2469000,1
115.609,8,115606076941,2496006,0
115.611,2,115608608947,2496006,0
115.614,21,115611131953,2469000,1
115.614,18,115611131953,2469000,1
115.614,10,115611131953,2469000,1
115.616,8,115613607953,2496006,0
115.619,8,115616139959,2496006,0
115.621,9,115618662965,2469000,1
115.621,8,115618662965,2469000,1
115.624,12,115621138965,2496006,0
115.629,12,115626229977,2496006,0
115.631,11,115628752983,2469000,1
115.631,2,115628752983,2469000,1
115.634,3,115631228983,2469000,1
115.634,4,115631228983,2469000,1
115.634,21,115631228983,2469000,1
115.636,15,115633731983,2496006,0
115.639,2,115636254989,2496006,0
115.641,2,115638786995,2496006,0
115.644,12,115641310001,2469000,1
115.644,15,115641310001,2469000,1
115.646,1,115643786001,2469000,1
115.646,10,115643786001,2469000,1
115.649,2,115646253001,2496006,0
115.651,7,115648794007,2496006,0
115.654,2,115651335013,2469000,1
115.654,8,115651335013,2469000,1
115.656,20,115653802013,2496006,0
115.659,23,115656638019,2496006,0
115.662,15,115659161025,2496006,0
115.667,2,115664216037,2496006,0
115.669,23,115666739043,2496006,0
115.672,20,115669262049,2469000,1
115.672,10,115669262049,2469000,1
115.674,7,115671729049,2496006,0
115.677,8,115674261055,2469000,1
115.677,23,115674261055,2469000,1
115.679,7,115676746055,2496006,0
115.682,4,115679269061,2496006,0
115.684,15,115681801067,2469000,1
115.684,7,115681801067,2469000,1
115.687,15,115684590073,2496006,0
115.69,2,115687113079,2496006,0
115.692,23,115689636085,2496006,0
115.695,12,115692168091,2496006,0
115.697,23,115694700097,2496006,0
115.7,2,115697223103,2496006,0
115.702,7,115699746109,2496006,0
115.705,7,115702269115,2496006,0
115.707,15,115704801121,2496006,0
115.71,4,115707324127,2496006,0
115.712,4,115709847133,2496006,0
115.717,2,115714902145,2496006,0
115.72,12,115717425151,2469000,1
115.72,20,115717425151,2469000,1
115.722,4,115719892151,2469000,1
115.722,15,115719892151,2469000,1
115.725,9,115722377151,2496006,0
115.727,23,115724900157,2496006,0
115.73,21,115727423163,2469000,1
115.73,7,115727423163,2469000,1
115.732,2,115729926163,2469000,1
115.732,21,115729926163,2469000,1
115.735,23,115732420163,2496006,0
115.737,15,115734943169,2496006,0
115.74,4,115737466175,2496006,0
115.742,9,115739989181,2496006,0
115.745,19,115742521187,2469000,1
115.745,4,115742521187,2469000,1
115.747,23,115744997187,2496006,0
115.75,7,115747520193,2496006,0
115.753,15,115750043199,2469000,1
115.753,12,115750043199,2469000,1
115.755,11,115752546199,2469000,1
115.755,2,115752546199,2469000,1
115.758,9,115755022199,2496006,0
115.76,19,115757858205,2496006,0
115.763,23,115760399211,2469000,1
115.765,9,115762884211,2469000,1
115.765,7,115762884211,2469000,1
115.768,14,115765360211,2496006,0
115.77,19,115767928217,2496006,0
115.773,5,115770451223,2469000,1
115.773,19,115770451223,2469000,1
115.775,19,115772927223,2496006,0
115.778,4,115775450229,2469000,1
115.778,23,115775450229,2469000,1
115.78,14,115777917229,2496006,0
115.783,2,115780458235,2469000,1
115.783,14,115780458235,2469000,1
115.785,19,115782925235,2469000,1
115.785,15,115782925235,2469000,1
115.788,7,115785392235,2496006,0
115.791,3,115788255241,2496006,0
115.793,20,115790778247,2496006,0
115.796,9,115793310253,2496006,0
115.798,20,115795869259,2469000,1
115.798,12,115795869259,2469000,1
115.801,3,115798336259,2469000,1
115.801,7,115798336259,2469000,1
115.803,8,115800812259,2469000,1
115.806,9,115803288259,2496006,0
115.808,20,115805811265,2496006,0
115.811,14,115808379271,2469000,1
115.811,7,115808379271,2469000,1
115.813,19,115810846271,2496006,0
115.816,20,115813378277,2469000,1
115.816,4,115813378277,2469000,1
115.818,9,115815854277,2469000,1
115.818,23,115815854277,2469000,1
115.821,21,115818321277,2496006,0
115.823,14,115820871283,2496006,0
115.826,19,115823394289,2469000,1
115.826,14,115823394289,2469000,1
115.828,3,115825879289,2469000,1
115.828,23,115825879289,2469000,1
115.831,21,115828346289,2469000,1
115.831,19,115828346289,2469000,1
115.833,6,115830813289,2496006,0
115.836,21,115833336295,2496006,0
115.838,20,115835859301,2496006,0
115.843,6,115840932313,2496006,0
115.846,18,115843491319,2496006,0
115.848,20,115846014325,2469000,1
115.848,21,115846014325,2469000,1
115.848,14,115846014325,2469000,1
115.851,21,115848483325,2496006,0
115.854,9,115851006331,2496006,0
115.856,7,115853529337,2496006,0
115.859,15,115856052343,2496006,0
115.861,7,115858611349,2469000,1
115.861,6,115858611349,2469000,1
115.864,20,115861391355,2496006,0
115.866,9,115863914361,2469000,1
115.866,18,115863914361,2469000,1
115.866,20,115863914361,2469000,1
115.869,6,115866390361,2496006,0
115.871,9,115868922367,2496006,0
115.874,13,115871445373,2469000,1
115.874,4,115871445373,2469000,1
115.874,21,115871445373,2469000,1
115.876,3,115873912373,2469000,1
115.876,9,115873912373,2469000,1
115.879,15,115876388373,2469000,1
115.879,21,115876388373,2469000,1
115.884,10,115881405379,2496006,0
115.886,6,115883937385,2496006,0
115.889,19,115886469391,2496006,0
115.892,7,115889305397,2496006,0
115.894,6,115891828403,2496006,0
115.897,20,115894360409,2496006,0
115.899,18,115896883415,2496006,0
115.902,12,115899406421,2496006,0
115.904,6,115901947427,2469000,1
115.904,10,115901947427,2469000,1
115.907,19,115904414427,2469000,1
115.907,12,115904414427,2469000,1
115.909,15,115906881427,2496006,0
115.912,20,115909413433,2496006,0
115.914,9,115911936439,2496006,0
115.917,14,115914459445,2469000,1
115.917,19,115914459445,2469000,1
115.917,15,115914459445,2469000,1
115.919,18,115916926445,2469000,1
115.919,7,115916926445,2469000,1
115.919,15,115916928445,2469000,1
115.922,2,115919431445,2469000,1
115.922,14,115919431445,2469000,1
115.924,12,115921898445,2496006,0
115.927,6,115924421451,2496006,0
115.929,6,115926953457,2496006,0
115.934,20,115931999469,2469000,1
115.934,6,115931999469,2469000,1
115.937,9,115934484469,2496006,0
115.939,10,115937007475,2469000,1
115.939,7,115937007475,2469000,1
115.942,18,115939492475,2496006,0
115.945,12,115942033481,2496006,0
115.947,19,115944565487,2496006,0
115.95,18,115947097493,2469000,1
115.95,17,115947097493,2469000,1
115.95,19,115947097493,2469000,1
115.952,9,115949573493,2496006,0
115.955,12,115952096499,2496006,0
115.957,1,115954619505,2469000,1
115.957,18,115954619505,2469000,1
115.96,6,115957086505,2469000,1
115.96,18,115957088505,2469000,1
115.962,9,115959591505,2496006,0
115.965,21,115962427511,2469000,1
115.965,20,115962427511,2469000,1
115.965,9,115962427511,2469000,1
115.967,12,115964930511,2496006,0
115.97,5,115967462517,2496006,0
115.972,20,115969985523,2496006,0
115.975,15,115972508529,2496006,0
115.978,6,115975031535,2496006,0
115.98,15,115977554541,2469000,1
115.983,6,115980021541,2496006,0
115.985,11,115982544547,2496006,0
115.988,8,115985094553,2469000,1
115.988,19,115985094553,2469000,1
115.988,9,115985094553,2469000,1
115.99,23,115987561553,2496006,0
115.993,15,115990093559,2496006,0
115.995,12,115992929565,2469000,1
115.995,5,115992929565,2469000,1
115.998,20,115995414565,2469000,1
115.998,15,115995414565,2469000,1
115.998,5,115995414565,2469000,1
116,6,115997890565,2469000,1
116,11,115997890565,2469000,1
116,20,115997890565,2469000,1
116.003,7,116000357565,2496006,0
116.005,7,116002880571,2496006,0
116.008,16,116005403577,2496006,0
116.01,23,116007935583,2469000,1
116.01,5,116007935583,2469000,1
116.013,7,116010411583,2496006,0
116.015,10,116012943589,2469000,1
116.015,11,116012943589,2469000,1
116.018,6,116015419589,2496006,0
116.02,7,116017942595,2496006,0
116.023,16,116020465601,2496006,0
116.026,23,116023015607,2496006,0
116.028,7,116025547613,2496006,0
116.031,6,116028070619,2496006,0
116.033,15,116030593625,2469000,1
116.033,11,116030593625,2469000,1
116.036,9,116033060625,2496006,0
116.038,16,116035583631,2496006,0
116.041,6,116038133637,2469000,1
116.041,3,116038133637,2469000,1
116.041,12,116038133637,2469000,1
116.043,19,116040600637,2496006,0
116.046,23,116043123643,2469000,1
116.046,12,116043123643,2469000,1
116.048,19,116045590643,2496006,0
116.051,14,116048113649,2496006,0
116.053,20,116050645655,2496006,0
116.056,7,116053168661,2496006,0
116.058,15,116055691667,2469000,1
116.058,14,116055691667,2469000,1
116.061,16,116058158667,2496006,0
116.063,23,116060681673,2496006,0
116.066,9,116063204679,2496006,0
116.069,7,116066058685,2469000,1
116.069,20,116066058685,2469000,1
116.069,19,116066058685,2469000,1
116.071,16,116068534685,2469000,1
116.071,6,116068534685,2469000,1
116.073,14,116071001685,2469000,1
116.073,19,116071001685,2469000,1
116.076,9,116073486685,2496006,0
116.079,9,116076036691,2496006,0
116.081,23,116078559697,2496006,0
116.084,16,116081082703,2469000,1
116.084,9,116081082703,2469000,1
116.084,23,116081082703,2469000,1
116.086,5,116083585703,2469000,1
116.086,11,116083585703,2469000,1
116.091,20,116088584709,2496006,0
116.094,11,116091107715,2496006,0
116.096,7,116093943721,2469000,1
116.096,20,116093943721,2469000,1
116.099,4,116096446721,2496006,0
116.101,23,116098969727,2496006,0
116.104,6,116101501733,2496006,0
116.107,11,116104033739,2469000,1
116.107,20,116104033739,2469000,1
116.109,18,116106509739,2496006,0
116.112,6,116109032745,2469000,1
116.112,23,116109032745,2469000,1
116.114,9,116111499745,2496006,0
116.117,4,116114022751,2496006,0
116.119,18,116116545757,2496006,0
116.122,4,116119086763,2496006,0
116.124,16,116121627769,2469000,1
116.124,4,116121627769,2469000,1
116.127,19,116124094769,2496006,0
116.129,19,116126617775,2496006,0
116.132,11,116129167781,2496006,0
116.134,7,116131690787,2469000,1
116.134,23,116131690787,2469000,1
116.134,9,116131690787,2469000,1
116.137,19,116134157787,2469000,1
116.137,18,116134157787,2469000,1
116.139,21,116136624787,2469000,1
116.139,19,116136626787,2469000,1
116.142,16,116139093787,2496006,0
116.144,11,116141625793,2496006,0
116.147,14,116144166799,2469000,1
116.149,11,116146642799,2496006,0
116.152,16,116149174805,2469000,1
116.152,6,116149174805,2469000,1
116.152,18,116149174805,2469000,1
116.154,18,116151650805,2496006,0
116.157,4,116154173811,2496006,0
116.159,18,116156696817,2496006,0
116.162,23,116159237823,2469000,1
116.162,11,116159237823,2469000,1
116.162,6,116159237823,2469000,1
116.164,3,116161704823,2469000,1
116.164,9,116161704823,2469000,1
116.167,4,116164198823,2496006,0
116.17,2,116167061829,2496006,0
116.172,18,116169593835,2496006,0
116.175,20,116172125841,2469000,1
116.175,11,116172125841,2469000,1
116.177,10,116174601841,2496006,0
116.18,4,116177142847,2496006,0
116.182,2,116179665853,2469000,1
116.182,16,116179665853,2469000,1
116.185,4,116182132853,2496006,0
116.187,10,116184664859,2496006,0
116.19,20,116187187865,2496006,0
116.192,18,116189710871,2496006,0
116.195,20,116192242877,2496006,0
116.197,4,116194774883,2496006,0
116.2,10,116197610889,2496006,0
116.203,9,116200133895,2496006,0
116.205,19,116202656901,2469000,1
116.208,19,116205125901,2496006,0
116.21,12,116207657907,2469000,1
116.21,9,116207657907,2469000,1
116.213,19,116210124907,2469000,1
116.213,9,116210126907,2469000,1
116.215,18,116212602907,2496006,0
116.218,4,116215152913,2496006,0
116.22,20,116217675919,2496006,0
116.223,2,116220198925,2469000,1
116.223,9,116220198925,2469000,1
116.225,15,116222665925,2496006,0
116.228,10,116225188931,2496006,0
116.23,20,116227711937,2496006,0
116.233,18,116230234943,2469000,1
116.233,15,116230234943,2469000,1
116.235,10,116232701943,2496006,0
116.238,4,116235224949,2496006,0
116.24,14,116237747955,2469000,1
116.24,4,116237747955,2469000,1
116.243,11,116240232955,2496006,0
116.245,20,116242755961,2496006,0
116.248,20,116245287967,2496006,0
116.25,10,116247810973,2496006,0
116.253,10,116250342979,2496006,0
116.255,4,116252865985,2496006,0
116.258,19,116255388991,2496006,0
116.26,10,116257911997,2496006,0
116.263,11,116260444003,2469000,1
116.263,16,116260444003,2469000,1
116.265,4,116262911003,2469000,1
116.265,20,116262911003,2469000,1
116.268,6,116265387003,2496006,0
116.27,18,116267910009,2496006,0
116.273,19,116270782015,2469000,1
116.273,4,116270782015,2469000,1
116.276,15,116273249015,2496006,0
116.278,4,116275772021,2496006,0
116.281,18,116278295027,2496006,0
116.283,10,116280827033,2469000,1
116.283,11,116280827033,2469000,1
116.283,15,116280827033,2469000,1
116.288,8,116285826039,2469000,1
116.288,6,116285826039,2469000,1
116.291,4,116288293039,2496006,0
116.293,9,116290825045,2496006,0
116.296,18,116293348051,2496006,0
116.298,18,116295889057,2496006,0
116.301,20,116298725063,2496006,0
116.304,10,116301284069,2469000,1
116.304,11,116301284069,2469000,1
116.306,2,116303751069,2469000,1
116.306,15,116303751069,2469000,1
116.309,4,116306218069,2496006,0
116.311,9,116308768075,2496006,0
116.314,7,116311291081,2496006,0
116.316,19,116313814087,2496006,0
116.319,6,116316337093,2469000,1
116.319,18,116316337093,2469000,1
116.319,20,116316337093,2469000,1
116.321,23,116318822093,2496006,0
116.324,20,116321354099,2496006,0
116.326,5,116323877105,2496006,0
116.329,19,116326409111,2496006,0
116.331,4,116328932117,2496006,0
116.334,4,116331455123,2496006,0
116.336,5,116333987129,2469000,1
116.336,9,116333987129,2469000,1
116.339,19,116336463129,2469000,1
116.339,20,116336463129,2469000,1
116.339,23,116336463129,2469000,1
116.339,16,116336463129,2469000,1
116.339,7,116336463129,2469000,1
116.341,21,116338930129,2469000,1
116.341,5,116338930129,2469000,1
116.344,4,116341397129,2469000,1
116.344,19,116341397129,2469000,1
116.346,20,116343873129,2496006,0
116.349,18,116346432135,2496006,0
116.351,15,116348955141,2496006,0
116.354,6,116351478147,2469000,1
116.356,18,116353963147,2469000,1
116.356,20,116353963147,2469000,1
116.359,15,116356439147,2469000,1
116.359,23,116356439147,2469000,1
116.361,13,116358906147,2496006,0
116.364,10,116361438153,2496006,0
116.366,10,116364006159,2469000,1
116.366,4,116364006159,2469000,1
116.369,7,116366473159,2469000,1
116.369,15,116366473159,2469000,1
116.371,13,116368949159,2496006,0
116.374,9,116371785165,2496006,0
116.377,10,116374344171,2496006,0
116.379,11,116376885177,2496006,0
116.382,13,116379417183,2496006,0
116.384,20,116381958189,2469000,1
116.384,23,116381958189,2469000,1
116.387,10,116384425189,2469000,1
116.387,9,116384425189,2469000,1
116.387,3,116384425189,2469000,1
116.389,11,116386892189,2469000,1
116.389,18,116386892189,2469000,1
116.392,13,116389359189,2469000,1
116.392,23,116389359189,2469000,1
116.394,7,116391835189,2469000,1
116.394,23,116391835189,2469000,1
116.397,5,116394311189,2496006,0
116.399,19,116396861195,2496006,0
116.402,5,116399393201,2469000,1
116.402,11,116399393201,2469000,1
116.405,6,116402173207,2496006,0
116.407,9,116404696213,2496006,0
116.41,20,116407219219,2469000,1
116.41,9,116407219219,2469000,1
116.415,13,116412209225,2496006,0
116.417,6,116414732231,2469000,1
116.417,5,116414732231,2469000,1
116.42,2,116417208231,2469000,1
116.42,19,116417208231,2469000,1
116.422,18,116419693231,2496006,0
116.425,19,116422216237,2496006,0
116.427,13,116424757243,2496006,0
116.43,18,116427289249,2496006,0
116.432,10,116429812255,2496006,0
116.435,19,116432344261,2496006,0
116.437,19,116434867267,2496006,0
116.44,18,116437444273,2496006,0
116.442,19,116439976279,2469000,1
116.442,15,116439976279,2469000,1
116.442,9,116439976279,2469000,1
116.445,4,116442443279,2469000,1
116.445,13,116442443279,2469000,1
116.447,10,116444910279,2496006,0
116.45,18,116447451285,2496006,0
116.452,6,116449983291,2496006,0
116.455,10,116452515297,2469000,1
116.455,22,116452515297,2469000,1
116.455,12,116452515297,2469000,1
116.455,5,116452515297,2469000,1
116.458,18,116455018297,2496006,0
116.46,19,116457550303,2469000,1
116.463,11,116460026303,2496006,0
116.465,6,116462549309,2496006,0
116.468,13,116465072315,2496006,0
116.47,18,116467613321,2496006,0
116.473,18,116470181327,2469000,1
116.473,10,116470181327,2469000,1
116.475,13,116472648327,2496006,0
116.478,6,116475493333,2496006,0
116.481,11,116478025339,2496006,0
116.483,6,116480557345,2496006,0
116.486,10,116483089351,2496006,0
116.488,4,116485621357,2496006,0
116.491,13,116488144363,2496006,0
116.493,9,116490676369,2469000,1
116.493,13,116490676369,2469000,1
116.496,10,116493143369,2469000,1
116.496,19,116493143369,2469000,1
116.496,4,116493143369,2469000,1
116.498,6,116495610369,2496006,0
116.501,11,116498160375,2496006,0
116.506,11,116503546387,2496006,0
116.509,6,116506069393,2496006,0
116.511,1,116508619399,2469000,1
116.511,20,116508619399,2469000,1
116.511,18,116508619399,2469000,1
116.514,11,116511086399,2469000,1
116.514,7,116511086399,2469000,1
116.516,10,116513562399,2496006,0
116.519,6,116516094405,2496006,0
116.521,11,116518617411,2496006,0
116.524,4,116521140417,2469000,1
116.524,10,116521140417,2469000,1
116.526,13,116523643417,2496006,0
116.529,4,116526175423,2496006,0
116.531,6,116528698429,2496006,0
116.534,14,116531221435,2496006,0
116.536,4,116533762441,2496006,0
116.539,11,116536285447,2496006,0
116.541,9,116538808453,2469000,1
116.541,10,116538808453,2469000,1
116.544,4,116541275453,2496006,0
116.546,5,116543807459,2496006,0
116.549,13,116546330465,2496006,0
116.554,14,116551376477,2496006,0
116.556,6,116553917483,2496006,0
116.559,6,116556440489,2496006,0
116.561,6,116558963495,2496006,0
116.564,13,116561486501,2496006,0
116.566,5,116564009507,2469000,1
116.566,11,116564009507,2469000,1
116.569,10,116566476507,2496006,0
116.571,4,116568999513,2496006,0
116.574,6,116571531519,2496006,0
116.577,14,116574072525,2469000,1
116.577,6,116574072525,2469000,1
116.579,4,116576852531,2496006,0
116.582,15,116579375537,2496006,0
116.584,10,116581898543,2496006,0
116.587,13,116584421549,2496006,0
116.589,13,116586989555,2496006,0
116.592,4,116589512561,2496006,0
116.595,10,116592053567,2469000,1
116.595,1,116592053567,2469000,1
116.595,4,116592053567,2469000,1
116.597,15,116594520567,2496006,0
116.6,6,116597052573,2496006,0
116.602,11,116599575579,2496006,0
116.605,21,116602098585,2496006,0
116.607,18,116604630591,2469000,1
116.607,5,116604630591,2469000,1
116.607,14,116604630591,2469000,1
116.61,11,116607410597,2496006,0
116.612,15,116609951603,2496006,0
116.615,9,116612474609,2469000,1
116.615,13,116612474609,2469000,1
116.617,21,116614941609,2496006,0
116.62,6,116617473615,2496006,0
116.623,13,116620023621,2496006,0
116.625,10,116622555627,2496006,0
116.628,13,116625087633,2496006,0
116.63,11,116627610639,2496006,0
116.633,19,116630133645,2469000,1
116.633,15,116630133645,2469000,1
116.635,21,116632600645,2496006,0
116.638,4,116635123651,2496006,0
116.64,19,116637655657,2496006,0
116.643,6,116640187663,2496006,0
116.645,21,116642719669,2469000,1
116.645,10,116642719669,2469000,1
116.645,6,116642719669,2469000,1
116.648,4,116645195669,2469000,1
116.648,16,116645195669,2469000,1
116.65,13,116647662669,2469000,1
116.65,11,116647662669,2469000,1
116.653,14,116650138669,2496006,0
116.655,15,116652670675,2496006,0
116.658,19,116655193681,2469000,1
116.658,21,116655193681,2469000,1
116.66,15,116657678681,2496006,0
116.663,2,116660201687,2496006,0
116.665,10,116662724693,2469000,1
116.665,15,116662724693,2469000,1
116.67,14,116667732699,2496006,0
116.673,7,116670255705,2469000,1
116.673,5,116670255705,2469000,1
116.675,2,116672722705,2469000,1
116.675,13,116672722705,2469000,1
116.678,10,116675207705,2496006,0
116.68,20,116677739711,2496006,0
116.683,6,116680584717,2469000,1
116.683,4,116680584717,2469000,1
116.686,14,116683051717,2496006,0
116.688,21,116685601723,2496006,0
116.691,10,116688124729,2496006,0
116.693,11,116690647735,2496006,0
116.696,14,116693188741,2469000,1
116.696,19,116693188741,2469000,1
116.698,11,116695655741,2496006,0
116.701,15,116698196747,2469000,1
116.701,20,116698196747,2469000,1
116.703,10,116700663747,2469000,1
116.703,11,116700663747,2469000,1
116.706,20,116703148747,2496006,0
116.708,21,116705689753,2496006,0
116.711,11,116708525759,2496006,0
116.714,2,116711048765,2469000,1
116.714,13,116711048765,2469000,1
116.716,11,116713515765,2496006,0
116.719,19,116716047771,2496006,0
116.721,13,116718588777,2496006,0
116.724,10,116721111783,2496006,0
116.726,11,116723634789,2469000,1
116.726,21,116723634789,2469000,1
116.729,20,116726101789,2496006,0
116.731,14,116728624795,2496006,0
116.734,19,116731156801,2496006,0
116.736,13,116733679807,2496006,0
116.739,14,116736211813,2469000,1
116.739,13,116736211813,2469000,1
116.741,6,116738678813,2469000,1
116.741,15,116738678813,2469000,1
116.744,20,116741145813,2496006,0
116.746,4,116743695819,2496006,0
116.749,11,116746218825,2496006,0
116.751,10,116748741831,2469000,1
116.751,4,116748741831,2469000,1
116.754,14,116751208831,2469000,1
116.754,4,116751210831,2469000,1
116.756,19,116753677831,2496006,0
116.759,20,116756218837,2496006,0
116.761,21,116758750843,2496006,0
116.764,19,116761291849,2496006,0
116.766,20,116763814855,2496006,0
116.769,21,116766337861,2469000,1
116.769,13,116766337861,2469000,1
116.769,11,116766337861,2469000,1
116.771,19,116768885861,2496006,0
116.774,2,116771408867,2469000,1
116.774,20,116771408867,2469000,1
116.776,18,116773875867,2469000,1
116.776,10,116773875867,2469000,1
116.781,2,116778892873,2496006,0
116.784,6,116781737879,2469000,1
116.784,19,116781737879,2469000,1
116.787,4,116784222879,2469000,1
116.787,21,116784222879,2469000,1
116.789,20,116786689879,2496006,0
116.792,15,116789230885,2496006,0
116.794,14,116791789891,2469000,1
116.794,11,116791789891,2469000,1
116.794,2,116791789891,2469000,1
116.797,20,116794256891,2496006,0
116.799,15,116796779897,2496006,0
116.802,18,116799329903,2496006,0
116.804,19,116801870909,2496006,0
116.807,6,116804402915,2469000,1
116.807,21,116804402915,2469000,1
116.809,18,116806887915,2469000,1
116.809,20,116806887915,2469000,1
116.812,15,116809372915,2496006,0
116.815,5,116812208921,2469000,1
116.815,13,116812208921,2469000,1
116.815,2,116812208921,2469000,1
116.817,18,116814684921,2496006,0
116.82,20,116817225927,2469000,1
116.822,19,116819701927,2496006,0
116.825,15,116822269933,2496006,0
116.827,5,116824801939,2469000,1
116.827,18,116824801939,2469000,1
116.83,15,116827268939,2496006,0
116.832,19,116829809945,2496006,0
116.835,10,116832350951,2469000,1
116.835,19,116832350951,2469000,1
116.837,6,116834817951,2496006,0
116.84,20,116837340957,2496006,0
116.842,13,116839872963,2496006,0
116.845,13,116842422969,2496006,0
116.847,15,116844954975,2496006,0
116.85,6,116847477981,2496006,0
116.852,20,116850000987,2469000,1
116.852,18,116850000987,2469000,1
116.852,19,116850000987,2469000,1
116.858,6,116855008993,2496006,0
116.86,8,116857531999,2496006,0
116.863,15,116860055005,2496006,0
116.865,13,116862578011,2469000,1
116.865,2,116862578011,2469000,1
116.865,6,116862578011,2469000,1
116.868,11,116865054011,2469000,1
116.868,15,116865054011,2469000,1
116.868,6,116865054011,2469000,1
116.87,20,116867521011,2496006,0
116.873,8,116870062017,2496006,0
116.875,23,116872585023,2496006,0
116.878,13,116875162029,2496006,0
116.88,18,116877685035,2496006,0
116.883,20,116880208041,2496006,0
116.885,23,116882740047,2469000,1
116.885,8,116882740047,2469000,1
116.885,15,116882740047,2469000,1
116.888,4,116885529053,2469000,1
116.888,23,116885529053,2469000,1
116.89,20,116887996053,2496006,0
116.896,15,116893069065,2496006,0
116.898,13,116895592071,2496006,0
116.901,20,116898115077,2496006,0
116.903,18,116900656083,2469000,1
116.903,8,116900656083,2469000,1
116.903,13,116900656083,2469000,1
116.906,11,116903132083,2496006,0
116.908,15,116905655089,2496006,0
116.911,21,116908187095,2496006,0
116.913,11,116910719101,2469000,1
116.913,19,116910719101,2469000,1
116.916,18,116913499107,2496006,0
116.919,6,116916022113,2496006,0
116.921,8,116918545119,2496006,0
116.924,20,116921086125,2496006,0
116.926,13,116923609131,2469000,1
116.926,21,116923609131,2469000,1
116.929,21,116926094131,2496006,0
116.931,15,116928617137,2496006,0
116.934,15,116931149143,2496006,0
116.936,8,116933672149,2469000,1
116.936,18,116933672149,2469000,1
116.936,21,116933672149,2469000,1
116.939,20,116936139149,2469000,1
116.941,14,116938606149,2469000,1
116.941,21,116938606149,2469000,1
116.944,6,116941082149,2496006,0
116.946,18,116943614155,2496006,0
116.949,15,116946137161,2496006,0
116.951,11,116948660167,2496006,0
116.954,13,116951192173,2496006,0
116.956,6,116953724179,2496006,0
116.959,19,116956247185,2496006,0
116.961,13,116958770191,2496006,0
116.964,18,116961293197,2496006,0
116.966,23,116963834203,2496006,0
116.969,16,116966357209,2469000,1
116.969,8,116966357209,2469000,1
116.971,11,116968824209,2496006,0
116.974,15,116971347215,2469000,1
116.974,23,116971347215,2469000,1
116.976,19,116973832215,2496006,0
116.979,13,116976364221,2469000,1
116.979,6,116976364221,2469000,1
116.981,18,116978858221,2496006,0
116.984,2,116981381227,2496006,0
116.986,20,116983913233,2469000,1
116.986,23,116983913233,2469000,1
116.989,11,116986693239,2496006,0
116.992,11,116989216245,2469000,1
116.994,19,116991701245,2496006,0
116.997,8,116994233251,2469000,1
116.997,15,116994233251,2469000,1
116.997,11,116994233251,2469000,1
116.999,2,116996700251,2496006,0
117.002,10,116999250257,2469000,1
117.002,18,116999250257,2469000,1
117.004,19,117001771257,2496006,0
117.007,6,117004303263,2469000,1
117.007,2,117004303263,2469000,1
117.009,13,117006770263,2496006,0
117.012,13,117009293269,2496006,0
117.014,21,117011861275,2469000,1
117.014,18,117011861275,2469000,1
117.014,19,117011861275,2469000,1
117.017,13,117014346275,2496006,0
117.02,2,117017182281,2496006,0
117.022,11,117019714287,2469000,1
117.022,6,117019714287,2469000,1
117.025,2,117022217287,2496006,0
117.027,15,117024740293,2469000,1
117.03,13,117027216293,2496006,0
117.035,20,117032280305,2496006,0
117.037,14,117034803311,2469000,1
117.037,2,117034803311,2469000,1
117.04,13,117037288311,2496006,0
117.042,20,117039811317,2469000,1
117.042,23,117039811317,2469000,1
117.045,19,117042341317,2496006,0
117.047,20,117044864323,2496006,0
117.05,4,117047396329,2469000,1
117.05,13,117047396329,2469000,1
117.052,9,117049881329,2496006,0
117.055,9,117052404335,2496006,0
117.057,14,117054927341,2469000,1
117.057,9,117054927341,2469000,1
117.06,19,117057394341,2496006,0
117.062,20,117059926347,2496006,0
117.067,12,117064972359,2496006,0
117.07,20,117067504365,2496006,0
117.073,20,117070027371,2496006,0
117.075,19,117072550377,2469000,1
117.075,8,117072550377,2469000,1
117.075,2,117072550377,2469000,1
117.078,13,117075026377,2496006,0
117.08,12,117077558383,2469000,1
117.08,6,117077558383,2469000,1
117.083,6,117080034383,2496006,0
117.085,20,117082566389,2469000,1
117.085,12,117082566389,2469000,1
117.088,13,117085033389,2469000,1
117.088,18,117085033389,2469000,1
117.09,6,117087554389,2469000,1
117.09,12,117087554389,2469000,1
117.095,9,117092902401,2496006,0
117.098,19,117095425407,2496006,0
117.1,19,117097966413,2496006,0
117.103,9,117100507419,2496006,0
117.106,19,117103030425,2496006,0
117.108,6,117105562431,2496006,0
117.111,10,117108085437,2469000,1
117.111,9,117108085437,2469000,1
117.113,2,117110579437,2496006,0
117.116,13,117113102443,2496006,0
117.118,6,117115625449,2469000,1
117.118,20,117115625449,2469000,1
117.121,2,117118423455,2469000,1
117.121,11,117118423455,2469000,1
117.123,5,117120899455,2496006,0
117.126,19,117123422461,2469000,1
117.128,7,117125898461,2496006,0
117.131,9,117128421467,2469000,1
117.131,13,117128421467,2469000,1
117.133,5,117130888467,2496006,0
117.136,11,117133411473,2496006,0
117.138,9,117135943479,2496006,0
117.141,7,117138466485,2469000,1
117.141,8,117138466485,2469000,1
117.141,5,117138466485,2469000,1
117.143,15,117140933485,2469000,1
117.143,10,117140933485,2469000,1
117.143,6,117140933485,2469000,1
117.146,7,117143400485,2496006,0
117.148,7,117145923491,2496006,0
117.151,9,117148446497,2496006,0
117.153,11,117150978503,2496006,0
117.156,21,117153501509,2496006,0
117.159,11,117156033515,2496006,0
117.161,11,117158556521,2496006,0
117.164,6,117161088527,2496006,0
117.166,7,117163611533,2469000,1
117.166,2,117163611533,2469000,1
117.166,11,117163611533,2469000,1
117.169,5,117166105533,2496006,0
117.171,19,117168628539,2496006,0
117.174,9,117171151545,2469000,1
117.176,21,117173618545,2496006,0
117.179,6,117176141551,2496006,0
117.181,13,117178664557,2496006,0
117.184,5,117181187563,2496006,0
117.186,21,117183719569,2496006,0
117.189,5,117186269575,2469000,1
117.189,12,117186269575,2469000,1
117.191,13,117188736575,2496006,0
117.194,7,117191581581,2469000,1
117.194,19,117191581581,2469000,1
117.197,11,117194057581,2496006,0
117.199,13,117196580587,2496006,0
117.202,6,117199103593,2496006,0
117.204,11,117201635599,2469000,1
117.204,6,117201635599,2469000,1
117.207,21,117204102599,2496006,0
117.209,23,117206634605,2469000,1
117.209,20,117206634605,2469000,1
117.212,9,117209101605,2496006,0
117.214,13,117211633611,2496006,0
117.217,18,117214156617,2496006,0
117.219,18,117216715623,2469000,1
117.219,9,117216715623,2469000,1
117.222,5,117219182623,2469000,1
117.222,21,117219182623,2469000,1
117.224,13,117221971629,2496006,0
117.227,19,117224503635,2469000,1
117.229,2,117226970635,2496006,0
117.235,11,117232043647,2496006,0
117.237,15,117234575653,2496006,0
117.24,13,117237098659,2469000,1
117.24,11,117237098659,2469000,1
117.242,21,117239565659,2496006,0
117.245,6,117242088665,2496006,0
117.247,6,117244620671,2496006,0
117.25,2,117247143677,2469000,1
117.25,9,117247143677,2469000,1
117.252,21,117249610677,2469000,1
117.252,18,117249610677,2469000,1
117.255,15,117252086677,2496006,0
117.257,3,117254609683,2496006,0
117.26,11,117257132689,2496006,0
117.262,3,117259664695,2496006,0
117.265,18,117262196701,2496006,0
117.267,11,117264719707,2496006,0
117.27,13,117267242713,2496006,0
117.272,7,117269765719,2469000,1
117.272,11,117269765719,2469000,1
117.272,13,117269765719,2469000,1
117.275,13,117272234719,2496006,0
117.277,6,117274757725,2469000,1
117.277,13,117274757725,2469000,1
117.28,15,117277233725,2496006,0
117.282,3,117279774731,2469000,1
117.282,11,117279774731,2469000,1
117.285,15,117282241731,2496006,0
117.287,18,117284764737,2496006,0
117.29,15,117287296743,2496006,0
117.292,2,117289846749,2469000,1
117.292,21,117289846749,2469000,1
117.295,13,117292331749,2469000,1
117.298,18,117295111755,2496006,0
117.3,15,117297652761,2496006,0
117.303,18,117300175767,2496006,0
117.305,9,117302698773,2469000,1
117.305,6,117302698773,2469000,1
117.308,18,117305192773,2469000,1
117.308,15,117305192773,2469000,1
117.31,5,117307659773,2496006,0
117.313,3,117310200779,2496006,0
117.315,14,117312723785,2469000,1
117.315,19,117312723785,2469000,1
117.318,5,117315199785,2496006,0
117.32,15,117317767791,2496006,0
117.323,13,117320299797,2496006,0
117.326,3,117323135803,2496006,0
117.328,2,117325667809,2496006,0
117.331,3,117328190815,2496006,0
117.333,11,117330722821,2496006,0
117.336,15,117333245827,2469000,1
117.336,5,117333245827,2469000,1
117.336,3,117333245827,2469000,1
117.338,13,117335712827,2496006,0
117.341,18,117338235833,2496006,0
117.343,17,117340758839,2496006,0
117.346,2,117343281845,2469000,1
117.346,6,117343281845,2469000,1
117.348,13,117345748845,2496006,0
117.351,11,117348289851,2469000,1
117.351,5,117348289851,2469000,1
117.353,2,117350765851,2496006,0
117.356,18,117353306857,2469000,1
117.356,21,117353306857,2469000,1
117.358,7,117355773857,2496006,0
117.361,13,117358305863,2496006,0
117.363,20,117360837869,2469000,1
117.363,3,117360837869,2469000,1
117.366,17,117363304869,2496006,0
117.368,9,117365836875,2496006,0
117.371,7,117368359881,2496006,0
117.373,15,117370882887,2496006,0
117.376,11,117373405893,2496006,0
117.378,2,117375937899,2496006,0
117.381,17,117378469905,2496006,0
117.383,9,117380992911,2496006,0
117.386,18,117383515917,2496006,0
117.389,13,117386038923,2469000,1
117.389,9,117386038923,2469000,1
117.391,2,117388532923,2469000,1
117.391,11,117388532923,2469000,1
117.391,7,117388532923,2469000,1
117.393,11,117391001923,2496006,0
117.396,17,117393533929,2469000,1
117.396,15,117393533929,2469000,1
117.399,15,117396358935,2496006,0
117.401,18,117398890941,2469000,1
117.401,15,117398890941,2469000,1
117.404,13,117401393941,2469000,1
117.404,9,117401393941,2469000,1
117.404,11,117401393941,2469000,1
117.406,2,117403869941,2496006,0
117.411,17,117408951953,2496006,0
117.414,3,117411483959,2496006,0
117.416,19,117414024965,2469000,1
117.416,7,117414024965,2469000,1
117.419,5,117416491965,2496006,0
117.422,2,117419032971,2496006,0
117.424,3,117421555977,2469000,1
117.424,11,117421555977,2469000,1
117.427,17,117424365003,2496006,0
117.429,15,117426888009,2469000,1
117.429,17,117426888009,2469000,1
117.432,18,117429364009,2496006,0
117.434,8,117431887015,2496006,0
117.437,8,117434410021,2496006,0
117.439,5,117436933027,2469000,1
117.439,9,117436933027,2469000,1
117.439,7,117436933027,2469000,1
117.439,17,117436933027,2469000,1
117.442,2,117439400027,2496006,0
117.444,21,117441932033,2496006,0
117.447,2,117444473039,2469000,1
117.447,10,117444473039,2469000,1
117.449,21,117446958039,2469000,1
117.449,3,117446958039,2469000,1
117.449,8,117446958039,2469000,1
117.452,18,117449434039,2496006,0
117.454,23,117451966045,2469000,1
117.454,13,117451966045,2469000,1
117.457,5,117454451045,2496006,0
117.459,12,117456974051,2469000,1
117.462,18,117459459051,2496006,0
117.464,17,117461991057,2496006,0
117.467,22,117464514063,2496006,0
117.47,11,117467046069,2469000,1
117.47,21,117467046069,2469000,1
117.472,17,117469513069,2496006,0
117.475,2,117472036075,2469000,1
117.475,17,117472036075,2469000,1
117.477,5,117474512075,2496006,0
117.48,5,117477044081,2496006,0
117.482,8,117479576087,2469000,1
117.482,5,117479576087,2469000,1
117.485,5,117482045087,2496006,0
117.487,18,117484568093,2469000,1
117.487,22,117484568093,2469000,1
117.49,8,117487053093,2496006,0
117.492,8,117489621099,2496006,0
117.495,5,117492162105,2496006,0
117.497,21,117494685111,2496006,0
117.5,6,117497217117,2469000,1
117.5,15,117497217117,2469000,1
117.502,8,117500006123,2469000,1
117.502,17,117500006123,2469000,1
117.505,3,117502482123,2496006,0
117.508,18,117505005129,2496006,0
117.513,21,117510060141,2496006,0
117.515,5,117512592147,2496006,0
117.518,22,117515115153,2496006,0
117.52,5,117517665159,2469000,1
117.52,3,117517665159,2469000,1
117.52,8,117517665159,2469000,1
117.523,21,117520141159,2469000,1
117.523,18,117520141159,2469000,1
117.525,8,117522617159,2496006,0
117.528,7,117525167165,2496006,0
117.53,22,117528003171,2496006,0
117.533,8,117530571177,2496006,0
117.536,7,117533094183,2496006,0
117.538,22,117535617189,2496006,0
117.541,23,117538149195,2469000,1
117.541,2,117538149195,2469000,1
117.543,5,117540616195,2496006,0
117.546,3,117543157201,2496006,0
117.548,8,117545680207,2496006,0
117.551,22,117548203213,2496006,0
117.553,7,117550726219,2469000,1
117.553,3,117550726219,2469000,1
117.556,18,117553193219,2496006,0
117.561,13,117558257231,2496006,0
117.563,5,117560780237,2469000,1
117.563,21,117560780237,2469000,1
117.566,18,117563247237,2469000,1
117.566,13,117563247237,2469000,1
117.568,8,117565741237,2469000,1
117.568,22,117565741237,2469000,1
117.571,5,117568208237,2496006,0
117.573,17,117570731243,2496006,0
117.576,9,117573263249,2496006,0
117.578,9,117575786255,2496006,0
117.581,17,117578309261,2496006,0
117.583,5,117580859267,2469000,1
117.583,7,117580859267,2469000,1
117.583,13,117580859267,2469000,1
117.586,21,117583326267,2496006,0
117.588,22,117585867273,2496006,0
117.591,9,117588399279,2496006,0
117.593,18,117590931285,2496006,0
117.596,3,117593454291,2496006,0
117.598,8,117595977297,2496006,0
117.601,17,117598500303,2469000,1
117.601,5,117598500303,2469000,1
117.604,9,117601289309,2469000,1
117.604,22,117601289309,2469000,1
117.606,19,117603765309,2496006,0
117.609,3,117606288315,2469000,1
117.609,17,117606288315,2469000,1
117.611,8,117608755315,2469000,1
117.611,21,117608755315,2469000,1
117.614,18,117611240315,2496006,0
117.616,9,117613790321,2496006,0
117.619,19,117616331327,2496006,0
117.621,11,117618863333,2496006,0
117.624,18,117621386339,2469000,1
117.624,19,117621386339,2469000,1
117.626,19,117623855339,2496006,0
117.629,6,117626387345,2496006,0
117.632,5,117629223351,2496006,0
117.634,11,117631755357,2469000,1
117.634,9,117631755357,2469000,1
117.634,15,117631755357,2469000,1
117.637,22,117634222357,2496006,0
117.639,22,117636754363,2496006,0
117.642,11,117639277369,2496006,0
117.644,8,117641800375,2469000,1
117.644,22,117641800375,2469000,1
117.647,3,117644276375,2496006,0
117.649,19,117646799381,2469000,1
117.649,6,117646799381,2469000,1
117.649,8,117646799381,2469000,1
117.652,16,117649275381,2469000,1
117.652,5,117649275381,2469000,1
117.652,19,117649275381,2469000,1
117.654,3,117651742381,2469000,1
117.654,5,117651744381,2469000,1
117.657,21,117654220381,2496006,0
117.659,13,117656743387,2496006,0
117.662,9,117659284393,2496006,0
117.664,7,117661807399,2469000,1
117.664,11,117661807399,2469000,1
117.664,9,117661807399,2469000,1
117.669,13,117666806405,2496006,0
117.672,21,117669338411,2496006,0
117.674,18,117671861417,2496006,0
117.677,21,117674384423,2496006,0
117.679,22,117676925429,2469000,1
117.679,9,117676925429,2469000,1
117.682,20,117679392429,2469000,1
117.682,11,117679392429,2469000,1
117.684,6,117681859429,2496006,0
117.687,21,117684391435,2469000,1
117.687,18,117684391435,2469000,1
117.687,13,117684391435,2469000,1
117.689,6,117686867435,2496006,0
117.692,6,117689453441,2469000,1
117.692,18,117689453441,2469000,1
117.694,15,117691920441,2469000,1
117.694,3,117691920441,2469000,1
117.694,20,117691920441,2469000,1
117.697,2,117694387441,2469000,1
117.697,17,117694387441,2469000,1
117.699,18,117696881441,2496006,0
117.702,13,117699413447,2496006,0
117.704,3,117701954453,2496006,0
117.707,13,117704790459,2496006,0
117.71,18,117707331465,2469000,1
117.71,21,117707331465,2469000,1
117.712,3,117709807465,2469000,1
117.712,9,117709807465,2469000,1
117.717,13,117714797471,2496006,0
117.72,4,117717374477,2469000,1
117.72,19,117717374477,2469000,1
117.722,22,117719841477,2496006,0
117.725,6,117722391483,2496006,0
117.727,13,117724914489,2469000,1
117.727,5,117724914489,2469000,1
117.727,3,117724914489,2469000,1
117.73,6,117727408489,2496006,0
117.732,2,117729967495,2469000,1
117.732,18,117729967495,2469000,1
117.732,5,117729967495,2469000,1
117.735,22,117732747501,2469000,1
117.735,11,117732747501,2469000,1
117.738,22,117735232501,2496006,0
117.74,6,117737764507,2496006,0
117.743,22,117740305513,2496006,0
117.745,3,117742828519,2496006,0
117.748,22,117745360525,2496006,0
117.75,6,117747883531,2469000,1
117.753,13,117750404531,2496006,0
117.755,6,117752936537,2469000,1
117.755,13,117752936537,2469000,1
117.758,22,117755412537,2496006,0
117.76,3,117757935543,2496006,0
117.763,19,117760458549,2496006,0
117.765,8,117762981555,2496006,0
117.768,21,117765522561,2496006,0
117.771,9,117768045567,2496006,0
117.773,8,117770577573,2496006,0
117.776,3,117773109579,2496006,0
117.778,22,117775641585,2496006,0
117.781,9,117778173591,2469000,1
117.781,7,117778173591,2469000,1
117.781,13,117778173591,2469000,1
117.781,19,117778173591,2469000,1
117.783,8,117780640591,2469000,1
117.783,21,117780640591,2469000,1
117.783,17,117780640591,2469000,1
117.788,18,117785648597,2496006,0
117.791,3,117788171603,2496006,0
117.793,18,117790712609,2496006,0
117.796,22,117793235615,2469000,1
117.796,9,117793235615,2469000,1
117.796,19,117793235615,2469000,1
117.798,21,117795729615,2496006,0
117.801,19,117798261621,2496006,0
117.803,6,117800784627,2469000,1
117.803,22,117800784627,2469000,1
117.806,19,117803251627,2496006,0
117.809,3,117806105633,2496006,0
117.811,21,117808628639,2496006,0
117.814,8,117811160645,2496006,0
117.816,19,117813683651,2469000,1
117.816,18,117813683651,2469000,1
117.819,21,117816159651,2469000,1
117.819,1,117816159651,2469000,1
117.821,3,117818626651,2496006,0
117.826,1,117823726663,2496006,0
117.829,3,117826249669,2496006,0
117.831,3,117828772675,2496006,0
117.834,12,117831295681,2469000,1
117.834,8,117831295681,2469000,1
117.837,2,117834075687,2496006,0
117.839,19,117836598693,2496006,0
117.842,22,117839139699,2496006,0
117.844,3,117841662705,2469000,1
117.844,13,117841662705,2469000,1
117.847,18,117844147705,2496006,0
117.849,21,117846670711,2469000,1
117.849,1,117846670711,2469000,1
117.852,11,117849146711,2496006,0
117.854,19,117851669717,2469000,1
117.854,3,117851669717,2469000,1
117.854,11,117851669717,2469000,1
117.857,2,117854136717,2496006,0
117.859,18,117856659723,2469000,1
117.859,22,117856659723,2469000,1
117.864,2,117861703729,2496006,0
117.867,8,117864253735,2496006,0
117.869,19,117866785741,2496006,0
117.872,2,117869326747,2496006,0
117.874,2,117871849753,2496006,0
117.877,9,117874381759,2496006,0
117.879,8,117876931765,2496006,0
117.882,9,117879454771,2469000,1
117.882,2,117879454771,2469000,1
117.882,1,117879454771,2469000,1
117.884,21,117881921771,2496006,0
117.887,22,117884444777,2496006,0
117.889,1,117886967783,2496006,0
117.892,11,117889490789,2469000,1
117.892,19,117889490789,2469000,1
117.894,18,117891975789,2496006,0
117.897,8,117894498795,2496006,0
117.902,21,117899571807,2496006,0
117.905,9,117902103813,2469000,1
117.905,1,117902103813,2469000,1
117.907,22,117904570813,2496006,0
117.91,19,117907406819,2469000,1
117.91,9,117907406819,2469000,1
117.912,22,117909873819,2496006,0
117.915,18,117912423825,2496006,0
117.917,3,117914946831,2469000,1
117.917,2,117914946831,2469000,1
117.92,22,117917413831,2469000,1
117.92,8,117917413831,2469000,1
117.922,6,117919898831,2469000,1
117.922,21,117919898831,2469000,1
117.925,21,117922383831,2496006,0
117.927,21,117924933837,2496006,0
117.93,18,117927474843,2496006,0
117.932,21,117930006849,2469000,1
117.932,8,117930006849,2469000,1
117.935,18,117932482849,2469000,1
117.937,11,117934949849,2469000,1
117.937,22,117934949849,2469000,1
117.94,1,117937756855,2469000,1
117.94,6,117937756855,2469000,1
117.943,2,117940259855,2496006,0
117.945,21,117942800861,2496006,0
117.948,2,117945359867,2496006,0
117.95,21,117947900873,2496006,0
117.953,18,117950423879,2469000,1
117.953,2,117950423879,2469000,1
117.958,19,117955476885,2496006,0
117.96,19,117957999891,2496006,0
117.963,8,117960531897,2496006,0
117.966,19,117963063903,2496006,0
117.968,21,117965586909,2496006,0
117.971,13,117968109915,2496006,0
117.973,8,117970632921,2496006,0
117.976,2,117973155927,2496006,0
117.978,19,117975678933,2469000,1
117.978,22,117975678933,2469000,1
117.981,13,117978154933,2496006,0
117.983,8,117980677939,2496006,0
117.986,1,117983209945,2496006,0
117.988,1,117985732951,2469000,1
117.991,2,117988199951,2469000,1
117.991,8,117988199951,2469000,1
117.993,21,117990675951,2496006,0
117.996,21,117993252957,2496006,0
117.998,19,117995775963,2469000,1
117.998,13,117995775963,2469000,1
118.001,18,117998260963,2496006,0
118.003,3,118000783969,2496006,0
118.006,18,118003342975,2496006,0
118.008,5,118005883981,2469000,1
118.008,21,118005883981,2469000,1
118.011,8,118008350981,2496006,0
118.014,2,118011195987,2496006,0
118.016,3,118013718993,2469000,1
118.019,8,118016185993,2496006,0
118.021,8,118018717999,2496006,0
118.024,1,118021250005,2496006,0
118.026,18,118023773011,2469000,1
118.026,3,118023773011,2469000,1
118.029,8,118026249011,2469000,1
118.029,1,118026249011,2469000,1
118.029,18,118026249011,2469000,1
118.031,8,118028718011,2496006,0
118.034,17,118031241017,2469000,1
118.034,21,118031241017,2469000,1
118.034,2,118031241017,2469000,1
118.036,13,118033744017,2496006,0
118.039,13,118036285023,2496006,0
118.042,8,118039139029,2496006,0
118.044,9,118041662035,2496006,0
118.047,13,118044185041,2496006,0
118.052,2,118049240053,2496006,0
118.054,19,118051772059,2469000,1
118.054,1,118051772059,2469000,1
118.057,2,118054284059,2496006,0
118.059,13,118056807065,2469000,1
118.059,8,118056807065,2469000,1
118.062,11,118059274065,2496006,0
118.064,9,118061797071,2496006,0
118.067,21,118064329077,2496006,0
118.069,11,118066852083,2496006,0
118.072,7,118069393089,2496006,0
118.074,7,118071916095,2496006,0
118.077,18,118074439101,2469000,1
118.077,13,118074439101,2469000,1
118.079,21,118076915101,2496006,0
118.082,11,118079438107,2469000,1
118.082,2,118079438107,2469000,1
118.084,9,118081923107,2469000,1
118.087,11,118084390107,2496006,0
118.089,7,118086913113,2496006,0
118.092,11,118089472119,2469000,1
118.092,21,118089472119,2469000,1
118.094,22,118091966119,2496006,0
118.097,22,118094489125,2496006,0
118.1,8,118097012131,2496006,0
118.102,22,118099544137,2496006,0
118.105,3,118102067143,2469000,1
118.105,7,118102067143,2469000,1
118.105,11,118102067143,2469000,1
118.107,9,118104597143,2469000,1
118.107,21,118104597143,2469000,1
118.11,8,118107091143,2469000,1
118.11,22,118107091143,2469000,1
118.112,2,118109558143,2496006,0
118.115,18,118112421149,2496006,0
118.117,22,118114962155,2469000,1
118.117,18,118114962155,2469000,1
118.12,13,118117438155,2496006,0
118.122,2,118119970161,2496006,0
118.125,1,118122493167,2496006,0
118.128,13,118125016173,2496006,0
118.13,21,118127557179,2469000,1
118.13,8,118127557179,2469000,1
118.133,13,118130024179,2496006,0
118.135,7,118132556185,2469000,1
118.135,8,118132556185,2469000,1
118.14,11,118137555191,2496006,0
118.143,2,118140078197,2496006,0
118.145,13,118142914203,2496006,0
118.148,18,118145446209,2469000,1
118.148,1,118145446209,2469000,1
118.15,21,118147913209,2496006,0
118.153,21,118150436215,2496006,0
118.155,18,118152959221,2496006,0
118.158,18,118155518227,2496006,0
118.161,11,118158050233,2496006,0
118.163,13,118160573239,2496006,0
118.166,2,118163105245,2496006,0
118.168,1,118165628251,2469000,1
118.168,13,118165628251,2469000,1
118.171,5,118168095251,2496006,0
118.173,18,118170618257,2496006,0
118.176,11,118173141263,2496006,0
118.178,21,118175664269,2469000,1
118.178,18,118175664269,2469000,1
118.181,18,118178133269,2469000,1
118.183,11,118180600269,2496006,0
118.186,2,118183141275,2496006,0
118.188,13,118185664281,2496006,0
118.191,11,118188196287,2469000,1
118.191,18,118188196287,2469000,1
118.193,19,118190672287,2469000,1
118.193,22,118190672287,2469000,1
118.193,5,118190672287,2469000,1
118.196,3,118193139287,2469000,1
118.196,9,118193139287,2469000,1
118.198,13,118195606287,2496006,0
118.201,2,118198147293,2496006,0
118.203,3,118200670299,2469000,1
118.203,2,118200670299,2469000,1
118.206,21,118203155299,2496006,0
118.208,11,118205696305,2496006,0
118.211,11,118208219311,2496006,0
118.213,13,118210751317,2496006,0
118.216,7,118213283323,2496006,0
118.219,2,118216119329,2496006,0
118.221,21,118218651335,2469000,1
118.221,15,118218651335,2469000,1
118.224,13,118221136335,2496006,0
118.226,7,118223659341,2469000,1
118.229,11,118226126341,2469000,1
118.229,5,118226126341,2469000,1
118.231,11,118228611341,2496006,0
118.234,21,118231161347,2496006,0
118.236,13,118233684353,2496006,0
118.239,2,118236207359,2496006,0
118.241,11,118238748365,2496006,0
118.244,21,118241271371,2469000,1
118.244,1,118241271371,2469000,1
118.247,2,118244105377,2496006,0
118.249,13,118246637383,2496006,0
118.252,2,118249187389,2469000,1
118.252,11,118249187389,2469000,1
118.254,7,118251663389,2496006,0
118.257,19,118254186395,2496006,0
118.262,21,118259277407,2496006,0
118.264,13,118261800413,2469000,1
118.264,2,118261800413,2469000,1
118.267,19,118264276413,2469000,1
118.267,11,118264276413,2469000,1
118.269,21,118266743413,2496006,0
118.272,21,118269266419,2496006,0
118.274,8,118271789425,2496006,0
118.277,7,118274312431,2496006,0
118.279,21,118276853437,2469000,1
118.279,7,118276853437,2469000,1
118.282,2,118279392437,2496006,0
118.284,8,118281924443,2496006,0
118.287,1,118284447449,2496006,0
118.289,1,118286970455,2496006,0
118.292,13,118289493461,2469000,1
118.294,5,118291978461,2496006,0
118.297,2,118294528467,2496006,0
118.3,5,118297069473,2496006,0
118.302,19,118299592479,2496006,0
118.305,7,118302124485,2469000,1
118.305,8,118302124485,2469000,1
118.307,1,118304600485,2496006,0
118.31,5,118307123491,2469000,1
118.31,18,118307123491,2469000,1
118.31,21,118307123491,2469000,1
118.312,1,118309599491,2496006,0
118.315,11,118312122497,2496006,0
118.317,2,118314645503,2496006,0
118.32,19,118317508509,2496006,0
118.323,11,118320031515,2469000,1
118.323,22,118320031515,2469000,1
118.325,1,118322498515,2469000,1
118.325,11,118322500515,2469000,1
118.33,21,118327499521,2496006,0
118.333,2,118330040527,2496006,0
118.335,14,118332563533,2496006,0
118.338,5,118335086539,2496006,0
118.34,14,118337636545,2496006,0
118.343,8,118340159551,2496006,0
118.345,21,118342682557,2469000,1
118.345,13,118342682557,2469000,1
118.345,19,118342682557,2469000,1
118.348,9,118345149557,2469000,1
118.348,14,118345149557,2469000,1
118.35,10,118347938563,2496006,0
118.353,5,118350461569,2469000,1
118.353,1,118350461569,2469000,1
118.353,14,118350461569,2469000,1
118.353,10,118350461569,2469000,1
118.355,11,118352937569,2496006,0
118.358,2,118355460575,2496006,0
118.361,8,118358019581,2496006,0
118.363,21,118360560587,2469000,1
118.363,5,118360560587,2469000,1
118.366,19,118363045587,2496006,0
118.368,7,118365577593,2496006,0
118.371,8,118368100599,2469000,1
118.371,2,118368100599,2469000,1
118.371,7,118368100599,2469000,1
118.373,11,118370567599,2496006,0
118.376,19,118373090605,2496006,0
118.378,11,118375631611,2496006,0
118.381,19,118378154617,2496006,0
118.383,10,118380704623,2496006,0
118.386,10,118383236629,2496006,0
118.388,10,118385759635,2496006,0
118.391,1,118388282641,2496006,0
118.393,11,118390805647,2496006,0
118.396,7,118393328653,2496006,0
118.398,1,118395869659,2496006,0
118.401,11,118398410665,2469000,1
118.401,2,118398410665,2469000,1
118.401,19,118398410665,2469000,1
118.403,1,118400895665,2469000,1
118.403,10,118400895665,2469000,1
118.406,7,118403407665,2496006,0
118.408,23,118405930671,2469000,1
118.408,8,118405930671,2469000,1
118.411,13,118408415671,2469000,1
118.411,21,118408415671,2469000,1
118.411,5,118408415671,2469000,1
118.411,10,118408415671,2469000,1
118.413,14,118410900671,2496006,0
118.416,7,118413477677,2496006,0
118.419,14,118416009683,2496006,0
118.421,19,118418541689,2496006,0
118.424,11,118421377695,2496006,0
118.426,1,118423900701,2496006,0
118.431,9,118428955713,2469000,1
118.431,11,118428955713,2469000,1
118.434,1,118431422713,2496006,0
118.436,7,118433945719,2496006,0
118.439,7,118436468725,2496006,0
118.441,7,118439027731,2469000,1
118.441,19,118439027731,2469000,1
118.444,14,118441494731,2496006,0
118.447,2,118444035737,2496006,0
118.449,19,118446567743,2496006,0
118.452,1,118449421749,2496006,0
118.454,11,118451953755,2496006,0
118.457,19,118454476761,2469000,1
118.457,10,118454476761,2469000,1
118.459,14,118456943761,2496006,0
118.462,7,118459466767,2469000,1
118.464,2,118461942767,2496006,0
118.467,7,118464474773,2496006,0
118.469,4,118466997779,2496006,0
118.472,14,118469529785,2496006,0
118.475,1,118472052791,2469000,1
118.475,11,118472052791,2469000,1
118.477,4,118474546791,2496006,0
118.48,11,118477069797,2496006,0
118.482,7,118479592803,2496006,0
118.485,8,118482124809,2469000,1
118.485,4,118482124809,2469000,1
118.487,1,118484591809,2496006,0
118.49,2,118487114815,2496006,0
118.492,14,118489646821,2469000,1
118.492,8,118489646821,2469000,1
118.495,2,118492113821,2496006,0
118.497,7,118494645827,2496006,0
118.5,19,118497177833,2469000,1
118.5,4,118497177833,2469000,1
118.505,11,118502185839,2496006,0
118.507,1,118504708845,2496006,0
118.51,2,118507231851,2469000,1
118.51,19,118507231851,2469000,1
118.512,7,118509725851,2496006,0
118.515,1,118512266857,2496006,0
118.517,2,118514807863,2496006,0
118.52,14,118517330869,2496006,0
118.522,1,118519853875,2496006,0
118.525,7,118522689881,2496006,0
118.528,11,118525212887,2496006,0
118.53,2,118527789893,2496006,0
118.533,22,118530312899,2496006,0
118.535,14,118532853905,2469000,1
118.535,1,118532853905,2469000,1
118.538,11,118535320905,2496006,0
118.54,11,118537843911,2469000,1
118.543,7,118540310911,2469000,1
118.543,1,118540310911,2469000,1
118.545,2,118542795911,2496006,0
118.548,6,118545318917,2496006,0
118.55,2,118547877923,2469000,1
118.55,5,118547877923,2469000,1
118.55,22,118547877923,2469000,1
118.553,7,118550344923,2496006,0
118.556,6,118553234929,2496006,0
118.558,21,118555766935,2469000,1
118.558,10,118555766935,2469000,1
118.561,14,118558233935,2469000,1
118.561,11,118558233935,2469000,1
118.563,22,118560700935,2496006,0
118.566,13,118563223941,2496006,0
118.568,2,118565746947,2496006,0
118.571,22,118568269953,2496006,0
118.573,16,118570792959,2469000,1
118.573,4,118570792959,2469000,1
118.573,11,118570792959,2469000,1
118.576,7,118573259959,2496006,0
118.578,16,118575800965,2469000,1
118.581,6,118578267965,2496006,0
118.583,22,118580799971,2469000,1
118.583,16,118580799971,2469000,1
118.586,7,118583284971,2469000,1
118.586,18,118583284971,2469000,1
118.586,13,118583284971,2469000,1
118.588,8,118585751971,2469000,1
118.588,1,118585751971,2469000,1
118.588,2,118585751971,2469000,1
118.591,16,118588218971,2496006,0
118.593,16,118590750977,2496006,0
118.596,22,118593273983,2496006,0
118.598,6,118595796989,2496006,0
118.601,16,118598319995,2496006,0
118.603,19,118600843001,2496006,0
118.606,19,118603384007,2496006,0
118.608,19,118605943013,2496006,0
118.611,2,118608484019,2469000,1
118.611,22,118608484019,2469000,1
118.613,14,118610951019,2469000,1
118.613,7,118610951019,2469000,1
118.616,16,118613418019,2496006,0
118.618,6,118615941025,2496006,0
118.621,4,118618464031,2496006,0
118.626,19,118623510043,2496006,0
118.629,13,118626364049,2496006,0
118.631,4,118628896055,2469000,1
118.631,8,118628896055,2469000,1
118.634,7,118631363055,2496006,0
118.636,6,118633886061,2496006,0
118.639,7,118636418067,2496006,0
118.641,16,118638950073,2469000,1
118.641,6,118638950073,2469000,1
118.644,17,118641417073,2469000,1
118.644,6,118641419073,2469000,1
118.646,22,118643886073,2469000,1
118.646,19,118643886073,2469000,1
118.646,7,118643886073,2469000,1
118.649,13,118646389073,2496006,0
118.651,16,118648921079,2496006,0
118.654,3,118651444085,2469000,1
118.654,16,118651444085,2469000,1
118.657,2,118654224091,2469000,1
118.657,16,118654224091,2469000,1
118.659,13,118656718091,2496006,0
118.664,4,118661818103,2496006,0
118.667,7,118664341109,2496006,0
118.669,9,118666864115,2496006,0
118.672,7,118669387121,2496006,0
118.674,18,118671910127,2496006,0
118.677,13,118674442133,2496006,0
118.679,19,118677001139,2496006,0
118.682,18,118679533145,2469000,1
118.682,9,118679533145,2469000,1
118.685,22,118682009145,2496006,0
118.687,13,118684532151,2469000,1
118.687,4,118684532151,2469000,1
118.689,1,118686999151,2469000,1
118.689,7,118686999151,2469000,1
118.692,16,118689493151,2496006,0
118.695,22,118692034157,2496006,0
118.697,18,118694566163,2496006,0
118.7,19,118697089169,2496006,0
118.702,13,118699621175,2469000,1
118.705,19,118702088175,2496006,0
118.707,6,118704620181,2496006,0
118.71,2,118707143187,2469000,1
118.71,9,118707143187,2469000,1
118.71,19,118707143187,2469000,1
118.712,4,118709637187,2469000,1
118.712,16,118709637187,2469000,1
118.715,14,118712113187,2496006,0
118.717,22,118714636193,2469000,1
118.717,18,118714636193,2469000,1
118.72,14,118717121193,2496006,0
118.722,7,118719644199,2496006,0
118.725,13,118722167205,2469000,1
118.725,6,118722167205,2469000,1
118.727,11,118724652205,2496006,0
118.73,9,118727524211,2469000,1
118.73,4,118727524211,2469000,1
118.733,7,118730009211,2496006,0
118.735,14,118732532217,2469000,1
118.735,7,118732532217,2469000,1
118.737,19,118734999217,2469000,1
118.737,16,118734999217,2469000,1
118.74,22,118737466217,2469000,1
118.74,6,118737466217,2469000,1
118.745,11,118742456223,2496006,0
118.747,18,118744979229,2496006,0
118.75,7,118747511235,2496006,0
118.753,5,118750034241,2469000,1
118.753,11,118750034241,2469000,1
118.755,18,118752510241,2496006,0
118.758,6,118755033247,2469000,1
118.758,7,118755033247,2469000,1
118.758,11,118755033247,2469000,1
118.76,12,118757876253,2496006,0
118.763,14,118760399259,2496006,0
118.765,18,118762931265,2496006,0
118.768,12,118765472271,2496006,0
118.771,22,118768022277,2496006,0
118.773,18,118770545283,2469000,1
118.773,14,118770545283,2469000,1
118.776,10,118773021283,2496006,0
118.781,12,118778085295,2469000,1
118.781,13,118778085295,2469000,1
118.783,14,118780552295,2496006,0
118.786,13,118783075301,2496006,0
118.788,10,118785598307,2469000,1
118.788,19,118785598307,2469000,1
118.791,21,118788065307,2496006,0
118.793,7,118790588313,2496006,0
118.796,16,118793111319,2496006,0
118.798,14,118795634325,2496006,0
118.801,22,118798157331,2496006,0
118.803,21,118800680337,2469000,1
118.803,22,118800680337,2469000,1
118.806,13,118803156337,2496006,0
118.808,16,118805688343,2496006,0
118.811,16,118808211349,2496006,0
118.813,21,118810734355,2496006,0
118.816,14,118813266361,2496006,0
118.818,18,118815807367,2469000,1
118.818,7,118815807367,2469000,1
118.821,13,118818283367,2496006,0
118.823,21,118820806373,2469000,1
118.823,6,118820806373,2469000,1
118.826,10,118823273373,2496006,0
118.828,12,118825796379,2496006,0
118.831,2,118828319385,2469000,1
118.834,22,118831099391,2496006,0
118.836,16,118833631397,2496006,0
118.839,16,118836154403,2496006,0
118.841,13,118838677409,2496006,0
118.844,14,118841200415,2469000,1
118.844,16,118841200415,2469000,1
118.846,22,118843703415,2469000,1
118.846,12,118843703415,2469000,1
118.849,22,118846172415,2496006,0
118.851,11,118848695421,2469000,1
118.851,10,118848695421,2469000,1
118.854,13,118851162421,2496006,0
118.856,13,118853685427,2496006,0
118.859,16,118856208433,2496006,0
118.862,9,118859053439,2469000,1
118.862,14,118859053439,2469000,1
118.864,13,118861529439,2496006,0
118.867,7,118864052445,2469000,1
118.867,21,118864052445,2469000,1
118.869,16,118866519445,2469000,1
118.869,22,118866519445,2469000,1
118.871,16,118868995445,2496006,0
118.874,10,118871572451,2469000,1
118.874,13,118871572451,2469000,1
118.877,16,118874084451,2496006,0
118.879,14,118876607457,2496006,0
118.884,12,118881671469,2496006,0
118.887,16,118884212475,2496006,0
118.889,18,118886735481,2496006,0
118.892,22,118889276487,2496006,0
118.894,12,118891799493,2496006,0
118.897,7,118894331499,2496006,0
118.899,14,118896854505,2496006,0
118.902,22,118899386511,2496006,0
118.904,4,118901909517,2469000,1
118.904,6,118901909517,2469000,1
118.907,16,118904376517,2496006,0
118.909,13,118906908523,2496006,0
118.912,12,118909431529,2469000,1
118.912,18,118909431529,2469000,1
118.914,16,118911907529,2496006,0
118.917,10,118914448535,2496006,0
118.919,21,118916971541,2469000,1
118.919,7,118916971541,2469000,1
118.922,18,118919447541,2496006,0
118.924,14,118921970547,2496006,0
118.927,22,118924502553,2469000,1
118.927,13,118924502553,2469000,1
118.929,7,118926978553,2496006,0
118.932,18,118929510559,2496006,0
118.937,23,118934878571,2469000,1
118.937,16,118934878571,2469000,1
118.94,10,118937363571,2469000,1
118.94,23,118937363571,2469000,1
118.942,7,118939839571,2496006,0
118.945,12,118942371577,2469000,1
118.945,14,118942371577,2469000,1
118.947,13,118944838577,2496006,0
118.95,14,118947379583,2496006,0
118.952,18,118949911589,2496006,0
118.955,7,118952434595,2496006,0
118.957,16,118954993601,2496006,0
118.96,20,118957516607,2469000,1
118.96,19,118957516607,2469000,1
118.962,13,118959992607,2469000,1
118.962,22,118959992607,2469000,1
118.965,14,118962772613,2496006,0
118.968,10,118965295619,2496006,0
118.97,7,118967836625,2469000,1
118.97,1,118967836625,2469000,1
118.97,18,118967836625,2469000,1
118.973,11,118970312625,2469000,1
118.973,16,118970312625,2469000,1
118.975,14,118972779625,2496006,0
118.978,23,118975302631,2496006,0
118.98,18,118977825637,2496006,0
118.983,10,118980357643,2496006,0
118.985,14,118982898649,2469000,1
118.988,23,118985383649,2469000,1
118.988,16,118985383649,2469000,1
118.99,10,118987859649,2469000,1
118.99,14,118987859649,2469000,1
118.993,18,118990335649,2496006,0
118.995,13,118992912655,2469000,1
118.995,10,118992912655,2469000,1
118.998,7,118995379655,2496006,0
119,7,118997911661,2496006,0
119.003,13,119000434667,2496006,0
119.005,23,119002957673,2496006,0
119.008,22,119005489679,2469000,1
119.008,12,119005489679,2469000,1
119.008,16,119005489679,2469000,1
119.008,18,119005489679,2469000,1
119.01,7,119007974679,2496006,0
119.013,7,119010560685,2469000,1
119.013,13,119010560685,2469000,1
119.016,23,119013036685,2496006,0
119.018,7,119015559691,2496006,0
119.021,14,119018082697,2496006,0
119.026,23,119023137709,2496006,0
119.028,21,119025669715,2469000,1
119.028,13,119025669715,2469000,1
119.031,12,119028136715,2496006,0
119.033,7,119030659721,2496006,0
119.036,14,119033218727,2496006,0
119.039,7,119036054733,2496006,0
119.041,22,119038577739,2469000,1
119.041,18,119038577739,2469000,1
119.044,12,119041062739,2469000,1
119.044,23,119041062739,2469000,1
119.046,13,119043538739,2496006,0
119.049,7,119046061745,2469000,1
119.049,13,119046061745,2469000,1
119.051,11,119048582745,2469000,1
119.051,14,119048582745,2469000,1
119.054,18,119051076745,2469000,1
119.054,23,119051076745,2469000,1
119.056,14,119053543745,2496006,0
119.059,10,119056093751,2469000,1
119.059,7,119056093751,2469000,1
119.059,14,119056093751,2469000,1
119.061,13,119058560751,2496006,0
119.064,23,119061092757,2496006,0
119.066,23,119063928763,2496006,0
119.069,13,119066487769,2496006,0
119.071,23,119069010775,2469000,1
119.071,12,119069010775,2469000,1
119.077,14,119074081781,2496006,0
119.079,7,119076604787,2496006,0
119.082,13,119079136793,2496006,0
119.084,16,119081659799,2469000,1
119.084,14,119081659799,2469000,1
119.087,10,119084135799,2496006,0
119.089,23,119086676805,2496006,0
119.092,7,119089217811,2496006,0
119.094,11,119091740817,2496006,0
119.097,10,119094281823,2496006,0
119.099,14,119096804829,2496006,0
119.102,9,119099327835,2469000,1
119.102,13,119099327835,2469000,1
119.104,23,119101830835,2496006,0
119.107,10,119104353841,2469000,1
119.107,11,119104353841,2469000,1
119.109,7,119106838841,2496006,0
119.112,12,119109379847,2496006,0
119.114,14,119111902853,2496006,0
119.117,18,119114443859,2469000,1
119.117,23,119114443859,2469000,1
119.119,10,119116928859,2496006,0
119.122,14,119119451865,2496006,0
119.124,10,119121983871,2469000,1
119.124,14,119121983871,2469000,1
119.127,7,119124459871,2469000,1
119.129,10,119126935871,2496006,0
119.132,11,119129458877,2496006,0
119.134,12,119131981883,2496006,0
119.137,7,119134504889,2496006,0
119.14,13,119137349895,2496006,0
119.142,23,119139890901,2496006,0
119.145,13,119142422907,2469000,1
119.145,7,119142422907,2469000,1
119.147,23,119144925907,2469000,1
119.147,10,119144925907,2469000,1
119.147,11,119144925907,2469000,1
119.15,12,119147392907,2496006,0
119.152,12,119149933913,2496006,0
119.157,14,119154979925,2496006,0
119.16,14,119157556931,2496006,0
119.163,11,119160097937,2496006,0
119.165,12,119162629943,2496006,0
119.168,14,119165465949,2469000,1
119.168,6,119165465949,2469000,1
119.17,13,119167932949,2496006,0
119.173,11,119170455955,2496006,0
119.175,7,119172978961,2496006,0
119.178,12,119175501967,2496006,0
119.181,13,119178033973,2496006,0
119.183,13,119180556979,2496006,0
119.186,4,119183097985,2469000,1
119.188,10,119185564985,2496006,0
119.191,11,119188087991,2469000,1
119.191,23,119188087991,2469000,1
119.193,13,119190563991,2469000,1
119.193,11,119190563991,2469000,1
119.196,14,119193030991,2496006,0
119.198,12,119195553997,2496006,0
119.201,7,119198077003,2496006,0
119.203,7,119200636009,2469000,1
119.203,10,119200636009,2469000,1
119.206,12,119203121009,2469000,1
119.206,13,119203121009,2469000,1
119.208,7,119205588009,2496006,0
119.211,10,119208111015,2496006,0
119.213,7,119210634021,2496006,0
119.216,14,119213166027,2496006,0
119.218,10,119215707033,2469000,1
119.218,3,119215707033,2469000,1
119.221,13,119218174033,2496006,0
119.223,7,119220697039,2469000,1
119.226,14,119223191039,2469000,1
119.226,23,119223191039,2469000,1
119.228,11,119225703039,2496006,0
119.231,10,119228226045,2496006,0
119.233,9,119230758051,2496006,0
119.236,13,119233281057,2496006,0
119.238,14,119235813063,2496006,0
119.241,12,119238649069,2496006,0
119.244,10,119241190075,2496006,0
119.246,14,119243722081,2469000,1
119.246,13,119243722081,2469000,1
119.249,19,119246189081,2496006,0
119.251,9,119248712087,2496006,0
119.254,13,119251235093,2496006,0
119.256,11,119253758099,2469000,1
119.256,13,119253758099,2469000,1
119.259,7,119256234099,2496006,0
119.261,1,119258757105,2496006,0
119.266,12,119263812117,2496006,0
119.269,1,119266344123,2469000,1
119.269,7,119266344123,2469000,1
119.269,12,119266344123,2469000,1
119.272,19,119269124129,2469000,1
119.272,10,119269124129,2469000,1
119.274,3,119271591129,2469000,1
119.274,11,119271591129,2469000,1
119.277,9,119274076129,2496006,0
119.279,13,119276653135,2496006,0
119.282,1,119279185141,2496006,0
119.284,9,119281726147,2469000,1
119.284,14,119281726147,2469000,1
119.287,13,119284193147,2469000,1
119.287,3,119284193147,2469000,1
119.287,14,119284195147,2469000,1
119.289,1,119286698147,2469000,1
119.289,21,119286698147,2469000,1
119.292,23,119289165147,2496006,0
119.294,3,119291688153,2496006,0
119.297,12,119294220159,2469000,1
119.297,9,119294220159,2469000,1
119.299,5,119296687159,2469000,1
119.299,23,119296687159,2469000,1
119.299,12,119296689159,2469000,1
119.302,19,119299156159,2496006,0
119.304,22,119301688165,2496006,0
119.307,7,119304211171,2469000,1
119.307,10,119304211171,2469000,1
119.309,13,119306714171,2469000,1
119.309,9,119306714171,2469000,1
119.309,23,119306714171,2469000,1
119.312,19,119309181171,2469000,1
119.312,3,119309181171,2469000,1
119.314,1,119311666171,2496006,0
119.317,1,119314207177,2496006,0
119.319,22,119316739183,2469000,1
119.319,1,119316739183,2469000,1
119.322,3,119319224183,2496006,0
119.324,14,119321756189,2496006,0
119.327,16,119324279195,2496006,0
119.329,19,119326802201,2496006,0
119.334,8,119331875213,2469000,1
119.334,2,119331875213,2469000,1
119.337,14,119334342213,2469000,1
119.337,10,119334342213,2469000,1
119.339,11,119336809213,2496006,0
119.342,22,119339332219,2496006,0
119.345,16,119342168225,2469000,1
119.345,9,119342168225,2469000,1
119.345,11,119342168225,2469000,1
119.347,1,119344644225,2469000,1
119.347,3,119344644225,2469000,1
119.35,22,119347111225,2496006,0
119.352,19,119349652231,2469000,1
119.352,22,119349652231,2469000,1
119.355,13,119352164231,2496006,0
119.357,13,119354696237,2496006,0
119.36,3,119357219243,2496006,0
119.362,11,119359760249,2496006,0
119.365,13,119362292255,2469000,1
119.365,23,119362292255,2469000,1
119.367,14,119364777255,2469000,1
119.367,1,119364777255,2469000,1
119.367,13,119364777255,2469000,1
119.37,22,119367244255,2496006,0
119.373,16,119370080261,2496006,0
119.375,19,119372612267,2469000,1
119.375,13,119372612267,2469000,1
119.375,16,119372612267,2469000,1
119.378,11,119375088267,2496006,0
119.38,3,119377611273,2469000,1
119.38,11,119377611273,2469000,1
119.383,19,119380078273,2496006,0
119.385,7,119382601279,2496006,0
119.388,22,119385178285,2496006,0
119.39,19,119387728291,2496006,0
119.393,16,119390260297,2496006,0
119.395,7,119392783303,2469000,1
119.395,19,119392783303,2469000,1
119.4,3,119397800309,2496006,0
119.403,22,119400341315,2469000,1
119.403,11,119400341315,2469000,1
119.403,19,119400341315,2469000,1
119.405,15,119402808315,2496006,0
119.408,3,119405358321,2469000,1
119.408,15,119405358321,2469000,1
119.41,16,119407825321,2469000,1
119.41,15,119407827321,2469000,1
119.413,9,119410294321,2496006,0
119.415,23,119412817327,2469000,1
119.415,7,119412817327,2469000,1
119.418,14,119415320327,2496006,0
119.42,12,119417843333,2496006,0
119.425,10,119422934345,2469000,1
119.425,22,119422934345,2469000,1
119.425,3,119422934345,2469000,1
119.428,18,119425401345,2496006,0
119.43,14,119427924351,2469000,1
119.43,9,119427924351,2469000,1
119.433,14,119430400351,2496006,0
119.435,22,119432941357,2496006,0
119.438,16,119435464363,2496006,0
119.44,12,119437987369,2496006,0
119.443,12,119440510375,2496006,0
119.446,9,119443355381,2496006,0
119.448,18,119445878387,2469000,1
119.448,12,119445878387,2469000,1
119.451,9,119448345387,2496006,0
119.453,22,119450886393,2496006,0
119.456,14,119453409399,2496006,0
119.458,7,119455932405,2496006,0
119.461,12,119458464411,2469000,1
119.463,9,119460931411,2496006,0
119.466,16,119463463417,2496006,0
119.468,16,119465995423,2496006,0
119.471,22,119468536429,2496006,0
119.474,19,119471059435,2496006,0
119.476,7,119473895441,2496006,0
119.479,9,119476418447,2469000,1
119.479,18,119476418447,2469000,1
119.479,22,119476418447,2469000,1
119.479,19,119476418447,2469000,1
119.481,3,119478885447,2469000,1
119.481,14,119478885447,2469000,1
119.484,19,119481352447,2496006,0
119.486,7,119483884453,2469000,1
119.486,6,119483884453,2469000,1
119.489,20,119486387453,2469000,1
119.489,11,119486387453,2469000,1
119.491,19,119488854453,2469000,1
119.491,15,119488854453,2469000,1
119.491,16,119488854453,2469000,1
119.494,19,119491339453,2496006,0
119.496,19,119493871459,2496006,0
119.499,1,119496394465,2496006,0
119.501,7,119498917471,2469000,1
119.501,19,119498917471,2469000,1
119.504,20,119501393471,2469000,1
119.504,19,119501393471,2469000,1
119.506,14,119503887471,2496006,0
119.509,20,119506410477,2496006,0
119.511,14,119508933483,2469000,1
119.511,20,119508933483,2469000,1
119.514,13,119511400483,2469000,1
119.514,22,119511400483,2469000,1
119.516,16,119513867483,2496006,0
119.519,1,119516390489,2469000,1
119.519,16,119516390489,2469000,1
119.521,20,119518866489,2496006,0
119.524,9,119521389495,2469000,1
119.524,7,119521389495,2469000,1
119.526,20,119523874495,2496006,0
119.529,18,119526397501,2496006,0
119.531,12,119528920507,2469000,1
119.531,18,119528920507,2469000,1
119.534,11,119531387507,2469000,1
119.534,14,119531387507,2469000,1
119.536,18,119533881507,2496006,0
119.539,20,119536431513,2469000,1
119.539,16,119536431513,2469000,1
119.541,18,119538907513,2469000,1
119.541,20,119538907513,2469000,1
119.544,16,119541392513,2496006,0
119.546,16,119543915519,2496006,0
119.549,10,119546751525,2469000,1
119.552,1,119549245525,2496006,0
119.554,3,119551786531,2469000,1
119.559,18,119556778537,2496006,0
119.562,9,119559301543,2496006,0
119.564,9,119561824549,2496006,0
119.567,18,119564374555,2469000,1
119.567,16,119564374555,2469000,1
119.569,14,119566841555,2496006,0
119.572,1,119569382561,2496006,0
119.574,21,119571905567,2496006,0
119.577,14,119574428573,2469000,1
119.579,9,119576904573,2469000,1
119.579,21,119576904573,2469000,1
119.582,12,119579380573,2496006,0
119.584,19,119581921579,2496006,0
119.587,16,119584444585,2496006,0
119.589,16,119586967591,2496006,0
119.592,1,119589499597,2469000,1
119.592,19,119589499597,2469000,1
119.594,15,119591975597,2469000,1
119.594,16,119591975597,2469000,1
119.597,18,119594442597,2496006,0
119.599,12,119596965603,2496006,0
119.602,22,119599497609,2496006,0
119.605,12,119602020615,2496006,0
119.607,12,119604552621,2496006,0
119.612,9,119609616633,2496006,0
119.615,22,119612139639,2469000,1
119.615,20,119612139639,2469000,1
119.615,15,119612139639,2469000,1
119.617,14,119614633639,2469000,1
119.617,21,119614633639,2469000,1
119.617,18,119614633639,2469000,1
119.62,7,119617109639,2469000,1
119.62,22,119617109639,2469000,1
119.622,19,119619576639,2496006,0
119.625,12,119622126645,2469000,1
119.625,19,119622126645,2469000,1
119.627,1,119624602645,2469000,1
119.627,9,119624602645,2469000,1
119.627,19,119624602645,2469000,1
119.63,16,119627069645,2496006,0
119.632,16,119629646651,2496006,0
119.635,16,119632187657,2496006,0
119.637,18,119634710663,2496006,0
119.64,16,119637269669,2496006,0
119.642,16,119639792675,2496006,0
119.645,20,119642342681,2469000,1
119.647,18,119644827681,2496006,0
119.65,9,119647359687,2496006,0
119.653,9,119650195693,2496006,0
119.655,9,119652718699,2496006,0
119.658,12,119655241705,2496006,0
119.66,1,119657773711,2469000,1
119.66,16,119657773711,2469000,1
119.66,12,119657773711,2469000,1
119.663,18,119660303711,2496006,0
119.665,9,119662844717,2496006,0
119.668,18,119665376723,2469000,1
119.668,19,119665376723,2469000,1
119.67,21,119667843723,2496006,0
119.673,14,119670375729,2496006,0
119.675,22,119672907735,2469000,1
119.678,10,119675374735,2496006,0
119.681,23,119678237741,2496006,0
119.683,13,119680760747,2469000,1
119.683,9,119680760747,2469000,1
119.686,14,119683236747,2496006,0
119.688,21,119685759753,2496006,0
119.691,16,119688291759,2469000,1
119.691,10,119688291759,2469000,1
119.693,12,119690758759,2496006,0
119.696,11,119693290765,2469000,1
119.696,10,119693290765,2469000,1
119.698,21,119695757765,2496006,0
119.701,12,119698289771,2469000,1
119.701,14,119698289771,2469000,1
119.701,7,119698289771,2469000,1
119.701,23,119698289771,2469000,1
119.701,9,119698289771,2469000,1
119.703,21,119700756771,2496006,0
119.706,23,119703279777,2496006,0
119.708,21,119705802783,2496006,0
119.711,21,119708325789,2496006,0
119.716,18,119713398801,2496006,0
119.718,23,119715921807,2496006,0
119.721,1,119718453813,2496006,0
119.723,21,119720976819,2496006,0
119.726,21,119723517825,2496006,0
119.729,18,119726040831,2469000,1
119.729,9,119726040831,2469000,1
119.731,16,119728507831,2496006,0
119.734,16,119731030837,2496006,0
119.736,23,119733553843,2469000,1
119.736,12,119733553843,2469000,1
119.739,16,119736065843,2496006,0
119.741,1,119738588849,2469000,1
119.741,16,119738588849,2469000,1
119.744,22,119741055849,2496006,0
119.746,14,119743578855,2496006,0
119.749,21,119746110861,2469000,1
119.749,18,119746110861,2469000,1
119.751,21,119748595861,2496006,0
119.754,23,119751431867,2496006,0
119.759,22,119756495879,2496006,0
119.762,1,119759018885,2496006,0
119.764,21,119761541891,2496006,0
119.767,14,119764064897,2469000,1
119.767,1,119764064897,2469000,1
119.769,14,119766549897,2496006,0
119.772,22,119769081903,2496006,0
119.774,21,119771613909,2496006,0
119.777,23,119774145915,2496006,0
119.779,21,119776686921,2496006,0
119.782,3,119779209927,2496006,0
119.785,14,119782045933,2469000,1
119.785,4,119782045933,2469000,1
119.787,22,119784512933,2469000,1
119.787,1,119784512933,2469000,1
119.789,16,119786979933,2496006,0
119.792,10,119789511939,2496006,0
119.795,21,119792034945,2469000,1
119.795,23,119792034945,2469000,1
119.797,18,119794510945,2496006,0
119.8,9,119797060951,2496006,0
119.802,1,119799592957,2496006,0
119.805,3,119802124963,2469000,1
119.805,10,119802124963,2469000,1
119.807,12,119804591963,2469000,1
119.807,16,119804591963,2469000,1
119.81,10,119807067963,2496006,0
119.812,18,119809617969,2496006,0
119.815,9,119812140975,2469000,1
119.815,14,119812140975,2469000,1
119.817,10,119814625975,2469000,1
119.817,14,119814625975,2469000,1
119.82,22,119817092975,2469000,1
119.82,21,119817092975,2469000,1
119.82,1,119817092975,2469000,1
119.822,10,119819568975,2496006,0
119.825,16,119822091981,2496006,0
119.827,23,119824614987,2469000,1
119.827,16,119824614987,2469000,1
119.83,21,119827081987,2496006,0
119.832,9,119829604993,2496006,0
119.835,18,119832145999,2496006,0
119.837,2,119834669005,2496006,0
119.84,10,119837192011,2469000,1
119.84,3,119837192011,2469000,1
119.842,18,119839695011,2469000,1
119.842,21,119839695011,2469000,1
119.845,16,119842171011,2496006,0
119.847,2,119844694017,2496006,0
119.85,9,119847226023,2496006,0
119.852,19,119849758029,2496006,0
119.858,9,119855117041,2496006,0
119.86,22,119857640047,2496006,0
119.863,16,119860163053,2496006,0
119.865,19,119862686059,2469000,1
119.865,18,119862686059,2469000,1
119.868,10,119865153059,2469000,1
119.868,22,119865153059,2469000,1
119.87,1,119867629059,2496006,0
119.873,2,119870152065,2496006,0
119.875,21,119872693071,2496006,0
119.878,1,119875225077,2469000,1
119.878,9,119875225077,2469000,1
119.88,17,119877701077,2469000,1
119.88,21,119877701077,2469000,1
119.883,16,119880168077,2496006,0
119.886,21,119883004083,2496006,0
119.888,2,119885527089,2496006,0
119.891,16,119888059095,2469000,1
119.891,21,119888059095,2469000,1
119.893,3,119890535095,2469000,1
119.893,19,119890535095,2469000,1
119.895,18,119893002095,2496006,0
119.898,18,119895552101,2496006,0
119.901,23,119898084107,2469000,1
119.901,22,119898084107,2469000,1
119.901,19,119898084107,2469000,1
119.903,2,119900569107,2496006,0
119.906,21,119903092113,2469000,1
119.906,22,119903092113,2469000,1
119.908,1,119905559113,2496006,0
119.913,12,119910623125,2496006,0
119.916,18,119913146131,2496006,0
119.918,9,119915687137,2496006,0
119.921,2,119918228143,2496006,0
119.923,18,119920760149,2469000,1
119.923,1,119920760149,2469000,1
119.923,11,119920760149,2469000,1
119.926,9,119923227149,2469000,1
119.926,22,119923227149,2469000,1
119.926,18,119923229149,2469000,1
119.928,12,119925705149,2469000,1
119.928,16,119925705149,2469000,1
119.931,1,119928181149,2496006,0
119.933,10,119930722155,2496006,0
119.936,12,119933263161,2496006,0
119.938,1,119935804167,2469000,1
119.938,14,119935804167,2469000,1
119.938,2,119935804167,2469000,1
119.941,12,119938289167,2496006,0
119.943,12,119940866173,2469000,1
119.943,10,119940866173,2469000,1
119.946,9,119943333173,2469000,1
119.946,1,119943333173,2469000,1
119.946,10,119943335173,2469000,1
119.948,12,119945802173,2496006,0
119.951,10,119948352179,2469000,1
119.953,12,119950819179,2496006,0
119.956,16,119953369185,2496006,0
119.959,9,119956223191,2496006,0
119.961,2,119958764197,2496006,0
119.964,9,119961296203,2469000,1
119.964,12,119961296203,2469000,1
119.966,16,119963763203,2496006,0
119.969,19,119966286209,2496006,0
119.971,21,119968818215,2469000,1
119.971,9,119968818215,2469000,1
119.971,16,119968818215,2469000,1
119.974,18,119971303215,2469000,1
119.974,2,119971303215,2469000,1
119.976,20,119973770215,2496006,0
119.979,20,119976293221,2496006,0
119.981,19,119978834227,2496006,0
119.984,2,119981366233,2496006,0
119.986,18,119983907239,2496006,0
119.989,18,119986743245,2469000,1
119.992,20,119989210245,2496006,0
119.994,19,119991751251,2469000,1
119.994,14,119991751251,2469000,1
119.994,9,119991751251,2469000,1
119.997,19,119994236251,2496006,0
119.999,12,119996759257,2496006,0
120.002,20,119999282263,2496006,0
120.004,2,120001805269,2496006,0
120.007,19,120004346275,2496006,0
120.009,19,120006869281,2496006,0
120.012,16,120009401287,2496006,0
120.014,16,120011924293,2496006,0
120.017,18,120014447299,2496006,0
120.019,20,120016979305,2469000,1
120.019,12,120016979305,2469000,1
120.022,2,120019446305,2469000,1
120.022,18,120019446305,2469000,1
120.024,16,120021913305,2496006,0
120.027,12,120024445311,2496006,0
120.029,3,120026968317,2469000,1
120.029,2,120026968317,2469000,1
120.032,19,120029435317,2469000,1
120.032,1,120029435317,2469000,1
120.032,18,120029435317,2469000,1
120.034,20,120031929317,2469000,1
120.037,16,120034423317,2496006,0
120.039,12,120036946323,2469000,1
120.042,8,120039422323,2496006,0
120.044,8,120041954329,2496006,0
120.047,8,120044477335,2496006,0
120.049,12,120047000341,2496006,0
120.055,8,120052082353,2496006,0
120.057,23,120054605359,2496006,0
120.06,12,120057128365,2469000,1
120.06,14,120057128365,2469000,1
120.06,20,120057128365,2469000,1
120.062,19,120059908371,2469000,1
120.062,16,120059908371,2469000,1
120.065,6,120062384371,2496006,0
120.067,23,120064934377,2469000,1
120.067,12,120064934377,2469000,1
120.07,10,120067401377,2496006,0
120.072,19,120069942383,2496006,0
120.075,8,120072483389,2496006,0
120.077,10,120075006395,2469000,1
120.077,19,120075006395,2469000,1
120.08,21,120077491395,2496006,0
120.083,6,120080014401,2496006,0
120.085,6,120082564407,2496006,0
120.088,18,120085087413,2496006,0
120.09,16,120087932419,2469000,1
120.09,23,120087932419,2469000,1
120.09,8,120087932419,2469000,1
120.093,16,120090401419,2469000,1
120.095,2,120092886419,2496006,0
120.098,21,120095409425,2496006,0
120.1,19,120097932431,2496006,0
120.103,18,120100455437,2469000,1
120.103,16,120100455437,2469000,1
120.105,2,120102940437,2469000,1
120.105,23,120102940437,2469000,1
120.108,19,120105425437,2469000,1
120.108,10,120105425437,2469000,1
120.108,6,120105425437,2469000,1
120.11,6,120107901437,2496006,0
120.113,21,120110469443,2496006,0
120.116,2,120113010449,2496006,0
120.118,2,120115542455,2496006,0
120.121,8,120118074461,2496006,0
120.123,6,120120606467,2469000,1
120.123,9,120120606467,2469000,1
120.123,18,120120606467,2469000,1
120.128,21,120125614473,2496006,0
120.131,12,120128146479,2496006,0
120.133,8,120130678485,2496006,0
120.136,16,120133201491,2496006,0
120.138,19,120135742497,2469000,1
120.138,2,120135742497,2469000,1
120.141,8,120138209497,2496006,0
120.143,1,120140732503,2496006,0
120.146,21,120143255509,2496006,0
120.148,18,120145805515,2496006,0
120.151,12,120148328521,2496006,0
120.153,1,120150851527,2469000,1
120.153,6,120150851527,2469000,1
120.156,8,120153318527,2469000,1
120.156,23,120153318527,2469000,1
120.158,16,120155785527,2496006,0
120.161,21,120158317533,2469000,1
120.161,10,120158317533,2469000,1
120.164,19,120161115539,2496006,0
120.169,23,120166161551,2496006,0
120.171,20,120168693557,2496006,0
120.174,18,120171225563,2469000,1
120.174,12,120171225563,2469000,1
120.176,23,120173710563,2496006,0
120.179,2,120176233569,2469000,1
120.179,16,120176233569,2469000,1
120.181,8,120178700569,2496006,0
120.184,18,120181223575,2496006,0
120.186,21,120183746581,2496006,0
120.189,19,120186269587,2496006,0
120.191,18,120188792593,2496006,0
120.194,21,120191628599,2496006,0
120.197,1,120194151605,2496006,0
120.199,20,120196674611,2496006,0
120.202,20,120199197617,2496006,0
120.204,19,120201729623,2469000,1
120.204,20,120201729623,2469000,1
120.207,21,120204196623,2469000,1
120.207,23,120204196623,2469000,1
120.207,16,120204196623,2469000,1
120.209,1,120206681623,2469000,1
120.209,8,120206681623,2469000,1
120.212,19,120209148623,2496006,0
120.214,23,120211671629,2496006,0
120.217,7,120214194635,2496006,0
120.219,18,120216717641,2496006,0
120.224,22,120221781653,2469000,1
120.224,6,120221781653,2469000,1
120.227,23,120224248653,2496006,0
120.229,18,120226771659,2469000,1
120.229,21,120226771659,2469000,1
120.232,19,120229238659,2496006,0
120.234,7,120231761665,2469000,1
120.234,12,120231761665,2469000,1
120.234,20,120231761665,2469000,1
120.237,15,120234237665,2496006,0
120.239,7,120236787671,2496006,0
120.242,1,120239310677,2496006,0
120.244,23,120241833683,2496006,0
120.247,3,120244365689,2496006,0
120.249,18,120246888695,2496006,0
120.252,3,120249411701,2496006,0
120.254,19,120251934707,2496006,0
120.257,5,120254457713,2469000,1
120.257,2,120254457713,2469000,1
120.259,1,120256924713,2496006,0
120.262,15,120259447719,2496006,0
120.264,23,120261979725,2469000,1
120.264,8,120261979725,2469000,1
120.267,7,120264768731,2469000,1
120.267,15,120264768731,2469000,1
120.27,3,120267253731,2496006,0
120.272,18,120269776737,2496006,0
120.275,1,120272299743,2469000,1
120.275,19,120272299743,2469000,1
120.277,7,120274775743,2469000,1
120.277,15,120274775743,2469000,1
120.28,10,120277242743,2469000,1
120.28,1,120277242743,2469000,1
120.282,20,120279709743,2496006,0
120.285,20,120282232749,2496006,0
120.287,20,120284764755,2496006,0
120.29,21,120287287761,2469000,1
120.29,23,120287287761,2469000,1
120.295,18,120292617767,2496006,0
120.298,3,120295140773,2496006,0
120.3,16,120297708779,2469000,1
120.3,20,120297708779,2469000,1
120.303,18,120300202779,2496006,0
120.305,8,120302770785,2469000,1
120.305,3,120302770785,2469000,1
120.305,20,120302770785,2469000,1
120.308,19,120305237785,2496006,0
120.31,18,120307769791,2496006,0
120.313,16,120310292797,2469000,1
120.313,18,120310292797,2469000,1
120.315,12,120312759797,2496006,0
120.318,18,120315282803,2496006,0
120.32,2,120317805809,2496006,0
120.323,7,120320328815,2496006,0
120.325,2,120322851821,2496006,0
120.328,15,120325374827,2496006,0
120.33,18,120327897833,2469000,1
120.33,3,120327897833,2469000,1
120.33,7,120327897833,2469000,1
120.333,12,120330364833,2496006,0
120.335,15,120332887839,2496006,0
120.338,19,120335428845,2496006,0
120.34,2,120337951851,2496006,0
120.343,15,120340483857,2496006,0
120.346,2,120343006863,2496006,0
120.348,1,120345529869,2469000,1
120.348,2,120345529869,2469000,1
120.351,15,120348005869,2496006,0
120.353,6,120350528875,2469000,1
120.353,1,120350528875,2469000,1
120.355,19,120353013875,2469000,1
120.355,12,120353013875,2469000,1
120.358,2,120355480875,2496006,0
120.363,7,120360535887,2496006,0
120.366,15,120363067893,2496006,0
120.368,23,120365921899,2496006,0
120.371,23,120368444905,2496006,0
120.373,15,120370976911,2496006,0
120.376,7,120373499917,2496006,0
120.378,13,120376022923,2469000,1
120.378,18,120376022923,2469000,1
120.381,2,120378489923,2496006,0
120.384,12,120381021929,2496006,0
120.386,2,120383544935,2496006,0
120.389,23,120386067941,2469000,1
120.389,12,120386067941,2469000,1
120.391,23,120388536941,2496006,0
120.394,19,120391059947,2469000,1
120.394,12,120391059947,2469000,1
120.396,20,120393526947,2469000,1
120.396,18,120393526947,2469000,1
120.399,6,120396315953,2496006,0
120.401,15,120398838959,2469000,1
120.401,20,120398838959,2469000,1
120.404,9,120401305959,2469000,1
120.404,7,120401305959,2469000,1
120.406,19,120403772959,2496006,0
120.409,3,120406304965,2496006,0
120.411,6,120408827971,2496006,0
120.414,19,120411359977,2469000,1
120.414,2,120411359977,2469000,1
120.416,23,120413826977,2496006,0
120.419,3,120416358983,2469000,1
120.419,23,120416358983,2469000,1
120.421,6,120418843983,2496006,0
120.424,18,120421375989,2469000,1
120.424,2,120421375989,2469000,1
120.426,6,120423842989,2496006,0
120.429,23,120426365995,2496006,0
120.431,7,120428889001,2496006,0
120.434,8,120431421007,2496006,0
120.436,23,120433944013,2496006,0
120.439,5,120436467019,2469000,1
120.439,19,120436467019,2469000,1
120.441,3,120438943019,2496006,0
120.446,23,120443998031,2469000,1
120.446,6,120443998031,2469000,1
120.449,7,120446465031,2496006,0
120.451,8,120448988037,2469000,1
120.451,19,120448988037,2469000,1
120.454,15,120451473037,2496006,0
120.457,5,120454014043,2496006,0
120.459,3,120456546049,2496006,0
120.462,15,120459087055,2496006,0
120.464,23,120461610061,2469000,1
120.464,7,120461610061,2469000,1
120.467,5,120464086061,2496006,0
120.469,5,120466618067,2496006,0
120.472,3,120469454073,2469000,1
120.472,6,120469454073,2469000,1
120.472,19,120469454073,2469000,1
120.474,5,120471921073,2496006,0
120.477,21,120474453079,2469000,1
120.477,8,120474453079,2469000,1
120.479,15,120476929079,2496006,0
120.482,3,120479461085,2496006,0
120.484,1,120482002091,2496006,0
120.487,15,120484525097,2469000,1
120.487,2,120484525097,2469000,1
120.489,12,120487001097,2496006,0
120.492,1,120489533103,2469000,1
120.492,5,120489533103,2469000,1
120.494,2,120492000103,2496006,0
120.497,3,120494550109,2496006,0
120.5,3,120497395115,2496006,0
120.502,7,120499918121,2496006,0
120.505,2,120502441127,2496006,0
120.507,12,120504964133,2496006,0
120.51,10,120507487139,2496006,0
120.513,12,120510019145,2496006,0
120.515,15,120512551151,2496006,0
120.518,10,120515074157,2496006,0
120.52,12,120517606163,2496006,0
120.523,5,120520129169,2496006,0
120.525,15,120522652175,2469000,1
120.525,1,120522652175,2469000,1
120.525,3,120522652175,2469000,1
120.525,12,120522652175,2469000,1
120.525,5,120522652175,2469000,1
120.53,2,120527651181,2469000,1
120.53,15,120527651181,2469000,1
120.533,7,120530118181,2496006,0
120.535,10,120532641187,2496006,0
120.538,1,120535164193,2496006,0
120.54,8,120537687199,2496006,0
120.543,6,120540210205,2496006,0
120.545,1,120542751211,2496006,0
120.548,10,120545283217,2496006,0
120.55,8,120547806223,2469000,1
120.55,2,120547806223,2469000,1
120.55,1,120547806223,2469000,1
120.553,12,120550291223,2469000,1
120.553,7,120550291223,2469000,1
120.555,23,120552785223,2469000,1
120.555,5,120552785223,2469000,1
120.558,6,120555252223,2469000,1
120.558,10,120555252223,2469000,1
120.56,8,120557719223,2496006,0
120.563,12,120560242229,2496006,0
120.565,3,120562774235,2496006,0
120.568,16,120565297241,2496006,0
120.57,8,120567820247,2469000,1
120.57,19,120567820247,2469000,1
120.573,12,120570654253,2496006,0
120.576,1,120573186259,2469000,1
120.576,8,120573186259,2469000,1
120.578,10,120575653259,2496006,0
120.581,13,120578176265,2469000,1
120.581,16,120578176265,2469000,1
120.583,15,120580643265,2496006,0
120.586,3,120583166271,2496006,0
120.588,1,120585707277,2496006,0
120.591,6,120588230283,2496006,0
120.593,15,120590753289,2469000,1
120.593,8,120590753289,2469000,1
120.596,7,120593229289,2496006,0
120.598,12,120595761295,2496006,0
120.601,1,120598284301,2469000,1
120.601,3,120598284301,2469000,1
120.601,12,120598284301,2469000,1
120.604,8,120601064307,2496006,0
120.606,6,120603587313,2496006,0
120.609,10,120606110319,2496006,0
120.611,15,120608633325,2496006,0
120.614,8,120611156331,2496006,0
120.616,16,120613679337,2496006,0
120.619,10,120616202343,2469000,1
120.621,7,120618678343,2496006,0
120.624,15,120621201349,2496006,0
120.626,6,120623724355,2469000,1
120.626,5,120623724355,2469000,1
120.629,10,120626191355,2496006,0
120.631,8,120628714361,2496006,0
120.634,12,120631237367,2469000,1
120.634,15,120631237367,2469000,1
120.634,5,120631237367,2469000,1
120.636,7,120633722367,2469000,1
120.636,16,120633722367,2469000,1
120.639,8,120636207367,2496006,0
120.641,10,120638730373,2496006,0
120.644,16,120641253379,2496006,0
120.646,2,120643776385,2496006,0
120.649,1,120646308391,2496006,0
120.651,8,120648831397,2496006,0
120.654,15,120651354403,2496006,0
120.656,3,120653886409,2496006,0
120.659,2,120656418415,2496006,0
120.661,10,120658941421,2469000,1
120.661,20,120658941421,2469000,1
120.661,3,120658941421,2469000,1
120.664,15,120661408421,2469000,1
120.664,8,120661408421,2469000,1
120.666,16,120663875421,2496006,0
120.669,8,120666398427,2496006,0
120.671,2,120668921433,2469000,1
120.671,7,120668921433,2469000,1
120.674,15,120671397433,2496006,0
120.677,6,120674251439,2469000,1
120.677,1,120674251439,2469000,1
120.679,16,120676718439,2496006,0
120.682,23,120679241445,2496006,0
120.684,8,120681764451,2496006,0
120.687,23,120684287457,2496006,0
120.689,3,120686810463,2496006,0
120.692,1,120689342469,2496006,0
120.694,2,120691874475,2496006,0
120.697,3,120694397481,2496006,0
120.699,15,120696920487,2469000,1
120.699,1,120696920487,2469000,1
120.702,2,120699387487,2496006,0
120.705,23,120702232493,2469000,1
120.705,8,120702232493,2469000,1
120.705,1,120702232493,2469000,1
120.707,18,120704717493,2469000,1
120.707,16,120704717493,2469000,1
120.71,2,120707211493,2496006,0
120.712,11,120709734499,2469000,1
120.712,3,120709734499,2469000,1
120.715,10,120712201499,2496006,0
120.72,5,120717274511,2496006,0
120.722,3,120719797517,2496006,0
120.725,23,120722320523,2469000,1
120.725,2,120722320523,2469000,1
120.727,12,120724787523,2496006,0
120.73,8,120727319529,2496006,0
120.732,1,120729851535,2496006,0
120.735,10,120732374541,2496006,0
120.737,15,120734906547,2496006,0
120.74,6,120737438553,2496006,0
120.742,1,120739961559,2469000,1
120.742,5,120739961559,2469000,1
120.745,12,120742428559,2469000,1
120.745,15,120742428559,2469000,1
120.747,16,120744895559,2469000,1
120.747,2,120744895559,2469000,1
120.747,6,120744895559,2469000,1
120.75,3,120747371559,2496006,0
120.752,12,120749912565,2469000,1
120.752,15,120749912565,2469000,1
120.752,3,120749912565,2469000,1
120.755,8,120752379565,2469000,1
120.755,5,120752379565,2469000,1
120.757,10,120754855565,2496006,0
120.76,16,120757378571,2496006,0
120.762,16,120759910577,2496006,0
120.765,16,120762433583,2496006,0
120.767,16,120764956589,2496006,0
120.77,7,120767497595,2496006,0
120.773,16,120770038601,2496006,0
120.775,10,120772570607,2496006,0
120.778,1,120775415613,2469000,1
120.778,12,120775415613,2469000,1
120.78,8,120777900613,2496006,0
120.783,17,120780450619,2469000,1
120.783,6,120780450619,2469000,1
120.785,21,120782917619,2496006,0
120.788,7,120785440625,2496006,0
120.79,8,120787963631,2469000,1
120.79,16,120787963631,2469000,1
120.793,3,120790430631,2469000,1
120.793,17,120790430631,2469000,1
120.795,10,120792906631,2496006,0
120.798,1,120795429637,2469000,1
120.798,3,120795429637,2469000,1
120.798,10,120795429637,2469000,1
120.8,23,120797905637,2496006,0
120.803,7,120800437643,2469000,1
120.803,23,120800437643,2469000,1
120.805,21,120802904643,2496006,0
120.808,2,120805740649,2496006,0
120.811,10,120808263655,2496006,0
120.813,21,120810822661,2496006,0
120.816,2,120813345667,2469000,1
120.818,9,120815812667,2496006,0
120.821,10,120818335673,2496006,0
120.823,2,120820867679,2469000,1
120.823,10,120820867679,2469000,1
120.826,17,120823334679,2496006,0
120.828,9,120825857685,2496006,0
120.831,15,120828389691,2496006,0
120.833,8,120830912697,2496006,0
120.836,16,120833444703,2469000,1
120.836,21,120833444703,2469000,1
120.838,15,120835920703,2496006,0
120.841,5,120838452709,2469000,1
120.841,10,120838452709,2469000,1
120.843,15,120840919709,2496006,0
120.846,17,120843451715,2469000,1
120.846,8,120843451715,2469000,1
120.848,9,120845918715,2496006,0
120.851,7,120848441721,2469000,1
120.851,23,120848441721,2469000,1
120.851,8,120848441721,2469000,1
120.853,15,120850926721,2469000,1
120.853,9,120850926721,2469000,1
120.856,17,120853402721,2496006,0
120.858,1,120855934727,2496006,0
120.861,6,120858502733,2496006,0
120.864,21,120861034739,2496006,0
120.866,10,120863557745,2469000,1
120.866,15,120863557745,2469000,1
120.869,6,120866024745,2496006,0
120.871,15,120868547751,2496006,0
120.874,1,120871070757,2469000,1
120.874,17,120871070757,2469000,1
120.876,8,120873537757,2496006,0
120.879,8,120876078763,2496006,0
120.881,15,120878923769,2469000,1
120.881,19,120878923769,2469000,1
120.884,21,120881390769,2496006,0
120.886,9,120883913775,2496006,0
120.889,21,120886436781,2496006,0
120.891,9,120888977787,2496006,0
120.894,2,120891500793,2469000,1
120.894,10,120891500793,2469000,1
120.894,6,120891500793,2469000,1
120.896,23,120893976793,2469000,1
120.896,15,120893976793,2469000,1
120.899,21,120896479793,2469000,1
120.899,8,120896479793,2469000,1
120.901,1,120898955793,2496006,0
120.904,16,120901478799,2496006,0
120.907,21,120904010805,2496006,0
120.909,7,120906846811,2496006,0
120.912,9,120909369817,2469000,1
120.914,2,120911845817,2469000,1
120.914,21,120911845817,2469000,1
120.917,6,120914312817,2496006,0
120.919,16,120916835823,2469000,1
120.919,1,120916835823,2469000,1
120.919,17,120916835823,2469000,1
120.922,7,120919302823,2469000,1
120.922,12,120919302823,2469000,1
120.924,6,120921832823,2496006,0
120.927,9,120924373829,2469000,1
120.927,16,120924373829,2469000,1
120.929,3,120926840829,2496006,0
120.932,18,120929363835,2496006,0
120.934,3,120931895841,2496006,0
120.937,9,120934445847,2496006,0
120.939,18,120936968853,2469000,1
120.939,22,120936968853,2469000,1
120.939,8,120936968853,2469000,1
120.942,6,120939453853,2496006,0
120.944,3,120941976859,2469000,1
120.944,18,120941976859,2469000,1
120.947,6,120944443859,2496006,0
120.949,15,120946975865,2469000,1
120.949,21,120946975865,2469000,1
120.949,7,120946975865,2469000,1
120.952,9,120949442865,2496006,0
120.954,5,120951974871,2469000,1
120.954,1,120951974871,2469000,1
120.957,8,120954450871,2496006,0
120.959,9,120956991877,2496006,0
120.962,17,120959523883,2496006,0
120.965,6,120962046889,2496006,0
120.967,8,120964569895,2469000,1
120.967,16,120964569895,2469000,1
120.97,3,120967036895,2496006,0
120.972,3,120969604901,2469000,1
120.972,6,120969604901,2469000,1
120.975,9,120972071901,2496006,0
120.977,17,120974612907,2469000,1
120.977,9,120974612907,2469000,1
120.98,9,120977088907,2496006,0
120.982,3,120979924913,2496006,0
120.985,17,120982465919,2496006,0
120.987,16,120984997925,2496006,0
120.99,9,120987520931,2469000,1
120.992,1,120989996931,2496006,0
120.995,3,120992528937,2496006,0
120.998,17,120995051943,2469000,1
121,3,120997527943,2496006,0
121.003,23,121000050949,2469000,1
121.005,17,121002517949,2496006,0
121.008,1,121005040955,2469000,1
121.008,17,121005040955,2469000,1
121.01,9,121007507955,2469000,1
121.013,8,121010289961,2469000,1
121.013,17,121010289961,2469000,1
121.015,16,121012756961,2496006,0
121.018,18,121015288967,2496006,0
121.02,21,121017820973,2469000,1
121.02,6,121017820973,2469000,1
121.023,16,121020305973,2496006,0
121.025,3,121022828979,2496006,0
121.028,7,121025360985,2496006,0
121.03,7,121027892991,2496006,0
121.033,7,121030433997,2496006,0
121.035,18,121032957003,2496006,0
121.038,8,121035489009,2496006,0
121.04,1,121038021015,2469000,1
121.04,16,121038021015,2469000,1
121.043,3,121040488015,2469000,1
121.043,11,121040488015,2469000,1
121.045,8,121042991015,2496006,0
121.048,18,121045523021,2469000,1
121.048,11,121045523021,2469000,1
121.048,8,121045523021,2469000,1
121.05,4,121047990021,2469000,1
121.05,7,121047990021,2469000,1
121.05,8,121047992021,2469000,1
121.053,16,121050504021,2496006,0
121.056,6,121053027027,2496006,0
121.058,10,121055559033,2469000,1
121.058,18,121055559033,2469000,1
121.061,7,121058044033,2496006,0
121.063,16,121060567039,2496006,0
121.066,2,121063090045,2469000,1
121.066,3,121063090045,2469000,1
121.068,9,121065584045,2469000,1
121.068,17,121065584045,2469000,1
121.071,6,121068069045,2496006,0
121.073,7,121070601051,2469000,1
121.073,11,121070601051,2469000,1
121.073,6,121070601051,2469000,1
121.076,18,121073068051,2496006,0
121.078,16,121075627057,2496006,0
121.081,21,121078177063,2496006,0
121.083,15,121080700069,2496006,0
121.086,18,121083536075,2496006,0
121.089,7,121086068081,2496006,0
121.091,21,121088591087,2496006,0
121.094,16,121091123093,2496006,0
121.096,18,121093664099,2469000,1
121.096,15,121093664099,2469000,1
121.096,16,121093664099,2469000,1
121.099,6,121096131099,2496006,0
121.101,7,121098663105,2496006,0
121.104,21,121101195111,2469000,1
121.104,9,121101195111,2469000,1
121.106,18,121103680111,2496006,0
121.109,7,121106203117,2496006,0
121.111,3,121108735123,2496006,0
121.114,1,121111571129,2469000,1
121.114,15,121111571129,2469000,1
121.117,6,121114038129,2469000,1
121.117,3,121114038129,2469000,1
121.119,11,121116505129,2496006,0
121.122,16,121119037135,2496006,0
121.124,7,121121569141,2469000,1
121.124,8,121121569141,2469000,1
121.124,11,121121569141,2469000,1
121.127,6,121124045141,2496006,0
121.129,3,121126568147,2496006,0
121.132,21,121129091153,2496006,0
121.134,18,121131623159,2496006,0
121.137,3,121134146165,2469000,1
121.139,6,121136613165,2469000,1
121.139,18,121136613165,2469000,1
121.142,15,121139080165,2496006,0
121.144,3,121141612171,2469000,1
121.144,18,121141612171,2469000,1
121.147,6,121144079171,2496006,0
121.149,16,121146611177,2496006,0
121.152,21,121149152183,2496006,0
121.154,6,121151684189,2496006,0
121.157,15,121154207195,2496006,0
121.159,6,121156757201,2496006,0
121.162,15,121159289207,2496006,0
121.164,16,121161812213,2496006,0
121.167,6,121164335219,2469000,1
121.167,16,121164335219,2469000,1
121.169,21,121166802219,2496006,0
121.172,16,121169325225,2496006,0
121.174,7,121171848231,2496006,0
121.177,11,121174371237,2496006,0
121.179,21,121176903243,2469000,1
121.179,12,121176903243,2469000,1
121.182,16,121179379243,2496006,0
121.184,3,121181902249,2496006,0
121.187,7,121184747255,2496006,0
121.19,14,121187288261,2469000,1
121.19,15,121187288261,2469000,1
121.19,11,121187288261,2469000,1
121.192,11,121189764261,2496006,0
121.195,3,121192296267,2496006,0
121.197,21,121194819273,2496006,0
121.2,16,121197342279,2496006,0
121.202,18,121199865285,2496006,0
121.205,6,121202388291,2496006,0
121.21,11,121207443303,2469000,1
121.21,7,121207443303,2469000,1
121.212,16,121209919303,2496006,0
121.215,16,121212442309,2496006,0
121.218,6,121215278315,2469000,1
121.218,18,121215278315,2469000,1
121.218,7,121215278315,2469000,1
121.22,3,121217754315,2496006,0
121.223,18,121220277321,2496006,0
121.225,21,121222818327,2496006,0
121.228,16,121225341333,2469000,1
121.228,21,121225341333,2469000,1
121.23,3,121227808333,2469000,1
121.23,16,121227810333,2469000,1
121.233,15,121230277333,2469000,1
121.233,7,121230277333,2469000,1
121.235,1,121232744333,2496006,0
121.238,1,121235267339,2496006,0
121.24,1,121237790345,2496006,0
121.243,18,121240340351,2496006,0
121.245,11,121242881357,2469000,1
121.245,3,121242881357,2469000,1
121.248,17,121245348357,2496006,0
121.25,18,121247880363,2469000,1
121.25,21,121247880363,2469000,1
121.253,1,121250356363,2496006,0
121.255,6,121252888369,2496006,0
121.258,7,121255411375,2496006,0
121.26,21,121257934381,2496006,0
121.263,7,121260457387,2496006,0
121.265,11,121262980393,2496006,0
121.268,5,121265503399,2469000,1
121.268,11,121265503399,2469000,1
121.27,17,121267997399,2496006,0
121.273,1,121270529405,2496006,0
121.276,11,121273052411,2496006,0
121.278,11,121275584417,2496006,0
121.281,18,121278116423,2469000,1
121.281,6,121278116423,2469000,1
121.281,21,121278116423,2469000,1
121.283,1,121280592423,2469000,1
121.286,7,121283059423,2496006,0
121.288,16,121285591429,2496006,0
121.291,17,121288454435,2469000,1
121.291,11,121288454435,2469000,1
121.293,8,121290921435,2496006,0
121.296,18,121293507441,2469000,1
121.296,7,121293507441,2469000,1
121.298,16,121295983441,2496006,0
121.301,6,121298506447,2496006,0
121.304,1,121301029453,2496006,0
121.306,11,121303552459,2496006,0
121.309,15,121306075465,2496006,0
121.311,8,121308607471,2469000,1
121.311,1,121308607471,2469000,1
121.314,6,121311074471,2496006,0
121.316,16,121313597477,2469000,1
121.316,15,121313597477,2469000,1
121.319,6,121316377483,2496006,0
121.321,21,121318909489,2496006,0
121.324,11,121321432495,2496006,0
121.326,6,121323955501,2469000,1
121.326,21,121323955501,2469000,1
121.329,17,121326431501,2496006,0
121.331,7,121328954507,2496006,0
121.334,3,121331504513,2496006,0
121.337,16,121334027519,2496006,0
121.339,23,121336550525,2469000,1
121.339,3,121336550525,2469000,1
121.342,17,121339026525,2496006,0
121.344,11,121341549531,2469000,1
121.344,21,121341549531,2469000,1
121.347,7,121344034531,2496006,0
121.349,7,121346566537,2496006,0
121.352,6,121349089543,2469000,1
121.352,7,121349089543,2469000,1
121.354,19,121351556543,2496006,0
121.357,15,121354079549,2496006,0
121.359,1,121356602555,2469000,1
121.359,16,121356602555,2469000,1
121.362,6,121359078555,2496006,0
121.364,17,121361601561,2496006,0
121.367,8,121364124567,2469000,1
121.367,3,121364124567,2469000,1
121.369,7,121366591567,2496006,0
121.372,20,121369114573,2496006,0
121.374,17,121371646579,2496006,0
121.377,9,121374169585,2469000,1
121.377,11,121374169585,2469000,1
121.377,15,121374169585,2469000,1
121.377,20,121374169585,2469000,1
121.379,17,121376645585,2496006,0
121.382,19,121379177591,2496006,0
121.384,13,121381709597,2496006,0
121.387,7,121384232603,2496006,0
121.389,6,121386755609,2469000,1
121.389,19,121386755609,2469000,1
121.392,15,121389553615,2496006,0
121.395,15,121392076621,2496006,0
121.397,17,121394599627,2496006,0
121.4,15,121397158633,2469000,1
121.4,13,121397158633,2469000,1
121.4,20,121397158633,2469000,1
121.402,16,121399625633,2469000,1
121.402,3,121399625633,2469000,1
121.405,7,121402110633,2469000,1
121.405,13,121402110633,2469000,1
121.407,17,121404586633,2469000,1
121.407,8,121404586633,2469000,1
121.41,16,121407116633,2496006,0
121.412,6,121409639639,2469000,1
121.412,16,121409639639,2469000,1
121.415,19,121412106639,2496006,0
121.417,1,121414656645,2469000,1
121.417,19,121414656645,2469000,1
121.42,17,121417123645,2496006,0
121.422,21,121419968651,2469000,1
121.422,15,121419968651,2469000,1
121.427,20,121424985657,2496006,0
121.43,12,121427508663,2496006,0
121.433,7,121430049669,2496006,0
121.435,7,121432590675,2496006,0
121.438,6,121435113681,2496006,0
121.44,17,121437636687,2496006,0
121.443,16,121440159693,2496006,0
121.445,11,121442682699,2469000,1
121.445,19,121442682699,2469000,1
121.448,12,121445167699,2469000,1
121.448,20,121445167699,2469000,1
121.45,7,121447634699,2496006,0
121.453,6,121450157705,2496006,0
121.455,20,121452680711,2496006,0
121.458,20,121455203717,2496006,0
121.46,16,121457735723,2496006,0
121.463,18,121460258729,2469000,1
121.463,16,121460258729,2469000,1
121.465,13,121462725729,2496006,0
121.468,7,121465266735,2469000,1
121.468,17,121465266735,2469000,1
121.47,20,121467733735,2469000,1
121.47,6,121467733735,2469000,1
121.47,8,121467733735,2469000,1
121.473,13,121470236735,2469000,1
121.473,15,121470236735,2469000,1
121.475,16,121472712735,2496006,0
121.478,20,121475289741,2496006,0
121.48,12,121477812747,2469000,1
121.48,17,121477812747,2469000,1
121.483,7,121480288747,2469000,1
121.485,16,121482755747,2496006,0
121.488,21,121485278753,2496006,0
121.49,11,121487801759,2469000,1
121.49,21,121487801759,2469000,1
121.493,13,121490268759,2469000,1
121.493,21,121490270759,2469000,1
121.496,1,121493050765,2469000,1
121.496,7,121493050765,2469000,1
121.498,16,121495517765,2469000,1
121.498,20,121495517765,2469000,1
121.501,6,121498020765,2496006,0
121.503,13,121500561771,2496006,0
121.506,13,121503129777,2469000,1
121.506,6,121503129777,2469000,1
121.508,19,121505614777,2496006,0
121.511,8,121508146783,2496006,0
121.513,20,121510687789,2496006,0
121.516,3,121513228795,2496006,0
121.518,20,121515760801,2496006,0
121.521,19,121518283807,2469000,1
121.521,3,121518283807,2469000,1
121.524,8,121521063813,2469000,1
121.524,19,121521063813,2469000,1
121.526,16,121523530813,2496006,0
121.529,17,121526062819,2496006,0
121.531,12,121528612825,2469000,1
121.534,8,121531088825,2496006,0
121.536,20,121533620831,2496006,0
121.539,13,121536152837,2496006,0
121.541,13,121538684843,2496006,0
121.544,16,121541207849,2496006,0
121.546,6,121543730855,2496006,0
121.549,20,121546253861,2469000,1
121.549,6,121546253861,2469000,1
121.551,17,121548720861,2496006,0
121.554,20,121551243867,2469000,1
121.554,6,121551243867,2469000,1
121.556,8,121553746867,2496006,0
121.559,16,121556287873,2469000,1
121.559,21,121556287873,2469000,1
121.559,17,121556287873,2469000,1
121.559,20,121556287873,2469000,1
121.561,3,121558754873,2496006,0
121.564,8,121561277879,2496006,0
121.566,13,121563800885,2496006,0
121.569,16,121566323891,2496006,0
121.571,3,121568846897,2496006,0
121.574,17,121571414903,2496006,0
121.576,8,121573937909,2496006,0
121.581,16,121579001921,2496006,0
121.584,17,121581524927,2469000,1
121.584,3,121581524927,2469000,1
121.584,6,121581524927,2469000,1
121.584,13,121581524927,2469000,1
121.587,8,121584036927,2496006,0
121.589,16,121586559933,2496006,0
121.592,16,121589127939,2469000,1
121.592,19,121589127939,2469000,1
121.594,8,121591612939,2469000,1
121.594,13,121591612939,2469000,1
121.597,3,121594401945,2496006,0
121.599,3,121596924951,2496006,0
121.602,15,121599456957,2469000,1
121.602,3,121599456957,2469000,1
121.604,16,121601932957,2496006,0
121.607,17,121604455963,2496006,0
121.609,17,121606987969,2496006,0
121.612,16,121609519975,2496006,0
121.615,17,121612060981,2496006,0
121.617,10,121614583987,2496006,0
121.62,17,121617115993,2469000,1
121.622,12,121619609993,2496006,0
121.625,10,121622132999,2496006,0
121.627,7,121624978005,2496006,0
121.63,21,121627519011,2469000,1
121.63,6,121627519011,2469000,1
121.63,16,121627519011,2469000,1
121.632,8,121629986011,2496006,0
121.635,12,121632509017,2496006,0
121.638,13,121635032023,2469000,1
121.638,16,121635032023,2469000,1
121.638,8,121635032023,2469000,1
121.64,7,121637508023,2496006,0
121.643,3,121640040029,2496006,0
121.645,12,121642563035,2496006,0
121.648,10,121645095041,2496006,0
121.65,17,121647618047,2496006,0
121.653,13,121650159053,2496006,0
121.655,12,121652682059,2496006,0
121.658,18,121655214065,2496006,0
121.66,3,121657737071,2469000,1
121.66,7,121657737071,2469000,1
121.663,17,121660204071,2469000,1
121.663,11,121660204071,2469000,1
121.665,12,121662680071,2469000,1
121.665,10,121662680071,2469000,1
121.668,5,121665147071,2469000,1
121.668,8,121665147071,2469000,1
121.67,13,121667623071,2496006,0
121.673,20,121670146077,2469000,1
121.673,16,121670146077,2469000,1
121.675,3,121672622077,2496006,0
121.678,8,121675145083,2496006,0
121.68,10,121677668089,2496006,0
121.683,18,121680209095,2496006,0
121.685,8,121682732101,2469000,1
121.685,10,121682732101,2469000,1
121.685,18,121682732101,2469000,1
121.688,19,121685199101,2496006,0
121.69,17,121687731107,2469000,1
121.69,8,121687731107,2469000,1
121.693,13,121690207107,2496006,0
121.695,13,121692748113,2496006,0
121.698,13,121695271119,2496006,0
121.701,3,121698107125,2496006,0
121.703,23,121700630131,2469000,1
121.703,12,121700630131,2469000,1
121.706,9,121703106131,2469000,1
121.706,19,121703106131,2469000,1
121.708,18,121705582131,2496006,0
121.711,7,121708105137,2496006,0
121.713,13,121710628143,2496006,0
121.716,3,121713160149,2496006,0
121.721,18,121718224161,2496006,0
121.723,13,121720747167,2469000,1
121.723,10,121720747167,2469000,1
121.726,19,121723214167,2496006,0
121.729,7,121726050173,2496006,0
121.731,3,121728582179,2469000,1
121.731,19,121728582179,2469000,1
121.734,20,121731058179,2496006,0
121.736,18,121733599185,2496006,0
121.739,1,121736131191,2469000,1
121.739,7,121736131191,2469000,1
121.741,16,121738607191,2496006,0
121.744,2,121741130197,2496006,0
121.746,3,121743662203,2496006,0
121.749,20,121746185209,2469000,1
121.749,7,121746185209,2469000,1
121.749,16,121746185209,2469000,1
121.751,18,121748652209,2496006,0
121.754,19,121751184215,2496006,0
121.756,19,121753707221,2496006,0
121.759,3,121756230227,2496006,0
121.761,18,121758762233,2496006,0
121.764,19,121761294239,2496006,0
121.766,17,121763817245,2469000,1
121.766,16,121763817245,2469000,1
121.769,10,121766284245,2496006,0
121.771,2,121768807251,2496006,0
121.774,18,121771339257,2469000,1
121.774,13,121771339257,2469000,1
121.776,2,121773806257,2496006,0
121.779,3,121776329263,2496006,0
121.781,18,121778852269,2496006,0
121.784,8,121781375275,2496006,0
121.786,12,121783898281,2469000,1
121.786,2,121783898281,2469000,1
121.789,19,121786365281,2469000,1
121.791,20,121788859281,2469000,1
121.791,10,121788859281,2469000,1
121.794,3,121791326281,2496006,0
121.796,16,121793849287,2496006,0
121.799,8,121796381293,2496006,0
121.802,20,121799226299,2469000,1
121.802,16,121799226299,2469000,1
121.804,3,121801693299,2469000,1
121.804,18,121801693299,2469000,1
121.804,8,121801693299,2469000,1
121.807,2,121804178299,2496006,0
121.809,3,121806710305,2496006,0
121.812,8,121809251311,2496006,0
121.814,10,121811819317,2496006,0
121.817,3,121814342323,2496006,0
121.819,2,121816883329,2496006,0
121.822,8,121819406335,2496006,0
121.824,2,121821929341,2496006,0
121.827,19,121824452347,2496006,0
121.829,18,121826975353,2496006,0
121.832,10,121829820359,2496006,0
121.835,13,121832343365,2496006,0
121.837,18,121834866371,2496006,0
121.84,8,121837389377,2469000,1
121.84,3,121837389377,2469000,1
121.842,16,121839856377,2496006,0
121.845,10,121842388383,2469000,1
121.845,2,121842388383,2469000,1
121.847,7,121844873383,2469000,1
121.847,2,121844873383,2469000,1
121.85,17,121847340383,2496006,0
121.852,19,121849872389,2496006,0
121.855,16,121852395395,2496006,0
121.86,13,121857441407,2496006,0
121.862,8,121859973413,2469000,1
121.862,3,121859973413,2469000,1
121.865,17,121862440413,2469000,1
121.865,18,121862440413,2469000,1
121.867,8,121864907413,2496006,0
121.87,16,121867439419,2496006,0
121.872,20,121869962425,2469000,1
121.872,10,121869962425,2469000,1
121.872,16,121869962425,2469000,1
121.875,19,121872456425,2469000,1
121.875,13,121872456425,2469000,1
121.877,8,121874986425,2496006,0
121.88,3,121877509431,2496006,0
121.883,17,121880041437,2469000,1
121.883,8,121880041437,2469000,1
121.885,19,121882535437,2496006,0
121.888,18,121885076443,2496006,0
121.89,8,121887608449,2496006,0
121.893,13,121890140455,2496006,0
121.895,18,121892672461,2469000,1
121.895,3,121892672461,2469000,1
121.895,13,121892672461,2469000,1
121.898,19,121895148461,2469000,1
121.898,16,121895148461,2469000,1
121.898,3,121895148461,2469000,1
121.9,23,121897615461,2496006,0
121.903,8,121900138467,2496006,0
121.905,17,121902983473,2496006,0
121.908,2,121905506479,2496006,0
121.911,8,121908038485,2496006,0
121.913,23,121910561491,2496006,0
121.916,20,121913084497,2496006,0
121.921,23,121918130509,2496006,0
121.923,17,121920662515,2469000,1
121.923,18,121920662515,2469000,1
121.923,20,121920662515,2469000,1
121.926,20,121923131515,2496006,0
121.928,8,121925654521,2469000,1
121.928,13,121925654521,2469000,1
121.931,17,121928121521,2496006,0
121.933,13,121930957527,2496006,0
121.936,7,121933498533,2496006,0
121.938,2,121936021539,2469000,1
121.938,23,121936021539,2469000,1
121.941,19,121938488539,2496006,0
121.943,21,121941011545,2469000,1
121.943,20,121941011545,2469000,1
121.943,7,121941011545,2469000,1
121.946,17,121943478545,2496006,0
121.949,19,121946010551,2496006,0
121.951,10,121948560557,2496006,0
121.954,13,121951083563,2469000,1
121.954,20,121951083563,2469000,1
121.956,17,121953550563,2496006,0
121.959,8,121956073569,2496006,0
121.961,2,121958605575,2496006,0
121.964,23,121961128581,2496006,0
121.966,10,121963660587,2496006,0
121.969,8,121966183593,2469000,1
121.969,13,121966183593,2469000,1
121.971,12,121968650593,2496006,0
121.974,17,121971173599,2469000,1
121.974,19,121971173599,2469000,1
121.976,2,121973640599,2469000,1
121.976,10,121973640599,2469000,1
121.979,23,121976107599,2496006,0
121.981,15,121978630605,2469000,1
121.981,6,121978630605,2469000,1
121.981,3,121978630605,2469000,1
121.981,17,121978630605,2469000,1
121.984,23,121981097605,2496006,0
121.986,23,121983665611,2469000,1
121.986,3,121983665611,2469000,1
121.989,7,121986132611,2496006,0
121.991,12,121988655617,2469000,1
121.994,16,121991122617,2496006,0
121.996,2,121993654623,2496006,0
121.999,10,121996186629,2496006,0
122.001,18,121998709635,2469000,1
122.001,8,121998709635,2469000,1
122.004,7,122001176635,2496006,0
122.007,6,122004039641,2496006,0
122.009,16,122006571647,2496006,0
122.012,6,122009094653,2496006,0
122.014,2,122011617659,2469000,1
122.014,16,122011617659,2469000,1
122.014,6,122011617659,2469000,1
122.017,20,122014102659,2469000,1
122.017,10,122014102659,2469000,1
122.019,10,122016571659,2496006,0
122.022,13,122019094665,2469000,1
122.022,19,122019094665,2469000,1
122.022,12,122019094665,2469000,1
122.024,7,122021570665,2496006,0
122.027,10,122024111671,2496006,0
122.029,7,122026643677,2496006,0
122.032,23,122029175683,2496006,0
122.034,23,122031716689,2496006,0
122.037,7,122034579695,2496006,0
122.04,10,122037111701,2496006,0
122.042,23,122039634707,2469000,1
122.042,16,122039634707,2469000,1
122.042,19,122039634707,2469000,1
122.045,6,122042110707,2469000,1
122.045,19,122042110707,2469000,1
122.047,7,122044595707,2496006,0
122.05,2,122047136713,2469000,1
122.05,7,122047136713,2469000,1
122.052,17,122049612713,2496006,0
122.057,18,122054667725,2469000,1
122.057,23,122054667725,2469000,1
122.057,17,122054667725,2469000,1
122.06,10,122057134725,2496006,0
122.062,10,122059657731,2496006,0
122.065,8,122062180737,2496006,0
122.067,20,122064712743,2496006,0
122.07,12,122067244749,2469000,1
122.07,23,122067244749,2469000,1
122.07,8,122067244749,2469000,1
122.072,10,122069711749,2496006,0
122.075,10,122072243755,2496006,0
122.077,20,122074802761,2496006,0
122.08,1,122077334767,2496006,0
122.082,17,122079857773,2469000,1
122.082,23,122079857773,2469000,1
122.082,1,122079857773,2469000,1
122.085,10,122082351773,2496006,0
122.087,20,122084874779,2496006,0
122.09,7,122087397785,2496006,0
122.092,10,122089947791,2496006,0
122.095,10,122092479797,2496006,0
122.098,8,122095020803,2496006,0
122.1,20,122097543809,2469000,1
122.1,10,122097543809,2469000,1
122.103,1,122100019809,2496006,0
122.105,1,122102542815,2496006,0
122.108,8,122105065821,2469000,1
122.108,7,122105065821,2469000,1
122.11,10,122107845827,2469000,1
122.11,8,122107845827,2469000,1
122.113,2,122110330827,2496006,0
122.115,6,122112853833,2496006,0
122.118,20,122115376839,2469000,1
122.12,1,122117852839,2496006,0
122.123,17,122120384845,2496006,0
122.125,2,122122907851,2469000,1
122.125,1,122122907851,2469000,1
122.128,16,122125374851,2496006,0
122.13,12,122127897857,2496006,0
122.133,17,122130420863,2469000,1
122.133,16,122130420863,2469000,1
122.133,12,122130420863,2469000,1
122.135,2,122132914863,2496006,0
122.138,7,122135750869,2496006,0
122.141,6,122138282875,2469000,1
122.141,7,122138282875,2469000,1
122.143,1,122140803875,2469000,1
122.143,6,122140803875,2469000,1
122.146,2,122143288875,2496006,0
122.148,2,122145811881,2496006,0
122.151,7,122148334887,2496006,0
122.153,13,122150857893,2469000,1
122.153,2,122150857893,2469000,1
122.156,17,122153351893,2469000,1
122.156,16,122153351893,2469000,1
122.158,20,122155827893,2496006,0
122.161,2,122158359899,2496006,0
122.163,10,122160882905,2496006,0
122.166,7,122163414911,2496006,0
122.168,12,122165937917,2496006,0
122.171,23,122168469923,2469000,1
122.171,1,122168469923,2469000,1
122.171,16,122168469923,2469000,1
122.173,2,122170954923,2469000,1
122.176,20,122173430923,2496006,0
122.178,6,122175962929,2496006,0
122.181,7,122178485935,2496006,0
122.183,10,122181008941,2469000,1
122.183,12,122181008941,2469000,1
122.186,8,122183484941,2496006,0
122.189,16,122186034947,2469000,1
122.189,2,122186034947,2469000,1
122.189,12,122186034947,2469000,1
122.191,6,122188510947,2469000,1
122.191,7,122188510947,2469000,1
122.193,7,122190986947,2496006,0
122.196,20,122193509953,2496006,0
122.199,8,122196050959,2496006,0
122.201,8,122198591965,2496006,0
122.204,20,122201114971,2469000,1
122.204,8,122201114971,2469000,1
122.206,7,122203590971,2496006,0
122.209,7,122206113977,2496006,0
122.211,6,122208949983,2496006,0
122.214,8,122211472989,2496006,0
122.216,6,122213995995,2496006,0
122.219,6,122216537001,2496006,0
122.222,10,122219087007,2469000,1
122.222,20,122219087007,2469000,1
122.224,7,122221554007,2496006,0
122.227,20,122224086013,2469000,1
122.229,6,122226571013,2469000,1
122.229,14,122226571013,2469000,1
122.232,8,122229038013,2496006,0
122.237,17,122234129025,2496006,0
122.239,14,122236652031,2496006,0
122.242,10,122239488037,2469000,1
122.242,7,122239488037,2469000,1
122.244,14,122241982037,2496006,0
122.247,8,122244505043,2496006,0
122.25,3,122247037049,2469000,1
122.25,13,122247037049,2469000,1
122.25,8,122247037049,2469000,1
122.252,2,122249558049,2469000,1
122.252,17,122249558049,2469000,1
122.255,6,122252025049,2496006,0
122.257,10,122254548055,2496006,0
122.26,18,122257071061,2496006,0
122.262,12,122259594067,2469000,1
122.262,18,122259594067,2469000,1
122.265,14,122262061067,2496006,0
122.267,20,122264584073,2496006,0
122.27,20,122267107079,2496006,0
122.272,10,122269630085,2469000,1
122.272,8,122269630085,2469000,1
122.275,2,122272097085,2496006,0
122.277,17,122274629091,2469000,1
122.277,20,122274629091,2469000,1
122.28,6,122277096091,2496006,0
122.282,7,122279619097,2469000,1
122.282,18,122279619097,2469000,1
122.285,19,122282086097,2469000,1
122.285,10,122282086097,2469000,1
122.287,7,122284571097,2496006,0
122.29,14,122287094103,2496006,0
122.295,14,122292149115,2496006,0
122.297,2,122294681121,2496006,0
122.3,14,122297204127,2496006,0
122.302,17,122299736133,2469000,1
122.302,6,122299736133,2469000,1
122.305,12,122302203133,2469000,1
122.305,8,122302203133,2469000,1
122.307,11,122304670133,2496006,0
122.31,14,122307193139,2496006,0
122.312,7,122309743145,2496006,0
122.315,6,122312588151,2496006,0
122.318,2,122315129157,2469000,1
122.318,6,122315129157,2469000,1
122.32,18,122317596157,2496006,0
122.323,14,122320137163,2469000,1
122.323,11,122320137163,2469000,1
122.325,20,122322604163,2496006,0
122.328,6,122325145169,2496006,0
122.33,7,122327686175,2469000,1
122.33,2,122327686175,2469000,1
122.333,1,122330162175,2496006,0
122.335,18,122332685181,2496006,0
122.338,11,122335226187,2496006,0
122.34,20,122337749193,2496006,0
122.343,20,122340603199,2496006,0
122.346,10,122343126205,2469000,1
122.346,6,122343126205,2469000,1
122.351,18,122348116211,2469000,1
122.351,1,122348116211,2469000,1
122.351,22,122348116211,2469000,1
122.351,6,122348116211,2469000,1
122.353,1,122350585211,2496006,0
122.356,20,122353126217,2496006,0
122.358,10,122355649223,2496006,0
122.361,14,122358172229,2496006,0
122.363,14,122360695235,2496006,0
122.366,11,122363227241,2496006,0
122.368,20,122365768247,2496006,0
122.371,4,122368291253,2496006,0
122.373,14,122370823259,2496006,0
122.376,7,122373346265,2496006,0
122.378,17,122375869271,2469000,1
122.378,1,122375869271,2469000,1
122.381,4,122378336271,2469000,1
122.381,20,122378336271,2469000,1
122.381,11,122378336271,2469000,1
122.383,18,122380812271,2496006,0
122.386,10,122383335277,2496006,0
122.388,16,122385867283,2469000,1
122.388,18,122385867283,2469000,1
122.391,23,122388352283,2469000,1
122.391,2,122388352283,2469000,1
122.393,8,122390837283,2469000,1
122.393,11,122390837283,2469000,1
122.396,14,122393304283,2496006,0
122.398,7,122395827289,2469000,1
122.398,1,122395827289,2469000,1
122.401,4,122398303289,2469000,1
122.401,7,122398303289,2469000,1
122.403,14,122400779289,2496006,0
122.406,10,122403302295,2496006,0
122.408,20,122405834301,2496006,0
122.413,2,122410880313,2469000,1
122.413,7,122410880313,2469000,1
122.416,4,122413669319,2496006,0
122.419,18,122416201325,2496006,0
122.421,18,122418724331,2496006,0
122.424,6,122421247337,2469000,1
122.424,4,122421247337,2469000,1
122.426,20,122423714337,2469000,1
122.426,10,122423714337,2469000,1
122.426,14,122423714337,2469000,1
122.429,4,122426208337,2496006,0
122.431,1,122428731343,2469000,1
122.431,4,122428731343,2469000,1
122.434,11,122431198343,2496006,0
122.436,18,122433739349,2496006,0
122.439,21,122436280355,2496006,0
122.441,11,122438803361,2496006,0
122.444,21,122441335367,2496006,0
122.447,4,122444189373,2496006,0
122.449,10,122446712379,2496006,0
122.452,20,122449235385,2496006,0
122.454,11,122451758391,2496006,0
122.457,21,122454281397,2469000,1
122.457,20,122454281397,2469000,1
122.459,18,122456757397,2496006,0
122.462,11,122459280403,2469000,1
122.462,20,122459280403,2469000,1
122.464,9,122461747403,2496006,0
122.467,14,122464270409,2496006,0
122.469,8,122466811415,2496006,0
122.472,17,122469343421,2469000,1
122.472,21,122469343421,2469000,1
122.472,18,122469343421,2469000,1
122.474,4,122471819421,2469000,1
122.474,10,122471819421,2469000,1
122.477,3,122474286421,2496006,0
122.482,8,122479359433,2496006,0
122.484,9,122481882439,2496006,0
122.487,14,122484414445,2496006,0
122.489,11,122486973451,2496006,0
122.492,3,122489505457,2496006,0
122.495,9,122492037463,2469000,1
122.495,11,122492037463,2469000,1
122.495,3,122492037463,2469000,1
122.497,10,122494504463,2496006,0
122.499,14,122497027469,2469000,1
122.499,18,122497027469,2469000,1
122.499,8,122497027469,2469000,1
122.502,4,122499503469,2496006,0
122.505,7,122502035475,2496006,0
122.507,8,122504567481,2496006,0
122.51,4,122507090487,2469000,1
122.51,20,122507090487,2469000,1
122.51,9,122507090487,2469000,1
122.512,7,122509557487,2496006,0
122.515,8,122512098493,2496006,0
122.517,6,122514621499,2469000,1
122.517,20,122514621499,2469000,1
122.52,10,122517401505,2496006,0
122.522,18,122519924511,2496006,0
122.525,14,122522447517,2496006,0
122.527,8,122524988523,2496006,0
122.53,4,122527511529,2469000,1
122.53,8,122527511529,2469000,1
122.532,3,122529987529,2496006,0
122.535,10,122532519535,2469000,1
122.535,7,122532519535,2469000,1
122.537,3,122534995535,2496006,0
122.54,12,122537527541,2469000,1
122.54,18,122537527541,2469000,1
122.542,11,122540012541,2469000,1
122.542,14,122540012541,2469000,1
122.548,13,122545315547,2496006,0
122.55,21,122547883553,2496006,0
122.553,3,122550424559,2496006,0
122.555,9,122552965565,2496006,0
122.558,8,122555488571,2496006,0
122.561,4,122558011577,2496006,0
122.563,13,122560543583,2496006,0
122.566,7,122563075589,2496006,0
122.568,10,122565598595,2496006,0
122.571,4,122568121601,2469000,1
122.571,9,122568121601,2469000,1
122.571,21,122568121601,2469000,1
122.573,3,122570588601,2469000,1
122.573,21,122570590601,2469000,1
122.576,7,122573057601,2496006,0
122.578,18,122575580607,2496006,0
122.581,10,122578103613,2469000,1
122.581,6,122578103613,2469000,1
122.583,13,122580570613,2469000,1
122.583,18,122580570613,2469000,1
122.586,13,122583039613,2496006,0
122.588,8,122585580619,2496006,0
122.591,7,122588103625,2469000,1
122.591,1,122588103625,2469000,1
122.591,14,122588103625,2469000,1
122.593,4,122590579625,2496006,0
122.596,7,122593102631,2496006,0
122.598,10,122595634637,2496006,0
122.601,14,122598157643,2496006,0
122.603,11,122600680649,2469000,1
122.603,21,122600680649,2469000,1
122.603,8,122600680649,2469000,1
122.606,13,122603147649,2469000,1
122.606,8,122603149649,2469000,1
122.608,4,122605616649,2469000,1
122.608,9,122605616649,2469000,1
122.608,18,122605616649,2469000,1
122.611,4,122608101649,2496006,0
122.613,7,122610633655,2496006,0
122.618,10,122615679667,2469000,1
122.618,4,122615679667,2469000,1
122.621,10,122618459673,2496006,0
122.623,14,122620982679,2496006,0
122.626,7,122623505685,2496006,0
122.629,10,122626037691,2496006,0
122.631,3,122628560697,2496006,0
122.634,8,122631083703,2496006,0
122.636,7,122633615709,2496006,0
122.639,8,122636156715,2496006,0
122.641,18,122638679721,2496006,0
122.644,14,122641202727,2496006,0
122.646,8,122643743733,2469000,1
122.646,3,122643743733,2469000,1
122.649,13,122646219733,2496006,0
122.652,18,122649055739,2469000,1
122.652,10,122649055739,2469000,1
122.654,7,122651531739,2496006,0
122.657,4,122654054745,2496006,0
122.659,9,122656577751,2496006,0
122.662,10,122659100757,2496006,0
122.664,14,122661641763,2496006,0
122.667,4,122664173769,2469000,1
122.667,13,122664173769,2469000,1
122.669,6,122666658769,2496006,0
122.672,7,122669181775,2496006,0
122.674,9,122671713781,2469000,1
122.674,18,122671713781,2469000,1
122.677,20,122674180781,2469000,1
122.677,9,122674182781,2469000,1
122.679,8,122676649781,2496006,0
122.682,6,122679181787,2496006,0
122.684,10,122681704793,2496006,0
122.687,7,122684227799,2469000,1
122.687,14,122684227799,2469000,1
122.689,3,122686703799,2469000,1
122.689,4,122686703799,2469000,1
122.692,8,122689188799,2496006,0
122.697,6,122694234811,2496006,0
122.699,15,122696775817,2469000,1
122.699,6,122696775817,2469000,1
122.702,10,122699269817,2496006,0
122.704,6,122701801823,2496006,0
122.707,13,122704324829,2496006,0
122.709,6,122706847835,2496006,0
122.712,8,122709370841,2496006,0
122.714,6,122711893847,2496006,0
122.717,8,122714425853,2496006,0
122.719,7,122716957859,2469000,1
122.719,4,122716957859,2469000,1
122.722,13,122719433859,2496006,0
122.725,10,122722278865,2496006,0
122.727,8,122724810871,2469000,1
122.727,14,122724810871,2469000,1
122.73,6,122727286871,2496006,0
122.732,2,122729818877,2469000,1
122.732,6,122729818877,2469000,1
122.735,13,122732303877,2496006,0
122.737,21,122734835883,2469000,1
122.737,10,122734835883,2469000,1
122.74,8,122737302883,2469000,1
122.74,6,122737302883,2469000,1
122.742,9,122739769883,2469000,1
122.742,13,122739769883,2469000,1
122.745,17,122742254883,2496006,0
122.747,14,122744786889,2496006,0
122.75,12,122747318895,2496006,0
122.753,18,122750163901,2496006,0
122.755,21,122752695907,2496006,0
122.758,14,122755254913,2496006,0
122.76,14,122757777919,2496006,0
122.763,17,122760309925,2469000,1
122.765,18,122762776925,2469000,1
122.765,17,122762778925,2469000,1
122.768,12,122765254925,2496006,0
122.77,14,122767786931,2496006,0
122.773,3,122770309937,2496006,0
122.775,21,122772832943,2469000,1
122.775,18,122772832943,2469000,1
122.778,11,122775299943,2469000,1
122.778,7,122775299943,2469000,1
122.778,10,122775299943,2469000,1
122.78,13,122777766943,2469000,1
122.78,21,122777766943,2469000,1
122.783,3,122780269943,2469000,1
122.783,13,122780269943,2469000,1
122.783,21,122780269943,2469000,1
122.785,12,122782736943,2496006,0
122.788,6,122785295949,2496006,0
122.79,14,122787818955,2496006,0
122.793,12,122790368961,2469000,1
122.793,1,122790368961,2469000,1
122.793,3,122790368961,2469000,1
122.795,6,122792853961,2469000,1
122.795,8,122792853961,2469000,1
122.798,14,122795365961,2496006,0
122.8,12,122797978967,2496006,0
122.803,10,122800510973,2496006,0
122.808,12,122805556985,2496006,0
122.811,14,122808079991,2496006,0
122.813,4,122810611997,2496006,0
122.816,10,122813144003,2469000,1
122.816,17,122813144003,2469000,1
122.818,8,122815611003,2496006,0
122.821,14,122818152009,2469000,1
122.821,12,122818152009,2469000,1
122.823,18,122820619009,2469000,1
122.823,6,122820619009,2469000,1
122.826,8,122823417015,2496006,0
122.828,8,122825967021,2496006,0
122.831,4,122828490027,2496006,0
122.834,10,122831013033,2496006,0
122.836,9,122833563039,2496006,0
122.839,8,122836113045,2496006,0
122.841,4,122838636051,2496006,0
122.844,21,122841168057,2496006,0
122.846,9,122843700063,2469000,1
122.849,7,122846167063,2496006,0
122.851,21,122848690069,2496006,0
122.854,4,122851213075,2469000,1
122.854,10,122851213075,2469000,1
122.856,3,122854020081,2469000,1
122.856,10,122854020081,2469000,1
122.859,14,122856487081,2469000,1
122.859,12,122856487081,2469000,1
122.861,14,122858956081,2496006,0
122.864,7,122861488087,2469000,1
122.864,2,122861488087,2469000,1
122.864,8,122861488087,2469000,1
122.866,7,122863957087,2496006,0
122.869,14,122866489093,2496006,0
122.871,21,122869012099,2469000,1
122.871,8,122869012099,2469000,1
122.874,4,122871524099,2496006,0
122.877,4,122874047105,2496006,0
122.879,7,122876570111,2496006,0
122.882,9,122879093117,2469000,1
122.882,14,122879093117,2469000,1
122.884,21,122881569117,2469000,1
122.884,4,122881569117,2469000,1
122.889,6,122886604123,2496006,0
122.892,18,122889127129,2496006,0
122.894,7,122891659135,2469000,1
122.894,4,122891659135,2469000,1
122.897,13,122894126135,2496006,0
122.899,14,122896649141,2496006,0
122.902,18,122899217147,2496006,0
122.904,7,122901740153,2496006,0
122.907,6,122904272159,2496006,0
122.909,13,122906795165,2469000,1
122.909,12,122906795165,2469000,1
122.909,6,122906795165,2469000,1
122.912,13,122909271165,2496006,0
122.914,14,122911803171,2496006,0
122.917,17,122914335177,2469000,1
122.917,10,122914335177,2469000,1
122.919,7,122916829177,2496006,0
122.922,13,122919352183,2469000,1
122.922,18,122919352183,2469000,1
122.924,19,122921819183,2496006,0
122.927,14,122924342189,2496006,0
122.932,6,122929701201,2496006,0
122.935,9,122932242207,2469000,1
122.935,18,122932242207,2469000,1
122.937,6,122934709207,2496006,0
122.94,7,122937241213,2496006,0
122.942,3,122939773219,2496006,0
122.945,19,122942296225,2469000,1
122.945,13,122942296225,2469000,1
122.947,14,122944772225,2496006,0
122.95,8,122947295231,2469000,1
122.95,3,122947295231,2469000,1
122.952,7,122949771231,2496006,0
122.955,6,122952303237,2496006,0
122.958,11,122955175243,2496006,0
122.96,12,122957698249,2496006,0
122.963,14,122960221255,2469000,1
122.963,3,122960221255,2469000,1
122.965,7,122962688255,2496006,0
122.968,21,122965211261,2496006,0
122.97,18,122967770267,2496006,0
122.973,6,122970302273,2469000,1
122.975,14,122972769273,2496006,0
122.978,12,122975292279,2496006,0
122.98,18,122977815285,2469000,1
122.98,4,122977815285,2469000,1
122.983,11,122980282285,2496006,0
122.985,11,122982805291,2496006,0
122.988,21,122985337297,2469000,1
122.988,7,122985337297,2469000,1
122.99,19,122987804297,2469000,1
122.99,11,122987804297,2469000,1
122.99,21,122987806297,2469000,1
122.993,14,122990318297,2496006,0
122.995,11,122992841303,2496006,0
122.998,12,122995373309,2496006,0
123,5,122997896315,2496006,0
123.003,12,123000446321,2496006,0
123.005,5,123002969327,2496006,0
123.008,14,123005510333,2496006,0
123.011,11,123008033339,2469000,1
123.011,18,123008033339,2469000,1
123.013,6,123010500339,2469000,1
123.013,14,123010500339,2469000,1
123.015,6,123012976339,2496006,0
123.018,12,123015499345,2496006,0
123.021,18,123018022351,2496006,0
123.026,7,123023068363,2496006,0
123.028,6,123025591369,2496006,0
123.031,11,123028427375,2496006,0
123.033,13,123030959381,2496006,0
123.036,5,123033482387,2496006,0
123.039,7,123036005393,2496006,0
123.041,18,123038546399,2469000,1
123.041,12,123038546399,2469000,1
123.041,16,123038546399,2469000,1
123.043,3,123041022399,2469000,1
123.043,21,123041022399,2469000,1
123.046,6,123043498399,2469000,1
123.046,18,123043498399,2469000,1
123.048,13,123045965399,2496006,0
123.051,19,123048497405,2469000,1
123.051,7,123048497405,2469000,1
123.053,5,123050964405,2469000,1
123.053,11,123050964405,2469000,1
123.056,10,123053440405,2496006,0
123.058,13,123055981411,2469000,1
123.058,9,123055981411,2469000,1
123.061,12,123058761417,2496006,0
123.064,14,123061284423,2496006,0
123.066,10,123063816429,2469000,1
123.066,12,123063816429,2469000,1
123.069,12,123066301429,2496006,0
123.071,14,123068842435,2496006,0
123.074,12,123071383441,2496006,0
123.076,6,123073906447,2469000,1
123.079,7,123076382447,2469000,1
123.079,12,123076382447,2469000,1
123.081,5,123078849447,2496006,0
123.084,14,123081372453,2496006,0
123.086,23,123083895459,2469000,1
123.086,5,123083895459,2469000,1
123.089,20,123086362459,2469000,1
123.089,21,123086362459,2469000,1
123.091,6,123088829459,2496006,0
123.094,12,123091370465,2496006,0
123.096,4,123093902471,2469000,1
123.096,11,123093902471,2469000,1
123.099,13,123096369471,2496006,0
123.101,8,123098901477,2469000,1
123.101,14,123098901477,2469000,1
123.104,6,123101386477,2496006,0
123.106,13,123103927483,2496006,0
123.109,10,123106450489,2496006,0
123.111,12,123108973495,2469000,1
123.111,14,123108973495,2469000,1
123.114,6,123111458495,2496006,0
123.116,13,123113999501,2496006,0
123.119,18,123116522507,2469000,1
123.119,6,123116522507,2469000,1
123.121,10,123118998507,2496006,0
123.124,10,123121539513,2496006,0
123.127,5,123124062519,2496006,0
123.129,6,123126585525,2496006,0
123.132,7,123129117531,2469000,1
123.134,13,123131915537,2496006,0
123.137,6,123134456543,2496006,0
123.139,5,123136979549,2469000,1
123.139,10,123136979549,2469000,1
123.139,13,123136979549,2469000,1
123.142,6,123139491549,2469000,1
123.142,12,123139491549,2469000,1
123.144,9,123141985549,2469000,1
123.144,11,123141985549,2469000,1
123.147,10,123144479549,2496006,0
123.149,19,123147020555,2469000,1
123.149,5,123147020555,2469000,1
123.152,13,123149487555,2496006,0
123.155,10,123152010561,2496006,0
123.157,18,123154560567,2469000,1
123.157,10,123154560567,2469000,1
123.16,6,123157036567,2496006,0
123.162,6,123159881573,2496006,0
123.165,13,123162413579,2496006,0
123.167,6,123164936585,2496006,0
123.17,3,123167477591,2469000,1
123.172,23,123169944591,2496006,0
123.175,6,123172485597,2496006,0
123.177,23,123175017603,2469000,1
123.18,6,123177484603,2496006,0
123.183,14,123180007609,2496006,0
123.185,10,123182557615,2469000,1
123.185,13,123182557615,2469000,1
123.188,6,123185033615,2469000,1
123.188,18,123185033615,2469000,1
123.193,5,123190041621,2496006,0
123.195,14,123192564627,2496006,0
123.198,12,123195096633,2469000,1
123.198,5,123195096633,2469000,1
123.2,18,123197563633,2496006,0
123.203,5,123200095639,2496006,0
123.205,10,123202618645,2496006,0
123.208,4,123205150651,2469000,1
123.208,13,123205150651,2469000,1
123.21,23,123207617651,2496006,0
123.213,18,123210167657,2496006,0
123.215,11,123212690663,2469000,1
123.215,6,123212690663,2469000,1
123.218,14,123215166663,2496006,0
123.22,23,123217689669,2469000,1
123.22,5,123217689669,2469000,1
123.22,17,123217689669,2469000,1
123.22,10,123217689669,2469000,1
123.223,5,123220158669,2496006,0
123.225,1,123222708675,2469000,1
123.225,19,123222708675,2469000,1
123.228,5,123225175675,2469000,1
123.228,14,123225175675,2469000,1
123.23,1,123227651675,2496006,0
123.233,18,123230174681,2496006,0
123.238,1,123235578693,2469000,1
123.238,23,123235578693,2469000,1
123.241,10,123238054693,2496006,0
123.243,18,123240604699,2469000,1
123.243,10,123240604699,2469000,1
123.246,23,123243098699,2496006,0
123.248,7,123245621705,2496006,0
123.251,13,123248144711,2469000,1
123.251,5,123248144711,2469000,1
123.251,23,123248144711,2469000,1
123.253,14,123250620711,2469000,1
123.253,5,123250620711,2469000,1
123.256,23,123253105711,2496006,0
123.258,7,123255682717,2496006,0
123.261,18,123258214723,2496006,0
123.263,23,123260737729,2496006,0
123.266,12,123263573735,2469000,1
123.269,1,123266058735,2469000,1
123.269,10,123266058735,2469000,1
123.271,18,123268525735,2496006,0
123.274,7,123271048741,2496006,0
123.276,6,123273571747,2496006,0
123.279,23,123276139753,2496006,0
123.281,6,123278689759,2469000,1
123.281,18,123278689759,2469000,1
123.284,10,123281174759,2496006,0
123.286,1,123283697765,2469000,1
123.286,7,123283697765,2469000,1
123.289,10,123286173765,2496006,0
123.291,18,123288714771,2469000,1
123.294,7,123291181771,2469000,1
123.294,10,123291181771,2469000,1
123.296,23,123293657771,2469000,1
123.296,7,123293657771,2469000,1
123.299,2,123296124771,2496006,0
123.301,10,123298647777,2496006,0
123.304,10,123301170783,2496006,0
123.306,23,123303720789,2496006,0
123.309,2,123306261795,2496006,0
123.311,14,123308793801,2496006,0
123.314,1,123311316807,2469000,1
123.314,2,123311316807,2469000,1
123.316,23,123313783807,2496006,0
123.319,6,123316306813,2496006,0
123.321,2,123318829819,2496006,0
123.324,10,123321352825,2496006,0
123.326,2,123323875831,2496006,0
123.329,15,123326398837,2469000,1
123.331,1,123328874837,2496006,0
123.336,6,123333929849,2496006,0
123.339,14,123336765855,2496006,0
123.342,2,123339288861,2496006,0
123.344,10,123341811867,2496006,0
123.347,12,123344334873,2469000,1
123.347,14,123344334873,2469000,1
123.349,23,123346801873,2496006,0
123.352,1,123349351879,2496006,0
123.354,3,123351883885,2469000,1
123.354,13,123351883885,2469000,1
123.357,2,123354350885,2496006,0
123.359,10,123356882891,2469000,1
123.359,14,123356882891,2469000,1
123.362,6,123359349891,2496006,0
123.364,18,123361881897,2496006,0
123.367,10,123364726903,2496006,0
123.37,23,123367249909,2496006,0
123.372,18,123369772915,2496006,0
123.375,6,123372304921,2469000,1
123.375,1,123372304921,2469000,1
123.377,2,123374780921,2496006,0
123.382,10,123379871933,2496006,0
123.385,7,123382394939,2469000,1
123.385,23,123382394939,2469000,1
123.387,2,123384870939,2469000,1
123.387,8,123384870939,2469000,1
123.39,18,123387337939,2496006,0
123.392,5,123389869945,2496006,0
123.395,21,123392392951,2469000,1
123.395,14,123392392951,2469000,1
123.397,1,123394859951,2496006,0
123.4,23,123397391957,2496006,0
123.402,6,123399923963,2496006,0
123.405,10,123402455969,2496006,0
123.407,1,123404987975,2469000,1
123.407,5,123404987975,2469000,1
123.41,18,123407472975,2496006,0
123.412,18,123409995981,2496006,0
123.415,7,123412536987,2469000,1
123.415,2,123412536987,2469000,1
123.417,10,123415003987,2496006,0
123.42,23,123417535993,2469000,1
123.42,6,123417535993,2469000,1
123.425,4,123422579999,2496006,0
123.428,5,123425103005,2469000,1
123.428,10,123425103005,2469000,1
123.43,18,123427570005,2496006,0
123.433,17,123430102011,2496006,0
123.435,6,123432670017,2496006,0
123.438,1,123435193023,2496006,0
123.441,1,123438029029,2496006,0
123.443,18,123440552035,2469000,1
123.443,11,123440552035,2469000,1
123.443,4,123440552035,2469000,1
123.446,8,123443055035,2469000,1
123.446,2,123443055035,2469000,1
123.448,17,123445522035,2496006,0
123.451,5,123448054041,2496006,0
123.453,23,123450586047,2496006,0
123.456,10,123453109053,2496006,0
123.458,6,123455641059,2496006,0
123.461,1,123458164065,2496006,0
123.463,5,123460687071,2496006,0
123.466,18,123463210077,2496006,0
123.471,4,123468578089,2469000,1
123.471,18,123468578089,2469000,1
123.474,17,123471054089,2496006,0
123.476,23,123473586095,2496006,0
123.479,6,123476118101,2496006,0
123.481,10,123478650107,2496006,0
123.484,1,123481173113,2496006,0
123.486,5,123483705119,2496006,0
123.489,17,123486237125,2496006,0
123.491,6,123488760131,2496006,0
123.494,4,123491283137,2469000,1
123.494,6,123491283137,2469000,1
123.496,10,123493759137,2469000,1
123.496,22,123493759137,2469000,1
123.496,18,123493759137,2469000,1
123.499,3,123496235137,2496006,0
123.501,23,123498758143,2496006,0
123.504,1,123501281149,2496006,0
123.506,14,123503804155,2469000,1
123.506,6,123503804155,2469000,1
123.509,17,123506271155,2496006,0
123.511,5,123508812161,2496006,0
123.514,22,123511362167,2496006,0
123.516,1,123513894173,2469000,1
123.519,3,123516361173,2496006,0
123.521,5,123518893179,2469000,1
123.521,17,123518893179,2469000,1
123.521,23,123518893179,2469000,1
123.524,3,123521387179,2496006,0
123.526,22,123523928185,2496006,0
123.529,1,123526451191,2496006,0
123.531,1,123528974197,2496006,0
123.534,3,123531506203,2496006,0
123.537,10,123534038209,2496006,0
123.539,23,123536561215,2496006,0
123.542,6,123539415221,2496006,0
123.544,1,123541956227,2469000,1
123.544,18,123541956227,2469000,1
123.547,23,123544423227,2496006,0
123.549,3,123546946233,2469000,1
123.549,22,123546946233,2469000,1
123.552,10,123549413233,2496006,0
123.554,22,123551954239,2496006,0
123.557,6,123554477245,2469000,1
123.557,3,123554477245,2469000,1
123.559,5,123556962245,2496006,0
123.562,2,123559485251,2496006,0
123.564,10,123562008257,2469000,1
123.564,13,123562008257,2469000,1
123.564,17,123562008257,2469000,1
123.57,5,123567007263,2496006,0
123.572,23,123569843269,2496006,0
123.575,2,123572366275,2496006,0
123.577,23,123574898281,2496006,0
123.58,22,123577430287,2496006,0
123.582,22,123579953293,2496006,0
123.585,5,123582476299,2496006,0
123.587,2,123584999305,2469000,1
123.587,5,123584999305,2469000,1
123.59,1,123587466305,2469000,1
123.59,6,123587466305,2469000,1
123.592,18,123589951305,2496006,0
123.595,4,123592501311,2496006,0
123.598,23,123595033317,2496006,0
123.6,22,123597556323,2469000,1
123.6,4,123597556323,2469000,1
123.603,22,123600025323,2496006,0
123.605,10,123602566329,2496006,0
123.608,18,123605098335,2496006,0
123.61,14,123607621341,2496006,0
123.613,2,123610153347,2496006,0
123.615,22,123612676353,2469000,1
123.615,23,123612676353,2469000,1
123.618,2,123615179353,2469000,1
123.62,10,123617655353,2496006,0
123.623,5,123620178359,2496006,0
123.625,17,123622710365,2469000,1
123.625,18,123622710365,2469000,1
123.628,14,123625186365,2496006,0
123.63,23,123627709371,2496006,0
123.633,23,123630232377,2496006,0
123.635,10,123632764383,2496006,0
123.638,4,123635296389,2469000,1
123.638,5,123635296389,2469000,1
123.638,23,123635296389,2469000,1
123.64,3,123637772389,2469000,1
123.64,18,123637772389,2469000,1
123.643,14,123640239389,2496006,0
123.646,17,123643084395,2469000,1
123.646,23,123643084395,2469000,1
123.648,14,123645569395,2496006,0
123.651,6,123648101401,2496006,0
123.653,22,123650633407,2496006,0
123.656,10,123653156413,2496006,0
123.658,2,123655688419,2496006,0
123.661,2,123658220425,2496006,0
123.663,6,123660743431,2469000,1
123.663,1,123660743431,2469000,1
123.666,5,123663210431,2496006,0
123.668,22,123665769437,2469000,1
123.668,14,123665769437,2469000,1
123.671,5,123668236437,2469000,1
123.671,10,123668236437,2469000,1
123.674,12,123671043443,2496006,0
123.676,2,123673566449,2496006,0
123.679,12,123676107455,2469000,1
123.679,2,123676107455,2469000,1
123.681,6,123678583455,2496006,0
123.684,18,123681106461,2496006,0
123.686,4,123683629467,2496006,0
123.689,10,123686161473,2496006,0
123.691,2,123688684479,2469000,1
123.691,4,123688684479,2469000,1
123.691,10,123688684479,2469000,1
123.694,5,123691178479,2496006,0
123.696,5,123693710485,2496006,0
123.699,3,123696233491,2496006,0
123.701,4,123698756497,2496006,0
123.704,22,123701279503,2496006,0
123.706,23,123703802509,2469000,1
123.706,14,123703802509,2469000,1
123.706,6,123703802509,2469000,1
123.706,10,123703802509,2469000,1
123.709,18,123706278509,2496006,0
123.711,5,123708819515,2496006,0
123.714,22,123711342521,2469000,1
123.714,3,123711342521,2469000,1
123.714,6,123711342521,2469000,1
123.716,5,123713809521,2469000,1
123.716,22,123713811521,2469000,1
123.719,3,123716305521,2469000,1
123.721,18,123718772521,2496006,0
123.724,9,123721295527,2469000,1
123.724,12,123721295527,2469000,1
123.726,2,123723762527,2469000,1
123.726,4,123723762527,2469000,1
123.729,5,123726256527,2496006,0
123.731,18,123728779533,2469000,1
123.734,12,123731282533,2469000,1
123.736,10,123733758533,2496006,0
123.741,10,123738840545,2496006,0
123.744,18,123741363551,2469000,1
123.744,10,123741363551,2469000,1
123.747,5,123744143557,2496006,0
123.749,6,123746675563,2496006,0
123.752,6,123749198569,2496006,0
123.754,14,123751721575,2469000,1
123.754,2,123751721575,2469000,1
123.757,14,123754215575,2496006,0
123.759,5,123756747581,2469000,1
123.759,4,123756747581,2469000,1
123.762,10,123759214581,2469000,1
123.762,4,123759216581,2469000,1
123.764,6,123761701581,2496006,0
123.767,14,123764233587,2469000,1
123.767,22,123764233587,2469000,1
123.769,1,123766700587,2496006,0
123.772,5,123769259593,2496006,0
123.774,5,123771827599,2469000,1
123.774,1,123771827599,2469000,1
123.774,6,123771827599,2469000,1
123.777,3,123774625605,2496006,0
123.78,3,123777148611,2469000,1
123.782,5,123779651611,2496006,0
123.785,17,123782183617,2496006,0
123.787,14,123784724623,2496006,0
123.79,10,123787247629,2469000,1
123.79,14,123787247629,2469000,1
123.792,5,123789714629,2496006,0
123.795,17,123792264635,2496006,0
123.797,18,123794787641,2469000,1
123.797,22,123794787641,2469000,1
123.8,3,123797254641,2469000,1
123.8,18,123797256641,2469000,1
123.802,5,123799750641,2496006,0
123.805,6,123802282647,2496006,0
123.807,1,123804814653,2496006,0
123.81,5,123807337659,2469000,1
123.81,23,123807337659,2469000,1
123.812,1,123809822659,2496006,0
123.815,1,123812345665,2469000,1
123.817,17,123814812665,2496006,0
123.82,6,123817353671,2469000,1
123.82,5,123817353671,2469000,1
123.822,10,123819820671,2469000,1
123.822,17,123819820671,2469000,1
123.825,11,123822323671,2496006,0
123.827,14,123824846677,2469000,1
123.827,11,123824846677,2469000,1
123.83,12,123827313677,2469000,1
123.83,1,123827313677,2469000,1
123.832,6,123829789677,2496006,0
123.835,17,123832312683,2496006,0
123.837,11,123834835689,2496006,0
123.84,1,123837358695,2496006,0
123.842,1,123839908701,2496006,0
123.845,11,123842458707,2469000,1
123.845,6,123842458707,2469000,1
123.845,12,123842458707,2469000,1
123.847,5,123844925707,2496006,0
123.85,11,123847761713,2496006,0
123.855,17,123852825725,2496006,0
123.858,11,123855348731,2469000,1
123.858,5,123855348731,2469000,1
123.858,3,123855348731,2469000,1
123.858,6,123855348731,2469000,1
123.86,1,123857824731,2496006,0
123.863,6,123860374737,2496006,0
123.865,11,123862906743,2496006,0
123.868,1,123865438749,2496006,0
123.87,17,123867970755,2496006,0
123.873,5,123870511761,2496006,0
123.876,1,123873034767,2469000,1
123.876,10,123873034767,2469000,1
123.878,17,123875814773,2469000,1
123.878,19,123875814773,2469000,1
123.881,14,123878281773,2496006,0
123.883,6,123880831779,2496006,0
123.886,14,123883354785,2469000,1
123.886,11,123883354785,2469000,1
123.886,17,123883354785,2469000,1
123.888,4,123885821785,2496006,0
123.891,1,123888344791,2496006,0
123.893,5,123890867797,2469000,1
123.896,21,123893334797,2496006,0
123.898,3,123895884803,2496006,0
123.901,21,123898407809,2496006,0
123.903,17,123900930815,2496006,0
123.906,4,123903453821,2496006,0
123.908,6,123905976827,2469000,1
123.908,4,123905976827,2469000,1
123.911,5,123908452827,2496006,0
123.913,5,123910975833,2496006,0
123.916,16,123913498839,2469000,1
123.916,1,123913498839,2469000,1
123.918,11,123915983839,2469000,1
123.918,5,123915983839,2469000,1
123.921,3,123918459839,2496006,0
123.923,21,123920991845,2496006,0
123.926,17,123923523851,2496006,0
123.929,17,123926055857,2496006,0
123.931,6,123928578863,2496006,0
123.934,7,123931101869,2469000,1
123.934,11,123931101869,2469000,1
123.934,5,123931101869,2469000,1
123.936,14,123933577869,2496006,0
123.939,14,123936100875,2496006,0
123.941,12,123938623881,2496006,0
123.946,3,123943678893,2469000,1
123.946,6,123943678893,2469000,1
123.949,4,123946145893,2469000,1
123.949,5,123946145893,2469000,1
123.951,21,123948925899,2496006,0
123.954,17,123951466905,2469000,1
123.954,11,123951466905,2469000,1
123.956,21,123953951905,2469000,1
123.956,14,123953951905,2469000,1
123.959,1,123956436905,2469000,1
123.959,14,123956436905,2469000,1
123.961,12,123958912905,2496006,0
123.964,12,123961435911,2496006,0
123.966,6,123963967917,2496006,0
123.969,17,123966499923,2496006,0
123.972,12,123969085929,2496006,0
123.974,6,123971617935,2496006,0
123.977,17,123974149941,2496006,0
123.979,3,123976672947,2496006,0
123.982,12,123979508953,2496006,0
123.985,6,123982040959,2469000,1
123.985,21,123982040959,2469000,1
123.987,3,123984507959,2469000,1
123.989,17,123987028959,2469000,1
123.989,12,123987028959,2469000,1
123.992,14,123989504959,2496006,0
123.995,14,123992072965,2496006,0
123.997,2,123994622971,2469000,1
123.997,6,123994622971,2469000,1
124,4,123997107971,2496006,0
124.002,12,123999648977,2496006,0
124.005,3,124002171983,2469000,1
124.005,14,124002171983,2469000,1
124.007,12,124004638983,2496006,0
124.01,12,124007161989,2496006,0
124.012,1,124009693995,2496006,0
124.015,4,124012226001,2496006,0
124.02,12,124017272013,2469000,1
124.02,1,124017272013,2469000,1
124.022,3,124019739013,2496006,0
124.025,3,124022262019,2496006,0
124.027,23,124024785025,2469000,1
124.027,3,124024785025,2469000,1
124.03,17,124027252025,2496006,0
124.032,4,124029784031,2469000,1
124.032,15,124029784031,2469000,1
124.035,22,124032260031,2496006,0
124.037,14,124034810037,2496006,0
124.04,22,124037333043,2469000,1
124.04,21,124037333043,2469000,1
124.04,17,124037333043,2469000,1
124.04,15,124037333043,2469000,1
124.042,1,124039809043,2496006,0
124.045,14,124042332049,2496006,0
124.047,5,124044855055,2496006,0
124.05,1,124047387061,2496006,0
124.052,5,124049937067,2469000,1
124.052,3,124049937067,2469000,1
124.055,13,124052717073,2469000,1
124.058,15,124055184073,2496006,0
124.06,5,124057707079,2496006,0
124.063,1,124060230085,2469000,1
124.063,17,124060230085,2469000,1
124.065,12,124062715085,2469000,1
124.065,21,124062715085,2469000,1
124.065,14,124062715085,2469000,1
124.068,1,124065182085,2469000,1
124.068,14,124065184085,2469000,1
124.07,4,124067651085,2496006,0
124.073,15,124070183091,2469000,1
124.073,5,124070183091,2469000,1
124.075,15,124072652091,2496006,0
124.078,22,124075175097,2496006,0
124.08,17,124077707103,2469000,1
124.08,22,124077707103,2469000,1
124.083,4,124080487109,2469000,1
124.083,6,124080487109,2469000,1
124.086,15,124083044109,2496006,0
124.088,15,124085567115,2496006,0
124.091,3,124088099121,2469000,1
124.091,14,124088099121,2469000,1
124.091,5,124088099121,2469000,1
124.093,5,124090568121,2469000,1
124.096,22,124093062121,2496006,0
124.098,14,124095585127,2496006,0
124.101,4,124098108133,2496006,0
124.103,20,124100658139,2496006,0
124.106,22,124103181145,2469000,1
124.106,15,124103181145,2469000,1
124.108,12,124105648145,2496006,0
124.111,18,124108180151,2496006,0
124.113,4,124110730157,2469000,1
124.113,20,124110730157,2469000,1
124.113,18,124110730157,2469000,1
124.116,18,124113199157,2496006,0
124.118,14,124115731163,2496006,0
124.121,14,124118290169,2496006,0
124.123,12,124120813175,2496006,0
124.126,14,124123354181,2469000,1
124.128,1,124125821181,2496006,0
124.131,1,124128344187,2496006,0
124.133,18,124130867193,2469000,1
124.133,1,124130867193,2469000,1
124.136,18,124133336193,2496006,0
124.138,12,124135859199,2469000,1
124.141,15,124138344199,2496006,0
124.143,18,124140867205,2496006,0
124.146,22,124143390211,2496006,0
124.148,4,124145913217,2496006,0
124.153,15,124150995229,2496006,0
124.156,18,124153831235,2496006,0
124.159,20,124156363241,2496006,0
124.161,4,124158886247,2496006,0
124.164,22,124161409253,2469000,1
124.164,20,124161409253,2469000,1
124.166,12,124163876253,2496006,0
124.169,14,124166408259,2469000,1
124.169,1,124166408259,2469000,1
124.169,12,124166408259,2469000,1
124.171,18,124168911259,2496006,0
124.174,15,124171443265,2496006,0
124.176,1,124173975271,2496006,0
124.179,15,124176507277,2496006,0
124.182,4,124179030283,2496006,0
124.184,18,124181553289,2496006,0
124.187,20,124184389295,2469000,1
124.189,18,124186874295,2496006,0
124.192,4,124189397301,2496006,0
124.194,15,124191929307,2496006,0
124.197,6,124194452313,2469000,1
124.197,22,124194452313,2469000,1
124.199,2,124196937313,2469000,1
124.199,12,124196937313,2469000,1
124.202,1,124199404313,2496006,0
124.204,15,124201954319,2496006,0
124.207,23,124204486325,2469000,1
124.207,12,124204486325,2469000,1
124.209,18,124206953325,2496006,0
124.212,4,124209476331,2496006,0
124.214,15,124211999337,2469000,1
124.214,17,124211999337,2469000,1
124.217,5,124214466337,2469000,1
124.217,4,124214466337,2469000,1
124.219,11,124216969337,2496006,0
124.222,1,124219492343,2496006,0
124.227,22,124224538355,2496006,0
124.23,22,124227061361,2496006,0
124.232,22,124229593367,2496006,0
124.235,18,124232125373,2496006,0
124.237,22,124234648379,2496006,0
124.24,11,124237171385,2469000,1
124.24,18,124237171385,2469000,1
124.242,15,124239665385,2496006,0
124.245,1,124242197391,2469000,1
124.245,18,124242197391,2469000,1
124.247,3,124244700391,2469000,1
124.247,20,124244700391,2469000,1
124.247,22,124244700391,2469000,1
124.25,14,124247185391,2496006,0
124.252,15,124249708397,2496006,0
124.255,5,124252240403,2469000,1
124.255,4,124252240403,2469000,1
124.257,11,124254725403,2496006,0
124.263,15,124260102415,2496006,0
124.265,22,124262625421,2496006,0
124.268,22,124265175427,2496006,0
124.27,14,124267698433,2496006,0
124.273,11,124270221439,2496006,0
124.275,14,124272744445,2496006,0
124.278,3,124275267451,2496006,0
124.28,15,124277808457,2469000,1
124.28,1,124277808457,2469000,1
124.283,18,124280275457,2496006,0
124.285,18,124282816463,2496006,0
124.288,4,124285652469,2469000,1
124.288,18,124285652469,2469000,1
124.291,11,124288128469,2469000,1
124.291,22,124288128469,2469000,1
124.293,14,124290595469,2496006,0
124.296,14,124293127475,2496006,0
124.298,3,124295659481,2469000,1
124.298,11,124295659481,2469000,1
124.298,22,124295659481,2469000,1
124.303,6,124300667487,2469000,1
124.303,11,124300667487,2469000,1
124.306,15,124303143487,2496006,0
124.308,10,124305684493,2496006,0
124.311,18,124308207499,2496006,0
124.313,14,124310730505,2496006,0
124.316,18,124313262511,2496006,0
124.318,10,124315785517,2496006,0
124.321,15,124318326523,2469000,1
124.321,10,124318326523,2469000,1
124.323,18,124320802523,2496006,0
124.326,1,124323325529,2496006,0
124.328,14,124325866535,2496006,0
124.331,1,124328389541,2496006,0
124.333,18,124330912547,2469000,1
124.333,3,124330912547,2469000,1
124.338,22,124335974553,2496006,0
124.341,18,124338497559,2496006,0
124.343,15,124341029565,2469000,1
124.343,14,124341029565,2469000,1
124.346,14,124343498565,2496006,0
124.349,1,124346021571,2496006,0
124.351,14,124348553577,2496006,0
124.354,1,124351094583,2496006,0
124.356,10,124353644589,2469000,1
124.356,3,124353644589,2469000,1
124.359,1,124356111589,2469000,1
124.359,22,124356111589,2469000,1
124.361,18,124358900595,2496006,0
124.364,12,124361432601,2469000,1
124.364,11,124361432601,2469000,1
124.366,1,124363899601,2496006,0
124.369,14,124366440607,2496006,0
124.374,18,124371504619,2496006,0
124.377,1,124374027625,2496006,0
124.379,18,124376550631,2496006,0
124.382,14,124379073637,2469000,1
124.382,21,124379073637,2469000,1
124.384,18,124381549637,2496006,0
124.387,17,124384108643,2496006,0
124.389,1,124386631649,2496006,0
124.392,17,124389467655,2496006,0
124.394,22,124391999661,2496006,0
124.397,18,124394522667,2496006,0
124.4,18,124397063673,2496006,0
124.402,14,124399586679,2496006,0
124.405,22,124402109685,2496006,0
124.407,10,124404632691,2496006,0
124.41,17,124407155697,2496006,0
124.412,1,124409705703,2496006,0
124.415,17,124412228709,2469000,1
124.417,20,124414695709,2496006,0
124.42,15,124417218715,2496006,0
124.422,18,124419741721,2469000,1
124.422,15,124419741721,2469000,1
124.425,14,124422208721,2496006,0
124.427,22,124424731727,2496006,0
124.43,10,124427254733,2496006,0
124.432,20,124429777739,2496006,0
124.435,1,124432300745,2496006,0
124.437,18,124434823751,2496006,0
124.44,1,124437346757,2496006,0
124.442,12,124439869763,2496006,0
124.445,14,124442392769,2469000,1
124.445,12,124442392769,2469000,1
124.447,3,124444859769,2469000,1
124.447,17,124444859769,2469000,1
124.447,1,124444859769,2469000,1
124.45,20,124447326769,2496006,0
124.452,22,124449849775,2496006,0
124.455,5,124452390781,2496006,0
124.457,19,124454922787,2469000,1
124.457,11,124454922787,2469000,1
124.46,18,124457389787,2469000,1
124.46,4,124457389787,2469000,1
124.46,10,124457389787,2469000,1
124.462,5,124459883787,2496006,0
124.465,15,124462719793,2496006,0
124.468,16,124465242799,2496006,0
124.47,18,124467765805,2496006,0
124.473,22,124470288811,2469000,1
124.473,12,124470288811,2469000,1
124.475,20,124472755811,2496006,0
124.478,14,124475278817,2496006,0
124.48,10,124477801823,2469000,1
124.48,18,124477801823,2469000,1
124.483,5,124480268823,2469000,1
124.485,1,124482735823,2469000,1
124.485,4,124482735823,2469000,1
124.485,5,124482737823,2469000,1
124.488,12,124485204823,2496006,0
124.49,14,124487736829,2469000,1
124.49,15,124487736829,2469000,1
124.49,22,124487736829,2469000,1
124.493,16,124490516835,2496006,0
124.496,12,124493057841,2496006,0
124.498,20,124495580847,2496006,0
124.501,16,124498166853,2469000,1
124.501,18,124498166853,2469000,1
124.503,20,124500633853,2469000,1
124.503,17,124500633853,2469000,1
124.506,12,124503118853,2496006,0
124.508,16,124505650859,2496006,0
124.511,20,124508173865,2496006,0
124.513,17,124510696871,2496006,0
124.516,20,124513237877,2496006,0
124.518,12,124515778883,2469000,1
124.518,14,124515778883,2469000,1
124.521,2,124518245883,2496006,0
124.523,17,124520777889,2496006,0
124.526,15,124523300895,2496006,0
124.528,20,124525823901,2496006,0
124.531,5,124528346907,2496006,0
124.533,3,124530869913,2496006,0
124.536,16,124533392919,2496006,0
124.538,10,124535915925,2496006,0
124.541,20,124538447931,2469000,1
124.541,3,124538447931,2469000,1
124.543,20,124540916931,2496006,0
124.546,5,124543439937,2496006,0
124.548,2,124545962943,2496006,0
124.551,20,124548494949,2496006,0
124.553,16,124551017955,2469000,1
124.553,2,124551017955,2469000,1
124.556,17,124553484955,2469000,1
124.556,15,124553484955,2469000,1
124.561,1,124558474961,2496006,0
124.563,20,124560997967,2469000,1
124.563,9,124560997967,2469000,1
124.566,10,124563777973,2496006,0
124.569,5,124566300979,2496006,0
124.571,12,124568823985,2496006,0
124.574,16,124571355991,2496006,0
124.576,22,124573887997,2496006,0
124.579,5,124576411003,2496006,0
124.581,22,124578934009,2496006,0
124.584,16,124581457015,2496006,0
124.586,12,124584007021,2469000,1
124.586,17,124584007021,2469000,1
124.589,1,124586474021,2469000,1
124.589,12,124586476021,2469000,1
124.591,22,124588952021,2469000,1
124.591,10,124588952021,2469000,1
124.594,18,124591428021,2469000,1
124.594,17,124591428021,2469000,1
124.597,16,124594208027,2469000,1
124.597,3,124594208027,2469000,1
124.599,3,124596677027,2496006,0
124.602,2,124599200033,2496006,0
124.604,15,124601723039,2469000,1
124.604,3,124601723039,2469000,1
124.607,5,124604190039,2469000,1
124.607,2,124604190039,2469000,1
124.609,22,124606666039,2469000,1
124.609,15,124606666039,2469000,1
124.612,16,124609133039,2496006,0
124.614,20,124611656045,2496006,0
124.617,5,124614188051,2469000,1
124.617,20,124614188051,2469000,1
124.619,1,124616682051,2496006,0
124.622,16,124619223057,2469000,1
124.622,3,124619223057,2469000,1
124.622,22,124619223057,2469000,1
124.624,10,124621699057,2496006,0
124.627,1,124624222063,2496006,0
124.629,14,124626754069,2496006,0
124.632,1,124629286075,2496006,0
124.634,15,124631809081,2469000,1
124.634,1,124631809081,2469000,1
124.637,5,124634285081,2469000,1
124.639,2,124636788081,2496006,0
124.642,14,124639311087,2469000,1
124.642,8,124639311087,2469000,1
124.642,10,124639311087,2469000,1
124.644,20,124641787087,2496006,0
124.647,5,124644319093,2469000,1
124.647,10,124644319093,2469000,1
124.649,1,124646804093,2469000,1
124.649,2,124646804093,2469000,1
124.652,12,124649316093,2496006,0
124.654,16,124651848099,2469000,1
124.654,20,124651848099,2469000,1
124.657,12,124654342099,2496006,0
124.659,14,124656874105,2469000,1
124.659,12,124656874105,2469000,1
124.662,23,124659449105,2469000,1
124.662,22,124659449105,2469000,1
124.662,1,124659449105,2469000,1
124.662,12,124659449105,2469000,1
124.664,2,124661934105,2496006,0
124.667,2,124664457111,2496006,0
124.67,2,124667302117,2496006,0
124.672,6,124669825123,2469000,1
124.672,20,124669825123,2469000,1
124.675,3,124672328123,2496006,0
124.68,2,124677383135,2496006,0
124.682,19,124679906141,2496006,0
124.685,19,124682429147,2496006,0
124.687,22,124684952153,2496006,0
124.69,10,124687475159,2469000,1
124.69,16,124687475159,2469000,1
124.692,18,124689942159,2496006,0
124.695,19,124692474165,2496006,0
124.698,14,124695310171,2496006,0
124.7,2,124697833177,2496006,0
124.703,3,124700356183,2496006,0
124.705,22,124702888189,2496006,0
124.708,16,124705411195,2469000,1
124.708,2,124705411195,2469000,1
124.71,14,124707878195,2496006,0
124.713,2,124710419201,2496006,0
124.715,18,124712951207,2496006,0
124.718,3,124715483213,2469000,1
124.718,19,124715483213,2469000,1
124.72,14,124717959213,2496006,0
124.723,14,124720509219,2496006,0
124.726,17,124723032225,2469000,1
124.726,22,124723032225,2469000,1
124.728,18,124725499225,2496006,0
124.733,2,124730545237,2496006,0
124.736,12,124733095243,2469000,1
124.736,2,124733095243,2469000,1
124.738,19,124735571243,2469000,1
124.738,14,124735571243,2469000,1
124.741,18,124738056243,2496006,0
124.743,1,124740597249,2469000,1
124.743,22,124740597249,2469000,1
124.746,3,124743073249,2496006,0
124.748,20,124745605255,2496006,0
124.751,3,124748146261,2496006,0
124.753,14,124750669267,2469000,1
124.753,18,124750669267,2469000,1
124.753,20,124750669267,2469000,1
124.756,19,124753181267,2496006,0
124.758,5,124755731273,2469000,1
124.758,2,124755731273,2469000,1
124.761,19,124758207273,2496006,0
124.763,3,124760748279,2496006,0
124.766,19,124763280285,2496006,0
124.771,18,124768657297,2496006,0
124.774,19,124771180303,2496006,0
124.776,3,124773703309,2496006,0
124.779,20,124776226315,2496006,0
124.781,11,124778749321,2496006,0
124.784,18,124781290327,2469000,1
124.784,17,124781290327,2469000,1
124.784,22,124781290327,2469000,1
124.784,11,124781290327,2469000,1
124.786,3,124783757327,2469000,1
124.786,19,124783757327,2469000,1
124.789,14,124786224327,2469000,1
124.789,2,124786224327,2469000,1
124.791,18,124788700327,2496006,0
124.794,2,124791223333,2469000,1
124.794,18,124791223333,2469000,1
124.796,19,124793708333,2496006,0
124.799,20,124796231339,2469000,1
124.799,14,124796231339,2469000,1
124.802,3,124799011345,2496006,0
124.804,9,124801543351,2496006,0
124.807,19,124804075357,2469000,1
124.807,11,124804075357,2469000,1
124.809,3,124806542357,2496006,0
124.812,9,124809065363,2496006,0
124.814,20,124811597369,2469000,1
124.814,9,124811597369,2469000,1
124.817,3,124814073369,2469000,1
124.819,1,124816540369,2496006,0
124.822,1,124819117375,2496006,0
124.824,18,124821649381,2496006,0
124.827,20,124824172387,2496006,0
124.829,5,124826695393,2496006,0
124.832,18,124829245399,2496006,0
124.834,5,124831786405,2469000,1
124.834,19,124831786405,2469000,1
124.837,3,124834262405,2496006,0
124.839,1,124836785411,2496006,0
124.842,9,124839308417,2469000,1
124.842,1,124839308417,2469000,1
124.844,10,124841793417,2496006,0
124.847,20,124844316423,2496006,0
124.849,18,124846839429,2496006,0
124.852,22,124849371435,2469000,1
124.852,10,124849371435,2469000,1
124.854,18,124851838435,2496006,0
124.857,20,124854370441,2496006,0
124.859,3,124856893447,2469000,1
124.859,18,124856893447,2469000,1
124.862,9,124859369447,2469000,1
124.864,3,124861836447,2496006,0
124.867,11,124864359453,2469000,1
124.867,10,124864359453,2469000,1
124.869,1,124866835453,2496006,0
124.872,1,124869358459,2496006,0
124.875,20,124872203465,2496006,0
124.877,19,124874753471,2496006,0
124.88,20,124877285477,2469000,1
124.88,5,124877285477,2469000,1
124.882,3,124879752477,2469000,1
124.882,19,124879752477,2469000,1
124.882,20,124879754477,2469000,1
124.882,5,124879754477,2469000,1
124.885,9,124882230477,2469000,1
124.885,1,124882230477,2469000,1
124.887,3,124884706477,2496006,0
124.89,20,124887265483,2496006,0
124.892,20,124889806489,2496006,0
124.895,12,124892329495,2469000,1
124.895,10,124892329495,2469000,1
124.897,18,124894796495,2496006,0
124.9,20,124897346501,2496006,0
124.903,3,124900182507,2496006,0
124.905,18,124902705513,2469000,1
124.908,3,124905172513,2469000,1
124.91,19,124907641513,2469000,1
124.913,1,124910110513,2496006,0
124.915,20,124912642519,2469000,1
124.915,15,124912642519,2469000,1
124.92,20,124917641525,2496006,0
124.923,19,124920173531,2496006,0
124.925,21,124922714537,2496006,0
124.928,20,124925237543,2469000,1
124.928,17,124925237543,2469000,1
124.928,1,124925237543,2469000,1
124.93,20,124927706543,2496006,0
124.933,21,124930247549,2469000,1
124.933,19,124930247549,2469000,1
124.935,20,124932723549,2496006,0
124.938,16,124935282555,2496006,0
124.94,3,124937823561,2496006,0
124.943,18,124940346567,2496006,0
124.945,10,124942887573,2496006,0
124.948,1,124945410579,2496006,0
124.95,20,124947951585,2496006,0
124.953,10,124950492591,2469000,1
124.955,14,124952959591,2469000,1
124.955,16,124952959591,2469000,1
124.958,3,124955426591,2496006,0
124.96,19,124957949597,2496006,0
124.963,18,124960472603,2496006,0
124.965,20,124962995609,2469000,1
124.965,21,124962995609,2469000,1
124.968,1,124965489609,2496006,0
124.971,19,124968021615,2496006,0
124.973,20,124970544621,2496006,0
124.976,1,124973416627,2469000,1
124.976,3,124973416627,2469000,1
124.978,11,124975883627,2496006,0
124.981,19,124978415633,2469000,1
124.981,18,124978415633,2469000,1
124.983,19,124980884633,2496006,0
124.986,22,124983407639,2496006,0
124.988,19,124985948645,2496006,0
124.991,10,124988471651,2496006,0
124.993,20,124990994657,2496006,0
124.996,3,124993517663,2469000,1
124.996,19,124993517663,2469000,1
124.996,10,124993517663,2469000,1
124.998,1,124995984663,2496006,0
125.001,11,124998507669,2469000,1
125.001,1,124998507669,2469000,1
125.003,16,125000974669,2496006,0
125.006,22,125003810675,2469000,1
125.006,1,125003810675,2469000,1
125.009,21,125006286675,2496006,0
125.011,11,125008818681,2496006,0
125.014,19,125011341687,2496006,0
125.016,20,125013873693,2496006,0
125.019,16,125016414699,2496006,0
125.021,21,125018946705,2496006,0
125.024,10,125021469711,2496006,0
125.026,5,125024010717,2469000,1
125.026,10,125024010717,2469000,1
125.029,22,125026477717,2496006,0
125.031,18,125029000723,2469000,1
125.031,22,125029000723,2469000,1
125.034,19,125031467723,2469000,1
125.034,10,125031467723,2469000,1
125.036,11,125033934723,2496006,0
125.039,21,125036475729,2469000,1
125.039,16,125036475729,2469000,1
125.039,20,125036475729,2469000,1
125.041,1,125038969729,2496006,0
125.044,18,125041492735,2496006,0
125.049,4,125046538747,2469000,1
125.049,3,125046538747,2469000,1
125.049,11,125046538747,2469000,1
125.051,2,125049005747,2469000,1
125.051,16,125049005747,2469000,1
125.054,1,125051481747,2469000,1
125.054,12,125051481747,2469000,1
125.056,19,125053957747,2496006,0
125.059,7,125056480753,2496006,0
125.062,20,125059030759,2496006,0
125.064,22,125061553765,2469000,1
125.064,18,125061553765,2469000,1
125.067,7,125064029765,2496006,0
125.069,19,125066561771,2469000,1
125.069,1,125066561771,2469000,1
125.072,21,125069037771,2496006,0
125.074,16,125071569777,2496006,0
125.077,20,125074092783,2469000,1
125.077,16,125074092783,2469000,1
125.079,10,125076872789,2496006,0
125.082,21,125079440795,2496006,0
125.084,11,125081972801,2469000,1
125.084,7,125081972801,2469000,1
125.084,19,125081972801,2469000,1
125.087,22,125084493801,2469000,1
125.089,10,125086960801,2496006,0
125.092,18,125089492807,2496006,0
125.095,21,125092042813,2496006,0
125.097,10,125094565819,2496006,0
125.1,20,125097088825,2469000,1
125.1,7,125097088825,2469000,1
125.102,16,125099564825,2496006,0
125.105,18,125102123831,2496006,0
125.107,18,125104968837,2496006,0
125.11,16,125107500843,2496006,0
125.113,10,125110023849,2496006,0
125.115,21,125112546855,2469000,1
125.115,7,125112546855,2469000,1
125.118,18,125115013855,2496006,0
125.12,13,125117536861,2469000,1
125.12,1,125117536861,2469000,1
125.123,10,125120012861,2496006,0
125.125,5,125122535867,2496006,0
125.128,18,125125058873,2469000,1
125.128,21,125125058873,2469000,1
125.13,10,125127525873,2496006,0
125.133,16,125130048879,2496006,0
125.138,13,125135094891,2496006,0
125.14,23,125137635897,2469000,1
125.14,5,125137635897,2469000,1
125.143,16,125140102897,2469000,1
125.143,13,125140102897,2469000,1
125.145,10,125142605897,2469000,1
125.145,20,125142605897,2469000,1
125.148,10,125145074897,2496006,0
125.15,11,125147615903,2469000,1
125.15,10,125147615903,2469000,1
125.153,19,125150100903,2469000,1
125.153,18,125150100903,2469000,1
125.155,13,125152567903,2496006,0
125.158,23,125155099909,2496006,0
125.16,23,125157622915,2496006,0
125.163,10,125160172921,2496006,0
125.165,5,125162695927,2496006,0
125.168,1,125165236933,2469000,1
125.168,10,125165236933,2469000,1
125.17,16,125167703933,2496006,0
125.173,13,125170235939,2496006,0
125.175,5,125172776945,2469000,1
125.175,23,125172776945,2469000,1
125.175,21,125172776945,2469000,1
125.178,13,125175243945,2469000,1
125.181,16,125178041951,2496006,0
125.183,10,125180564957,2496006,0
125.186,6,125183087963,2469000,1
125.186,3,125183087963,2469000,1
125.188,16,125185554963,2496006,0
125.191,10,125188095969,2496006,0
125.193,22,125190636975,2496006,0
125.196,9,125193177981,2496006,0
125.198,10,125195709987,2496006,0
125.201,22,125198232993,2469000,1
125.201,16,125198232993,2469000,1
125.201,21,125198232993,2469000,1
125.201,9,125198232993,2469000,1
125.203,10,125200708993,2496006,0
125.206,5,125203231999,2496006,0
125.208,7,125205782005,2496006,0
125.211,23,125208618011,2496006,0
125.214,13,125211150017,2496006,0
125.216,19,125213673023,2496006,0
125.219,22,125216205029,2496006,0
125.221,9,125218728035,2496006,0
125.226,5,125223774047,2496006,0
125.229,19,125226297053,2469000,1
125.229,10,125226297053,2469000,1
125.231,7,125228764053,2496006,0
125.234,13,125231287059,2469000,1
125.234,23,125231287059,2469000,1
125.234,5,125231287059,2469000,1
125.234,7,125231287059,2469000,1
125.236,22,125233763059,2496006,0
125.239,9,125236304065,2469000,1
125.239,16,125236304065,2469000,1
125.239,10,125236304065,2469000,1
125.241,18,125238780065,2496006,0
125.244,18,125241357071,2496006,0
125.246,22,125243880077,2496006,0
125.249,13,125246403083,2496006,0
125.251,5,125248926089,2496006,0
125.254,19,125251449095,2469000,1
125.254,13,125251449095,2469000,1
125.256,9,125253925095,2496006,0
125.259,23,125256457101,2496006,0
125.261,23,125258980107,2496006,0
125.264,13,125261503113,2496006,0
125.267,5,125264026119,2496006,0
125.269,22,125266549125,2496006,0
125.272,13,125269072131,2469000,1
125.272,5,125269072131,2469000,1
125.274,9,125271539131,2469000,1
125.274,7,125271539131,2469000,1
125.276,18,125274006131,2469000,1
125.276,9,125274008131,2469000,1
125.281,16,125278998137,2496006,0
125.284,7,125281852143,2496006,0
125.287,22,125284384149,2496006,0
125.289,5,125286907155,2469000,1
125.289,7,125286907155,2469000,1
125.292,23,125289383155,2496006,0
125.294,18,125291915161,2496006,0
125.297,22,125294447167,2469000,1
125.297,21,125294447167,2469000,1
125.297,13,125294447167,2469000,1
125.299,16,125296914167,2496006,0
125.302,16,125299446173,2496006,0
125.304,20,125301969179,2469000,1
125.304,5,125301969179,2469000,1
125.307,11,125304490179,2469000,1
125.307,23,125304490179,2469000,1
125.307,18,125304490179,2469000,1
125.307,16,125304490179,2469000,1
125.309,10,125306993179,2496006,0
125.312,8,125309829185,2469000,1
125.312,1,125309829185,2469000,1
125.315,8,125312314185,2496006,0
125.317,10,125314855191,2496006,0
125.32,7,125317378197,2496006,0
125.322,8,125319901203,2469000,1
125.322,7,125319901203,2469000,1
125.325,10,125322368203,2496006,0
125.327,22,125324891209,2469000,1
125.327,7,125324891209,2469000,1
125.33,23,125327358209,2496006,0
125.332,16,125329881215,2496006,0
125.335,16,125332404221,2496006,0
125.337,23,125334936227,2496006,0
125.34,10,125337459233,2469000,1
125.34,19,125337459233,2469000,1
125.342,18,125339935233,2496006,0
125.345,16,125342467239,2496006,0
125.347,23,125344990245,2496006,0
125.35,18,125347531251,2496006,0
125.353,7,125350108257,2496006,0
125.355,23,125352631263,2469000,1
125.355,16,125352631263,2469000,1
125.355,9,125352631263,2469000,1
125.358,15,125355134263,2469000,1
125.358,23,125355134263,2469000,1
125.36,18,125357601263,2469000,1
125.36,8,125357601263,2469000,1
125.363,22,125360068263,2469000,1
125.363,10,125360068263,2469000,1
125.363,7,125360068263,2469000,1
125.365,19,125362562263,2496006,0
125.368,13,125365103269,2469000,1
125.368,8,125365103269,2469000,1
125.37,16,125367579269,2496006,0
125.373,16,125370138275,2496006,0
125.375,9,125372661281,2469000,1
125.375,16,125372661281,2469000,1
125.378,19,125375128281,2469000,1
125.378,16,125375130281,2469000,1
125.38,7,125377642281,2496006,0
125.383,12,125380165287,2469000,1
125.383,11,125380165287,2469000,1
125.383,10,125380165287,2469000,1
125.385,19,125382963293,2496006,0
125.388,19,125385495299,2496006,0
125.391,7,125388027305,2496006,0
125.393,15,125390550311,2469000,1
125.393,18,125390550311,2469000,1
125.396,19,125393044311,2496006,0
125.398,16,125395576317,2496006,0
125.403,7,125400649329,2496006,0
125.406,19,125403199335,2496006,0
125.408,7,125405731341,2469000,1
125.408,8,125405731341,2469000,1
125.411,5,125408198341,2496006,0
125.413,16,125410721347,2496006,0
125.416,19,125413575353,2496006,0
125.419,16,125416116359,2496006,0
125.421,7,125418639365,2496006,0
125.424,23,125421162371,2496006,0
125.426,5,125423685377,2496006,0
125.429,19,125426244383,2469000,1
125.429,18,125426244383,2469000,1
125.431,7,125428711383,2469000,1
125.434,23,125431205383,2496006,0
125.436,5,125433737389,2469000,1
125.436,18,125433737389,2469000,1
125.439,16,125436204389,2496006,0
125.441,23,125438745395,2496006,0
125.444,23,125441295401,2496006,0
125.446,5,125443881407,2496006,0
125.449,16,125446404413,2496006,0
125.451,7,125448927419,2496006,0
125.456,23,125453973431,2496006,0
125.459,23,125456505437,2496006,0
125.461,22,125459028443,2469000,1
125.461,13,125459028443,2469000,1
125.461,19,125459028443,2469000,1
125.464,18,125461504443,2496006,0
125.467,16,125464027449,2496006,0
125.469,21,125466568455,2496006,0
125.472,3,125469091461,2496006,0
125.474,16,125471623467,2469000,1
125.474,5,125471623467,2469000,1
125.477,23,125474090467,2496006,0
125.479,7,125476613473,2469000,1
125.479,23,125476613473,2469000,1
125.482,21,125479089473,2496006,0
125.484,23,125481612479,2496006,0
125.487,3,125484144485,2496006,0
125.489,7,125486980491,2469000,1
125.489,23,125486980491,2469000,1
125.492,18,125489447491,2469000,1
125.492,5,125489447491,2469000,1
125.494,19,125491959491,2496006,0
125.497,10,125494509497,2469000,1
125.497,21,125494509497,2469000,1
125.499,3,125496976497,2469000,1
125.499,7,125496976497,2469000,1
125.499,18,125496976497,2469000,1
125.502,19,125499443497,2469000,1
125.502,23,125499443497,2469000,1
125.504,3,125501919497,2496006,0
125.507,8,125504442503,2496006,0
125.509,3,125506965509,2496006,0
125.512,19,125509506515,2496006,0
125.515,16,125512038521,2496006,0
125.517,11,125514883527,2496006,0
125.52,3,125517415533,2469000,1
125.52,8,125517415533,2469000,1
125.525,21,125522423539,2496006,0
125.527,11,125524946545,2469000,1
125.527,19,125524946545,2469000,1
125.527,18,125524946545,2469000,1
125.53,19,125527422545,2496006,0
125.532,16,125529963551,2496006,0
125.535,19,125532495557,2469000,1
125.535,21,125532495557,2469000,1
125.535,16,125532495557,2469000,1
125.537,3,125534962557,2496006,0
125.54,11,125537503563,2496006,0
125.543,5,125540035569,2496006,0
125.545,11,125542558575,2496006,0
125.548,3,125545117581,2469000,1
125.548,7,125545117581,2469000,1
125.548,8,125545117581,2469000,1
125.55,11,125547620581,2469000,1
125.55,21,125547620581,2469000,1
125.553,23,125550087581,2496006,0
125.555,5,125552628587,2496006,0
125.558,21,125555151593,2496006,0
125.56,5,125557683599,2496006,0
125.563,16,125560206605,2496006,0
125.565,11,125562747611,2469000,1
125.565,16,125562747611,2469000,1
125.568,5,125565214611,2496006,0
125.57,19,125567746617,2469000,1
125.57,3,125567746617,2469000,1
125.573,23,125570222617,2469000,1
125.573,5,125570222617,2469000,1
125.575,11,125572707617,2496006,0
125.578,21,125575239623,2496006,0
125.58,14,125577762629,2496006,0
125.585,3,125582826641,2496006,0
125.588,3,125585349647,2496006,0
125.591,14,125588185653,2496006,0
125.593,22,125590708659,2496006,0
125.596,19,125593231665,2496006,0
125.598,11,125595754671,2496006,0
125.601,21,125598286677,2469000,1
125.601,16,125598286677,2469000,1
125.603,19,125600753677,2496006,0
125.606,20,125603294683,2469000,1
125.606,21,125603294683,2469000,1
125.608,11,125605770683,2469000,1
125.608,3,125605770683,2469000,1
125.611,19,125608237683,2496006,0
125.613,23,125610760689,2496006,0
125.616,14,125613301695,2496006,0
125.618,22,125615824701,2469000,1
125.618,20,125615824701,2469000,1
125.621,5,125618613707,2496006,0
125.624,5,125621136713,2496006,0
125.626,8,125623659719,2496006,0
125.629,11,125626182725,2496006,0
125.631,14,125628705731,2469000,1
125.631,23,125628705731,2469000,1
125.634,3,125631181731,2496006,0
125.636,19,125633713737,2496006,0
125.639,11,125636245743,2496006,0
125.641,11,125638777749,2496006,0
125.644,5,125641318755,2469000,1
125.644,8,125641318755,2469000,1
125.646,3,125643785755,2496006,0
125.649,16,125646308761,2469000,1
125.649,8,125646308761,2469000,1
125.651,3,125648793761,2496006,0
125.654,3,125651316767,2496006,0
125.656,19,125653839773,2496006,0
125.659,3,125656362779,2496006,0
125.661,11,125658885785,2496006,0
125.664,9,125661408791,2496006,0
125.666,5,125663931797,2496006,0
125.669,14,125666463803,2469000,1
125.669,11,125666463803,2469000,1
125.671,22,125668930803,2496006,0
125.674,21,125671471809,2496006,0
125.676,9,125673994815,2469000,1
125.676,13,125673994815,2469000,1
125.676,18,125673994815,2469000,1
125.679,3,125676461815,2496006,0
125.681,22,125678984821,2469000,1
125.681,19,125678984821,2469000,1
125.681,13,125678984821,2469000,1
125.684,23,125681451821,2496006,0
125.686,14,125683974827,2496006,0
125.689,21,125686497833,2496006,0
125.691,1,125689020839,2469000,1
125.691,5,125689020839,2469000,1
125.697,3,125694368851,2496006,0
125.699,19,125696918857,2469000,1
125.699,23,125696918857,2469000,1
125.699,21,125696918857,2469000,1
125.702,14,125699385857,2496006,0
125.704,2,125701908863,2469000,1
125.704,11,125701908863,2469000,1
125.704,9,125701908863,2469000,1
125.707,3,125704393863,2496006,0
125.709,22,125706934869,2496006,0
125.712,22,125709457875,2496006,0
125.714,5,125711998881,2469000,1
125.714,19,125711998881,2469000,1
125.714,14,125711998881,2469000,1
125.717,22,125714465881,2469000,1
125.717,5,125714467881,2469000,1
125.719,3,125716952881,2496006,0
125.722,14,125719806887,2496006,0
125.725,16,125722347893,2496006,0
125.727,11,125724879899,2496006,0
125.73,14,125727402905,2496006,0
125.732,8,125729934911,2496006,0
125.735,3,125732457917,2496006,0
125.737,11,125734980923,2469000,1
125.737,16,125734980923,2469000,1
125.737,13,125734980923,2469000,1
125.74,21,125737447923,2496006,0
125.742,18,125739979929,2469000,1
125.742,23,125739979929,2469000,1
125.745,14,125742446929,2496006,0
125.75,9,125747519941,2496006,0
125.753,8,125750042947,2469000,1
125.753,21,125750042947,2469000,1
125.755,9,125752509947,2496006,0
125.758,3,125755032953,2469000,1
125.758,9,125755032953,2469000,1
125.76,14,125757499953,2496006,0
125.763,22,125760040959,2469000,1
125.763,3,125760040959,2469000,1
125.763,14,125760040959,2469000,1
125.765,21,125762507959,2496006,0
125.768,8,125765066965,2496006,0
125.77,11,125767589971,2496006,0
125.773,11,125770112977,2496006,0
125.775,7,125772635983,2469000,1
125.775,3,125772635983,2469000,1
125.778,16,125775111983,2496006,0
125.78,11,125777643989,2469000,1
125.78,8,125777643989,2469000,1
125.783,21,125780137989,2496006,0
125.785,16,125782669995,2496006,0
125.788,22,125785202001,2469000,1
125.788,11,125785202001,2469000,1
125.79,21,125787669001,2496006,0
125.793,9,125790192007,2496006,0
125.796,11,125793037013,2496006,0
125.798,22,125795578019,2469000,1
125.798,11,125795578019,2469000,1
125.801,14,125798045019,2469000,1
125.801,3,125798045019,2469000,1
125.801,16,125798045019,2469000,1
125.803,23,125800512019,2496006,0
125.806,21,125803035025,2469000,1
125.806,8,125803035025,2469000,1
125.806,11,125803035025,2469000,1
125.808,9,125805502025,2469000,1
125.808,16,125805502025,2469000,1
125.808,23,125805502025,2469000,1
125.81,14,125807978025,2496006,0
125.813,9,125810528031,2496006,0
125.816,10,125813078037,2469000,1
125.816,23,125813078037,2469000,1
125.818,9,125815572037,2496006,0
125.821,14,125818095043,2496006,0
125.823,11,125820618049,2496006,0
125.826,9,125823463055,2496006,0
125.829,11,125826031061,2496006,0
125.831,14,125828572067,2496006,0
125.834,21,125831113073,2496006,0
125.836,14,125833645079,2469000,1
125.836,9,125833645079,2469000,1
125.839,17,125836130079,2469000,1
125.839,19,125836130079,2469000,1
125.844,11,125841129085,2496006,0
125.846,5,125843652091,2496006,0
125.849,23,125846175097,2469000,1
125.849,21,125846175097,2469000,1
125.851,8,125848651097,2496006,0
125.854,5,125851183103,2469000,1
125.854,9,125851183103,2469000,1
125.856,5,125853659103,2496006,0
125.859,14,125856236109,2496006,0
125.861,5,125858759115,2469000,1
125.861,11,125858759115,2469000,1
125.861,21,125858759115,2469000,1
125.864,8,125861235115,2469000,1
125.864,9,125861235115,2469000,1
125.864,5,125861235115,2469000,1
125.866,16,125863765115,2496006,0
125.869,14,125866288121,2496006,0
125.874,14,125871343133,2496006,0
125.876,11,125873866139,2496006,0
125.879,5,125876389145,2496006,0
125.881,14,125878912151,2496006,0
125.884,11,125881435157,2496006,0
125.886,8,125883994163,2496006,0
125.889,16,125886535169,2496006,0
125.892,8,125889058175,2496006,0
125.894,5,125891599181,2496006,0
125.897,11,125894435187,2469000,1
125.897,20,125894435187,2469000,1
125.899,16,125896902187,2469000,1
125.899,14,125896902187,2469000,1
125.902,8,125899369187,2496006,0
125.904,6,125901919193,2469000,1
125.904,11,125901919193,2469000,1
125.909,5,125906909199,2496006,0
125.912,8,125909441205,2496006,0
125.914,5,125911964211,2496006,0
125.917,6,125914487217,2496006,0
125.92,6,125917028223,2496006,0
125.922,21,125919560229,2496006,0
125.925,14,125922092235,2496006,0
125.927,9,125924937241,2496006,0
125.93,8,125927460247,2496006,0
125.932,21,125929983253,2469000,1
125.932,9,125929983253,2469000,1
125.935,23,125932459253,2469000,1
125.935,5,125932459253,2469000,1
125.937,6,125934935253,2469000,1
125.937,16,125934935253,2469000,1
125.94,6,125937411253,2496006,0
125.942,14,125939934259,2496006,0
125.945,19,125942466265,2469000,1
125.945,14,125942466265,2469000,1
125.947,4,125944933265,2469000,1
125.947,11,125944933265,2469000,1
125.95,6,125947400265,2469000,1
125.95,8,125947400265,2469000,1
125.95,16,125947400265,2469000,1
125.955,9,125952408271,2496006,0
125.957,5,125954949277,2496006,0
125.96,16,125957472283,2496006,0
125.962,21,125960004289,2469000,1
125.962,5,125960004289,2469000,1
125.965,14,125962498289,2496006,0
125.967,9,125965021295,2469000,1
125.967,6,125965021295,2469000,1
125.97,20,125967497295,2496006,0
125.973,9,125970029301,2496006,0
125.975,8,125972552307,2496006,0
125.978,16,125975075313,2496006,0
125.98,9,125977598319,2496006,0
125.983,6,125980121325,2469000,1
125.983,16,125980121325,2469000,1
125.985,8,125982606325,2496006,0
125.988,14,125985138331,2496006,0
125.99,20,125987697337,2469000,1
125.99,16,125987697337,2469000,1
125.995,14,125992705343,2469000,1
125.995,9,125992705343,2469000,1
125.998,8,125995172343,2496006,0
126.001,5,125998035349,2496006,0
126.003,5,126000558355,2496006,0
126.006,21,126003081361,2496006,0
126.008,8,126005631367,2496006,0
126.011,8,126008163373,2496006,0
126.013,8,126010695379,2496006,0
126.016,11,126013236385,2496006,0
126.018,20,126015759391,2469000,1
126.018,14,126015759391,2469000,1
126.021,9,126018235391,2469000,1
126.021,5,126018235391,2469000,1
126.023,20,126020702391,2496006,0
126.026,21,126023225397,2496006,0
126.029,16,126026097403,2496006,0
126.034,8,126031143415,2469000,1
126.034,16,126031143415,2469000,1
126.036,11,126033610415,2496006,0
126.039,14,126036133421,2469000,1
126.039,16,126036133421,2469000,1
126.041,20,126038600421,2496006,0
126.044,22,126041123427,2469000,1
126.044,5,126041123427,2469000,1
126.046,23,126043608427,2496006,0
126.049,21,126046140433,2469000,1
126.049,11,126046140433,2469000,1
126.051,11,126048634433,2496006,0
126.054,3,126051166439,2469000,1
126.054,21,126051166439,2469000,1
126.056,8,126053633439,2469000,1
126.056,20,126053633439,2469000,1
126.059,23,126056127439,2496006,0
126.061,20,126058659445,2496006,0
126.064,11,126061182451,2496006,0
126.066,11,126063741457,2469000,1
126.066,6,126063741457,2469000,1
126.071,20,126068749463,2469000,1
126.071,5,126068749463,2469000,1
126.074,23,126071216463,2496006,0
126.076,20,126073739469,2496006,0
126.079,23,126076280475,2469000,1
126.079,20,126076280475,2469000,1
126.081,20,126078765475,2496006,0
126.084,20,126081297481,2496006,0
126.086,9,126083847487,2469000,1
126.086,21,126083847487,2469000,1
126.089,23,126086395487,2496006,0
126.091,20,126088918493,2496006,0
126.094,8,126091450499,2469000,1
126.096,16,126093917499,2469000,1
126.096,11,126093917499,2469000,1
126.099,9,126096447499,2496006,0
126.102,20,126099292505,2469000,1
126.102,16,126099292505,2469000,1
126.104,23,126101759505,2496006,0
126.107,23,126104327511,2469000,1
126.107,20,126104327511,2469000,1
126.109,19,126106794511,2469000,1
126.109,11,126106794511,2469000,1
126.114,14,126111811517,2469000,1
126.114,9,126111811517,2469000,1
126.117,23,126114314517,2496006,0
126.119,4,126116882523,2496006,0
126.122,4,126119414529,2496006,0
126.124,7,126121937535,2496006,0
126.127,7,126124460541,2496006,0
126.132,18,126129819553,2469000,1
126.132,4,126129819553,2469000,1
126.135,7,126132304553,2469000,1
126.135,23,126132304553,2469000,1
126.135,4,126132304553,2469000,1
126.137,4,126134773553,2496006,0
126.14,4,126137332559,2496006,0
126.142,8,126139891565,2469000,1
126.142,9,126139891565,2469000,1
126.147,4,126144944571,2496006,0
126.15,7,126147512577,2496006,0
126.153,4,126150053583,2469000,1
126.153,11,126150053583,2469000,1
126.158,20,126155043589,2496006,0
126.16,23,126157566595,2496006,0
126.163,23,126160089601,2496006,0
126.165,5,126162621607,2496006,0
126.168,23,126165153613,2496006,0
126.17,20,126167694619,2496006,0
126.173,7,126170217625,2496006,0
126.178,4,126175272637,2496006,0
126.18,20,126177795643,2496006,0
126.183,21,126180327649,2496006,0
126.185,5,126182859655,2496006,0
126.188,7,126185382661,2469000,1
126.188,23,126185382661,2469000,1
126.19,20,126187876661,2496006,0
126.193,1,126190417667,2469000,1
126.193,16,126190417667,2469000,1
126.195,4,126192884667,2496006,0
126.198,9,126195416673,2496006,0
126.2,21,126197939679,2496006,0
126.206,20,126203298691,2496006,0
126.208,5,126205821697,2496006,0
126.211,9,126208344703,2469000,1
126.211,7,126208344703,2469000,1
126.213,7,126210829703,2496006,0
126.216,23,126213352709,2496006,0
126.218,4,126215875715,2496006,0
126.221,10,126218398721,2496006,0
126.223,20,126220930727,2469000,1
126.223,21,126220930727,2469000,1
126.226,9,126223397727,2496006,0
126.228,23,126225938733,2496006,0
126.231,7,126228461739,2496006,0
126.234,5,126231306745,2496006,0
126.236,10,126233829751,2469000,1
126.236,23,126233829751,2469000,1
126.239,4,126236296751,2469000,1
126.239,23,126236298751,2469000,1
126.241,9,126238792751,2469000,1
126.241,7,126238792751,2469000,1
126.244,21,126241295751,2469000,1
126.244,5,126241295751,2469000,1
126.246,20,126243771751,2496006,0
126.249,20,126246339757,2496006,0
126.251,7,126248907763,2496006,0
126.254,12,126251430769,2469000,1
126.254,4,126251430769,2469000,1
126.256,10,126253897769,2496006,0
126.259,23,126256420775,2496006,0
126.261,9,126258961781,2496006,0
126.264,3,126261502787,2496006,0
126.267,20,126264025793,2496006,0
126.269,4,126266548799,2469000,1
126.272,10,126269015799,2496006,0
126.274,6,126271538805,2469000,1
126.274,5,126271538805,2469000,1
126.277,9,126274005805,2496006,0
126.279,11,126276528811,2469000,1
126.279,7,126276528811,2469000,1
126.281,20,126278995811,2496006,0
126.284,3,126281518817,2496006,0
126.287,23,126284050823,2469000,1
126.287,7,126284050823,2469000,1
126.289,10,126286535823,2496006,0
126.292,3,126289067829,2496006,0
126.294,20,126291590835,2496006,0
126.297,9,126294113841,2496006,0
126.299,10,126296636847,2496006,0
126.302,3,126299186853,2496006,0
126.304,9,126301709859,2496006,0
126.307,20,126304563865,2469000,1
126.307,9,126304563865,2469000,1
126.31,4,126307030865,2496006,0
126.312,10,126309553871,2496006,0
126.315,7,126312085877,2469000,1
126.317,10,126314570877,2469000,1
126.317,4,126314570877,2469000,1
126.317,3,126314570877,2469000,1
126.317,14,126314570877,2469000,1
126.32,21,126317046877,2469000,1
126.32,23,126317046877,2469000,1
126.322,11,126319513877,2496006,0
126.325,11,126322054883,2469000,1
126.327,7,126324539883,2496006,0
126.33,7,126327062889,2496006,0
126.332,4,126329594895,2496006,0
126.337,11,126334971907,2496006,0
126.34,21,126337494913,2496006,0
126.343,4,126340053919,2469000,1
126.343,20,126340053919,2469000,1
126.343,9,126340053919,2469000,1
126.345,7,126342520919,2496006,0
126.348,21,126345061925,2469000,1
126.348,10,126345061925,2469000,1
126.35,3,126347546925,2496006,0
126.353,21,126350069931,2469000,1
126.353,3,126350069931,2469000,1
126.355,11,126352536931,2496006,0
126.358,7,126355059937,2496006,0
126.36,4,126357582943,2469000,1
126.36,11,126357582943,2469000,1
126.36,7,126357582943,2469000,1
126.363,5,126360058943,2496006,0
126.365,10,126362599949,2496006,0
126.37,10,126367708961,2496006,0
126.373,23,126370231967,2469000,1
126.373,9,126370231967,2469000,1
126.373,7,126370231967,2469000,1
126.375,10,126372698967,2496006,0
126.378,5,126375221973,2469000,1
126.378,23,126375221973,2469000,1
126.38,11,126377697973,2496006,0
126.383,10,126380247979,2469000,1
126.383,11,126380247979,2469000,1
126.385,3,126382723979,2496006,0
126.388,5,126385255985,2496006,0
126.39,7,126387778991,2496006,0
126.393,3,126390301997,2496006,0
126.395,5,126392825003,2496006,0
126.398,5,126395366009,2496006,0
126.4,8,126397898015,2496006,0
126.403,7,126400430021,2469000,1
126.405,3,126402897021,2496006,0
126.408,3,126405456027,2496006,0
126.411,3,126408292033,2496006,0
126.413,11,126410815039,2469000,1
126.413,3,126410815039,2469000,1
126.416,8,126413282039,2496006,0
126.418,5,126415814045,2496006,0
126.421,20,126418355051,2496006,0
126.423,4,126420878057,2469000,1
126.423,20,126420878057,2469000,1
126.426,21,126423345057,2469000,1
126.426,10,126423345057,2469000,1
126.426,20,126423347057,2469000,1
126.428,3,126425814057,2496006,0
126.431,5,126428337063,2496006,0
126.433,7,126430860069,2496006,0
126.436,8,126433401075,2496006,0
126.439,3,126436255081,2496006,0
126.444,7,126441319093,2469000,1
126.444,3,126441319093,2469000,1
126.446,20,126443786093,2496006,0
126.449,5,126446318099,2496006,0
126.451,8,126448841105,2496006,0
126.454,11,126451364111,2496006,0
126.456,9,126453887117,2496006,0
126.459,7,126456410123,2496006,0
126.461,8,126458960129,2469000,1
126.461,5,126458960129,2469000,1
126.464,11,126461427129,2496006,0
126.466,9,126463977135,2469000,1
126.466,11,126463977135,2469000,1
126.469,20,126466444135,2496006,0
126.471,10,126468967141,2469000,1
126.471,20,126468967141,2469000,1
126.474,7,126471470141,2469000,1
126.474,20,126471470141,2469000,1
126.476,7,126473939141,2496006,0
126.479,8,126476489147,2496006,0
126.484,3,126481535159,2469000,1
126.484,10,126481535159,2469000,1
126.487,3,126484020159,2496006,0
126.489,7,126486570165,2469000,1
126.489,11,126486570165,2469000,1
126.492,5,126489055165,2496006,0
126.494,9,126491578171,2469000,1
126.494,8,126491578171,2469000,1
126.497,21,126494045171,2496006,0
126.499,15,126496568177,2496006,0
126.502,21,126499091183,2496006,0
126.504,5,126501623189,2496006,0
126.507,3,126504155195,2496006,0
126.509,15,126506687201,2469000,1
126.509,8,126506687201,2469000,1
126.512,3,126509485207,2469000,1
126.512,21,126509485207,2469000,1
126.514,5,126511952207,2496006,0
126.517,9,126514511213,2496006,0
126.522,23,126519566225,2496006,0
126.525,7,126522098231,2496006,0
126.527,5,126524630237,2496006,0
126.53,9,126527153243,2469000,1
126.53,16,126527153243,2469000,1
126.532,3,126529638243,2469000,1
126.532,9,126529638243,2469000,1
126.535,23,126532114243,2469000,1
126.535,4,126532114243,2469000,1
126.537,11,126534599243,2496006,0
126.54,15,126537122249,2496006,0
126.542,7,126539958255,2496006,0
126.545,22,126542481261,2469000,1
126.545,8,126542481261,2469000,1
126.547,20,126544957261,2496006,0
126.55,5,126547480267,2496006,0
126.552,11,126550012273,2469000,1
126.552,21,126550012273,2469000,1
126.552,23,126550012273,2469000,1
126.555,7,126552488273,2496006,0
126.558,20,126555011279,2496006,0
126.56,15,126557534285,2469000,1
126.56,7,126557534285,2469000,1
126.562,5,126560001285,2469000,1
126.562,20,126560001285,2469000,1
126.565,9,126562468285,2496006,0
126.57,20,126567523297,2496006,0
126.573,20,126570046303,2496006,0
126.575,7,126572596309,2496006,0
126.578,15,126575128315,2469000,1
126.578,7,126575128315,2469000,1
126.58,9,126577595315,2496006,0
126.583,11,126580154321,2496006,0
126.585,20,126582695327,2496006,0
126.588,9,126585227333,2469000,1
126.588,5,126585227333,2469000,1
126.588,20,126585227333,2469000,1
126.59,5,126587696333,2496006,0
126.593,7,126590255339,2496006,0
126.595,11,126592778345,2496006,0
126.598,9,126595319351,2496006,0
126.6,7,126597869357,2496006,0
126.603,23,126600392363,2496006,0
126.605,3,126602915369,2469000,1
126.608,5,126605382369,2496006,0
126.61,20,126607914375,2496006,0
126.613,23,126610446381,2469000,1
126.613,9,126610446381,2469000,1
126.616,20,126613226387,2496006,0
126.618,15,126615749393,2469000,1
126.618,11,126615749393,2469000,1
126.621,9,126618234393,2496006,0
126.623,20,126620775399,2496006,0
126.626,7,126623298405,2469000,1
126.626,9,126623298405,2469000,1
126.628,5,126625783405,2469000,1
126.628,7,126625783405,2469000,1
126.631,21,126628250405,2496006,0
126.633,23,126630809411,2469000,1
126.633,9,126630809411,2469000,1
126.633,5,126630809411,2469000,1
126.636,21,126633285411,2469000,1
126.636,20,126633285411,2469000,1
126.638,11,126635752411,2496006,0
126.644,11,126641156423,2496006,0
126.646,7,126643715429,2496006,0
126.649,20,126646247435,2496006,0
126.651,7,126648770441,2496006,0
126.654,11,126651302447,2496006,0
126.656,21,126653897453,2496006,0
126.659,20,126656438459,2469000,1
126.659,7,126656438459,2469000,1
126.661,11,126658923459,2469000,1
126.661,7,126658923459,2469000,1
126.664,23,126661390459,2496006,0
126.666,11,126663922465,2496006,0
126.669,21,126666454471,2496006,0
126.671,21,126668995477,2496006,0
126.674,11,126671527483,2496006,0
126.677,11,126674059489,2496006,0
126.679,3,126676591495,2496006,0
126.682,11,126679114501,2496006,0
126.684,7,126681637507,2469000,1
126.684,23,126681637507,2469000,1
126.687,21,126684113507,2496006,0
126.692,11,126689159519,2496006,0
126.694,5,126691682525,2496006,0
126.697,8,126694205531,2496006,0
126.699,20,126696728537,2496006,0
126.702,3,126699260543,2496006,0
126.704,9,126701783549,2496006,0
126.707,21,126704315555,2496006,0
126.709,20,126706847561,2469000,1
126.709,5,126706847561,2469000,1
126.709,15,126706847561,2469000,1
126.712,11,126709314561,2469000,1
126.712,21,126709314561,2469000,1
126.714,21,126711799561,2496006,0
126.717,8,126714635567,2496006,0
126.72,8,126717176573,2496006,0
126.722,3,126719699579,2469000,1
126.722,5,126719699579,2469000,1
126.725,11,126722166579,2469000,1
126.725,8,126722166579,2469000,1
126.727,21,126724633579,2496006,0
126.73,9,126727156585,2496006,0
126.735,23,126732202597,2496006,0
126.737,8,126734734603,2469000,1
126.737,9,126734734603,2469000,1
126.74,21,126737228603,2496006,0
126.742,6,126739751609,2469000,1
126.742,10,126739751609,2469000,1
126.745,20,126742227609,2496006,0
126.748,11,126745063615,2469000,1
126.748,21,126745063615,2469000,1
126.75,23,126747530615,2496006,0
126.753,17,126750080621,2496006,0
126.755,3,126752621627,2496006,0
126.758,14,126755153633,2496006,0
126.76,17,126757676639,2496006,0
126.763,23,126760199645,2496006,0
126.765,5,126762722651,2469000,1
126.765,20,126762722651,2469000,1
126.765,23,126762722651,2469000,1
126.768,3,126765198651,2496006,0
126.77,17,126767730657,2496006,0
126.773,9,126770262663,2469000,1
126.773,21,126770262663,2469000,1
126.775,3,126772747663,2469000,1
126.778,14,126775223663,2496006,0
126.78,17,126777755669,2496006,0
126.783,21,126780296675,2496006,0
126.785,20,126782828681,2469000,1
126.785,9,126782828681,2469000,1
126.788,21,126785340681,2469000,1
126.788,14,126785340681,2469000,1
126.79,17,126787816681,2469000,1
126.79,21,126787816681,2469000,1
126.793,3,126790301681,2496006,0
126.795,23,126792833687,2496006,0
126.798,8,126795356693,2496006,0
126.8,17,126797888699,2496006,0
126.803,23,126800438705,2469000,1
126.803,11,126800438705,2469000,1
126.805,8,126802914705,2469000,1
126.805,3,126802914705,2469000,1
126.808,21,126805381705,2496006,0
126.81,8,126807904711,2469000,1
126.813,14,126810371711,2496006,0
126.815,17,126812939717,2469000,1
126.815,23,126812939717,2469000,1
126.818,4,126815406717,2496006,0
126.821,21,126818242723,2496006,0
126.823,8,126820783729,2496006,0
126.826,7,126823315735,2469000,1
126.826,14,126823315735,2469000,1
126.828,4,126825782735,2496006,0
126.831,23,126828332741,2496006,0
126.833,23,126830873747,2496006,0
126.836,8,126833396753,2496006,0
126.838,4,126835919759,2469000,1
126.838,3,126835919759,2469000,1
126.841,21,126838386759,2496006,0
126.843,17,126840909765,2496006,0
126.846,21,126843432771,2496006,0
126.851,8,126848818783,2496006,0
126.854,19,126851359789,2469000,1
126.854,20,126851359789,2469000,1
126.856,23,126853826789,2496006,0
126.859,8,126856349795,2469000,1
126.859,14,126856349795,2469000,1
126.861,17,126858816795,2469000,1
126.861,23,126858816795,2469000,1
126.864,21,126861301795,2496006,0
126.866,8,126863851801,2496006,0
126.869,4,126866383807,2496006,0
126.871,21,126868942813,2469000,1
126.871,23,126868942813,2469000,1
126.874,4,126871409813,2496006,0
126.876,3,126873941819,2496006,0
126.879,13,126876482825,2469000,1
126.881,8,126878958825,2496006,0
126.884,8,126881481831,2496006,0
126.886,17,126884004837,2469000,1
126.886,21,126884004837,2469000,1
126.889,4,126886471837,2469000,1
126.889,18,126886471837,2469000,1
126.889,5,126886471837,2469000,1
126.891,1,126888938837,2469000,1
126.891,13,126888938837,2469000,1
126.894,3,126891405837,2496006,0
126.896,8,126893928843,2469000,1
126.896,14,126893928843,2469000,1
126.899,13,126896404843,2496006,0
126.901,1,126898927849,2496006,0
126.904,20,126901468855,2469000,1
126.904,8,126901468855,2469000,1
126.906,1,126903935855,2496006,0
126.909,1,126906467861,2496006,0
126.911,1,126908990867,2496006,0
126.914,3,126911522873,2496006,0
126.917,23,126914045879,2496006,0
126.919,13,126916586885,2496006,0
126.924,23,126921945897,2496006,0
126.927,1,126924468903,2496006,0
126.93,9,126927018909,2496006,0
126.932,1,126929541915,2496006,0
126.935,7,126932064921,2469000,1
126.935,3,126932064921,2469000,1
126.937,9,126934549921,2469000,1
126.937,4,126934549921,2469000,1
126.94,8,126937016921,2496006,0
126.942,13,126939539927,2496006,0
126.945,1,126942071933,2496006,0
126.947,3,126944594939,2469000,1
126.947,13,126944594939,2469000,1
126.95,23,126947061939,2469000,1
126.95,13,126947063939,2469000,1
126.952,23,126949870945,2496006,0
126.955,2,126952402951,2469000,1
126.955,1,126952402951,2469000,1
126.957,8,126954896951,2496006,0
126.96,23,126957455957,2496006,0
126.965,8,126962510969,2469000,1
126.965,9,126962510969,2469000,1
126.967,14,126964977969,2496006,0
126.97,17,126967536975,2496006,0
126.973,1,126970059981,2496006,0
126.975,21,126972582987,2496006,0
126.978,23,126975105993,2496006,0
126.98,15,126977673999,2469000,1
126.98,8,126977673999,2469000,1
126.983,14,126980149999,2496006,0
126.985,23,126982673005,2469000,1
126.985,11,126982673005,2469000,1
126.988,1,126985140005,2496006,0
126.99,17,126987663011,2496006,0
126.993,21,126990195017,2496006,0
126.995,17,126992754023,2496006,0
127,4,126997827035,2469000,1
127,14,126997827035,2469000,1
127.003,21,127000312035,2469000,1
127.003,13,127000312035,2469000,1
127.003,1,127000312035,2469000,1
127.005,4,127002806035,2496006,0
127.008,23,127005329041,2496006,0
127.01,17,127007852047,2496006,0
127.013,3,127010402053,2496006,0
127.015,3,127012925059,2496006,0
127.018,4,127015448065,2469000,1
127.018,12,127015448065,2469000,1
127.02,17,127017915065,2496006,0
127.023,9,127020765003,2496006,0
127.026,3,127023288009,2496006,0
127.028,9,127025811015,2496006,0
127.031,17,127028334021,2496006,0
127.033,12,127030857027,2496006,0
127.036,3,127033389033,2469000,1
127.036,23,127033389033,2469000,1
127.036,4,127033389033,2469000,1
127.041,1,127038388039,2496006,0
127.043,9,127040920045,2469000,1
127.043,20,127040920045,2469000,1
127.046,12,127043387045,2469000,1
127.046,15,127043387045,2469000,1
127.048,8,127045854045,2469000,1
127.048,14,127045854045,2469000,1
127.048,21,127045854045,2469000,1
127.051,1,127048321045,2469000,1
127.051,23,127048321045,2469000,1
127.054,12,127051119051,2496006,0
127.056,17,127053651057,2496006,0
127.059,12,127056174063,2496006,0
127.061,7,127058787069,2496006,0
127.064,17,127061310075,2496006,0
127.066,12,127063833081,2496006,0
127.069,23,127066356087,2496006,0
127.071,3,127068888093,2469000,1
127.071,1,127068888093,2469000,1
127.076,12,127073887099,2496006,0
127.079,22,127076419105,2496006,0
127.081,21,127078942111,2469000,1
127.081,22,127078942111,2469000,1
127.084,9,127081409111,2469000,1
127.084,1,127081409111,2469000,1
127.086,23,127083876111,2496006,0
127.089,12,127086408117,2469000,1
127.089,7,127086408117,2469000,1
127.091,4,127088875117,2469000,1
127.091,17,127088875117,2469000,1
127.094,14,127091342117,2496006,0
127.096,4,127093865123,2496006,0
127.099,17,127096406129,2496006,0
127.101,22,127098947135,2496006,0
127.104,3,127101470141,2496006,0
127.106,23,127104002147,2496006,0
127.109,14,127106525153,2496006,0
127.112,4,127109048159,2469000,1
127.112,12,127109048159,2469000,1
127.114,13,127111515159,2496006,0
127.117,17,127114038165,2496006,0
127.119,23,127116561171,2469000,1
127.119,22,127116561171,2469000,1
127.122,13,127119046171,2469000,1
127.122,3,127119046171,2469000,1
127.124,14,127121522171,2496006,0
127.127,23,127124358177,2496006,0
127.129,23,127126881183,2496006,0
127.132,14,127129422189,2469000,1
127.132,7,127129422189,2469000,1
127.134,17,127131889189,2496006,0
127.137,14,127134421195,2496006,0
127.139,4,127136944201,2496006,0
127.142,4,127139503207,2469000,1
127.142,13,127139503207,2469000,1
127.142,23,127139503207,2469000,1
127.144,7,127141970207,2496006,0
127.147,21,127144493213,2496006,0
127.149,22,127147025219,2469000,1
127.149,3,127147025219,2469000,1
127.152,14,127149492219,2496006,0
127.154,8,127152015225,2469000,1
127.154,13,127152015225,2469000,1
127.157,21,127154804231,2469000,1
127.157,17,127154804231,2469000,1
127.16,14,127157289231,2496006,0
127.162,7,127159821237,2496006,0
127.165,7,127162353243,2496006,0
127.167,14,127164876249,2496006,0
127.17,7,127167426255,2469000,1
127.172,9,127169902255,2496006,0
127.175,23,127172425261,2496006,0
127.177,3,127174966267,2496006,0
127.18,23,127177489273,2496006,0
127.182,12,127180012279,2469000,1
127.182,17,127180012279,2469000,1
127.185,14,127182479279,2496006,0
127.187,4,127185002285,2496006,0
127.19,9,127187534291,2496006,0
127.193,17,127190057297,2496006,0
127.195,9,127192580303,2496006,0
127.198,21,127195112309,2496006,0
127.2,4,127197644315,2469000,1
127.2,14,127197644315,2469000,1
127.2,23,127197644315,2469000,1
127.2,9,127197644315,2469000,1
127.203,5,127200111315,2469000,1
127.203,14,127200113315,2469000,1
127.205,17,127202580315,2469000,1
127.205,22,127202580315,2469000,1
127.205,21,127202580315,2469000,1
127.208,3,127205056315,2469000,1
127.208,23,127205056315,2469000,1
127.21,1,127207532315,2496006,0
127.213,1,127210091321,2496006,0
127.215,7,127212614327,2469000,1
127.215,4,127212614327,2469000,1
127.218,1,127215081327,2469000,1
127.218,7,127215083327,2469000,1
127.22,14,127217550327,2496006,0
127.223,4,127220082333,2496006,0
127.225,14,127222605339,2496006,0
127.228,21,127225128345,2469000,1
127.23,17,127227962351,2469000,1
127.233,3,127230447351,2469000,1
127.238,9,127235446357,2469000,1
127.238,4,127235446357,2469000,1
127.24,14,127237913357,2496006,0
127.243,6,127240454363,2469000,1
127.243,1,127240454363,2469000,1
127.245,14,127242939363,2496006,0
127.248,7,127245498369,2496006,0
127.251,12,127248057375,2496006,0
127.253,17,127250589381,2496006,0
127.256,7,127253112387,2496006,0
127.258,14,127255948393,2496006,0
127.261,7,127258489399,2496006,0
127.264,13,127261030405,2496006,0
127.266,12,127263553411,2469000,1
127.266,4,127263553411,2469000,1
127.269,3,127266020411,2496006,0
127.271,22,127268543417,2469000,1
127.271,1,127268543417,2469000,1
127.274,3,127271010417,2496006,0
127.276,7,127273533423,2496006,0
127.279,13,127276056429,2469000,1
127.279,14,127276056429,2469000,1
127.279,17,127276056429,2469000,1
127.281,23,127278541429,2496006,0
127.284,21,127281073435,2496006,0
127.286,12,127283614441,2469000,1
127.289,13,127286090441,2496006,0
127.291,7,127288631447,2496006,0
127.294,23,127291154453,2469000,1
127.294,3,127291154453,2469000,1
127.296,21,127293630453,2496006,0
127.299,13,127296153459,2496006,0
127.301,3,127298685465,2496006,0
127.304,14,127301217471,2496006,0
127.306,14,127303758477,2496006,0
127.309,21,127306281483,2496006,0
127.311,17,127308804489,2469000,1
127.311,21,127308804489,2469000,1
127.314,14,127311271489,2496006,0
127.316,7,127313794495,2496006,0
127.319,3,127316317501,2469000,1
127.319,9,127316317501,2469000,1
127.319,7,127316317501,2469000,1
127.321,10,127318811501,2469000,1
127.321,13,127318811501,2469000,1
127.324,14,127321278501,2496006,0
127.326,14,127323810507,2496006,0
127.329,23,127326342513,2496006,0
127.332,23,127329232519,2469000,1
127.334,4,127331699519,2496006,0
127.337,21,127334249525,2469000,1
127.337,4,127334249525,2469000,1
127.339,22,127336716525,2496006,0
127.342,14,127339239531,2496006,0
127.344,3,127341771537,2469000,1
127.344,7,127341771537,2469000,1
127.344,4,127341771537,2469000,1
127.347,7,127344240537,2496006,0
127.349,7,127346772543,2496006,0
127.352,13,127349295549,2496006,0
127.354,22,127351836555,2496006,0
127.357,14,127354359561,2469000,1
127.357,13,127354359561,2469000,1
127.36,14,127357156003,2496006,0
127.362,12,127359679009,2496006,0
127.365,23,127362202015,2496006,0
127.367,22,127364734021,2496006,0
127.37,3,127367266027,2496006,0
127.372,14,127369798033,2469000,1
127.372,22,127369798033,2469000,1
127.375,7,127372265033,2496006,0
127.377,3,127374788039,2496006,0
127.38,11,127377311045,2496006,0
127.382,7,127379834051,2496006,0
127.385,12,127382366057,2469000,1
127.385,11,127382366057,2469000,1
127.385,7,127382366057,2469000,1
127.387,23,127384833057,2469000,1
127.39,14,127387300057,2496006,0
127.392,4,127389832063,2496006,0
127.395,4,127392364069,2496006,0
127.397,3,127394887075,2469000,1
127.397,7,127394887075,2469000,1
127.4,22,127397354075,2469000,1
127.4,23,127397354075,2469000,1
127.402,11,127399821075,2469000,1
127.407,17,127404813081,2469000,1
127.407,13,127404813081,2469000,1
127.41,21,127407280081,2496006,0
127.412,14,127409821087,2496006,0
127.415,21,127412380093,2496006,0
127.417,4,127414903099,2496006,0
127.42,3,127417453105,2496006,0
127.422,21,127419976111,2469000,1
127.422,14,127419976111,2469000,1
127.425,9,127422443111,2469000,1
127.425,12,127422443111,2469000,1
127.427,4,127424919111,2496006,0
127.43,21,127427451117,2496006,0
127.432,22,127429992123,2469000,1
127.432,3,127429992123,2469000,1
127.435,4,127432790129,2469000,1
127.435,22,127432790129,2469000,1
127.438,21,127435266129,2496006,0
127.44,1,127437789135,2496006,0
127.443,16,127440321141,2496006,0
127.445,1,127442871147,2469000,1
127.445,20,127442871147,2469000,1
127.448,7,127445365147,2469000,1
127.448,23,127445365147,2469000,1
127.448,3,127445365147,2469000,1
127.45,8,127447841147,2469000,1
127.453,14,127450326147,2469000,1
127.453,22,127450326147,2469000,1
127.453,21,127450326147,2469000,1
127.453,16,127450326147,2469000,1
127.455,21,127452795147,2496006,0
127.458,7,127455336153,2469000,1
127.458,21,127455336153,2469000,1
127.46,7,127457805153,2496006,0
127.463,23,127460641159,2469000,1
127.463,14,127460641159,2469000,1
127.466,11,127463108159,2496006,0
127.468,4,127465640165,2496006,0
127.471,1,127468208171,2496006,0
127.473,13,127470740177,2469000,1
127.473,7,127470740177,2469000,1
127.476,11,127473207177,2469000,1
127.476,16,127473207177,2469000,1
127.478,4,127475683177,2496006,0
127.481,21,127478215183,2496006,0
127.483,9,127480738189,2496006,0
127.486,9,127483297195,2496006,0
127.488,12,127485829201,2469000,1
127.488,1,127485829201,2469000,1
127.488,9,127485829201,2469000,1
127.493,13,127490819207,2496006,0
127.496,16,127493360213,2469000,1
127.496,4,127493360213,2469000,1
127.498,11,127495836213,2469000,1
127.498,21,127495836213,2469000,1
127.501,7,127498312213,2496006,0
127.503,1,127500853219,2496006,0
127.506,13,127503412225,2496006,0
127.508,7,127505989231,2496006,0
127.511,9,127508512237,2469000,1
127.511,7,127508512237,2469000,1
127.513,13,127510979237,2469000,1
127.513,1,127510979237,2469000,1
127.513,3,127510979237,2469000,1
127.516,7,127513482237,2496006,0
127.521,3,127518537249,2496006,0
127.524,21,127521069255,2496006,0
127.526,4,127523592261,2496006,0
127.529,4,127526115267,2496006,0
127.531,4,127528638273,2496006,0
127.534,13,127531170279,2496006,0
127.537,1,127534015285,2496006,0
127.539,3,127536538291,2496006,0
127.542,7,127539061297,2496006,0
127.544,9,127541584303,2496006,0
127.547,4,127544107309,2496006,0
127.549,21,127546630315,2469000,1
127.549,23,127546630315,2469000,1
127.549,11,127546630315,2469000,1
127.552,7,127549124315,2469000,1
127.552,17,127549124315,2469000,1
127.554,4,127551591315,2496006,0
127.557,3,127554114321,2469000,1
127.557,13,127554114321,2469000,1
127.562,21,127559113327,2496006,0
127.564,1,127561956003,2469000,1
127.564,3,127561956003,2469000,1
127.567,3,127564425003,2496006,0
127.569,9,127566957009,2496006,0
127.572,4,127569480015,2496006,0
127.574,21,127572012021,2469000,1
127.574,4,127572012021,2469000,1
127.577,12,127574497021,2496006,0
127.58,9,127577020027,2496006,0
127.582,3,127579543033,2496006,0
127.585,7,127582102039,2496006,0
127.587,13,127584643045,2496006,0
127.59,12,127587166051,2496006,0
127.592,7,127589689057,2469000,1
127.592,3,127589689057,2469000,1
127.592,1,127589689057,2469000,1
127.595,9,127592156057,2496006,0
127.597,21,127594688063,2496006,0
127.6,12,127597211069,2496006,0
127.602,4,127599743075,2496006,0
127.607,13,127604798087,2496006,0
127.61,8,127607321093,2496006,0
127.612,12,127609844099,2496006,0
127.615,14,127612376105,2496006,0
127.617,8,127614899111,2496006,0
127.62,9,127617422117,2496006,0
127.622,9,127619945123,2496006,0
127.625,12,127622477129,2496006,0
127.627,21,127625000135,2496006,0
127.63,4,127627523141,2496006,0
127.633,8,127630046147,2469000,1
127.633,7,127630046147,2469000,1
127.635,12,127632513147,2496006,0
127.638,13,127635349153,2496006,0
127.64,14,127637872159,2469000,1
127.64,3,127637872159,2469000,1
127.643,4,127640339159,2469000,1
127.643,13,127640339159,2469000,1
127.645,19,127642815159,2496006,0
127.648,21,127645356165,2496006,0
127.65,9,127647879171,2496006,0
127.653,12,127650429177,2496006,0
127.655,4,127652952183,2496006,0
127.658,19,127655484189,2469000,1
127.658,1,127655484189,2469000,1
127.66,21,127657951189,2496006,0
127.663,16,127660474195,2496006,0
127.665,12,127662997201,2469000,1
127.665,9,127662997201,2469000,1
127.665,17,127662997201,2469000,1
127.668,21,127665777207,2469000,1
127.671,8,127668244207,2496006,0
127.673,16,127670785213,2469000,1
127.673,14,127670785213,2469000,1
127.676,16,127673261213,2496006,0
127.678,13,127675784219,2496006,0
127.681,4,127678325225,2496006,0
127.683,8,127680857231,2496006,0
127.686,5,127683380237,2469000,1
127.686,14,127683380237,2469000,1
127.688,16,127685874237,2496006,0
127.691,9,127688415243,2496006,0
127.693,1,127690938249,2469000,1
127.693,8,127690938249,2469000,1
127.696,4,127693405249,2496006,0
127.698,7,127695928255,2469000,1
127.698,12,127695928255,2469000,1
127.698,13,127695928255,2469000,1
127.701,21,127698395255,2496006,0
127.703,19,127700918261,2496006,0
127.706,16,127703441267,2469000,1
127.706,8,127703441267,2469000,1
127.708,3,127705908267,2469000,1
127.708,19,127705908267,2469000,1
127.711,9,127708375267,2469000,1
127.711,16,127708375267,2469000,1
127.713,4,127710914267,2496006,0
127.716,21,127713455273,2469000,1
127.716,4,127713455273,2469000,1
127.718,7,127715940273,2496006,0
127.721,21,127718472279,2469000,1
127.723,8,127720939279,2496006,0
127.726,13,127723525285,2496006,0
127.729,11,127726048291,2469000,1
127.729,13,127726048291,2469000,1
127.731,14,127728515291,2469000,1
127.731,19,127728515291,2469000,1
127.733,9,127730982291,2469000,1
127.733,7,127730982291,2469000,1
127.736,8,127733449291,2496006,0
127.739,21,127736017297,2496006,0
127.741,8,127738862303,2496006,0
127.744,4,127741412309,2469000,1
127.744,13,127741412309,2469000,1
127.746,8,127743879309,2496006,0
127.749,16,127746438315,2496006,0
127.751,12,127748970321,2496006,0
127.754,7,127751493327,2469000,1
127.754,21,127751493327,2469000,1
127.756,7,127753962327,2496006,0
127.759,12,127756485333,2496006,0
127.762,8,127759008339,2496006,0
127.767,8,127764063351,2496006,0
127.769,12,127766908357,2469000,1
127.769,16,127766908357,2469000,1
127.769,11,127766908357,2469000,1
127.772,7,127769447357,2469000,1
127.772,8,127769447357,2469000,1
127.774,13,127771923357,2496006,0
127.777,7,127774446363,2496006,0
127.779,7,127776978369,2496006,0
127.782,19,127779510375,2496006,0
127.785,7,127782042381,2496006,0
127.787,13,127784583387,2469000,1
127.787,21,127784583387,2469000,1
127.787,8,127784583387,2469000,1
127.787,7,127784583387,2469000,1
127.79,12,127787050387,2496006,0
127.792,19,127789582393,2469000,1
127.792,4,127789582393,2469000,1
127.795,16,127792058393,2496006,0
127.797,16,127794581399,2496006,0
127.8,16,127797104405,2496006,0
127.802,12,127799636411,2469000,1
127.802,16,127799636411,2469000,1
127.805,9,127802112411,2496006,0
127.807,19,127804644417,2496006,0
127.81,3,127807185423,2469000,1
127.81,13,127807185423,2469000,1
127.812,21,127809679423,2496006,0
127.815,19,127812202429,2496006,0
127.817,9,127814725435,2496006,0
127.82,19,127817248441,2496006,0
127.822,7,127819825447,2496006,0
127.825,12,127822366453,2469000,1
127.825,21,127822366453,2469000,1
127.825,7,127822366453,2469000,1
127.827,13,127824833453,2496006,0
127.83,16,127827356459,2469000,1
127.83,9,127827356459,2469000,1
127.832,13,127829823459,2496006,0
127.835,19,127832346465,2469000,1
127.835,8,127832346465,2469000,1
127.837,21,127834813465,2496006,0
127.843,7,127840226477,2496006,0
127.845,21,127842767483,2496006,0
127.848,13,127845299489,2496006,0
127.85,10,127847840495,2469000,1
127.85,13,127847840495,2469000,1
127.853,12,127850352495,2469000,1
127.853,19,127850352495,2469000,1
127.855,7,127852819495,2469000,1
127.855,13,127852819495,2469000,1
127.858,21,127855286495,2469000,1
127.858,9,127855286495,2469000,1
127.86,21,127857807495,2469000,1
127.863,12,127860292495,2496006,0
127.865,3,127862833501,2469000,1
127.865,16,127862833501,2469000,1
127.868,12,127865309501,2496006,0
127.87,13,127867868507,2496006,0
127.873,12,127870713513,2469000,1
127.873,7,127870713513,2469000,1
127.876,8,127873180513,2469000,1
127.876,19,127873180513,2469000,1
127.878,13,127875647513,2496006,0
127.883,13,127880702525,2496006,0
127.886,12,127883234531,2496006,0
127.888,12,127885793537,2496006,0
127.891,13,127888352543,2496006,0
127.893,19,127890875549,2469000,1
127.893,13,127890875549,2469000,1
127.896,12,127893342549,2496006,0
127.901,12,127898460561,2496006,0
127.903,22,127900983567,2496006,0
127.906,9,127903506573,2496006,0
127.909,4,127906047579,2496006,0
127.911,22,127908588585,2469000,1
127.911,13,127908588585,2469000,1
127.914,21,127911073585,2496006,0
127.919,12,127916146597,2496006,0
127.921,7,127918678603,2469000,1
127.921,9,127918678603,2469000,1
127.924,4,127921145603,2496006,0
127.926,12,127923677609,2496006,0
127.929,21,127926200615,2496006,0
127.931,1,127928723621,2496006,0
127.934,12,127931246627,2496006,0
127.936,4,127933769633,2469000,1
127.936,21,127933769633,2469000,1
127.939,12,127936236633,2496006,0
127.941,22,127938759639,2496006,0
127.944,14,127941282645,2496006,0
127.947,9,127944118651,2469000,1
127.947,14,127944118651,2469000,1
127.949,21,127946585651,2469000,1
127.952,22,127949070651,2469000,1
127.952,14,127949070651,2469000,1
127.954,1,127951537651,2496006,0
127.957,20,127954069657,2496006,0
127.959,18,127956610663,2469000,1
127.959,12,127956610663,2469000,1
127.959,14,127956610663,2469000,1
127.962,12,127959079663,2496006,0
127.964,20,127961620669,2469000,1
127.964,19,127961620669,2469000,1
127.967,1,127964087669,2469000,1
127.967,17,127964087669,2469000,1
127.967,20,127964089669,2469000,1
127.969,20,127966583669,2496006,0
127.972,12,127969115675,2496006,0
127.974,22,127971951681,2469000,1
127.974,18,127971951681,2469000,1
127.977,20,127974418681,2496006,0
127.979,20,127976941687,2496006,0
127.982,4,127979473693,2496006,0
127.984,20,127982005699,2469000,1
127.987,4,127984481699,2496006,0
127.989,12,127987022705,2469000,1
127.989,22,127987022705,2469000,1
127.992,12,127989491705,2496006,0
127.995,16,127992059711,2496006,0
127.997,15,127994582717,2496006,0
128,2,127997105723,2469000,1
128,13,127997105723,2469000,1
128,16,127997105723,2469000,1
128.002,4,127999572723,2496006,0
128.005,12,128002095729,2496006,0
128.007,16,128004618735,2496006,0
128.01,1,128007150741,2496006,0
128.012,15,128009673747,2496006,0
128.015,1,128012196753,2496006,0
128.017,9,128014719759,2496006,0
128.02,18,128017242765,2469000,1
128.02,20,128017242765,2469000,1
128.022,16,128019709765,2496006,0
128.025,19,128022232771,2496006,0
128.027,12,128024755777,2496006,0
128.03,2,128027278783,2469000,1
128.03,12,128027278783,2469000,1
128.032,16,128029745783,2469000,1
128.037,1,128034746789,2469000,1
128.037,15,128034746789,2469000,1
128.037,4,128034746789,2469000,1
128.04,19,128037231789,2469000,1
128.04,21,128037231789,2469000,1
128.04,9,128037231789,2469000,1
128.042,15,128039698789,2496006,0
128.045,12,128042221795,2496006,0
128.048,14,128045057801,2469000,1
128.048,22,128045057801,2469000,1
128.048,12,128045057801,2469000,1
128.05,15,128047524801,2496006,0
128.053,15,128050056807,2496006,0
128.055,16,128052579813,2496006,0
128.058,4,128055111819,2496006,0
128.06,8,128057634825,2469000,1
128.06,15,128057634825,2469000,1
128.063,9,128060119825,2496006,0
128.065,15,128062687831,2496006,0
128.068,16,128065210837,2496006,0
128.07,2,128067733843,2496006,0
128.073,4,128070265849,2496006,0
128.075,2,128072788855,2496006,0
128.078,1,128075624861,2469000,1
128.078,19,128075624861,2469000,1
128.081,9,128078100861,2469000,1
128.081,6,128078100861,2469000,1
128.083,12,128080585861,2496006,0
128.086,15,128083108867,2469000,1
128.086,19,128083108867,2469000,1
128.088,16,128085575867,2469000,1
128.088,12,128085575867,2469000,1
128.091,23,128088042867,2496006,0
128.093,18,128090565873,2496006,0
128.096,23,128093106879,2496006,0
128.098,4,128095629885,2496006,0
128.101,2,128098161891,2469000,1
128.101,6,128098161891,2469000,1
128.101,12,128098161891,2469000,1
128.103,20,128100646891,2496006,0
128.106,18,128103169897,2469000,1
128.106,7,128103169897,2469000,1
128.108,4,128105636897,2496006,0
128.111,23,128108186903,2496006,0
128.113,23,128110709909,2496006,0
128.116,23,128113268915,2496006,0
128.118,6,128115791921,2496006,0
128.121,9,128118323927,2496006,0
128.123,4,128120846933,2469000,1
128.123,15,128120846933,2469000,1
128.123,20,128120846933,2469000,1
128.126,1,128123313933,2469000,1
128.126,2,128123313933,2469000,1
128.126,18,128123313933,2469000,1
128.128,23,128125780933,2469000,1
128.128,16,128125780933,2469000,1
128.131,12,128128256933,2469000,1
128.131,20,128128256933,2469000,1
128.133,6,128130732933,2496006,0
128.138,13,128135805945,2496006,0
128.141,9,128138355951,2469000,1
128.141,2,128138355951,2469000,1
128.141,13,128138355951,2469000,1
128.143,19,128140831951,2469000,1
128.143,4,128140831951,2469000,1
128.146,6,128143334951,2496006,0
128.148,23,128145857957,2496006,0
128.151,16,128148702963,2496006,0
128.154,16,128151225969,2496006,0
128.156,6,128153784975,2496006,0
128.159,13,128156325981,2496006,0
128.161,23,128158857987,2496006,0
128.164,16,128161389993,2496006,0
128.166,18,128163939999,2496006,0
128.169,6,128166472005,2496006,0
128.171,14,128168995011,2496006,0
128.174,23,128171518017,2469000,1
128.174,9,128171518017,2469000,1
128.174,14,128171518017,2469000,1
128.176,18,128173985017,2496006,0
128.179,21,128176830023,2469000,1
128.179,13,128176830023,2469000,1
128.182,16,128179297023,2496006,0
128.184,15,128181856029,2496006,0
128.187,20,128184379035,2496006,0
128.189,6,128186920041,2469000,1
128.189,14,128186920041,2469000,1
128.189,18,128186920041,2469000,1
128.192,6,128189389041,2496006,0
128.194,16,128191912047,2496006,0
128.197,6,128194489053,2469000,1
128.197,13,128194489053,2469000,1
128.199,15,128196956053,2469000,1
128.199,20,128196956053,2469000,1
128.202,2,128199450053,2469000,1
128.202,6,128199450053,2469000,1
128.204,16,128201917053,2469000,1
128.204,4,128201917053,2469000,1
128.204,23,128201917053,2469000,1
128.209,18,128206970059,2496006,0
128.212,1,128209502065,2469000,1
128.212,23,128209502065,2469000,1
128.214,18,128211987065,2496006,0
128.217,9,128214537071,2469000,1
128.217,15,128214537071,2469000,1
128.22,21,128217004071,2496006,0
128.222,16,128219527077,2496006,0
128.225,18,128222050083,2496006,0
128.227,5,128224573089,2469000,1
128.227,16,128224573089,2469000,1
128.23,18,128227040089,2496006,0
128.232,21,128229563095,2496006,0
128.235,20,128232104101,2469000,1
128.235,15,128232104101,2469000,1
128.237,1,128234580101,2469000,1
128.24,16,128237047101,2496006,0
128.242,23,128239579107,2496006,0
128.245,23,128242102113,2496006,0
128.247,18,128244634119,2496006,0
128.25,16,128247166125,2496006,0
128.252,6,128250002131,2469000,1
128.252,21,128250002131,2469000,1
128.255,13,128252469131,2496006,0
128.257,23,128254992137,2469000,1
128.257,1,128254992137,2469000,1
128.26,22,128257486137,2496006,0
128.262,18,128260018143,2469000,1
128.262,14,128260018143,2469000,1
128.265,19,128262485143,2496006,0
128.267,7,128265017149,2469000,1
128.267,13,128265017149,2469000,1
128.27,20,128267493149,2496006,0
128.273,16,128270016155,2496006,0
128.275,21,128272539161,2496006,0
128.278,12,128275062167,2469000,1
128.28,22,128277529167,2496006,0
128.283,23,128280365173,2496006,0
128.285,16,128282888179,2469000,1
128.285,21,128282888179,2469000,1
128.288,19,128285355179,2496006,0
128.29,16,128287914185,2496006,0
128.293,20,128290437191,2496006,0
128.295,13,128292969197,2496006,0
128.298,23,128295492203,2496006,0
128.301,16,128298015209,2496006,0
128.303,19,128300556215,2469000,1
128.303,9,128300556215,2469000,1
128.303,22,128300556215,2469000,1
128.305,20,128303023215,2469000,1
128.305,19,128303025215,2469000,1
128.308,13,128305501215,2496006,0
128.31,16,128308024221,2469000,1
128.31,18,128308024221,2469000,1
128.313,21,128310536221,2469000,1
128.313,23,128310536221,2469000,1
128.318,22,128315562227,2469000,1
128.318,18,128315562227,2469000,1
128.321,4,128318029227,2496006,0
128.323,13,128320561233,2496006,0
128.326,13,128323093239,2496006,0
128.328,4,128325616245,2469000,1
128.328,20,128325616245,2469000,1
128.331,13,128328083245,2496006,0
128.333,16,128330633251,2496006,0
128.336,20,128333156257,2496006,0
128.338,16,128335706263,2469000,1
128.338,13,128335706263,2469000,1
128.338,20,128335706263,2469000,1
128.341,6,128338173263,2496006,0
128.343,7,128340696269,2496006,0
128.346,13,128343246275,2496006,0
128.348,4,128345769281,2496006,0
128.351,23,128348292287,2469000,1
128.351,4,128348292287,2469000,1
128.353,6,128350759287,2496006,0
128.356,13,128353595293,2496006,0
128.359,12,128356127299,2469000,1
128.361,19,128358594299,2496006,0
128.364,4,128361117305,2496006,0
128.366,7,128363640311,2469000,1
128.366,4,128363640311,2469000,1
128.369,22,128366134311,2469000,1
128.369,16,128366134311,2469000,1
128.371,19,128368601311,2496006,0
128.374,6,128371124317,2496006,0
128.376,13,128373656323,2469000,1
128.376,7,128373656323,2469000,1
128.379,20,128376123323,2496006,0
128.381,11,128378664329,2496006,0
128.384,21,128381500335,2496006,0
128.386,19,128384023341,2469000,1
128.386,13,128384023341,2469000,1
128.389,21,128386490341,2496006,0
128.392,4,128389013347,2496006,0
128.394,6,128391536353,2496006,0
128.397,21,128394059359,2496006,0
128.399,20,128396582365,2469000,1
128.399,19,128396582365,2469000,1
128.402,4,128399058365,2496006,0
128.404,11,128401590371,2496006,0
128.407,6,128404140377,2496006,0
128.409,14,128406672383,2496006,0
128.414,15,128411736395,2496006,0
128.417,11,128414259401,2469000,1
128.417,21,128414259401,2469000,1
128.419,15,128416726401,2496006,0
128.422,20,128419249407,2469000,1
128.422,4,128419249407,2469000,1
128.424,13,128421716407,2496006,0
128.427,6,128424239413,2496006,0
128.429,15,128426780419,2469000,1
128.429,3,128426780419,2469000,1
128.429,6,128426780419,2469000,1
128.432,14,128429247419,2469000,1
128.432,21,128429247419,2469000,1
128.434,13,128431723419,2496006,0
128.437,13,128434282425,2496006,0
128.439,11,128436805431,2469000,1
128.439,13,128436805431,2469000,1
128.442,23,128439281431,2496006,0
128.444,7,128441804437,2496006,0
128.447,16,128444336443,2496006,0
128.449,21,128446868449,2496006,0
128.452,15,128449391455,2469000,1
128.452,14,128449391455,2469000,1
128.454,2,128451858455,2496006,0
128.457,16,128454703461,2496006,0
128.46,23,128457226467,2496006,0
128.462,23,128459758473,2496006,0
128.465,4,128462290479,2496006,0
128.467,6,128464813485,2496006,0
128.47,21,128467336491,2469000,1
128.47,2,128467336491,2469000,1
128.472,7,128469803491,2469000,1
128.475,13,128472279491,2469000,1
128.475,6,128472279491,2469000,1
128.477,7,128474746491,2496006,0
128.48,18,128477269497,2496006,0
128.482,21,128479810503,2496006,0
128.485,4,128482333509,2469000,1
128.485,16,128482333509,2469000,1
128.488,19,128485122515,2469000,1
128.488,21,128485122515,2469000,1
128.49,23,128487589515,2496006,0
128.493,20,128490121521,2496006,0
128.495,7,128492644527,2469000,1
128.495,23,128492644527,2469000,1
128.498,18,128495138527,2469000,1
128.498,6,128495138527,2469000,1
128.5,4,128497614527,2496006,0
128.503,2,128500146533,2496006,0
128.505,13,128502678539,2469000,1
128.505,18,128502678539,2469000,1
128.508,20,128505154539,2469000,1
128.508,2,128505154539,2469000,1
128.51,6,128507621539,2496006,0
128.513,4,128510144545,2496006,0
128.515,6,128512667551,2496006,0
128.518,11,128515199557,2496006,0
128.52,21,128517722563,2496006,0
128.523,16,128520245569,2469000,1
128.523,20,128520245569,2469000,1
128.525,4,128522712569,2469000,1
128.525,16,128522714569,2469000,1
128.528,6,128525235569,2469000,1
128.528,23,128525235569,2469000,1
128.53,11,128527711569,2469000,1
128.53,19,128527711569,2469000,1
128.533,21,128530178569,2496006,0
128.535,7,128532701575,2469000,1
128.535,23,128532701575,2469000,1
128.538,2,128535177575,2469000,1
128.538,11,128535177575,2469000,1
128.54,15,128537644575,2496006,0
128.543,8,128540176581,2496006,0
128.545,14,128542699587,2469000,1
128.545,4,128542699587,2469000,1
128.548,15,128545166587,2496006,0
128.55,18,128547698593,2496006,0
128.553,15,128550239599,2496006,0
128.555,9,128552762605,2469000,1
128.555,18,128552762605,2469000,1
128.555,15,128552762605,2469000,1
128.558,22,128555229605,2469000,1
128.558,20,128555229605,2469000,1
128.561,21,128558009611,2496006,0
128.563,21,128560541617,2496006,0
128.566,8,128563073623,2496006,0
128.568,21,128565596629,2496006,0
128.571,6,128568146635,2496006,0
128.573,8,128570687641,2496006,0
128.576,15,128573219647,2496006,0
128.578,21,128575742653,2469000,1
128.578,16,128575742653,2469000,1
128.581,18,128578236653,2496006,0
128.583,6,128580768659,2496006,0
128.586,6,128583291665,2496006,0
128.589,4,128586127671,2496006,0
128.591,8,128588650677,2496006,0
128.594,8,128591173683,2469000,1
128.596,15,128593649683,2496006,0
128.599,2,128596181689,2469000,1
128.601,18,128598648689,2469000,1
128.601,1,128598648689,2469000,1
128.604,7,128601115689,2469000,1
128.604,11,128601115689,2469000,1
128.606,15,128603591689,2469000,1
128.609,6,128606076689,2469000,1
128.609,18,128606076689,2469000,1
128.611,4,128608561689,2469000,1
128.614,10,128611028689,2496006,0
128.616,10,128613551695,2496006,0
128.619,21,128616074701,2496006,0
128.621,16,128618597707,2496006,0
128.624,4,128621129713,2469000,1
128.624,10,128621129713,2469000,1
128.629,16,128626119719,2496006,0
128.631,22,128628678725,2496006,0
128.634,8,128631201731,2469000,1
128.634,10,128631201731,2469000,1
128.636,11,128633677731,2496006,0
128.639,6,128636209737,2469000,1
128.639,21,128636209737,2469000,1
128.641,22,128638685737,2469000,1
128.641,16,128638685737,2469000,1
128.644,15,128641161737,2469000,1
128.644,21,128641161737,2469000,1
128.646,11,128643637737,2496006,0
128.649,20,128646196743,2469000,1
128.649,10,128646196743,2469000,1
128.651,11,128648672743,2496006,0
128.654,18,128651258749,2469000,1
128.654,10,128651258749,2469000,1
128.656,13,128653734749,2496006,0
128.659,11,128656257755,2496006,0
128.661,22,128658798761,2496006,0
128.664,6,128661634767,2469000,1
128.664,16,128661634767,2469000,1
128.667,2,128664110767,2496006,0
128.669,12,128666633773,2496006,0
128.674,13,128671706785,2496006,0
128.677,11,128674238791,2469000,1
128.677,23,128674238791,2469000,1
128.679,12,128676714791,2496006,0
128.682,22,128679237797,2496006,0
128.684,2,128681760803,2496006,0
128.687,4,128684283809,2496006,0
128.689,21,128686815815,2496006,0
128.692,2,128689651821,2469000,1
128.692,4,128689651821,2469000,1
128.695,13,128692127821,2496006,0
128.697,8,128694650827,2496006,0
128.7,21,128697173833,2469000,1
128.7,6,128697173833,2469000,1
128.702,22,128699640833,2496006,0
128.705,15,128702181839,2469000,1
128.705,16,128702181839,2469000,1
128.705,21,128702181839,2469000,1
128.707,12,128704648839,2496006,0
128.71,13,128707171845,2496006,0
128.712,11,128709694851,2496006,0
128.715,14,128712217857,2496006,0
128.717,22,128714749863,2469000,1
128.717,14,128714749863,2469000,1
128.72,4,128717225863,2496006,0
128.722,8,128719748869,2496006,0
128.725,13,128722271875,2496006,0
128.727,12,128724812881,2496006,0
128.732,11,128729858893,2496006,0
128.735,8,128732399899,2496006,0
128.737,22,128734922905,2496006,0
128.74,16,128737445911,2496006,0
128.742,8,128739968917,2496006,0
128.745,21,128742491923,2496006,0
128.747,12,128745014929,2469000,1
128.747,13,128745014929,2469000,1
128.747,2,128745014929,2469000,1
128.747,16,128745014929,2469000,1
128.75,4,128747481929,2496006,0
128.753,11,128750004935,2496006,0
128.755,22,128752554941,2496006,0
128.758,11,128755086947,2496006,0
128.76,21,128757636953,2496006,0
128.763,14,128760159959,2469000,1
128.763,8,128760159959,2469000,1
128.765,13,128762939965,2496006,0
128.768,15,128765462971,2469000,1
128.768,4,128765462971,2469000,1
128.77,13,128767938971,2496006,0
128.773,22,128770470977,2469000,1
128.773,2,128770470977,2469000,1
128.775,11,128772955977,2469000,1
128.775,18,128772955977,2469000,1
128.778,4,128775422977,2469000,1
128.778,11,128775424977,2469000,1
128.78,7,128777891977,2496006,0
128.783,21,128780423983,2496006,0
128.785,12,128782955989,2469000,1
128.785,21,128782955989,2469000,1
128.788,16,128785422989,2496006,0
128.79,13,128787945995,2496006,0
128.796,22,128793332007,2469000,1
128.796,21,128793332007,2469000,1
128.798,12,128795808007,2496006,0
128.801,8,128798331013,2496006,0
128.803,7,128800854019,2496006,0
128.806,13,128803377025,2496006,0
128.808,16,128805927031,2496006,0
128.811,11,128808459037,2496006,0
128.813,12,128810982043,2496006,0
128.816,16,128813505049,2496006,0
128.818,2,128816028055,2469000,1
128.818,22,128816028055,2469000,1
128.818,11,128816028055,2469000,1
128.821,12,128818513055,2469000,1
128.821,8,128818513055,2469000,1
128.823,7,128820980055,2496006,0
128.826,16,128823503061,2469000,1
128.826,13,128823503061,2469000,1
128.826,14,128823503061,2469000,1
128.828,7,128825970061,2496006,0
128.831,7,128828520067,2496006,0
128.834,21,128831061073,2469000,1
128.834,11,128831061073,2469000,1
128.836,19,128833528073,2496006,0
128.839,7,128836051079,2469000,1
128.839,12,128836051079,2469000,1
128.839,21,128836051079,2469000,1
128.841,8,128838527079,2496006,0
128.844,16,128841077085,2496006,0
128.846,13,128843600091,2469000,1
128.846,11,128843600091,2469000,1
128.849,12,128846076091,2496006,0
128.851,4,128848626097,2469000,1
128.851,19,128848626097,2469000,1
128.856,8,128853625103,2496006,0
128.859,12,128856148109,2496006,0
128.861,16,128858707115,2496006,0
128.864,8,128861257121,2496006,0
128.867,7,128864093127,2496006,0
128.869,18,128866625133,2496006,0
128.872,12,128869148139,2469000,1
128.872,19,128869148139,2469000,1
128.874,16,128871615139,2496006,0
128.877,11,128874147145,2496006,0
128.879,7,128876697151,2469000,1
128.879,18,128876697151,2469000,1
128.882,8,128879182151,2496006,0
128.884,16,128881723157,2496006,0
128.887,7,128884273163,2496006,0
128.889,13,128886796169,2469000,1
128.889,11,128886796169,2469000,1
128.892,8,128889263169,2496006,0
128.894,11,128891804175,2496006,0
128.897,18,128894640181,2496006,0
128.9,20,128897181187,2469000,1
128.9,12,128897181187,2469000,1
128.9,11,128897181187,2469000,1
128.902,16,128899648187,2469000,1
128.905,7,128902124187,2496006,0
128.907,18,128904656193,2496006,0
128.91,16,128907179199,2496006,0
128.912,18,128909711205,2496006,0
128.915,8,128912234211,2496006,0
128.917,8,128914802217,2496006,0
128.92,7,128917325223,2469000,1
128.92,6,128917325223,2469000,1
128.922,11,128919792223,2496006,0
128.925,16,128922324229,2496006,0
128.927,18,128924856235,2496006,0
128.93,4,128927388241,2469000,1
128.93,8,128927388241,2469000,1
128.932,22,128929855241,2469000,1
128.932,7,128929855241,2469000,1
128.935,16,128932331241,2469000,1
128.935,13,128932331241,2469000,1
128.937,16,128934807241,2496006,0
128.94,11,128937330247,2469000,1
128.94,14,128937330247,2469000,1
128.942,19,128939824247,2469000,1
128.942,18,128939824247,2469000,1
128.945,12,128942300247,2469000,1
128.945,8,128942300247,2469000,1
128.95,18,128947308253,2496006,0
128.952,16,128949840259,2496006,0
128.955,10,128952390265,2496006,0
128.957,16,128954913271,2469000,1
128.957,10,128954913271,2469000,1
128.96,18,128957389271,2496006,0
128.962,11,128959921277,2496006,0
128.965,17,128962453283,2469000,1
128.965,8,128962453283,2469000,1
128.967,18,128964929283,2496006,0
128.97,11,128967810289,2496006,0
128.973,18,128970333295,2496006,0
128.975,23,128972856301,2496006,0
128.978,11,128975415307,2496006,0
128.98,18,128977938313,2496006,0
128.983,23,128980461319,2496006,0
128.988,8,128985516331,2496006,0
128.991,7,128988039337,2496006,0
128.993,10,128990562343,2496006,0
128.996,20,128993103349,2469000,1
128.996,7,128993103349,2469000,1
128.998,16,128995883355,2496006,0
129.001,23,128998415361,2496006,0
129.003,8,129000938367,2469000,1
129.003,18,129000938367,2469000,1
129.006,11,129003405367,2496006,0
129.008,7,129005928373,2496006,0
129.011,10,129008451379,2469000,1
129.011,11,129008451379,2469000,1
129.013,16,129010918379,2469000,1
129.013,10,129010920379,2469000,1
129.016,14,129013387379,2496006,0
129.018,11,129015910385,2496006,0
129.021,14,129018433391,2496006,0
129.023,23,129020956397,2496006,0
129.026,21,129023488403,2496006,0
129.029,18,129026029409,2496006,0
129.031,7,129028552415,2496006,0
129.034,21,129031075421,2469000,1
129.034,14,129031075421,2469000,1
129.034,11,129031075421,2469000,1
129.036,23,129033569421,2496006,0
129.041,7,129038624433,2496006,0
129.044,18,129041147439,2496006,0
129.046,12,129043670445,2496006,0
129.049,7,129046193451,2496006,0
129.051,8,129048734457,2496006,0
129.054,23,129051257463,2469000,1
129.054,19,129051257463,2469000,1
129.056,12,129053724463,2469000,1
129.056,16,129053724463,2469000,1
129.059,18,129056209463,2469000,1
129.059,23,129056209463,2469000,1
129.061,7,129058685463,2496006,0
129.064,11,129061226469,2469000,1
129.064,7,129061226469,2469000,1
129.066,14,129063693469,2496006,0
129.069,8,129066225475,2469000,1
129.069,14,129066225475,2469000,1
129.071,15,129069005481,2469000,1
129.071,21,129069005481,2469000,1
129.074,11,129071571481,2496006,0
129.077,18,129074103487,2496006,0
129.079,12,129076626493,2469000,1
129.079,14,129076626493,2469000,1
129.082,19,129079093493,2496006,0
129.087,16,129084148505,2496006,0
129.089,11,129086689511,2496006,0
129.092,19,129089212517,2469000,1
129.092,8,129089212517,2469000,1
129.094,7,129091679517,2496006,0
129.097,13,129094202523,2496006,0
129.099,10,129096725529,2496006,0
129.102,18,129099561535,2496006,0
129.105,2,129102102541,2496006,0
129.107,7,129104625547,2496006,0
129.11,10,129107157553,2469000,1
129.11,16,129107157553,2469000,1
129.112,2,129109624553,2496006,0
129.115,11,129112156559,2496006,0
129.117,11,129114679565,2496006,0
129.12,10,129117202571,2469000,1
129.12,11,129117202571,2469000,1
129.122,9,129119678571,2496006,0
129.125,18,129122201577,2469000,1
129.125,13,129122201577,2469000,1
129.125,7,129122201577,2469000,1
129.127,23,129124686577,2469000,1
129.127,14,129124686577,2469000,1
129.127,19,129124686577,2469000,1
129.13,2,129127153577,2496006,0
129.132,6,129129694583,2496006,0
129.135,18,129132226589,2496006,0
129.137,13,129134749595,2469000,1
129.137,6,129134749595,2469000,1
129.14,2,129137225595,2469000,1
129.14,11,129137225595,2469000,1
129.142,21,129139692595,2496006,0
129.145,9,129142224601,2496006,0
129.147,7,129144747607,2496006,0
129.15,12,129147270613,2496006,0
129.152,18,129149793619,2496006,0
129.155,7,129152334625,2496006,0
129.157,16,129154857631,2469000,1
129.157,11,129154857631,2469000,1
129.16,18,129157324631,2469000,1
129.16,10,129157324631,2469000,1
129.162,9,129159791631,2469000,1
129.162,16,129159791631,2469000,1
129.165,7,129162276631,2496006,0
129.167,12,129164799637,2496006,0
129.17,21,129167322643,2496006,0
129.172,14,129169845649,2496006,0
129.175,18,129172681655,2496006,0
129.178,7,129175204661,2469000,1
129.178,13,129175204661,2469000,1
129.18,17,129177671661,2469000,1
129.18,6,129177671661,2469000,1
129.183,12,129180156661,2496006,0
129.185,18,129182679667,2496006,0
129.188,12,129185202673,2496006,0
129.19,8,129187725679,2469000,1
129.19,14,129187725679,2469000,1
129.193,12,129190192679,2496006,0
129.195,21,129192715685,2469000,1
129.195,15,129192715685,2469000,1
129.198,18,129195200685,2469000,1
129.198,2,129195200685,2469000,1
129.2,12,129197676685,2469000,1
129.2,17,129197676685,2469000,1
129.2,14,129197676685,2469000,1
129.203,8,129200456691,2496006,0
129.205,12,129202979697,2469000,1
129.205,17,129202979697,2469000,1
129.208,18,129205446697,2469000,1
129.21,9,129207949697,2496006,0
129.213,8,129210490703,2469000,1
129.213,9,129210490703,2469000,1
129.215,19,129212975703,2496006,0
129.218,7,129215507709,2469000,1
129.218,14,129215507709,2469000,1
129.22,21,129217974709,2496006,0
129.223,19,129220497715,2496006,0
129.226,21,129223038721,2496006,0
129.228,10,129225561727,2469000,1
129.228,21,129225561727,2469000,1
129.231,9,129228082727,2496006,0
129.233,19,129230632733,2496006,0
129.236,2,129233155739,2469000,1
129.236,8,129233155739,2469000,1
129.238,23,129235640739,2469000,1
129.238,11,129235640739,2469000,1
129.241,9,129238125739,2496006,0
129.243,13,129240648745,2469000,1
129.243,6,129240648745,2469000,1
129.246,21,129243124745,2496006,0
129.248,8,129245647751,2496006,0
129.251,16,129248170757,2496006,0
129.253,9,129250693763,2469000,1
129.253,19,129250693763,2469000,1
129.256,8,129253160763,2496006,0
129.258,21,129255683769,2469000,1
129.258,12,129255683769,2469000,1
129.263,9,129260700775,2496006,0
129.266,8,129263223781,2496006,0
129.268,4,129265755787,2469000,1
129.268,18,129265755787,2469000,1
129.271,16,129268249787,2496006,0
129.273,22,129270772793,2496006,0
129.276,16,129273617799,2496006,0
129.279,9,129276140805,2469000,1
129.279,8,129276140805,2469000,1
129.281,17,129278616805,2496006,0
129.284,7,129281157811,2496006,0
129.286,21,129283689817,2496006,0
129.289,17,129286212823,2496006,0
129.291,19,129288735829,2469000,1
129.291,22,129288735829,2469000,1
129.294,13,129291211829,2469000,1
129.294,16,129291211829,2469000,1
129.294,17,129291211829,2469000,1
129.296,8,129293705829,2496006,0
129.299,21,129296228835,2469000,1
129.299,7,129296228835,2469000,1
129.301,17,129298713835,2496006,0
129.304,21,129301236841,2496006,0
129.307,8,129304072847,2496006,0
129.309,9,129306613853,2496006,0
129.312,9,129309136859,2496006,0
129.317,8,129314200871,2469000,1
129.317,22,129314200871,2469000,1
129.317,21,129314200871,2469000,1
129.319,16,129316694871,2496006,0
129.322,12,129319226877,2469000,1
129.322,17,129319226877,2469000,1
129.324,14,129321711877,2496006,0
129.327,2,129324234883,2496006,0
129.329,6,129326766889,2469000,1
129.329,7,129326766889,2469000,1
129.329,9,129326766889,2469000,1
129.329,21,129326766889,2469000,1
129.329,14,129326766889,2469000,1
129.332,16,129329233889,2496006,0
129.334,23,129331810895,2469000,1
129.334,9,129331810895,2469000,1
129.337,19,129334277895,2469000,1
129.337,2,129334277895,2469000,1
129.339,8,129336744895,2496006,0
129.342,16,129339294901,2496006,0
129.344,8,129341835907,2469000,1
129.344,14,129341835907,2469000,1
129.347,17,129344311907,2496006,0
129.349,16,129346834913,2496006,0
129.352,17,129349357919,2496006,0
129.354,9,129351907925,2469000,1
129.357,12,129354374925,2496006,0
129.359,8,129356897931,2496006,0
129.362,12,129359420937,2496006,0
129.364,8,129361943943,2496006,0
129.367,17,129364466949,2469000,1
129.367,16,129364466949,2469000,1
129.369,14,129366942949,2496006,0
129.372,8,129369474955,2496006,0
129.374,12,129371997961,2496006,0
129.377,22,129374520967,2496006,0
129.38,12,129377356973,2496006,0
129.382,12,129379879979,2496006,0
129.385,2,129382411985,2496006,0
129.387,8,129384952991,2469000,1
129.387,16,129384952991,2469000,1
129.39,14,129387419991,2469000,1
129.39,21,129387419991,2469000,1
129.392,12,129389886991,2496006,0
129.395,22,129392409997,2496006,0
129.397,16,129394987003,2496006,0
129.4,2,129397528009,2469000,1
129.402,12,129399995009,2469000,1
129.402,16,129399995009,2469000,1
129.405,14,129402462009,2496006,0
129.408,22,129405307015,2469000,1
129.408,7,129405307015,2469000,1
129.408,17,129405307015,2469000,1
129.41,10,129407810015,2496006,0
129.413,9,129410342021,2469000,1
129.413,14,129410342021,2469000,1
129.415,8,129412809021,2496006,0
129.418,10,129415332027,2496006,0
129.42,16,129417855033,2496006,0
129.423,12,129420378039,2469000,1
129.423,10,129420378039,2469000,1
129.425,14,129422845039,2496006,0
129.428,11,129425368045,2496006,0
129.43,16,129427891051,2496006,0
129.433,14,129430432057,2469000,1
129.433,16,129430432057,2469000,1
129.435,11,129432908057,2469000,1
129.435,8,129432908057,2469000,1
129.435,18,129432908057,2469000,1
129.435,16,129432908057,2469000,1
129.438,9,129435402057,2469000,1
129.438,10,129435402057,2469000,1
129.438,16,129435402057,2469000,1
129.44,22,129437878057,2496006,0
129.443,2,129440419063,2496006,0
129.445,22,129442951069,2469000,1
129.448,7,129445418069,2469000,1
129.448,14,129445418069,2469000,1
129.45,8,129447885069,2496006,0
129.453,17,129450417075,2469000,1
129.458,8,129455416081,2496006,0
129.46,6,129457939087,2496006,0
129.463,6,129460471093,2496006,0
129.465,19,129462994099,2496006,0
129.468,11,129465526105,2469000,1
129.468,14,129465526105,2469000,1
129.47,2,129467993105,2469000,1
129.47,6,129467993105,2469000,1
129.473,8,129470478105,2469000,1
129.473,16,129470478105,2469000,1
129.475,2,129472945105,2496006,0
129.478,22,129475477111,2469000,1
129.478,14,129475477111,2469000,1
129.48,19,129477971111,2496006,0
129.483,6,129480843117,2469000,1
129.483,14,129480843117,2469000,1
129.486,19,129483310117,2469000,1
129.486,8,129483310117,2469000,1
129.488,2,129485777117,2496006,0
129.491,19,129488309123,2469000,1
129.491,2,129488309123,2469000,1
129.493,12,129490803123,2496006,0
129.496,11,129493326129,2496006,0
129.501,11,129498399141,2469000,1
129.501,10,129498399141,2469000,1
129.503,5,129500893141,2496006,0
129.506,2,129503425147,2496006,0
129.508,5,129505948153,2496006,0
129.511,22,129508793159,2469000,1
129.511,12,129508793159,2469000,1
129.514,21,129511260159,2496006,0
129.516,10,129513783165,2496006,0
129.519,5,129516315171,2496006,0
129.521,2,129518838177,2496006,0
129.524,6,129521361183,2469000,1
129.524,8,129521361183,2469000,1
129.526,17,129523846183,2496006,0
129.529,5,129526369189,2496006,0
129.531,12,129528910195,2496006,0
129.534,2,129531433201,2496006,0
129.536,10,129533956207,2496006,0
129.539,10,129536479213,2496006,0
129.541,21,129539002219,2496006,0
129.544,11,129541525225,2496006,0
129.547,23,129544048231,2496006,0
129.549,19,129546571237,2496006,0
129.552,2,129549094243,2469000,1
129.554,10,129551579243,2496006,0
129.557,11,129554102249,2469000,1
129.557,17,129554102249,2469000,1
129.559,21,129556569249,2469000,1
129.559,5,129556569249,2469000,1
129.562,5,129559045249,2496006,0
129.564,12,129561568255,2496006,0
129.567,21,129564100261,2496006,0
129.569,16,129566632267,2496006,0
129.572,19,129569155273,2496006,0
129.574,23,129571678279,2496006,0
129.577,12,129574201285,2469000,1
129.577,3,129574201285,2469000,1
129.579,21,129576677285,2469000,1
129.579,6,129576677285,2469000,1
129.579,10,129576677285,2469000,1
129.582,11,129579144285,2496006,0
129.584,5,129581980291,2496006,0
129.587,16,129584503297,2469000,1
129.587,17,129584503297,2469000,1
129.589,19,129586988297,2496006,0
129.592,10,129589511303,2496006,0
129.595,22,129592043309,2496006,0
129.597,19,129594584315,2469000,1
129.597,23,129594584315,2469000,1
129.6,2,129597060315,2469000,1
129.6,11,129597060315,2469000,1
129.602,5,129599536315,2469000,1
129.602,19,129599536315,2469000,1
129.605,12,129602012315,2496006,0
129.607,10,129604535321,2469000,1
129.607,22,129604535321,2469000,1
129.607,23,129604535321,2469000,1
129.609,16,129607002321,2469000,1
129.609,19,129607002321,2469000,1
129.612,10,129609469321,2496006,0
129.617,12,129614828333,2496006,0
129.62,16,129617360339,2496006,0
129.622,18,129619883345,2469000,1
129.622,16,129619883345,2469000,1
129.625,10,129622359345,2496006,0
129.627,12,129624882351,2469000,1
129.627,5,129624882351,2469000,1
129.63,21,129627349351,2496006,0
129.632,10,129629872357,2496006,0
129.635,1,129632404363,2496006,0
129.637,16,129634945369,2496006,0
129.64,1,129637504375,2469000,1
129.64,21,129637504375,2469000,1
129.64,17,129637504375,2469000,1
129.64,5,129637504375,2469000,1
129.642,11,129639980375,2496006,0
129.645,16,129642503381,2496006,0
129.648,12,129645035387,2469000,1
129.648,10,129645035387,2469000,1
129.65,11,129647502387,2496006,0
129.653,22,129650025393,2496006,0
129.655,5,129652548399,2496006,0
129.658,22,129655080405,2496006,0
129.66,16,129657603411,2496006,0
129.663,1,129660126417,2496006,0
129.665,11,129662649423,2469000,1
129.665,21,129662649423,2469000,1
129.668,5,129665125423,2469000,1
129.668,12,129665125423,2469000,1
129.668,1,129665125423,2469000,1
129.67,22,129667592423,2496006,0
129.673,14,129670124429,2469000,1
129.673,6,129670124429,2469000,1
129.675,16,129672600429,2496006,0
129.678,22,129675150435,2496006,0
129.683,8,129680205447,2496006,0
129.685,11,129682728453,2496006,0
129.688,11,129685564459,2496006,0
129.691,10,129688087465,2496006,0
129.693,4,129690619471,2496006,0
129.696,23,129693142477,2469000,1
129.696,11,129693142477,2469000,1
129.698,2,129695609477,2469000,1
129.698,12,129695609477,2469000,1
129.698,1,129695609477,2469000,1
129.698,11,129695611477,2469000,1
129.701,8,129698078477,2496006,0
129.703,16,129700601483,2496006,0
129.706,22,129703124489,2496006,0
129.708,16,129705647495,2496006,0
129.711,10,129708206501,2496006,0
129.713,8,129710729507,2496006,0
129.716,5,129713583513,2496006,0
129.719,16,129716106519,2469000,1
129.719,21,129716106519,2469000,1
129.719,4,129716106519,2469000,1
129.721,22,129718591519,2496006,0
129.724,2,129721114525,2496006,0
129.726,8,129723637531,2496006,0
129.729,5,129726169537,2496006,0
129.731,8,129728692543,2496006,0
129.734,4,129731224549,2496006,0
129.736,10,129733747555,2496006,0
129.739,8,129736297561,2496006,0
129.741,4,129738820567,2469000,1
129.741,2,129738820567,2469000,1
129.744,5,129741287567,2469000,1
129.744,1,129741287567,2469000,1
129.746,22,129743763567,2496006,0
129.749,16,129746286573,2496006,0
129.751,22,129748809579,2496006,0
129.754,10,129751332585,2469000,1
129.754,13,129751332585,2469000,1
129.756,8,129753799585,2496006,0
129.761,23,129758845597,2496006,0
129.764,16,129761377603,2496006,0
129.766,23,129763900609,2496006,0
129.769,10,129766423615,2496006,0
129.771,8,129768946621,2496006,0
129.774,4,129771469627,2469000,1
129.774,2,129771469627,2469000,1
129.774,16,129771469627,2469000,1
129.776,19,129773936627,2469000,1
129.776,23,129773936627,2469000,1
129.779,5,129776403627,2496006,0
129.781,22,129778944633,2496006,0
129.784,8,129781503639,2496006,0
129.787,22,129784026645,2496006,0
129.789,11,129786862651,2469000,1
129.789,10,129786862651,2469000,1
129.792,5,129789338651,2469000,1
129.792,2,129789338651,2469000,1
129.794,8,129791814651,2496006,0
129.797,23,129794337657,2496006,0
129.799,9,129796860663,2469000,1
129.799,10,129796860663,2469000,1
129.802,8,129799336663,2496006,0
129.804,22,129801886669,2496006,0
129.807,7,129804409675,2469000,1
129.807,5,129804409675,2469000,1
129.809,16,129806921675,2496006,0
129.812,23,129809453681,2496006,0
129.814,8,129811985687,2496006,0
129.817,22,129814848693,2496006,0
129.82,16,129817380699,2496006,0
129.822,10,129819903705,2496006,0
129.825,8,129822426711,2496006,0
129.827,17,129824958717,2496006,0
129.832,22,129830013729,2469000,1
129.832,23,129830013729,2469000,1
129.835,10,129832480729,2496006,0
129.837,8,129835003735,2496006,0
129.84,16,129837526741,2469000,1
129.84,4,129837526741,2469000,1
129.842,17,129840011741,2469000,1
129.842,21,129840011741,2469000,1
129.845,10,129842478741,2496006,0
129.848,10,129845010747,2496006,0
129.85,23,129847569753,2496006,0
129.853,8,129850092759,2496006,0
129.855,8,129852615765,2496006,0
129.858,10,129855138771,2469000,1
129.858,2,129855138771,2469000,1
129.858,5,129855138771,2469000,1
129.86,22,129857605771,2469000,1
129.86,8,129857605771,2469000,1
129.863,2,129860090771,2496006,0
129.865,17,129862631777,2496006,0
129.868,2,129865154783,2496006,0
129.87,23,129867677789,2496006,0
129.873,4,129870200795,2469000,1
129.873,17,129870200795,2469000,1
129.875,23,129872694795,2469000,1
129.875,16,129872694795,2469000,1
129.878,2,129875170795,2496006,0
129.88,1,129877702801,2496006,0
129.883,2,129880252807,2496006,0
129.885,1,129882784813,2496006,0
129.888,10,129885307819,2469000,1
129.888,8,129885307819,2469000,1
129.893,6,129890664831,2469000,1
129.893,1,129890664831,2469000,1
129.896,2,129893131831,2496006,0
129.898,22,129895663837,2469000,1
129.898,16,129895663837,2469000,1
129.901,2,129898130837,2496006,0
129.903,2,129900653843,2496006,0
129.906,23,129903176849,2496006,0
129.908,17,129905699855,2496006,0
129.911,23,129908249861,2496006,0
129.913,2,129910790867,2496006,0
129.916,3,129913313873,2496006,0
129.918,23,129915836879,2496006,0
129.921,3,129918699885,2469000,1
129.921,2,129918699885,2469000,1
129.924,1,129921166885,2496006,0
129.926,17,129923689891,2496006,0
129.929,23,129926212897,2496006,0
129.931,23,129928771903,2469000,1
129.931,8,129928771903,2469000,1
129.934,17,129931256903,2496006,0
129.936,5,129933779909,2496006,0
129.939,10,129936302915,2496006,0
129.941,1,129938825921,2496006,0
129.944,10,129941366927,2496006,0
129.946,20,129943898933,2496006,0
129.949,5,129946421939,2469000,1
129.949,17,129946421939,2469000,1
129.951,11,129948888939,2469000,1
129.951,21,129948888939,2469000,1
129.954,3,129951364939,2496006,0
129.956,22,129953896945,2496006,0
129.959,20,129956428951,2496006,0
129.961,1,129958951957,2496006,0
129.964,10,129961474963,2496006,0
129.966,2,129963997969,2496006,0
129.969,10,129966529975,2496006,0
129.972,2,129969052981,2496006,0
129.974,17,129971575987,2496006,0
129.977,1,129974107993,2469000,1
129.977,23,129974107993,2469000,1
129.979,23,129976576993,2496006,0
129.982,3,129979108999,2496006,0
129.984,5,129981632005,2469000,1
129.984,20,129981632005,2469000,1
129.987,22,129984099005,2496006,0
129.989,12,129986622011,2469000,1
129.989,5,129986622011,2469000,1
129.992,2,129989089011,2496006,0
129.994,23,129991925017,2496006,0
129.997,3,129994448023,2469000,1
129.997,20,129994448023,2469000,1
129.999,10,129996915023,2496006,0
130.002,17,129999447029,2496006,0
130.004,5,130001979035,2496006,0
130.007,5,130004502041,2496006,0
130.01,5,130007034047,2496006,0
130.012,2,130009557053,2496006,0
130.015,23,130012080059,2496006,0
130.017,22,130014603065,2469000,1
130.017,23,130014603065,2469000,1
130.02,3,130017070065,2496006,0
130.022,5,130019906071,2496006,0
130.025,3,130022438077,2496006,0
130.027,16,130024961083,2469000,1
130.027,22,130024961083,2469000,1
130.03,10,130027428083,2469000,1
130.03,17,130027428083,2469000,1
130.03,5,130027428083,2469000,1
130.032,23,130029895083,2469000,1
130.032,22,130029895083,2469000,1
130.037,1,130034885089,2496006,0
130.04,2,130037417095,2496006,0
130.042,13,130039940101,2469000,1
130.042,17,130039940101,2469000,1
130.045,5,130042407101,2496006,0
130.047,8,130044930107,2469000,1
130.047,3,130044930107,2469000,1
130.05,5,130047397107,2496006,0
130.052,19,130049920113,2496006,0
130.055,3,130052443119,2496006,0
130.057,2,130054966125,2496006,0
130.06,5,130057489131,2496006,0
130.063,10,130060012137,2496006,0
130.065,10,130062535143,2496006,0
130.068,10,130065058149,2496006,0
130.07,1,130067581155,2496006,0
130.073,5,130070113161,2469000,1
130.073,16,130070113161,2469000,1
130.073,23,130070113161,2469000,1
130.075,19,130072589161,2496006,0
130.078,1,130075139167,2469000,1
130.078,3,130075139167,2469000,1
130.08,20,130077606167,2469000,1
130.08,2,130077606167,2469000,1
130.083,20,130080082167,2496006,0
130.085,10,130082605173,2496006,0
130.088,2,130085137179,2496006,0
130.09,17,130087660185,2496006,0
130.093,19,130090183191,2496006,0
130.095,20,130093019197,2469000,1
130.095,18,130093019197,2469000,1
130.098,3,130095513197,2496006,0
130.101,2,130098036203,2496006,0
130.103,5,130100577209,2469000,1
130.103,2,130100577209,2469000,1
130.106,19,130103053209,2496006,0
130.108,23,130105576215,2469000,1
130.108,10,130105576215,2469000,1
130.108,17,130105576215,2469000,1
130.111,1,130108106215,2496006,0
130.113,3,130110629221,2496006,0
130.116,20,130113152227,2469000,1
130.116,19,130113152227,2469000,1
130.116,1,130113152227,2469000,1
130.118,22,130115619227,2469000,1
130.118,3,130115619227,2469000,1
130.121,10,130118086227,2469000,1
130.121,1,130118086227,2469000,1
130.126,2,130123407233,2496006,0
130.128,18,130125939239,2496006,0
130.131,2,130128471245,2496006,0
130.134,17,130131012251,2496006,0
130.136,18,130133535257,2469000,1
130.136,17,130133535257,2469000,1
130.139,2,130136065257,2496006,0
130.141,5,130138588263,2496006,0
130.144,5,130141156269,2496006,0
130.146,3,130143679275,2496006,0
130.149,8,130146202281,2469000,1
130.149,10,130146202281,2469000,1
130.149,17,130146202281,2469000,1
130.151,2,130148669281,2469000,1
130.151,19,130148669281,2469000,1
130.154,3,130151136281,2496006,0
130.156,1,130153659287,2469000,1
130.156,3,130153659287,2469000,1
130.159,3,130156128287,2496006,0
130.161,4,130158651293,2496006,0
130.164,18,130161174299,2496006,0
130.166,3,130163715305,2496006,0
130.169,4,130166238311,2469000,1
130.169,5,130166238311,2469000,1
130.169,1,130166238311,2469000,1
130.169,18,130166238311,2469000,1
130.171,18,130168723311,2496006,0
130.174,11,130171282317,2496006,0
130.176,12,130173805323,2496006,0
130.179,3,130176364329,2496006,0
130.181,18,130178887335,2496006,0
130.184,12,130181410341,2496006,0
130.186,2,130183933347,2496006,0
130.189,19,130186456353,2496006,0
130.191,18,130188988359,2469000,1
130.191,20,130188988359,2469000,1
130.191,12,130188988359,2469000,1
130.194,11,130191464359,2496006,0
130.199,11,130196823371,2496006,0
130.202,11,130199346377,2496006,0
130.204,4,130201869383,2469000,1
130.204,12,130201869383,2469000,1
130.207,3,130204336383,2496006,0
130.209,2,130206859389,2496006,0
130.212,5,130209409395,2496006,0
130.214,3,130211932401,2469000,1
130.214,19,130211932401,2469000,1
130.214,18,130211932401,2469000,1
130.217,22,130214399401,2496006,0
130.219,2,130216931407,2469000,1
130.219,17,130216931407,2469000,1
130.219,11,130216931407,2469000,1
130.222,5,130219479407,2496006,0
130.224,22,130222002413,2469000,1
130.224,5,130222002413,2469000,1
130.227,5,130224791419,2496006,0
130.23,22,130227332425,2496006,0
130.232,5,130229864431,2496006,0
130.235,21,130232387437,2496006,0
130.237,12,130234910443,2469000,1
130.237,11,130234910443,2469000,1
130.24,22,130237395443,2469000,1
130.24,19,130237395443,2469000,1
130.242,3,130239862443,2496006,0
130.245,2,130242394449,2496006,0
130.247,12,130244926455,2469000,1
130.247,3,130244926455,2469000,1
130.25,16,130247393455,2469000,1
130.25,20,130247393455,2469000,1
130.25,22,130247393455,2469000,1
130.252,5,130249860455,2469000,1
130.252,21,130249860455,2469000,1
130.255,23,130252327455,2496006,0
130.257,2,130254859461,2469000,1
130.257,8,130254859461,2469000,1
130.26,23,130257335461,2496006,0
130.262,23,130259876467,2469000,1
130.265,18,130262343467,2496006,0
130.267,21,130264875473,2496006,0
130.27,2,130267443479,2496006,0
130.272,18,130269966485,2469000,1
130.272,5,130269966485,2469000,1
130.275,3,130272433485,2496006,0
130.277,21,130274965491,2469000,1
130.277,4,130274965491,2469000,1
130.28,10,130277441491,2496006,0
130.282,3,130279964497,2469000,1
130.282,17,130279964497,2469000,1
130.285,20,130282431497,2496006,0
130.287,18,130284954503,2469000,1
130.287,20,130284954503,2469000,1
130.29,2,130287421503,2496006,0
130.292,20,130289971509,2496006,0
130.295,2,130292494515,2469000,1
130.295,10,130292494515,2469000,1
130.295,3,130292494515,2469000,1
130.297,23,130294970515,2496006,0
130.3,2,130297824521,2496006,0
130.303,22,130300356527,2496006,0
130.305,15,130302897533,2469000,1
130.305,21,130302897533,2469000,1
130.308,2,130305364533,2469000,1
130.308,10,130305364533,2469000,1
130.308,23,130305364533,2469000,1
130.31,20,130307831533,2496006,0
130.313,22,130310372539,2496006,0
130.315,19,130312904545,2496006,0
130.318,11,130315436551,2469000,1
130.318,23,130315436551,2469000,1
130.318,19,130315436551,2469000,1
130.32,1,130317921551,2469000,1
130.32,19,130317921551,2469000,1
130.323,18,130320406551,2496006,0
130.325,20,130322929557,2469000,1
130.325,2,130322929557,2469000,1
130.325,18,130322929557,2469000,1
130.328,22,130325414557,2496006,0
130.331,22,130328268563,2496006,0
130.333,17,130330800569,2469000,1
130.333,22,130330800569,2469000,1
130.336,22,130333330569,2496006,0
130.338,18,130335871575,2496006,0
130.341,5,130338421581,2496006,0
130.343,20,130340944587,2496006,0
130.346,22,130343467593,2469000,1
130.346,21,130343467593,2469000,1
130.348,3,130345934593,2469000,1
130.348,19,130345934593,2469000,1
130.351,18,130348401593,2496006,0
130.353,2,130350960599,2496006,0
130.356,5,130353492605,2469000,1
130.356,22,130353492605,2469000,1
130.358,10,130355959605,2469000,1
130.358,20,130355959605,2469000,1
130.361,18,130358426605,2496006,0
130.363,22,130360949611,2496006,0
130.369,18,130366022623,2496006,0
130.371,2,130368545629,2496006,0
130.374,22,130371113635,2496006,0
130.376,2,130373645641,2469000,1
130.376,18,130373645641,2469000,1
130.376,7,130373645641,2469000,1
130.376,11,130373645641,2469000,1
130.379,20,130376130641,2496006,0
130.381,23,130378653647,2496006,0
130.384,5,130381176653,2496006,0
130.386,4,130383699659,2469000,1
130.386,20,130383699659,2469000,1
130.389,5,130386175659,2469000,1
130.389,20,130386175659,2469000,1
130.391,2,130388651659,2496006,0
130.394,23,130391192665,2496006,0
130.396,22,130393715671,2496006,0
130.399,22,130396238677,2496006,0
130.401,2,130398770683,2496006,0
130.404,23,130401606689,2469000,1
130.404,18,130401606689,2469000,1
130.409,23,130406632695,2496006,0
130.412,20,130409155701,2496006,0
130.414,23,130411678707,2496006,0
130.417,5,130414210713,2496006,0
130.419,22,130416751719,2496006,0
130.422,5,130419274725,2496006,0
130.424,20,130421797731,2469000,1
130.424,2,130421797731,2469000,1
130.427,22,130424282731,2496006,0
130.429,23,130426805737,2496006,0
130.432,5,130429650743,2469000,1
130.432,23,130429650743,2469000,1
130.435,10,130432117743,2496006,0
130.437,23,130434649749,2496006,0
130.44,7,130437172755,2496006,0
130.442,22,130439695761,2496006,0
130.445,5,130442227767,2496006,0
130.447,10,130444759773,2496006,0
130.45,11,130447282779,2496006,0
130.452,7,130449805785,2469000,1
130.452,3,130449805785,2469000,1
130.452,11,130449805785,2469000,1
130.455,13,130452281785,2469000,1
130.455,18,130452281785,2469000,1
130.455,20,130452281785,2469000,1
130.457,10,130454748785,2469000,1
130.457,23,130454748785,2469000,1
130.46,2,130457215785,2496006,0
130.462,22,130459765791,2496006,0
130.465,23,130462288797,2496006,0
130.467,5,130464811803,2496006,0
130.47,2,130467334809,2496006,0
130.472,13,130469875815,2496006,0
130.475,11,130472398821,2496006,0
130.477,23,130474930827,2469000,1
130.477,19,130474930827,2469000,1
130.48,5,130477397827,2496006,0
130.482,2,130479920833,2469000,1
130.482,18,130479920833,2469000,1
130.482,11,130479920833,2469000,1
130.485,13,130482396833,2496006,0
130.487,22,130484919839,2496006,0
130.49,22,130487442845,2496006,0
130.492,22,130489965851,2496006,0
130.495,13,130492506857,2469000,1
130.495,23,130492506857,2469000,1
130.497,11,130494973857,2496006,0
130.5,21,130497523863,2469000,1
130.5,7,130497523863,2469000,1
130.5,10,130497523863,2469000,1
130.502,5,130499999863,2496006,0
130.505,11,130502853869,2469000,1
130.505,7,130502853869,2469000,1
130.508,22,130505320869,2469000,1
130.51,23,130507796869,2496006,0
130.513,5,130510319875,2496006,0
130.515,2,130512842881,2496006,0
130.518,21,130515365887,2496006,0
130.52,5,130517888893,2469000,1
130.52,21,130517888893,2469000,1
130.523,21,130520357893,2496006,0
130.525,2,130522880899,2496006,0
130.528,23,130525412905,2496006,0
130.53,11,130527935911,2469000,1
130.53,22,130527935911,2469000,1
130.533,21,130530402911,2496006,0
130.536,20,130533256917,2496006,0
130.538,13,130535788923,2496006,0
130.541,5,130538311929,2496006,0
130.543,13,130540834935,2496006,0
130.546,11,130543375941,2469000,1
130.546,21,130543375941,2469000,1
130.548,21,130545844941,2496006,0
130.551,5,130548367947,2469000,1
130.551,12,130548367947,2469000,1
130.551,2,130548367947,2469000,1
130.553,20,130550834947,2469000,1
130.553,23,130550834947,2469000,1
130.556,13,130553319947,2496006,0
130.558,21,130555860953,2496006,0
130.561,13,130558419959,2469000,1
130.561,20,130558419959,2469000,1
130.563,21,130560886959,2496006,0
130.568,5,130565941971,2496006,0
130.571,23,130568491977,2496006,0
130.574,23,130571059983,2496006,0
130.576,5,130573591989,2469000,1
130.576,2,130573591989,2469000,1
130.576,21,130573591989,2469000,1
130.579,10,130576076989,2496006,0
130.581,22,130578599995,2469000,1
130.581,2,130578599995,2469000,1
130.584,23,130581075995,2496006,0
130.586,16,130583599001,2496006,0
130.589,7,130586122007,2469000,1
130.589,13,130586122007,2469000,1
130.591,10,130588598007,2469000,1
130.591,16,130588598007,2469000,1
130.594,23,130591119007,2469000,1
130.594,4,130591119007,2469000,1
130.596,20,130593667007,2496006,0
130.599,5,130596190013,2469000,1
130.599,20,130596190013,2469000,1
130.604,21,130601198019,2496006,0
130.606,20,130603721025,2496006,0
130.609,20,130606602031,2469000,1
130.609,23,130606602031,2469000,1
130.612,10,130609069031,2496006,0
130.614,16,130611601037,2496006,0
130.617,21,130614124043,2496006,0
130.619,21,130616656049,2496006,0
130.622,13,130619179055,2496006,0
130.624,16,130621702061,2496006,0
130.627,10,130624225067,2496006,0
130.629,13,130626748073,2496006,0
130.632,16,130629280079,2469000,1
130.632,10,130629280079,2469000,1
130.634,10,130631756079,2496006,0
130.637,18,130634619085,2469000,1
130.64,11,130637095085,2496006,0
130.642,10,130639618091,2469000,1
130.642,21,130639618091,2469000,1
130.645,13,130642103091,2496006,0
130.647,20,130644653097,2469000,1
130.647,11,130644653097,2469000,1
130.65,17,130647120097,2496006,0
130.652,21,130649661103,2496006,0
130.655,13,130652193109,2496006,0
130.657,17,130654725115,2469000,1
130.657,18,130654725115,2469000,1
130.66,21,130657219115,2469000,1
130.66,5,130657219115,2469000,1
130.66,11,130657219115,2469000,1
130.662,23,130659704115,2496006,0
130.665,16,130662227121,2496006,0
130.667,20,130664759127,2469000,1
130.67,13,130667226127,2496006,0
130.672,13,130669758133,2496006,0
130.675,16,130672290139,2469000,1
130.675,18,130672290139,2469000,1
130.677,10,130674757139,2496006,0
130.68,17,130677280145,2469000,1
130.68,16,130677280145,2469000,1
130.682,13,130679765145,2496006,0
130.685,23,130682288151,2496006,0
130.687,10,130684838157,2496006,0
130.69,13,130687361163,2469000,1
130.69,11,130687361163,2469000,1
130.692,13,130689830163,2496006,0
130.695,10,130692362169,2496006,0
130.697,22,130694912175,2496006,0
130.7,12,130697435181,2469000,1
130.7,21,130697435181,2469000,1
130.702,13,130699902181,2469000,1
130.702,23,130699902181,2469000,1
130.705,9,130702378181,2496006,0
130.707,2,130704901187,2496006,0
130.713,10,130710269199,2469000,1
130.713,13,130710269199,2469000,1
130.713,9,130710269199,2469000,1
130.715,20,130712736199,2496006,0
130.718,22,130715268205,2496006,0
130.72,2,130717809211,2496006,0
130.723,22,130720350217,2496006,0
130.725,2,130722873223,2496006,0
130.728,10,130725405229,2469000,1
130.728,22,130725405229,2469000,1
130.73,20,130727872229,2496006,0
130.733,3,130730395235,2496006,0
130.735,3,130732918241,2496006,0
130.738,22,130735450247,2469000,1
130.738,20,130735450247,2469000,1
130.741,23,130738239253,2496006,0
130.743,14,130740762259,2496006,0
130.746,3,130743294265,2496006,0
130.748,17,130745844271,2469000,1
130.748,9,130745844271,2469000,1
130.748,2,130745844271,2469000,1
130.753,23,130750852277,2496006,0
130.756,19,130753375283,2469000,1
130.756,2,130753375283,2469000,1
130.758,22,130755860283,2496006,0
130.761,23,130758392289,2469000,1
130.761,21,130758392289,2469000,1
130.761,14,130758392289,2469000,1
130.763,16,130760859289,2469000,1
130.763,3,130760859289,2469000,1
130.766,2,130763371289,2469000,1
130.766,22,130763371289,2469000,1
130.768,20,130765838289,2496006,0
130.771,13,130768388295,2496006,0
130.773,20,130770911301,2469000,1
130.773,13,130770911301,2469000,1
130.776,3,130773387301,2469000,1
130.776,13,130773387301,2469000,1
130.778,5,130775854301,2496006,0
130.781,5,130778386307,2496006,0
130.783,10,130780927313,2469000,1
130.783,23,130780927313,2469000,1
130.786,14,130783394313,2469000,1
130.788,5,130785897313,2496006,0
130.791,22,130788465319,2496006,0
130.793,20,130790988325,2496006,0
130.796,9,130793511331,2496006,0
130.799,13,130796043337,2496006,0
130.801,20,130798575343,2496006,0
130.804,9,130801098349,2496006,0
130.806,5,130803621355,2496006,0
130.809,13,130806144361,2496006,0
130.811,23,130808676367,2496006,0
130.814,20,130811521373,2469000,1
130.814,6,130811521373,2469000,1
130.814,22,130811521373,2469000,1
130.816,23,130813988373,2469000,1
130.816,22,130813990373,2469000,1
130.821,13,130819025379,2469000,1
130.821,7,130819025379,2469000,1
130.821,22,130819025379,2469000,1
130.824,5,130821492379,2496006,0
130.827,9,130824015385,2496006,0
130.829,9,130826538391,2496006,0
130.832,13,130829097397,2496006,0
130.834,5,130831620403,2496006,0
130.837,9,130834197409,2469000,1
130.837,17,130834197409,2469000,1
130.839,20,130836664409,2496006,0
130.842,3,130839500415,2496006,0
130.844,14,130842023421,2469000,1
130.844,3,130842023421,2469000,1
130.847,5,130844508421,2469000,1
130.847,11,130844508421,2469000,1
130.847,23,130844508421,2469000,1
130.847,3,130844508421,2469000,1
130.852,13,130849498427,2496006,0
130.855,20,130852021433,2496006,0
130.857,20,130854562439,2496006,0
130.86,13,130857103445,2469000,1
130.86,23,130857103445,2469000,1
130.862,7,130859588445,2496006,0
130.865,5,130862156451,2496006,0
130.867,20,130864679457,2496006,0
130.87,13,130867202463,2496006,0
130.872,5,130869725469,2496006,0
130.875,9,130872248475,2496006,0
130.877,7,130874789481,2496006,0
130.88,20,130877312487,2469000,1
130.882,23,130879779487,2469000,1
130.882,7,130879779487,2469000,1
130.885,13,130882282487,2496006,0
130.887,9,130884832493,2469000,1
130.887,21,130884832493,2469000,1
130.887,5,130884832493,2469000,1
130.89,3,130887326493,2496006,0
130.892,20,130889849499,2496006,0
130.895,13,130892381505,2496006,0
130.897,20,130894904511,2496006,0
130.9,22,130897436517,2496006,0
130.902,16,130899968523,2496006,0
130.905,4,130902491529,2496006,0
130.91,10,130907546541,2469000,1
130.91,16,130907546541,2469000,1
130.912,22,130910013541,2469000,1
130.912,2,130910013541,2469000,1
130.915,3,130912793547,2469000,1
130.915,22,130912793547,2469000,1
130.918,20,130915278547,2469000,1
130.918,7,130915278547,2469000,1
130.92,4,130917745547,2469000,1
130.92,13,130917745547,2469000,1
130.923,9,130920212547,2496006,0
130.925,15,130922735553,2496006,0
130.928,5,130925267559,2496006,0
130.93,4,130927835565,2496006,0
130.933,15,130930358571,2469000,1
130.933,1,130930358571,2469000,1
130.935,9,130932825571,2496006,0
130.938,20,130935357577,2496006,0
130.94,16,130937880583,2496006,0
130.943,15,130940403589,2496006,0
130.948,16,130945762601,2496006,0
130.951,5,130948285607,2496006,0
130.953,4,130950826613,2496006,0
130.956,5,130953349619,2496006,0
130.958,9,130955881625,2496006,0
130.961,3,130958404631,2496006,0
130.963,7,130960927637,2469000,1
130.963,9,130960927637,2469000,1
130.966,22,130963394637,2496006,0
130.968,16,130965926643,2469000,1
130.968,20,130965926643,2469000,1
130.968,15,130965926643,2469000,1
130.971,4,130968393643,2496006,0
130.973,13,130970916649,2496006,0
130.976,7,130973448655,2469000,1
130.976,9,130973448655,2469000,1
130.978,13,130975933655,2469000,1
130.978,5,130975933655,2469000,1
130.981,22,130978418655,2496006,0
130.983,3,130980941661,2496006,0
130.986,4,130983464667,2469000,1
130.986,9,130983464667,2469000,1
130.988,14,130985940667,2469000,1
130.988,5,130985940667,2469000,1
130.991,22,130988416667,2469000,1
130.991,20,130988416667,2469000,1
130.996,3,130993415673,2496006,0
130.998,15,130995947679,2496006,0
131.001,4,130998470685,2496006,0
131.003,16,131001002691,2496006,0
131.006,15,131003525697,2469000,1
131.006,4,131003525697,2469000,1
131.009,2,131006019697,2496006,0
131.011,2,131008551703,2496006,0
131.014,2,131011074709,2496006,0
131.016,22,131013597715,2469000,1
131.016,3,131013597715,2469000,1
131.016,15,131013597715,2469000,1
131.019,2,131016404721,2469000,1
131.019,13,131016404721,2469000,1
131.019,22,131016404721,2469000,1
131.019,15,131016404721,2469000,1
131.021,16,131018889721,2496006,0
131.024,3,131021466727,2469000,1
131.024,22,131021466727,2469000,1
131.026,4,131023933727,2496006,0
131.029,16,131026456733,2496006,0
131.031,5,131029006739,2469000,1
131.034,2,131031491739,2496006,0
131.037,16,131034023745,2496006,0
131.039,4,131036555751,2469000,1
131.039,8,131036555751,2469000,1
131.039,23,131036555751,2469000,1
131.042,16,131039067751,2496006,0
131.044,2,131041590757,2469000,1
131.044,16,131041590757,2469000,1
131.047,19,131044370763,2496006,0
131.049,20,131046938769,2496006,0
131.052,19,131049497775,2469000,1
131.052,3,131049497775,2469000,1
131.052,2,131049497775,2469000,1
131.054,21,131051964775,2469000,1
131.054,5,131051964775,2469000,1
131.057,16,131054431775,2496006,0
131.059,20,131056963781,2469000,1
131.059,19,131056963781,2469000,1
131.062,16,131059466781,2469000,1
131.062,4,131059466781,2469000,1
131.064,13,131061933781,2496006,0
131.067,22,131064474787,2496006,0
131.07,13,131067006793,2496006,0
131.072,9,131069556799,2496006,0
131.075,10,131072079805,2496006,0
131.077,9,131074656811,2469000,1
131.077,16,131074656811,2469000,1
131.08,22,131077123811,2469000,1
131.082,15,131079590811,2469000,1
131.082,20,131079590811,2469000,1
131.082,22,131079592811,2469000,1
131.085,13,131082068811,2496006,0
131.087,13,131084591817,2496006,0
131.092,10,131089655829,2496006,0
131.095,13,131092178835,2496006,0
131.097,9,131094710841,2496006,0
131.1,9,131097233847,2496006,0
131.102,13,131099801853,2496006,0
131.105,10,131102333859,2496006,0
131.107,22,131104856865,2496006,0
131.11,2,131107379871,2496006,0
131.112,11,131109911877,2469000,1
131.112,22,131109911877,2469000,1
131.115,9,131112396877,2496006,0
131.117,2,131114919883,2469000,1
131.117,13,131114919883,2469000,1
131.117,22,131114919883,2469000,1
131.12,16,131117717889,2496006,0
131.123,19,131120240895,2496006,0
131.125,4,131122790901,2469000,1
131.125,10,131122790901,2469000,1
131.128,9,131125266901,2496006,0
131.13,4,131127789907,2496006,0
131.133,16,131130321913,2469000,1
131.133,9,131130321913,2469000,1
131.135,19,131132788913,2496006,0
131.14,16,131137852925,2496006,0
131.143,16,131140420931,2469000,1
131.143,19,131140420931,2469000,1
131.145,13,131142887931,2469000,1
131.145,4,131142887931,2469000,1
131.148,17,131145354931,2496006,0
131.151,9,131148190937,2496006,0
131.153,2,131150722943,2469000,1
131.153,16,131150722943,2469000,1
131.156,8,131153207943,2496006,0
131.158,2,131155730949,2496006,0
131.161,20,131158253955,2469000,1
131.161,10,131158253955,2469000,1
131.163,8,131160720955,2496006,0
131.166,14,131163252961,2469000,1
131.166,9,131163252961,2469000,1
131.166,10,131163252961,2469000,1
131.168,2,131165719961,2496006,0
131.173,17,131170765973,2496006,0
131.176,17,131173297979,2496006,0
131.178,3,131175829985,2496006,0
131.181,22,131178361991,2496006,0
131.183,8,131180884997,2469000,1
131.183,9,131180884997,2469000,1
131.183,3,131180884997,2469000,1
131.183,22,131180884997,2469000,1
131.186,18,131183351997,2496006,0
131.188,4,131185884003,2496006,0
131.191,2,131188416009,2496006,0
131.193,2,131190939015,2496006,0
131.196,18,131193471021,2469000,1
131.196,19,131193471021,2469000,1
131.198,8,131195947021,2496006,0
131.201,17,131198470027,2496006,0
131.203,4,131200993033,2496006,0
131.206,2,131203516039,2469000,1
131.206,7,131203516039,2469000,1
131.208,17,131206001039,2496006,0
131.211,4,131208524045,2469000,1
131.211,16,131208524045,2469000,1
131.213,3,131210991045,2496006,0
131.216,8,131213514051,2469000,1
131.218,23,131215990051,2469000,1
131.218,22,131215990051,2469000,1
131.221,22,131218459051,2496006,0
131.224,17,131221322057,2469000,1
131.224,3,131221322057,2469000,1
131.226,22,131223789057,2496006,0
131.229,16,131226339063,2496006,0
131.231,18,131228862069,2469000,1
131.231,4,131228862069,2469000,1
131.234,22,131231374069,2469000,1
131.234,19,131231374069,2469000,1
131.234,2,131231374069,2469000,1
131.236,13,131233841069,2496006,0
131.239,8,131236382075,2496006,0
131.241,20,131238905081,2469000,1
131.241,3,131238905081,2469000,1
131.241,18,131238905081,2469000,1
131.241,22,131238905081,2469000,1
131.244,9,131241372081,2496006,0
131.246,17,131243895087,2469000,1
131.246,2,131243895087,2469000,1
131.249,16,131246362087,2496006,0
131.252,13,131249216093,2496006,0
131.254,8,131251739099,2496006,0
131.257,8,131254262105,2496006,0
131.259,9,131256785111,2496006,0
131.264,8,131261831123,2496006,0
131.267,9,131264363129,2496006,0
131.269,16,131266922135,2496006,0
131.272,13,131269445141,2496006,0
131.274,13,131271986147,2496006,0
131.277,9,131274509153,2469000,1
131.277,8,131274509153,2469000,1
131.279,13,131276976153,2496006,0
131.282,17,131279508159,2496006,0
131.285,16,131282067165,2496006,0
131.287,17,131284608171,2469000,1
131.287,8,131284608171,2469000,1
131.29,2,131287084171,2496006,0
131.292,16,131289607177,2496006,0
131.295,13,131292139183,2496006,0
131.297,16,131294662189,2496006,0
131.3,3,131297194195,2496006,0
131.302,3,131299717201,2496006,0
131.305,13,131302240207,2469000,1
131.305,9,131302240207,2469000,1
131.307,2,131304716207,2496006,0
131.31,4,131307239213,2469000,1
131.31,22,131307239213,2469000,1
131.312,2,131309706213,2496006,0
131.315,16,131312229219,2469000,1
131.315,2,131312229219,2469000,1
131.317,20,131314705219,2469000,1
131.317,3,131314705219,2469000,1
131.32,3,131317174219,2496006,0
131.322,3,131319715225,2496006,0
131.325,19,131322569231,2496006,0
131.328,3,131325119237,2469000,1
131.328,10,131325119237,2469000,1
131.33,17,131327595237,2469000,1
131.33,2,131327595237,2469000,1
131.333,13,131330071237,2496006,0
131.335,13,131332612243,2496006,0
131.338,19,131335144249,2496006,0
131.34,9,131337685255,2496006,0
131.343,16,131340226261,2469000,1
131.345,13,131342693261,2469000,1
131.345,3,131342693261,2469000,1
131.345,9,131342693261,2469000,1
131.348,19,131345196261,2496006,0
131.35,10,131347719267,2496006,0
131.353,13,131350251273,2469000,1
131.353,9,131350251273,2469000,1
131.356,10,131353049279,2496006,0
131.358,8,131355572285,2496006,0
131.361,2,131358104291,2469000,1
131.361,9,131358104291,2469000,1
131.363,19,131360589291,2496006,0
131.366,5,131363112297,2496006,0
131.368,16,131365644303,2469000,1
131.368,19,131365644303,2469000,1
131.371,5,131368111303,2496006,0
131.373,14,131370634309,2469000,1
131.373,18,131370634309,2469000,1
131.376,18,131373110309,2496006,0
131.378,8,131375642315,2469000,1
131.378,19,131375642315,2469000,1
131.381,10,131378109315,2496006,0
131.383,5,131380632321,2496006,0
131.386,18,131383155327,2469000,1
131.388,8,131385622327,2496006,0
131.393,17,131390677339,2469000,1
131.393,8,131390677339,2469000,1
131.396,13,131393144339,2496006,0
131.398,5,131395676345,2496006,0
131.401,8,131398208351,2496006,0
131.403,8,131400749357,2496006,0
131.406,10,131403272363,2496006,0
131.408,5,131405822369,2496006,0
131.411,15,131408354375,2496006,0
131.413,10,131410877381,2469000,1
131.413,13,131410877381,2469000,1
131.416,8,131413398381,2496006,0
131.418,13,131415921387,2496006,0
131.421,18,131418444393,2496006,0
131.423,5,131420967399,2469000,1
131.423,13,131420967399,2469000,1
131.426,3,131423434399,2469000,1
131.426,10,131423434399,2469000,1
131.429,8,131426232405,2469000,1
131.429,4,131426232405,2469000,1
131.429,15,131426232405,2469000,1
131.431,18,131428699405,2496006,0
131.436,15,131433799417,2496006,0
131.439,19,131436331423,2469000,1
131.439,8,131436331423,2469000,1
131.441,5,131438798423,2496006,0
131.444,18,131441321429,2469000,1
131.444,22,131441321429,2469000,1
131.446,15,131443788429,2496006,0
131.449,15,131446338435,2496006,0
131.451,13,131448861441,2496006,0
131.454,17,131451384447,2496006,0
131.457,16,131454229453,2496006,0
131.459,8,131456752459,2496006,0
131.462,13,131459275465,2496006,0
131.464,5,131461825471,2496006,0
131.467,16,131464357477,2469000,1
131.467,15,131464357477,2469000,1
131.467,5,131464357477,2469000,1
131.469,17,131466824477,2496006,0
131.472,18,131469347483,2496006,0
131.474,13,131471879489,2469000,1
131.474,9,131471879489,2469000,1
131.474,5,131471879489,2469000,1
131.477,8,131474346489,2469000,1
131.479,18,131476831489,2496006,0
131.482,17,131479363495,2496006,0
131.484,3,131481886501,2469000,1
131.484,16,131481886501,2469000,1
131.487,15,131484362501,2496006,0
131.489,10,131486894507,2496006,0
131.492,17,131489426513,2496006,0
131.494,15,131491976519,2496006,0
131.497,17,131494517525,2469000,1
131.497,18,131494517525,2469000,1
131.499,6,131496984525,2496006,0
131.502,2,131499516531,2496006,0
131.505,10,131502048537,2496006,0
131.507,6,131504589543,2496006,0
131.51,15,131507112549,2496006,0
131.512,15,131509635555,2496006,0
131.515,10,131512158561,2469000,1
131.515,13,131512158561,2469000,1
131.515,8,131512158561,2469000,1
131.515,6,131512158561,2469000,1
131.517,2,131514625561,2496006,0
131.52,17,131517148567,2496006,0
131.522,7,131519671573,2469000,1
131.522,15,131519671573,2469000,1
131.525,10,131522138573,2496006,0
131.527,17,131524679579,2496006,0
131.53,18,131527551585,2496006,0
131.533,10,131530092591,2496006,0
131.535,2,131532615597,2469000,1
131.535,15,131532615597,2469000,1
131.535,17,131532615597,2469000,1
131.538,10,131535082597,2496006,0
131.54,18,131537614603,2496006,0
131.543,10,131540155609,2496006,0
131.545,17,131542678615,2496006,0
131.548,5,131545210621,2496006,0
131.55,18,131547733627,2496006,0
131.553,19,131550265633,2496006,0
131.555,17,131552806639,2469000,1
131.555,6,131552806639,2469000,1
131.558,19,131555622645,2469000,1
131.558,18,131555622645,2469000,1
131.561,10,131558089645,2469000,1
131.563,4,131560565645,2469000,1
131.563,16,131560565645,2469000,1
131.566,5,131563032645,2496006,0
131.568,2,131565555651,2496006,0
131.571,6,131568096657,2469000,1
131.571,2,131568096657,2469000,1
131.573,13,131570563657,2496006,0
131.576,17,131573086663,2469000,1
131.576,13,131573086663,2469000,1
131.578,15,131575571663,2469000,1
131.578,19,131575571663,2469000,1
131.581,19,131578040663,2496006,0
131.583,18,131580563669,2469000,1
131.586,5,131583057669,2469000,1
131.586,18,131583057669,2469000,1
131.588,5,131585526669,2469000,1
131.593,2,131590516675,2496006,0
131.596,8,131593075681,2469000,1
131.596,10,131593075681,2469000,1
131.596,13,131593075681,2469000,1
131.598,3,131595551681,2469000,1
131.598,19,131595551681,2469000,1
131.601,5,131598045681,2496006,0
131.603,5,131600577687,2496006,0
131.606,19,131603100693,2496006,0
131.608,2,131605632699,2496006,0
131.611,9,131608164705,2496006,0
131.613,5,131610723711,2469000,1
131.613,13,131610723711,2469000,1
131.616,2,131613208711,2469000,1
131.616,6,131613208711,2469000,1
131.616,5,131613208711,2469000,1
131.621,19,131618216717,2496006,0
131.623,9,131620739723,2496006,0
131.626,6,131623316729,2496006,0
131.628,9,131625839735,2496006,0
131.631,19,131628371741,2496006,0
131.634,6,131631207747,2496006,0
131.636,18,131633730753,2496006,0
131.639,17,131636253759,2496006,0
131.641,19,131638776765,2496006,0
131.644,9,131641326771,2469000,1
131.644,10,131641326771,2469000,1
131.646,17,131643793771,2469000,1
131.646,20,131643793771,2469000,1
131.646,5,131643793771,2469000,1
131.649,19,131646278771,2469000,1
131.649,6,131646278771,2469000,1
131.651,17,131648745771,2496006,0
131.654,2,131651286777,2469000,1
131.654,19,131651286777,2469000,1
131.656,18,131653762777,2496006,0
131.659,11,131656285783,2496006,0
131.662,15,131659157789,2496006,0
131.664,11,131661680795,2469000,1
131.664,14,131661680795,2469000,1
131.667,17,131664156795,2496006,0
131.669,9,131666688801,2496006,0
131.672,18,131669220807,2496006,0
131.674,17,131671779813,2496006,0
131.677,18,131674302819,2469000,1
131.679,6,131676778819,2469000,1
131.679,17,131676778819,2469000,1
131.682,15,131679245819,2496006,0
131.684,10,131681768825,2496006,0
131.687,9,131684291831,2496006,0
131.689,22,131686814837,2469000,1
131.689,10,131686814837,2469000,1
131.692,18,131689281837,2469000,1
131.692,15,131689281837,2469000,1
131.692,9,131689281837,2469000,1
131.694,11,131691748837,2496006,0
131.697,9,131694271843,2496006,0
131.699,6,131696821849,2496006,0
131.702,9,131699353855,2469000,1
131.702,16,131699353855,2469000,1
131.702,6,131699353855,2469000,1
131.704,21,131701829855,2496006,0
131.707,17,131704352861,2469000,1
131.707,6,131704352861,2469000,1
131.709,2,131706819861,2496006,0
131.712,11,131709342867,2496006,0
131.714,6,131711865873,2469000,1
131.714,11,131711865873,2469000,1
131.717,15,131714341873,2496006,0
131.722,2,131719396885,2469000,1
131.722,21,131719396885,2469000,1
131.724,15,131721863885,2496006,0
131.727,15,131724404891,2496006,0
131.729,11,131726927897,2496006,0
131.732,8,131729459903,2496006,0
131.735,19,131732295909,2469000,1
131.735,8,131732295909,2469000,1
131.737,10,131734789909,2496006,0
131.74,14,131737312915,2469000,1
131.74,21,131737312915,2469000,1
131.742,11,131739779915,2469000,1
131.742,14,131739781915,2469000,1
131.745,15,131742257915,2469000,1
131.745,9,131742257915,2469000,1
131.747,14,131744724915,2496006,0
131.75,21,131747247921,2496006,0
131.752,13,131749788927,2496006,0
131.755,2,131752311933,2496006,0
131.757,13,131754861939,2469000,1
131.757,14,131754861939,2469000,1
131.76,21,131757328939,2469000,1
131.76,10,131757328939,2469000,1
131.762,8,131759795939,2496006,0
131.765,12,131762640945,2496006,0
131.768,12,131765163951,2469000,1
131.77,18,131767630951,2469000,1
131.77,16,131767630951,2469000,1
131.773,8,131770097951,2496006,0
131.775,2,131772629957,2469000,1
131.775,14,131772629957,2469000,1
131.775,21,131772629957,2469000,1
131.778,17,131775114957,2469000,1
131.778,9,131775114957,2469000,1
131.778,12,131775114957,2469000,1
131.78,2,131777581957,2496006,0
131.783,11,131780113963,2496006,0
131.785,8,131782636969,2496006,0
131.788,11,131785177975,2496006,0
131.79,15,131787718981,2469000,1
131.79,13,131787718981,2469000,1
131.793,8,131790194981,2469000,1
131.793,2,131790194981,2469000,1
131.795,10,131792697981,2469000,1
131.795,14,131792697981,2469000,1
131.798,5,131795164981,2469000,1
131.798,11,131795164981,2469000,1
131.8,10,131797712981,2496006,0
131.805,21,131802758993,2496006,0
131.808,10,131805299999,2469000,1
131.808,9,131805299999,2469000,1
131.81,21,131807784999,2496006,0
131.813,18,131810308005,2469000,1
131.813,12,131810308005,2469000,1
131.813,2,131810308005,2469000,1
131.815,20,131812784005,2469000,1
131.815,8,131812784005,2469000,1
131.818,11,131815251005,2496006,0
131.82,10,131817792011,2496006,0
131.823,11,131820324017,2496006,0
131.825,6,131822856023,2496006,0
131.828,21,131825379029,2496006,0
131.83,6,131827929035,2496006,0
131.833,10,131830452041,2496006,0
131.835,11,131832984047,2496006,0
131.838,2,131835820053,2496006,0
131.841,15,131838343059,2469000,1
131.843,10,131840819059,2496006,0
131.846,10,131843342065,2496006,0
131.848,6,131845874071,2496006,0
131.851,17,131848397077,2496006,0
131.853,21,131850920083,2496006,0
131.856,2,131853443089,2496006,0
131.858,17,131855966095,2496006,0
131.861,11,131858489101,2496006,0
131.864,13,131861021107,2496006,0
131.866,11,131863875113,2469000,1
131.866,17,131863875113,2469000,1
131.866,2,131863875113,2469000,1
131.866,15,131863875113,2469000,1
131.866,13,131863875113,2469000,1
131.869,10,131866342113,2496006,0
131.871,6,131868874119,2496006,0
131.874,11,131871397125,2496006,0
131.876,21,131873920131,2496006,0
131.879,13,131876443137,2496006,0
131.881,11,131878966143,2496006,0
131.884,6,131881498149,2496006,0
131.887,13,131884021155,2496006,0
131.889,11,131886544161,2496006,0
131.892,21,131889067167,2496006,0
131.894,10,131891608173,2469000,1
131.897,13,131894075173,2469000,1
131.897,17,131894075173,2469000,1
131.899,11,131896542173,2469000,1
131.899,8,131896542173,2469000,1
131.902,21,131899018173,2496006,0
131.904,21,131901550179,2496006,0
131.907,6,131904082185,2469000,1
131.907,21,131904082185,2469000,1
131.909,19,131906558185,2469000,1
131.909,11,131906558185,2469000,1
131.912,2,131909079185,2496006,0
131.914,13,131911602191,2496006,0
131.917,2,131914125197,2496006,0
131.919,13,131916702203,2469000,1
131.919,17,131916702203,2469000,1
131.922,10,131919178203,2496006,0
131.924,10,131921719209,2496006,0
131.927,6,131924251215,2496006,0
131.929,2,131926774221,2469000,1
131.929,17,131926774221,2469000,1
131.929,6,131926774221,2469000,1
131.932,21,131929250221,2469000,1
131.932,11,131929250221,2469000,1
131.937,10,131934267227,2496006,0
131.94,8,131937121233,2496006,0
131.942,10,131939680239,2496006,0
131.945,8,131942212245,2469000,1
131.945,14,131942212245,2469000,1
131.947,13,131944688245,2496006,0
131.95,2,131947256251,2496006,0
131.952,13,131949779257,2496006,0
131.955,6,131952302263,2496006,0
131.957,13,131954834269,2496006,0
131.96,12,131957357275,2469000,1
131.96,10,131957357275,2469000,1
131.962,13,131959833275,2496006,0
131.965,6,131962383281,2469000,1
131.968,2,131965172287,2496006,0
131.97,13,131967731293,2496006,0
131.973,8,131970254299,2496006,0
131.975,2,131972786305,2496006,0
131.978,13,131975318311,2496006,0
131.98,13,131977877317,2496006,0
131.983,21,131980400323,2496006,0
131.985,2,131982923329,2469000,1
131.985,10,131982923329,2469000,1
131.988,21,131985417329,2469000,1
131.988,8,131985417329,2469000,1
131.99,13,131987893329,2469000,1
131.99,6,131987893329,2469000,1
131.993,18,131990369329,2496006,0
131.995,5,131992892335,2496006,0
131.998,5,131995415341,2496006,0
132,13,131997974347,2496006,0
132.003,2,132000506353,2469000,1
132.003,13,132000506353,2469000,1
132.005,21,132002982353,2469000,1
132.005,8,132002982353,2469000,1
132.008,18,132005449353,2496006,0
132.01,5,132007981359,2496006,0
132.013,13,132010531365,2496006,0
132.018,5,132015595377,2496006,0
132.021,5,132018118383,2496006,0
132.023,22,132020659389,2469000,1
132.023,18,132020659389,2469000,1
132.026,9,132023126389,2469000,1
132.026,10,132023126389,2469000,1
132.028,2,132025602389,2496006,0
132.031,5,132028125395,2496006,0
132.033,13,132030675401,2496006,0
132.036,5,132033234407,2469000,1
132.036,14,132033234407,2469000,1
132.038,2,132035719407,2469000,1
132.041,6,132038517413,2496006,0
132.044,18,132041040419,2496006,0
132.046,13,132043581425,2496006,0
132.049,21,132046104431,2496006,0
132.051,18,132048645437,2469000,1
132.051,13,132048645437,2469000,1
132.051,21,132048645437,2469000,1
132.054,15,132051121437,2496006,0
132.056,19,132053644443,2496006,0
132.059,8,132056167449,2496006,0
132.061,6,132058699455,2469000,1
132.061,15,132058699455,2469000,1
132.064,11,132061166455,2496006,0
132.066,2,132063698461,2496006,0
132.069,8,132066221467,2469000,1
132.071,19,132069001473,2469000,1
132.071,5,132069001473,2469000,1
132.074,15,132071486473,2496006,0
132.077,18,132074036479,2496006,0
132.079,12,132076577485,2469000,1
132.079,6,132076577485,2469000,1
132.079,11,132076577485,2469000,1
132.082,18,132079053485,2469000,1
132.082,21,132079053485,2469000,1
132.084,2,132081520485,2496006,0
132.087,15,132084061491,2469000,1
132.087,11,132084061491,2469000,1
132.089,13,132086537491,2496006,0
132.092,2,132089060497,2469000,1
132.092,13,132089060497,2469000,1
132.094,13,132091536497,2496006,0
132.097,15,132094068503,2496006,0
132.099,10,132096591509,2469000,1
132.102,19,132099067509,2469000,1
132.102,15,132099067509,2469000,1
132.104,8,132101552509,2496006,0
132.107,19,132104075515,2469000,1
132.109,3,132106551515,2469000,1
132.109,15,132106551515,2469000,1
132.112,2,132109036515,2469000,1
132.112,13,132109036515,2469000,1
132.117,8,132114062521,2496006,0
132.119,6,132116585527,2496006,0
132.122,18,132119108533,2496006,0
132.124,18,132121658539,2496006,0
132.127,18,132124208545,2496006,0
132.129,6,132126731551,2496006,0
132.132,8,132129254557,2496006,0
132.134,18,132131831563,2496006,0
132.137,5,132134354569,2469000,1
132.139,13,132136830569,2496006,0
132.142,6,132139353575,2496006,0
132.145,15,132142207581,2496006,0
132.147,8,132144739587,2496006,0
132.15,6,132147262593,2496006,0
132.152,18,132149803599,2496006,0
132.155,21,132152335605,2496006,0
132.157,6,132154858611,2469000,1
132.157,4,132154858611,2469000,1
132.16,18,132157325611,2496006,0
132.162,15,132159848617,2469000,1
132.162,13,132159848617,2469000,1
132.165,9,132162324617,2469000,1
132.165,11,132162324617,2469000,1
132.167,17,132164791617,2496006,0
132.17,8,132167314623,2469000,1
132.173,15,132170103629,2496006,0
132.175,18,132172626635,2496006,0
132.178,14,132175149641,2496006,0
132.18,13,132177690647,2496006,0
132.183,21,132180222653,2496006,0
132.185,2,132182745659,2496006,0
132.188,18,132185268665,2469000,1
132.188,21,132185268665,2469000,1
132.19,13,132187735665,2496006,0
132.193,19,132190267671,2469000,1
132.193,17,132190267671,2469000,1
132.195,14,132192734671,2496006,0
132.198,15,132195257677,2496006,0
132.2,13,132197807683,2469000,1
132.2,2,132197807683,2469000,1
132.203,15,132200310683,2469000,1
132.203,6,132200310683,2469000,1
132.205,8,132202777683,2496006,0
132.208,18,132205300689,2469000,1
132.21,18,132207776689,2496006,0
132.213,14,132210299695,2496006,0
132.215,8,132212831701,2469000,1
132.215,21,132212831701,2469000,1
132.218,16,132215298701,2496006,0
132.22,13,132217830707,2496006,0
132.223,14,132220353713,2469000,1
132.223,18,132220353713,2469000,1
132.223,1,132220353713,2469000,1
132.225,14,132222822713,2496006,0
132.228,18,132225354719,2469000,1
132.23,16,132227830719,2469000,1
132.23,21,132227830719,2469000,1
132.233,13,132230297719,2469000,1
132.233,18,132230297719,2469000,1
132.238,5,132235287725,2496006,0
132.24,17,132237810731,2496006,0
132.243,5,132240342737,2496006,0
132.246,11,132243205743,2496006,0
132.248,2,132245728749,2496006,0
132.251,5,132248251755,2469000,1
132.251,14,132248251755,2469000,1
132.253,8,132250718755,2496006,0
132.256,14,132253241761,2496006,0
132.258,15,132255764767,2496006,0
132.261,17,132258296773,2469000,1
132.261,14,132258296773,2469000,1
132.263,15,132260781773,2496006,0
132.266,11,132263313779,2469000,1
132.266,2,132263313779,2469000,1
132.268,16,132265780779,2469000,1
132.268,15,132265780779,2469000,1
132.271,8,132268274779,2469000,1
132.271,2,132268274779,2469000,1
132.273,13,132270750779,2469000,1
132.273,16,132270750779,2469000,1
132.276,11,132273539785,2496006,0
132.281,5,132278594797,2496006,0
132.284,18,132281135803,2496006,0
132.286,19,132283658809,2496006,0
132.289,17,132286208815,2469000,1
132.289,14,132286208815,2469000,1
132.291,6,132288684815,2496006,0
132.294,11,132291207821,2496006,0
132.296,19,132293730827,2469000,1
132.296,5,132293730827,2469000,1
132.296,15,132293730827,2469000,1
132.299,18,132296197827,2496006,0
132.301,18,132298720833,2496006,0
132.304,8,132301279839,2496006,0
132.306,6,132303829845,2496006,0
132.309,8,132306352851,2469000,1
132.309,14,132306352851,2469000,1
132.311,11,132308828851,2496006,0
132.314,18,132311360857,2469000,1
132.314,8,132311360857,2469000,1
132.319,8,132316368863,2496006,0
132.321,6,132318891869,2496006,0
132.324,16,132321414875,2469000,1
132.324,8,132321414875,2469000,1
132.326,21,132323899875,2496006,0
132.329,11,132326431881,2496006,0
132.331,21,132328954887,2496006,0
132.334,19,132331477893,2496006,0
132.336,6,132334000899,2469000,1
132.336,8,132334000899,2469000,1
132.339,5,132336467899,2496006,0
132.341,11,132338990905,2496006,0
132.344,19,132341522911,2469000,1
132.344,11,132341522911,2469000,1
132.346,7,132343998911,2496006,0
132.349,21,132346834917,2469000,1
132.349,7,132346834917,2469000,1
132.352,13,132349310917,2496006,0
132.354,2,132351833923,2496006,0
132.357,23,132354365929,2496006,0
132.359,5,132356888935,2469000,1
132.359,17,132356888935,2469000,1
132.359,18,132356888935,2469000,1
132.359,6,132356888935,2469000,1
132.359,2,132356888935,2469000,1
132.362,23,132359355935,2496006,0
132.364,15,132361878941,2496006,0
132.367,11,132364401947,2469000,1
132.367,18,132364401947,2469000,1
132.369,13,132366868947,2496006,0
132.372,8,132369391953,2469000,1
132.372,6,132369391953,2469000,1
132.374,15,132371858953,2469000,1
132.374,11,132371858953,2469000,1
132.377,19,132374325953,2496006,0
132.38,23,132377161959,2469000,1
132.38,19,132377161959,2469000,1
132.382,17,132379637959,2496006,0
132.385,23,132382178965,2496006,0
132.387,15,132384701971,2496006,0
132.39,13,132387224977,2496006,0
132.392,17,132389747983,2496006,0
132.395,23,132392297989,2469000,1
132.395,21,132392297989,2469000,1
132.395,17,132392297989,2469000,1
132.397,7,132394782989,2496006,0
132.4,2,132397305995,2496006,0
132.402,10,132399829001,2496006,0
132.405,10,132402352007,2496006,0
132.407,19,132404884013,2469000,1
132.407,13,132404884013,2469000,1
132.41,15,132407351013,2496006,0
132.412,7,132409874019,2496006,0
132.415,17,132412397025,2496006,0
132.417,5,132414920031,2496006,0
132.42,5,132417443037,2496006,0
132.422,5,132419966043,2496006,0
132.425,2,132422489049,2469000,1
132.425,17,132422489049,2469000,1
132.425,5,132422489049,2469000,1
132.427,7,132424956049,2469000,1
132.427,5,132424958049,2469000,1
132.43,10,132427443049,2496006,0
132.432,17,132429966055,2496006,0
132.435,8,132432525061,2469000,1
132.435,15,132432525061,2469000,1
132.437,15,132434994061,2496006,0
132.44,15,132437517067,2496006,0
132.445,17,132442563079,2469000,1
132.445,23,132442563079,2469000,1
132.445,2,132442563079,2469000,1
132.448,15,132445066079,2496006,0
132.45,21,132447589085,2469000,1
132.45,10,132447589085,2469000,1
132.453,15,132450369091,2496006,0
132.455,13,132452892097,2496006,0
132.458,10,132455415103,2496006,0
132.46,15,132457956109,2496006,0
132.463,13,132460479115,2496006,0
132.466,7,132463011121,2496006,0
132.468,2,132465543127,2496006,0
132.471,19,132468066133,2496006,0
132.473,6,132470598139,2496006,0
132.476,10,132473130145,2496006,0
132.478,19,132475653151,2496006,0
132.481,15,132478489157,2496006,0
132.483,13,132481012163,2469000,1
132.483,10,132481012163,2469000,1
132.486,14,132483488163,2469000,1
132.486,13,132483488163,2469000,1
132.488,2,132485955163,2496006,0
132.491,17,132488478169,2496006,0
132.493,6,132491010175,2469000,1
132.493,7,132491010175,2469000,1
132.496,17,132493477175,2496006,0
132.499,15,132496009181,2496006,0
132.501,5,132498532187,2469000,1
132.501,17,132498532187,2469000,1
132.503,11,132500999187,2469000,1
132.503,17,132501001187,2469000,1
132.506,19,132503486187,2496006,0
132.509,6,132506009193,2496006,0
132.511,15,132508550199,2496006,0
132.514,2,132511073205,2496006,0
132.516,6,132513596211,2469000,1
132.516,23,132513596211,2469000,1
132.519,19,132516063211,2469000,1
132.519,13,132516063211,2469000,1
132.521,21,132518530211,2469000,1
132.523,15,132520997211,2496006,0
132.526,18,132523538217,2469000,1
132.526,17,132523538217,2469000,1
132.528,2,132526005217,2469000,1
132.528,15,132526005217,2469000,1
132.531,4,132528481217,2469000,1
132.531,10,132528481217,2469000,1
132.533,2,132530993217,2496006,0
132.536,7,132533525223,2496006,0
132.539,6,132536084229,2496006,0
132.541,15,132538607235,2496006,0
132.544,2,132541139241,2496006,0
132.546,19,132543662247,2496006,0
132.549,2,132546194253,2496006,0
132.551,6,132548717259,2496006,0
132.554,18,132551553265,2496006,0
132.557,7,132554076271,2469000,1
132.557,18,132554076271,2469000,1
132.559,21,132556570271,2496006,0
132.562,15,132559111277,2496006,0
132.564,21,132561634283,2496006,0
132.567,19,132564166289,2496006,0
132.569,5,132566689295,2496006,0
132.572,15,132569212301,2469000,1
132.572,2,132569212301,2469000,1
132.572,5,132569212301,2469000,1
132.574,6,132571688301,2496006,0
132.577,21,132574220307,2469000,1
132.577,18,132574220307,2469000,1
132.579,6,132576705307,2496006,0
132.582,23,132579228313,2469000,1
132.584,19,132581695313,2496006,0
132.587,7,132584218319,2496006,0
132.589,6,132586741325,2496006,0
132.592,6,132589273331,2469000,1
132.594,2,132591740331,2496006,0
132.597,7,132594281337,2496006,0
132.599,21,132596822343,2496006,0
132.602,19,132599354349,2496006,0
132.604,10,132601877355,2496006,0
132.607,15,132604400361,2496006,0
132.609,19,132606941367,2496006,0
132.612,19,132609464373,2496006,0
132.614,5,132611987379,2469000,1
132.614,2,132611987379,2469000,1
132.617,7,132614472379,2496006,0
132.619,21,132616995385,2469000,1
132.619,18,132616995385,2469000,1
132.619,6,132616995385,2469000,1
132.622,19,132619462385,2469000,1
132.622,15,132619462385,2469000,1
132.624,10,132621929385,2496006,0
132.627,7,132624470391,2469000,1
132.627,10,132624470391,2469000,1
132.63,15,132627018391,2496006,0
132.632,13,132629541397,2469000,1
132.632,6,132629541397,2469000,1
132.635,19,132632008397,2496006,0
132.637,21,132634594403,2496006,0
132.64,2,132637117409,2496006,0
132.642,21,132639640415,2496006,0
132.645,7,132642172421,2469000,1
132.645,15,132642172421,2469000,1
132.647,19,132644648421,2496006,0
132.65,10,132647189427,2496006,0
132.652,7,132649712433,2469000,1
132.655,5,132652197433,2496006,0
132.658,10,132655033439,2469000,1
132.658,2,132655033439,2469000,1
132.66,5,132657518439,2469000,1
132.662,6,132659985439,2469000,1
132.662,21,132659985439,2469000,1
132.667,19,132664975445,2469000,1
132.667,2,132664975445,2469000,1
132.67,5,132667451445,2496006,0
132.672,17,132670001451,2496006,0
132.675,5,132672524457,2469000,1
132.675,23,132672524457,2469000,1
132.677,10,132674991457,2496006,0
132.68,16,132677532463,2496006,0
132.683,16,132680073469,2496006,0
132.685,15,132682909475,2496006,0
132.688,21,132685432481,2496006,0
132.69,19,132687964487,2496006,0
132.693,17,132690487493,2496006,0
132.695,10,132693028499,2469000,1
132.695,11,132693028499,2469000,1
132.698,18,132695522499,2469000,1
132.698,5,132695522499,2469000,1
132.7,21,132697989499,2469000,1
132.7,14,132697989499,2469000,1
132.703,10,132700456499,2496006,0
132.705,21,132702979505,2496006,0
132.708,19,132705502511,2469000,1
132.708,16,132705502511,2469000,1
132.708,15,132705502511,2469000,1
132.71,10,132707969511,2496006,0
132.713,15,132710510517,2496006,0
132.716,17,132713033523,2496006,0
132.721,19,132718097535,2496006,0
132.723,17,132720620541,2496006,0
132.726,8,132723143547,2496006,0
132.728,17,132725666553,2496006,0
132.731,15,132728189559,2469000,1
132.731,10,132728189559,2469000,1
132.731,21,132728189559,2469000,1
132.733,8,132730683559,2469000,1
132.733,15,132730683559,2469000,1
132.736,7,132733150559,2496006,0
132.738,15,132735673565,2496006,0
132.741,16,132738196571,2496006,0
132.743,19,132740719577,2496006,0
132.746,8,132743242583,2496006,0
132.748,10,132745774589,2496006,0
132.751,7,132748306595,2496006,0
132.753,15,132750838601,2469000,1
132.753,17,132750838601,2469000,1
132.756,19,132753305601,2469000,1
132.756,21,132753305601,2469000,1
132.759,5,132756085607,2496006,0
132.761,2,132758608613,2496006,0
132.764,7,132761131619,2496006,0
132.766,7,132763654625,2496006,0
132.769,16,132766186631,2496006,0
132.771,16,132768718637,2496006,0
132.774,7,132771241643,2469000,1
132.774,8,132771241643,2469000,1
132.774,10,132771241643,2469000,1
132.776,15,132773726643,2496006,0
132.779,14,132776258649,2496006,0
132.781,12,132778781655,2469000,1
132.781,2,132778781655,2469000,1
132.784,5,132781257655,2496006,0
132.789,5,132786625667,2496006,0
132.792,19,132789148673,2469000,1
132.792,16,132789148673,2469000,1
132.794,15,132791624673,2469000,1
132.794,8,132791624673,2469000,1
132.797,16,132794100673,2496006,0
132.799,17,132796632679,2496006,0
132.802,10,132799155685,2496006,0
132.804,14,132801678691,2496006,0
132.807,5,132804201697,2496006,0
132.809,7,132806724703,2496006,0
132.812,7,132809247709,2496006,0
132.814,15,132811779715,2496006,0
132.817,16,132814302721,2496006,0
132.819,15,132816825727,2469000,1
132.819,16,132816825727,2469000,1
132.822,10,132819292727,2496006,0
132.824,2,132821833733,2469000,1
132.824,17,132821833733,2469000,1
132.827,14,132824309733,2496006,0
132.829,7,132826841739,2496006,0
132.832,5,132829364745,2469000,1
132.832,15,132829364745,2469000,1
132.832,14,132829364745,2469000,1
132.834,7,132831831745,2496006,0
132.837,16,132834354751,2496006,0
132.839,7,132836877757,2496006,0
132.842,10,132839418763,2496006,0
132.844,7,132841959769,2496006,0
132.847,8,132844491775,2496006,0
132.85,20,132847014781,2496006,0
132.852,16,132849546787,2496006,0
132.855,7,132852069793,2469000,1
132.855,21,132852069793,2469000,1
132.855,20,132852069793,2469000,1
132.857,10,132854554793,2496006,0
132.86,16,132857086799,2469000,1
132.86,15,132857086799,2469000,1
132.86,21,132857086799,2469000,1
132.862,20,132859866805,2469000,1
132.865,8,132862342805,2496006,0
132.867,14,132864874811,2496006,0
132.87,17,132867406817,2496006,0
132.872,17,132869938823,2496006,0
132.875,14,132872461829,2496006,0
132.877,7,132874984835,2469000,1
132.877,16,132874984835,2469000,1
132.88,5,132877451835,2496006,0
132.882,10,132879974841,2496006,0
132.885,19,132882497847,2496006,0
132.887,17,132885020853,2469000,1
132.887,8,132885020853,2469000,1
132.89,2,132887809859,2496006,0
132.893,10,132890341865,2469000,1
132.893,8,132890341865,2469000,1
132.895,14,132892808865,2469000,1
132.895,7,132892808865,2469000,1
132.895,10,132892810865,2469000,1
132.898,19,132895277865,2496006,0
132.9,2,132897800871,2469000,1
132.9,14,132897800871,2469000,1
132.903,13,132900267871,2496006,0
132.905,17,132902790877,2469000,1
132.905,7,132902790877,2469000,1
132.908,8,132905266877,2496006,0
132.91,5,132907789883,2496006,0
132.913,7,132910312889,2496006,0
132.915,19,132912844895,2496006,0
132.918,7,132915394901,2469000,1
132.918,8,132915394901,2469000,1
132.918,2,132915394901,2469000,1
132.92,5,132917861901,2496006,0
132.923,20,132920402907,2469000,1
132.923,13,132920402907,2469000,1
132.923,5,132920402907,2469000,1
132.925,17,132922869907,2496006,0
132.928,7,132925392913,2496006,0
132.93,19,132927924919,2469000,1
132.93,17,132927924919,2469000,1
132.933,18,132930400919,2469000,1
132.933,16,132930400919,2469000,1
132.933,5,132930400919,2469000,1
132.933,17,132930400919,2469000,1
132.935,16,132932894919,2496006,0
132.94,7,132937985931,2469000,1
132.94,5,132937985931,2469000,1
132.943,2,132940506931,2496006,0
132.945,16,132943029937,2469000,1
132.945,19,132943029937,2469000,1
132.948,8,132945496937,2469000,1
132.948,7,132945496937,2469000,1
132.95,13,132947990937,2496006,0
132.953,2,132950522943,2496006,0
132.956,2,132953063949,2496006,0
132.958,14,132955586955,2496006,0
132.961,6,132958109961,2496006,0
132.963,14,132960945967,2496006,0
132.966,13,132963468973,2469000,1
132.966,16,132963468973,2469000,1
132.968,11,132965944973,2496006,0
132.971,2,132968467979,2496006,0
132.973,10,132971008985,2469000,1
132.973,2,132971008985,2469000,1
132.976,9,132973484985,2469000,1
132.976,14,132973484985,2469000,1
132.978,19,132975951985,2469000,1
132.978,6,132975951985,2469000,1
132.981,17,132978418985,2496006,0
132.983,8,132980941991,2469000,1
132.983,16,132980941991,2469000,1
132.986,11,132983453991,2496006,0
132.989,10,132986012997,2496006,0
132.991,11,132988545003,2469000,1
132.991,10,132988545003,2469000,1
132.994,6,132991325009,2469000,1
132.994,17,132991325009,2469000,1
132.996,15,132993792009,2469000,1
132.996,10,132993792009,2469000,1
133.001,7,132998791015,2496006,0
133.004,6,133001323021,2496006,0
133.006,13,133003846027,2469000,1
133.006,2,133003846027,2469000,1
133.009,7,133006322027,2496006,0
133.011,19,133008854033,2496006,0
133.014,17,133011377039,2496006,0
133.016,14,133013918045,2469000,1
133.016,11,133013918045,2469000,1
133.019,17,133016412045,2496006,0
133.021,7,133018944051,2469000,1
133.021,13,133018944051,2469000,1
133.024,19,133021411051,2469000,1
133.024,6,133021411051,2469000,1
133.024,13,133021413051,2469000,1
133.026,17,133023889051,2496006,0
133.029,2,133026412057,2496006,0
133.031,20,133028971063,2496006,0
133.034,19,133031494069,2496006,0
133.037,7,133034017075,2496006,0
133.039,2,133036558081,2469000,1
133.039,5,133036558081,2469000,1
133.042,6,133039025081,2496006,0
133.044,20,133041548087,2496006,0
133.047,7,133044071093,2496006,0
133.049,17,133046594099,2496006,0
133.052,6,133049153105,2496006,0
133.054,6,133051676111,2496006,0
133.059,7,133056722123,2469000,1
133.059,23,133056722123,2469000,1
133.059,19,133056722123,2469000,1
133.062,8,133059189123,2496006,0
133.064,8,133061712129,2496006,0
133.067,8,133064548135,2496006,0
133.07,6,133067080141,2469000,1
133.07,20,133067080141,2469000,1
133.072,17,133069547141,2496006,0
133.075,8,133072070147,2496006,0
133.077,20,133074629153,2496006,0
133.08,17,133077179159,2469000,1
133.08,20,133077179159,2469000,1
133.082,11,133079646159,2496006,0
133.085,10,133082169165,2469000,1
133.085,2,133082169165,2469000,1
133.087,8,133084636165,2496006,0
133.09,7,133087168171,2496006,0
133.092,17,133089700177,2496006,0
133.095,11,133092536183,2496006,0
133.098,6,133095059189,2496006,0
133.1,17,133097609195,2496006,0
133.103,14,133100141201,2496006,0
133.105,7,133102664207,2469000,1
133.105,1,133102664207,2469000,1
133.105,19,133102664207,2469000,1
133.108,8,133105140207,2496006,0
133.11,11,133107663213,2496006,0
133.113,8,133110195219,2496006,0
133.115,6,133112718225,2496006,0
133.118,11,133115250231,2469000,1
133.118,6,133115250231,2469000,1
133.12,20,133117717231,2469000,1
133.123,17,133120184231,2496006,0
133.125,8,133122707237,2496006,0
133.128,14,133125248243,2496006,0
133.13,4,133127771249,2496006,0
133.133,1,133130294255,2496006,0
133.135,4,133132835261,2496006,0
133.138,1,133135367267,2496006,0
133.14,17,133137890273,2469000,1
133.14,2,133137890273,2469000,1
133.143,19,133140375273,2496006,0
133.145,1,133142898279,2496006,0
133.148,6,133145421285,2469000,1
133.148,8,133145421285,2469000,1
133.148,1,133145421285,2469000,1
133.15,14,133147888285,2496006,0
133.153,7,133150411291,2496006,0
133.155,16,133152943297,2469000,1
133.155,11,133152943297,2469000,1
133.155,14,133152943297,2469000,1
133.158,7,133155437297,2469000,1
133.158,4,133155437297,2469000,1
133.158,14,133155437297,2469000,1
133.16,11,133157904297,2496006,0
133.163,21,133160436303,2496006,0
133.165,20,133162968309,2496006,0
133.168,19,133165804315,2496006,0
133.171,19,133168327321,2496006,0
133.173,8,133170850327,2496006,0
133.176,7,133173382333,2469000,1
133.176,19,133173382333,2469000,1
133.178,17,133175876333,2496006,0
133.181,21,133178399339,2469000,1
133.181,20,133178399339,2469000,1
133.183,1,133180866339,2469000,1
133.183,11,133180866339,2469000,1
133.186,19,133183333339,2496006,0
133.188,8,133185856345,2496006,0
133.191,7,133188379351,2469000,1
133.193,4,133190891351,2496006,0
133.196,6,133193423357,2469000,1
133.196,11,133193423357,2469000,1
133.199,21,133196203363,2496006,0
133.201,8,133198726369,2496006,0
133.204,17,133201249375,2496006,0
133.206,19,133203772381,2496006,0
133.209,4,133206304387,2496006,0
133.211,19,133208827393,2496006,0
133.214,14,133211350399,2496006,0
133.216,2,133213882405,2496006,0
133.219,6,133216405411,2496006,0
133.221,17,133218928417,2469000,1
133.221,6,133218928417,2469000,1
133.224,20,133221404417,2469000,1
133.224,21,133221404417,2469000,1
133.226,8,133223871417,2496006,0
133.229,14,133226403423,2469000,1
133.229,4,133226403423,2469000,1
133.231,19,133228888423,2469000,1
133.231,21,133228888423,2469000,1
133.234,16,133231355423,2496006,0
133.236,6,133233878429,2496006,0
133.239,2,133236401435,2469000,1
133.239,17,133236401435,2469000,1
133.241,2,133238870435,2496006,0
133.244,8,133241393441,2469000,1
133.244,16,133241393441,2469000,1
133.246,10,133243860441,2469000,1
133.246,21,133243860441,2469000,1
133.246,16,133243862441,2469000,1
133.249,14,133246365441,2496006,0
133.251,6,133248897447,2496006,0
133.254,11,133251429453,2496006,0
133.256,2,133253952459,2496006,0
133.259,1,133256484465,2496006,0
133.261,6,133259025471,2469000,1
133.264,19,133261492471,2469000,1
133.264,1,133261492471,2469000,1
133.266,16,133263959471,2496006,0
133.269,11,133266491477,2496006,0
133.272,2,133269327483,2469000,1
133.272,20,133269327483,2469000,1
133.272,14,133269327483,2469000,1
133.272,19,133269327483,2469000,1
133.274,11,133271794483,2496006,0
133.279,4,133276840495,2496006,0
133.282,17,133279381501,2496006,0
133.284,16,133281904507,2496006,0
133.287,8,133284427513,2496006,0
133.289,11,133286950519,2496006,0
133.292,6,133289482525,2469000,1
133.292,16,133289482525,2469000,1
133.294,17,133291967525,2496006,0
133.297,4,133294499531,2496006,0
133.3,5,133297335537,2496006,0
133.302,7,133299867543,2469000,1
133.302,11,133299867543,2469000,1
133.302,5,133299867543,2469000,1
133.305,1,133302343543,2496006,0
133.307,8,133304866549,2496006,0
133.31,4,133307398555,2496006,0
133.312,17,133309930561,2469000,1
133.312,2,133309930561,2469000,1
133.312,14,133309930561,2469000,1
133.312,8,133309930561,2469000,1
133.315,4,133312424561,2469000,1
133.315,6,133312424561,2469000,1
133.317,4,133314909561,2496006,0
133.32,11,133317432567,2496006,0
133.322,1,133319973573,2496006,0
133.325,5,133322496579,2496006,0
133.327,4,133325028585,2469000,1
133.327,8,133325028585,2469000,1
133.33,17,133327495585,2469000,1
133.33,8,133327497585,2469000,1
133.332,16,133329973585,2496006,0
133.335,1,133332523591,2469000,1
133.335,5,133332523591,2469000,1
133.337,21,133334990591,2496006,0
133.34,11,133337513597,2469000,1
133.34,21,133337513597,2469000,1
133.342,14,133339989597,2469000,1
133.342,4,133339989597,2469000,1
133.345,19,133342456597,2469000,1
133.345,5,133342456597,2469000,1
133.347,16,133344941597,2496006,0
133.35,13,133347464603,2496006,0
133.352,1,133349987609,2496006,0
133.355,13,133352573615,2496006,0
133.358,11,133355105621,2496006,0
133.36,13,133357628627,2496006,0
133.363,1,133360151633,2469000,1
133.363,16,133360151633,2469000,1
133.365,15,133362618633,2496006,0
133.368,17,133365150639,2496006,0
133.37,15,133367691645,2496006,0
133.373,11,133370554651,2496006,0
133.376,21,133373077657,2496006,0
133.378,17,133375618663,2469000,1
133.378,2,133375618663,2469000,1
133.381,18,133378085663,2469000,1
133.381,13,133378085663,2469000,1
133.383,1,133380552663,2469000,1
133.383,16,133380552663,2469000,1
133.386,6,133383028663,2496006,0
133.388,4,133385560669,2469000,1
133.388,16,133385560669,2469000,1
133.391,21,133388027669,2496006,0
133.393,11,133390550675,2469000,1
133.393,15,133390550675,2469000,1
133.393,4,133390550675,2469000,1
133.396,7,133393053675,2496006,0
133.401,1,133398099687,2496006,0
133.403,5,133400944693,2496006,0
133.406,6,133403476699,2496006,0
133.408,7,133405999705,2496006,0
133.411,1,133408522711,2496006,0
133.414,13,133411054717,2469000,1
133.414,21,133411054717,2469000,1
133.416,6,133413539717,2469000,1
133.416,22,133413539717,2469000,1
133.418,7,133416006717,2469000,1
133.418,17,133416006717,2469000,1
133.421,5,133418482717,2469000,1
133.421,20,133418482717,2469000,1
133.421,6,133418482717,2469000,1
133.423,15,133420949717,2469000,1
133.423,7,133420949717,2469000,1
133.426,15,133423418717,2496006,0
133.428,11,133425941723,2496006,0
133.431,15,133428473729,2496006,0
133.433,11,133430996735,2496006,0
133.436,1,133433519741,2496006,0
133.439,5,133436060747,2496006,0
133.441,1,133438592753,2496006,0
133.444,21,133441115759,2496006,0
133.446,11,133443638765,2469000,1
133.446,1,133443638765,2469000,1
133.449,21,133446123765,2469000,1
133.449,1,133446123765,2469000,1
133.451,5,133448599765,2469000,1
133.451,15,133448599765,2469000,1
133.456,11,133453643771,2496006,0
133.459,11,133456184777,2496006,0
133.461,11,133458725783,2496006,0
133.464,6,133461257789,2469000,1
133.464,21,133461257789,2469000,1
133.464,11,133461257789,2469000,1
133.466,11,133463778789,2496006,0
133.469,7,133466328795,2496006,0
133.471,16,133468851801,2469000,1
133.471,5,133468851801,2469000,1
133.471,15,133468851801,2469000,1
133.474,8,133471336801,2469000,1
133.474,13,133471336801,2469000,1
133.477,7,133474116807,2496006,0
133.479,14,133476639813,2496006,0
133.482,11,133479171819,2496006,0
133.484,17,133481694825,2496006,0
133.487,1,133484244831,2496006,0
133.489,11,133486776837,2469000,1
133.489,14,133486776837,2469000,1
133.489,7,133486776837,2469000,1
133.489,5,133486776837,2469000,1
133.492,17,133489252837,2469000,1
133.492,7,133489252837,2469000,1
133.497,14,133494287843,2496006,0
133.499,1,133496819849,2496006,0
133.502,15,133499342855,2496006,0
133.505,1,133502196861,2496006,0
133.507,15,133504719867,2496006,0
133.51,14,133507242873,2496006,0
133.512,1,133509765879,2496006,0
133.515,21,133512297885,2469000,1
133.515,11,133512297885,2469000,1
133.517,14,133514773885,2469000,1
133.517,1,133514773885,2469000,1
133.52,17,133517294885,2496006,0
133.522,22,133519817891,2496006,0
133.525,15,133522340897,2496006,0
133.527,3,133524872903,2469000,1
133.527,2,133524872903,2469000,1
133.527,22,133524872903,2469000,1
133.532,15,133529889909,2496006,0
133.535,17,133532457915,2496006,0
133.537,15,133534998921,2496006,0
133.54,7,133537521927,2469000,1
133.54,1,133537521927,2469000,1
133.542,14,133539988927,2496006,0
133.545,14,133542511933,2496006,0
133.548,14,133545043939,2496006,0
133.55,10,133547575945,2496006,0
133.553,22,133550098951,2496006,0
133.555,15,133552621957,2496006,0
133.558,22,133555144963,2496006,0
133.56,14,133557667969,2496006,0
133.563,17,133560190975,2496006,0
133.565,14,133562713981,2496006,0
133.568,14,133565236987,2496006,0
133.573,14,133570300999,2496006,0
133.575,15,133572842005,2496006,0
133.578,10,133575678011,2496006,0
133.581,22,133578201017,2469000,1
133.581,15,133578201017,2469000,1
133.583,14,133580668017,2496006,0
133.586,17,133583209023,2469000,1
133.586,14,133583209023,2469000,1
133.588,13,133585703023,2469000,1
133.588,17,133585703023,2469000,1
133.591,11,133588179023,2496006,0
133.593,14,133590702029,2469000,1
133.593,11,133590702029,2469000,1
133.596,10,133593169029,2496006,0
133.598,11,133595692035,2496006,0
133.601,11,133598251041,2496006,0
133.603,15,133600774047,2496006,0
133.606,1,133603619053,2496006,0
133.609,1,133606151059,2496006,0
133.611,10,133608674065,2469000,1
133.614,6,133611168065,2469000,1
133.614,22,133611168065,2469000,1
133.616,11,133613635065,2496006,0
133.619,1,133616158071,2496006,0
133.621,11,133618681077,2496006,0
133.624,15,133621204083,2496006,0
133.626,1,133623736089,2496006,0
133.629,19,133626259095,2496006,0
133.631,19,133628809101,2496006,0
133.634,1,133631341107,2469000,1
133.634,11,133631341107,2469000,1
133.634,22,133631341107,2469000,1
133.636,10,133633808107,2496006,0
133.639,1,133636349113,2496006,0
133.641,19,133638872119,2496006,0
133.644,21,133641395125,2469000,1
133.644,15,133641395125,2469000,1
133.646,21,133643864125,2496006,0
133.649,19,133646387131,2496006,0
133.651,5,133648910137,2496006,0
133.654,17,133651433143,2469000,1
133.654,19,133651433143,2469000,1
133.654,5,133651433143,2469000,1
133.656,1,133653900143,2496006,0
133.659,7,133656423149,2469000,1
133.659,11,133656423149,2469000,1
133.661,10,133658890149,2496006,0
133.666,21,133663945161,2496006,0
133.669,21,133666468167,2496006,0
133.671,20,133669000173,2496006,0
133.674,10,133671523179,2469000,1
133.674,1,133671523179,2469000,1
133.676,1,133673992179,2496006,0
133.679,21,133676837185,2496006,0
133.682,14,133679360191,2496006,0
133.684,17,133681892197,2469000,1
133.684,19,133681892197,2469000,1
133.687,1,133684368197,2496006,0
133.689,11,133686891203,2496006,0
133.692,5,133689414209,2496006,0
133.694,1,133691937215,2469000,1
133.694,11,133691937215,2469000,1
133.697,15,133694413215,2469000,1
133.697,14,133694413215,2469000,1
133.699,20,133696889215,2496006,0
133.702,10,133699412221,2469000,1
133.702,21,133699412221,2469000,1
133.704,12,133701879221,2469000,1
133.704,1,133701879221,2469000,1
133.704,11,133701879221,2469000,1
133.707,5,133704355221,2496006,0
133.71,4,133707200227,2496006,0
133.712,15,133709732233,2496006,0
133.715,11,133712255239,2496006,0
133.717,20,133714778245,2496006,0
133.72,5,133717328251,2496006,0
133.722,4,133719851257,2496006,0
133.725,15,133722383263,2496006,0
133.73,15,133727429275,2496006,0
133.732,16,133729952281,2496006,0
133.735,15,133732475287,2496006,0
133.737,5,133734998293,2469000,1
133.737,21,133734998293,2469000,1
133.737,11,133734998293,2469000,1
133.74,4,133737474293,2496006,0
133.742,20,133739997299,2469000,1
133.742,14,133739997299,2469000,1
133.745,4,133742464299,2496006,0
133.747,7,133744987305,2496006,0
133.75,15,133747528311,2496006,0
133.753,1,133750060317,2496006,0
133.755,7,133752610323,2469000,1
133.755,16,133752610323,2469000,1
133.755,5,133752610323,2469000,1
133.758,4,133755077323,2469000,1
133.758,20,133755077323,2469000,1
133.76,15,133757544323,2469000,1
133.76,10,133757544323,2469000,1
133.76,14,133757544323,2469000,1
133.763,2,133760038323,2496006,0
133.765,19,133762588329,2496006,0
133.768,1,133765111335,2496006,0
133.77,7,133767634341,2469000,1
133.77,4,133767634341,2469000,1
133.77,19,133767634341,2469000,1
133.773,11,133770101341,2469000,1
133.773,16,133770101341,2469000,1
133.773,1,133770101341,2469000,1
133.775,7,133772577341,2496006,0
133.778,20,133775118347,2496006,0
133.78,19,133777641353,2496006,0
133.783,2,133780477359,2496006,0
133.785,1,133783000365,2496006,0
133.788,8,133785523371,2496006,0
133.791,21,133788064377,2496006,0
133.796,2,133793119389,2469000,1
133.796,19,133793119389,2469000,1
133.798,7,133795586389,2469000,1
133.798,15,133795586389,2469000,1
133.801,8,133798053389,2469000,1
133.801,20,133798053389,2469000,1
133.801,22,133798053389,2469000,1
133.803,16,133800520389,2496006,0
133.806,21,133803043395,2469000,1
133.806,5,133803043395,2469000,1
133.808,14,133805528395,2496006,0
133.811,1,133808364401,2496006,0
133.813,16,133810914407,2496006,0
133.816,1,133813455413,2496006,0
133.818,8,133815978419,2496006,0
133.821,14,133818501425,2496006,0
133.823,2,133821024431,2469000,1
133.823,19,133821024431,2469000,1
133.826,15,133823500431,2496006,0
133.829,21,133826032437,2496006,0
133.831,14,133828555443,2496006,0
133.834,21,133831078449,2496006,0
133.836,16,133833610455,2469000,1
133.836,2,133833610455,2469000,1
133.839,7,133836086455,2496006,0
133.841,20,133838609461,2496006,0
133.844,1,133841132467,2469000,1
133.844,8,133841132467,2469000,1
133.846,15,133843599467,2496006,0
133.849,1,133846122473,2496006,0
133.851,1,133848654479,2496006,0
133.854,7,133851177485,2469000,1
133.854,14,133851177485,2469000,1
133.856,15,133853653485,2496006,0
133.859,21,133856176491,2496006,0
133.861,21,133858699497,2496006,0
133.864,1,133861222503,2469000,1
133.864,11,133861222503,2469000,1
133.864,16,133861222503,2469000,1
133.866,1,133863698503,2496006,0
133.869,8,133866230509,2496006,0
133.871,20,133868753515,2469000,1
133.874,15,133871220515,2469000,1
133.874,4,133871220515,2469000,1
133.876,15,133873689515,2496006,0
133.879,9,133876212521,2469000,1
133.879,21,133876212521,2469000,1
133.881,10,133878697521,2496006,0
133.884,8,133881565003,2496006,0
133.887,13,133884088009,2469000,1
133.887,14,133884088009,2469000,1
133.889,1,133886573009,2496006,0
133.892,23,133889096015,2469000,1
133.892,17,133889096015,2469000,1
133.892,15,133889096015,2469000,1
133.894,1,133891572015,2496006,0
133.897,7,133894113021,2469000,1
133.897,20,133894113021,2469000,1
133.897,9,133894113021,2469000,1
133.899,10,133896580021,2496006,0
133.902,1,133899112027,2469000,1
133.902,21,133899112027,2469000,1
133.902,8,133899112027,2469000,1
133.904,19,133901588027,2496006,0
133.907,15,133904165033,2469000,1
133.907,10,133904165033,2469000,1
133.907,1,133904165033,2469000,1
133.909,9,133906650033,2496006,0
133.912,19,133909173039,2469000,1
133.912,9,133909173039,2469000,1
133.914,1,133911980045,2496006,0
133.917,19,133914521051,2496006,0
133.92,8,133917098057,2496006,0
133.922,9,133919630063,2496006,0
133.925,16,133922171069,2469000,1
133.925,1,133922171069,2469000,1
133.927,19,133924638069,2496006,0
133.93,9,133927161075,2469000,1
133.93,8,133927161075,2469000,1
133.932,14,133929628075,2496006,0
133.935,19,133932169081,2469000,1
133.935,21,133932169081,2469000,1
133.935,10,133932169081,2469000,1
133.937,14,133934663081,2469000,1
133.937,21,133934663081,2469000,1
133.94,14,133937148081,2496006,0
133.942,13,133939671087,2496006,0
133.945,5,133942194093,2496006,0
133.947,15,133944735099,2496006,0
133.95,15,133947267105,2496006,0
133.952,7,133949790111,2469000,1
133.952,20,133949790111,2469000,1
133.955,9,133952257111,2496006,0
133.957,5,133954780117,2469000,1
133.957,8,133954780117,2469000,1
133.96,14,133957247117,2496006,0
133.962,6,133959770123,2496006,0
133.965,15,133962302129,2496006,0
133.967,5,133964825135,2496006,0
133.97,14,133967348141,2469000,1
133.97,19,133967348141,2469000,1
133.972,13,133969815141,2469000,1
133.972,5,133969815141,2469000,1
133.975,1,133972282141,2469000,1
133.975,9,133972282141,2469000,1
133.977,13,133974749141,2496006,0
133.98,6,133977272147,2469000,1
133.98,22,133977272147,2469000,1
133.982,13,133979766147,2469000,1
133.982,14,133979766147,2469000,1
133.985,2,133982233147,2496006,0
133.988,15,133985078153,2469000,1
133.988,2,133985078153,2469000,1
133.993,5,133990086159,2469000,1
133.993,15,133990086159,2469000,1
133.995,2,133992553159,2496006,0
133.998,1,133995094165,2496006,0
134,1,133997635171,2496006,0
134.003,9,134000158177,2496006,0
134.005,9,134002681183,2496006,0
134.008,2,134005204189,2469000,1
134.008,4,134005204189,2469000,1
134.008,14,134005204189,2469000,1
134.01,6,134007734189,2469000,1
134.01,5,134007734189,2469000,1
134.013,8,134010201189,2496006,0
134.015,15,134012733195,2469000,1
134.015,1,134012733195,2469000,1
134.018,11,134015513201,2469000,1
134.018,5,134015513201,2469000,1
134.02,13,134017980201,2496006,0
134.023,9,134020503207,2496006,0
134.026,8,134023035213,2469000,1
134.026,10,134023035213,2469000,1
134.028,13,134025538213,2496006,0
134.031,19,134028070219,2496006,0
134.033,2,134030593225,2469000,1
134.033,9,134030593225,2469000,1
134.036,1,134033123225,2496006,0
134.038,2,134035646231,2469000,1
134.041,19,134038122231,2496006,0
134.043,13,134040645237,2469000,1
134.043,19,134040645237,2469000,1
134.046,8,134043157237,2496006,0
134.048,8,134045680243,2496006,0
134.051,1,134048203249,2469000,1
134.051,19,134048203249,2469000,1
134.053,8,134050679249,2496006,0
134.056,13,134053202255,2496006,0
134.058,8,134055761261,2469000,1
134.058,10,134055761261,2469000,1
134.061,13,134058237261,2469000,1
134.061,6,134058237261,2469000,1
134.063,9,134060713261,2496006,0
134.066,20,134063236267,2496006,0
134.068,4,134065768273,2496006,0
134.071,19,134068300279,2496006,0
134.073,4,134070823285,2496006,0
134.076,16,134073364291,2469000,1
134.076,1,134073364291,2469000,1
134.078,4,134075831291,2496006,0
134.081,19,134078363297,2469000,1
134.081,9,134078363297,2469000,1
134.086,13,134083353303,2496006,0
134.088,7,134085876309,2469000,1
134.088,8,134085876309,2469000,1
134.091,20,134088665315,2496006,0
134.094,13,134091224321,2496006,0
134.096,4,134093756327,2496006,0
134.099,20,134096306333,2496006,0
134.101,4,134098838339,2469000,1
134.101,9,134098838339,2469000,1
134.104,20,134101323339,2496006,0
134.106,19,134103864345,2469000,1
134.106,8,134103864345,2469000,1
134.106,13,134103864345,2469000,1
134.109,19,134106340345,2496006,0
134.111,2,134108872351,2469000,1
134.111,19,134108872351,2469000,1
134.114,6,134111366351,2496006,0
134.119,4,134116743363,2496006,0
134.122,6,134119266369,2469000,1
134.122,21,134119266369,2469000,1
134.122,20,134119266369,2469000,1
134.122,13,134119266369,2469000,1
134.122,19,134119266369,2469000,1
134.124,15,134121769369,2496006,0
134.127,4,134124292375,2469000,1
134.127,16,134124292375,2469000,1
134.129,1,134126759375,2496006,0
134.132,15,134129318381,2496006,0
134.134,6,134131850387,2496006,0
134.137,1,134134391393,2496006,0
134.139,15,134136941399,2496006,0
134.142,14,134139464405,2496006,0
134.147,14,134144546417,2469000,1
134.147,1,134144546417,2469000,1
134.147,20,134144546417,2469000,1
134.15,6,134147013417,2496006,0
134.152,13,134149536423,2469000,1
134.152,4,134149536423,2469000,1
134.154,15,134152021423,2469000,1
134.154,6,134152021423,2469000,1
134.157,19,134154488423,2496006,0
134.16,9,134157020429,2496006,0
134.162,7,134159570435,2496006,0
134.165,6,134162102441,2496006,0
134.167,7,134164652447,2469000,1
134.167,19,134164652447,2469000,1
134.17,1,134167119447,2496006,0
134.172,15,134169651453,2469000,1
134.175,20,134172127453,2469000,1
134.175,4,134172127453,2469000,1
134.177,9,134174594453,2496006,0
134.18,9,134177135459,2496006,0
134.182,6,134179658465,2469000,1
134.182,4,134179658465,2469000,1
134.185,14,134182125465,2469000,1
134.185,9,134182125465,2469000,1
134.187,8,134184601465,2496006,0
134.19,7,134187124471,2496006,0
134.192,1,134189960477,2496006,0
134.195,20,134192492483,2496006,0
134.198,8,134195060489,2469000,1
134.198,9,134195060489,2469000,1
134.2,1,134197536489,2496006,0
134.203,7,134200068495,2469000,1
134.203,1,134200068495,2469000,1
134.205,19,134202562495,2469000,1
134.205,7,134202562495,2469000,1
134.208,20,134205038495,2496006,0
134.21,6,134207606501,2496006,0
134.213,20,134210129507,2496006,0
134.215,8,134212688513,2496006,0
134.218,7,134215211519,2469000,1
134.218,8,134215211519,2469000,1
134.22,14,134217991525,2496006,0
134.223,20,134220541531,2469000,1
134.223,6,134220541531,2469000,1
134.225,1,134223008531,2469000,1
134.228,7,134225475531,2469000,1
134.23,15,134227944531,2496006,0
134.236,20,134233008543,2496006,0
134.238,15,134235549549,2469000,1
134.238,14,134235549549,2469000,1
134.241,8,134238034549,2469000,1
134.241,14,134238034549,2469000,1
134.243,19,134240510549,2496006,0
134.246,20,134243033555,2496006,0
134.248,1,134245556561,2496006,0
134.251,6,134248124567,2496006,0
134.253,1,134250656573,2469000,1
134.256,19,134253132573,2496006,0
134.258,20,134255664579,2496006,0
134.261,13,134258214585,2469000,1
134.261,6,134258214585,2469000,1
134.261,20,134258214585,2469000,1
134.263,9,134260690585,2469000,1
134.263,1,134260690585,2469000,1
134.266,19,134263157585,2496006,0
134.268,11,134265680591,2469000,1
134.268,19,134265680591,2469000,1
134.271,16,134268156591,2496006,0
134.273,20,134270679597,2496006,0
134.276,5,134273202603,2469000,1
134.276,15,134273202603,2469000,1
134.278,20,134275669603,2496006,0
134.281,16,134278201609,2469000,1
134.283,22,134280668609,2496006,0
134.286,1,134283209615,2496006,0
134.288,15,134285741621,2496006,0
134.291,2,134288264627,2496006,0
134.293,15,134290787633,2496006,0
134.296,20,134293623639,2469000,1
134.296,15,134293623639,2469000,1
134.299,8,134296090639,2496006,0
134.301,6,134298613645,2496006,0
134.304,1,134301136651,2496006,0
134.306,15,134303659657,2496006,0
134.309,22,134306182663,2496006,0
134.311,6,134308705669,2496006,0
134.314,8,134311228675,2469000,1
134.314,20,134311228675,2469000,1
134.316,15,134313695675,2469000,1
134.316,22,134313695675,2469000,1
134.319,6,134316162675,2496006,0
134.321,14,134318685681,2496006,0
134.324,19,134321521687,2469000,1
134.324,6,134321521687,2469000,1
134.326,1,134323997687,2496006,0
134.329,2,134326520693,2496006,0
134.334,16,134331575705,2496006,0
134.337,10,134334125711,2469000,1
134.337,22,134334125711,2469000,1
134.339,19,134336610711,2496006,0
134.342,1,134339133717,2469000,1
134.342,14,134339133717,2469000,1
134.342,19,134339133717,2469000,1
134.344,16,134341618717,2496006,0
134.347,8,134344141723,2469000,1
134.347,15,134344141723,2469000,1
134.347,2,134344141723,2469000,1
134.349,11,134346608723,2469000,1
134.349,22,134346608723,2469000,1
134.349,14,134346608723,2469000,1
134.352,1,134349075723,2469000,1
134.352,2,134349075723,2469000,1
134.354,6,134351569723,2496006,0
134.357,20,134354137729,2496006,0
134.359,16,134356660735,2496006,0
134.362,19,134359183741,2496006,0
134.364,17,134361706747,2496006,0
134.367,4,134364229753,2496006,0
134.369,6,134366752759,2496006,0
134.372,4,134369302765,2496006,0
134.374,17,134371825771,2469000,1
134.374,16,134371825771,2469000,1
134.379,19,134376815777,2469000,1
134.379,4,134376815777,2469000,1
134.382,20,134379309777,2496006,0
134.384,15,134381841783,2496006,0
134.387,6,134384373789,2496006,0
134.389,19,134386905795,2469000,1
134.389,15,134386905795,2469000,1
134.392,22,134389372795,2496006,0
134.394,22,134391895801,2496006,0
134.397,20,134394731807,2496006,0
134.4,22,134397272813,2496006,0
134.402,20,134399813819,2469000,1
134.402,8,134399813819,2469000,1
134.405,9,134402280819,2496006,0
134.407,6,134404803825,2496006,0
134.41,4,134407344831,2469000,1
134.41,6,134407344831,2469000,1
134.412,16,134409829831,2496006,0
134.415,2,134412352837,2469000,1
134.415,22,134412352837,2469000,1
134.417,17,134414819837,2496006,0
134.42,16,134417342843,2496006,0
134.422,14,134419883849,2469000,1
134.425,9,134422359849,2496006,0
134.428,1,134425195855,2496006,0
134.43,15,134427736861,2469000,1
134.43,20,134427736861,2469000,1
134.433,9,134430221861,2496006,0
134.435,1,134432753867,2469000,1
134.435,17,134432753867,2469000,1
134.435,16,134432753867,2469000,1
134.438,18,134435238867,2496006,0
134.44,6,134437761873,2496006,0
134.443,9,134440302879,2496006,0
134.445,18,134442825885,2496006,0
134.448,6,134445366891,2469000,1
134.448,22,134445366891,2469000,1
134.45,9,134447860891,2496006,0
134.453,8,134450428897,2496006,0
134.455,17,134452951903,2496006,0
134.458,1,134455474909,2469000,1
134.458,16,134455474909,2469000,1
134.458,18,134455474909,2469000,1
134.458,22,134455474909,2469000,1
134.46,17,134457941909,2496006,0
134.463,8,134460473915,2469000,1
134.463,6,134460473915,2469000,1
134.465,10,134462940915,2469000,1
134.465,19,134462940915,2469000,1
134.468,20,134465416915,2496006,0
134.47,9,134467948921,2469000,1
134.47,4,134467948921,2469000,1
134.47,16,134467948921,2469000,1
134.473,11,134470415921,2496006,0
134.475,20,134472947927,2496006,0
134.478,17,134475470933,2496006,0
134.48,8,134477993939,2496006,0
134.483,17,134480516945,2496006,0
134.486,1,134483039951,2469000,1
134.486,18,134483039951,2469000,1
134.488,4,134485515951,2496006,0
134.491,9,134488074957,2469000,1
134.491,16,134488074957,2469000,1
134.493,20,134490550957,2469000,1
134.493,17,134490550957,2469000,1
134.495,15,134493017957,2469000,1
134.495,11,134493017957,2469000,1
134.495,17,134493019957,2469000,1
134.498,20,134495495957,2496006,0
134.501,8,134498331963,2469000,1
134.503,4,134500798963,2496006,0
134.508,2,134505862975,2496006,0
134.511,4,134508385981,2469000,1
134.511,20,134508385981,2469000,1
134.511,6,134508385981,2469000,1
134.513,4,134510915981,2496006,0
134.516,17,134513474987,2469000,1
134.516,2,134513474987,2469000,1
134.518,4,134515941987,2469000,1
134.518,22,134515941987,2469000,1
134.521,7,134518444987,2469000,1
134.521,4,134518444987,2469000,1
134.523,11,134520929987,2496006,0
134.526,2,134523461993,2496006,0
134.529,6,134526297999,2496006,0
134.531,8,134528821005,2496006,0
134.534,11,134531344011,2469000,1
134.534,8,134531344011,2469000,1
134.539,6,134536352017,2496006,0
134.541,9,134538875023,2469000,1
134.541,20,134538875023,2469000,1
134.544,2,134541351023,2496006,0
134.546,18,134543901029,2496006,0
134.549,6,134546469035,2496006,0
134.551,2,134548992041,2469000,1
134.551,23,134548992041,2469000,1
134.551,14,134548992041,2469000,1
134.554,2,134551468041,2496006,0
134.556,17,134554000047,2496006,0
134.559,6,134556523053,2469000,1
134.559,11,134556523053,2469000,1
134.559,17,134556523053,2469000,1
134.561,9,134558990053,2496006,0
134.564,18,134561522059,2496006,0
134.567,9,134564045065,2469000,1
134.567,18,134564045065,2469000,1
134.569,8,134566512065,2469000,1
134.571,15,134568997065,2496006,0
134.574,23,134571520071,2469000,1
134.574,8,134571520071,2469000,1
134.576,6,134573987071,2496006,0
134.579,16,134576510077,2496006,0
134.582,1,134579042083,2469000,1
134.582,2,134579042083,2469000,1
134.584,13,134581536083,2469000,1
134.584,23,134581536083,2469000,1
134.586,6,134584003083,2469000,1
134.586,4,134584003083,2469000,1
134.589,16,134586488083,2496006,0
134.592,15,134589011089,2496006,0
134.594,15,134591534095,2496006,0
134.597,17,134594066101,2496006,0
134.599,9,134596607107,2496006,0
134.602,18,134599452113,2496006,0
134.604,6,134601984119,2469000,1
134.607,18,134604451119,2496006,0
134.609,23,134606992125,2496006,0
134.612,17,134609515131,2469000,1
134.612,16,134609515131,2469000,1
134.612,23,134609515131,2469000,1
134.614,5,134611982131,2469000,1
134.614,2,134611982131,2469000,1
134.617,15,134614449131,2496006,0
134.619,9,134616972137,2496006,0
134.622,19,134619504143,2469000,1
134.622,11,134619504143,2469000,1
134.624,23,134621971143,2496006,0
134.627,18,134624494149,2469000,1
134.627,9,134624494149,2469000,1
134.629,20,134626961149,2496006,0
134.632,18,134629806155,2496006,0
134.635,15,134632338161,2469000,1
134.635,9,134632338161,2469000,1
134.637,18,134634832161,2469000,1
134.637,4,134634832161,2469000,1
134.64,20,134637299161,2496006,0
134.642,8,134639822167,2496006,0
134.645,16,134642345173,2496006,0
134.647,23,134644886179,2496006,0
134.652,8,134649941191,2469000,1
134.652,7,134649941191,2469000,1
134.655,20,134652408191,2496006,0
134.657,20,134654931197,2496006,0
134.66,17,134657454203,2496006,0
134.662,23,134659977209,2469000,1
134.662,8,134659977209,2469000,1
134.665,17,134662453209,2496006,0
134.667,22,134664976215,2496006,0
134.67,16,134667508221,2496006,0
134.673,15,134670031227,2496006,0
134.675,20,134672563233,2469000,1
134.675,15,134672563233,2469000,1
134.678,18,134675030233,2496006,0
134.68,2,134677553239,2496006,0
134.683,16,134680094245,2469000,1
134.683,17,134680094245,2469000,1
134.683,15,134680094245,2469000,1
134.685,9,134682570245,2496006,0
134.688,18,134685093251,2469000,1
134.688,6,134685093251,2469000,1
134.688,16,134685093251,2469000,1
134.69,23,134687560251,2469000,1
134.69,22,134687560251,2469000,1
134.692,2,134690027251,2469000,1
134.692,1,134690027251,2469000,1
134.695,9,134692557251,2496006,0
134.698,2,134695080257,2469000,1
134.698,9,134695080257,2469000,1
134.7,20,134697547257,2469000,1
134.703,16,134700014257,2496006,0
134.705,8,134702859263,2496006,0
134.708,17,134705382269,2496006,0
134.71,16,134707905275,2469000,1
134.71,8,134707905275,2469000,1
134.713,22,134710390275,2469000,1
134.713,17,134710390275,2469000,1
134.715,20,134712884275,2496006,0
134.718,18,134715407281,2496006,0
134.72,18,134717948287,2496006,0
134.723,6,134720471293,2496006,0
134.725,6,134722994299,2496006,0
134.728,18,134725553305,2496006,0
134.731,23,134728076311,2496006,0
134.733,20,134730912317,2469000,1
134.733,23,134730912317,2469000,1
134.736,11,134733379317,2469000,1
134.736,15,134733379317,2469000,1
134.736,16,134733379317,2469000,1
134.738,17,134735846317,2469000,1
134.738,20,134735846317,2469000,1
134.741,9,134738313317,2496006,0
134.743,22,134740845323,2469000,1
134.743,9,134740845323,2469000,1
134.746,18,134743312323,2496006,0
134.748,6,134745835329,2496006,0
134.751,23,134748358335,2496006,0
134.753,23,134750881341,2496006,0
134.756,8,134753413347,2496006,0
134.761,18,134758459359,2496006,0
134.763,6,134760982365,2496006,0
134.766,18,134763514371,2496006,0
134.769,23,134766046377,2496006,0
134.771,18,134768578383,2496006,0
134.774,21,134771101389,2469000,1
134.774,9,134771101389,2469000,1
134.776,16,134773577389,2496006,0
134.779,6,134776100395,2496006,0
134.781,23,134778641401,2469000,1
134.781,20,134778641401,2469000,1
134.781,8,134778641401,2469000,1
134.781,16,134778641401,2469000,1
134.784,18,134781117401,2496006,0
134.786,2,134783640407,2496006,0
134.789,6,134786190413,2496006,0
134.791,17,134788731419,2496006,0
134.794,2,134791272425,2469000,1
134.794,8,134791272425,2469000,1
134.796,18,134793757425,2496006,0
134.799,6,134796298431,2496006,0
134.801,17,134798830437,2496006,0
134.804,18,134801353443,2496006,0
134.807,16,134804225449,2469000,1
134.809,23,134806719449,2469000,1
134.809,2,134806719449,2469000,1
134.809,18,134806719449,2469000,1
134.812,6,134809195449,2496006,0
134.814,17,134811727455,2496006,0
134.817,17,134814268461,2496006,0
134.819,14,134816809467,2496006,0
134.822,15,134819341473,2496006,0
134.824,18,134821864479,2496006,0
134.827,14,134824387485,2496006,0
134.829,9,134826919491,2469000,1
134.829,18,134826919491,2469000,1
134.832,6,134829395491,2496006,0
134.834,14,134831918497,2496006,0
134.837,8,134834772503,2469000,1
134.837,17,134834772503,2469000,1
134.84,15,134837257503,2496006,0
134.842,14,134839807509,2496006,0
134.845,15,134842339515,2496006,0
134.85,6,134847385527,2469000,1
134.85,17,134847385527,2469000,1
134.852,20,134849852527,2496006,0
134.855,20,134852375533,2496006,0
134.857,2,134854898539,2469000,1
134.857,6,134854898539,2469000,1
134.86,15,134857374539,2496006,0
134.862,20,134859906545,2496006,0
134.865,4,134862429551,2469000,1
134.865,16,134862429551,2469000,1
134.867,14,134864905551,2496006,0
134.87,22,134867428557,2496006,0
134.872,20,134869951563,2469000,1
134.872,18,134869951563,2469000,1
134.872,22,134869951563,2469000,1
134.875,15,134872445563,2496006,0
134.877,14,134874968569,2496006,0
134.88,3,134877500575,2496006,0
134.883,20,134880068581,2496006,0
134.885,14,134882591587,2496006,0
134.888,23,134885114593,2496006,0
134.89,3,134887655599,2469000,1
134.89,15,134887655599,2469000,1
134.893,14,134890131599,2496006,0
134.895,23,134892663605,2469000,1
134.895,12,134892663605,2469000,1
134.895,22,134892663605,2469000,1
134.895,14,134892663605,2469000,1
134.898,6,134895130605,2496006,0
134.9,20,134897662611,2496006,0
134.903,8,134900203617,2496006,0
134.905,14,134902735623,2496006,0
134.908,20,134905589629,2496006,0
134.911,6,134908130635,2469000,1
134.911,12,134908130635,2469000,1
134.913,15,134910597635,2496006,0
134.916,15,134913129641,2496006,0
134.918,20,134915652647,2469000,1
134.918,17,134915652647,2469000,1
134.918,12,134915652647,2469000,1
134.921,19,134918119647,2496006,0
134.923,22,134920642653,2496006,0
134.926,8,134923165659,2496006,0
134.928,14,134925688665,2496006,0
134.931,15,134928211671,2469000,1
134.931,18,134928211671,2469000,1
134.933,23,134930678671,2496006,0
134.936,19,134933201677,2496006,0
134.939,11,134936037683,2496006,0
134.941,3,134938560689,2496006,0
134.944,23,134941083695,2469000,1
134.944,19,134941083695,2469000,1
134.944,11,134941083695,2469000,1
134.946,14,134943550695,2469000,1
134.949,22,134946017695,2496006,0
134.951,8,134948549701,2496006,0
134.954,20,134951081707,2496006,0
134.956,16,134953604713,2496006,0
134.959,8,134956145719,2469000,1
134.959,22,134956145719,2469000,1
134.959,10,134956145719,2469000,1
134.961,15,134958612719,2496006,0
134.964,22,134961144725,2496006,0
134.966,3,134963667731,2469000,1
134.966,19,134963667731,2469000,1
134.966,22,134963667731,2469000,1
134.969,6,134966143731,2469000,1
134.969,12,134966143731,2469000,1
134.971,14,134968628731,2496006,0
134.974,20,134971151737,2496006,0
134.976,11,134973674743,2469000,1
134.976,22,134973674743,2469000,1
134.979,16,134976150743,2496006,0
134.981,14,134978682749,2469000,1
134.981,15,134978682749,2469000,1
134.984,3,134981167749,2496006,0
134.986,23,134983699755,2496006,0
134.989,14,134986222761,2496006,0
134.991,20,134988763767,2496006,0
134.994,23,134991295773,2469000,1
134.994,3,134991295773,2469000,1
134.996,16,134993762773,2496006,0
134.999,8,134996285779,2496006,0
135.001,23,134998808785,2496006,0
135.006,16,135003863797,2469000,1
135.006,23,135003863797,2469000,1
135.009,2,135006339797,2496006,0
135.012,15,135009175803,2496006,0
135.014,9,135011698809,2469000,1
135.014,14,135011698809,2469000,1
135.014,15,135011698809,2469000,1
135.017,2,135014174809,2496006,0
135.019,20,135016697815,2496006,0
135.022,6,135019220821,2496006,0
135.024,15,135021761827,2496006,0
135.027,22,135024284833,2469000,1
135.027,8,135024284833,2469000,1
135.029,20,135026796833,2496006,0
135.032,18,135029319839,2496006,0
135.034,2,135031842845,2496006,0
135.037,14,135034365851,2496006,0
135.04,3,135037201857,2496006,0
135.042,6,135039733863,2469000,1
135.042,2,135039733863,2469000,1
135.045,19,135042200863,2496006,0
135.047,15,135044723869,2469000,1
135.047,6,135044723869,2469000,1
135.05,23,135047190869,2496006,0
135.052,20,135049713875,2496006,0
135.055,15,135052236881,2496006,0
135.057,18,135054759887,2469000,1
135.057,23,135054759887,2469000,1
135.06,16,135057226887,2469000,1
135.06,23,135057228887,2469000,1
135.062,8,135059695887,2496006,0
135.065,20,135062227893,2496006,0
135.067,17,135064750899,2469000,1
135.067,14,135064750899,2469000,1
135.07,11,135067217899,2469000,1
135.07,3,135067217899,2469000,1
135.072,15,135069684899,2496006,0
135.075,20,135072207905,2496006,0
135.077,19,135074739911,2496006,0
135.08,14,135077262917,2469000,1
135.082,2,135079729917,2496006,0
135.085,2,135082252923,2496006,0
135.087,15,135084775929,2496006,0
135.09,20,135087298935,2496006,0
135.092,9,135089839941,2469000,1
135.092,8,135089839941,2469000,1
135.095,20,135092315941,2496006,0
135.097,15,135094838947,2496006,0
135.1,15,135097370953,2496006,0
135.102,2,135099893959,2496006,0
135.105,20,135102416965,2469000,1
135.105,19,135102416965,2469000,1
135.107,18,135104892965,2496006,0
135.11,15,135107415971,2496006,0
135.112,2,135109938977,2496006,0
135.115,8,135112792983,2496006,0
135.118,12,135115315989,2469000,1
135.118,6,135115315989,2469000,1
135.12,18,135117782989,2469000,1
135.12,3,135117782989,2469000,1
135.123,15,135120267989,2496006,0
135.125,20,135122808995,2469000,1
135.125,15,135122808995,2469000,1
135.128,23,135125275995,2496006,0
135.13,2,135127826001,2496006,0
135.133,8,135130349007,2496006,0
135.135,23,135132872013,2469000,1
135.135,20,135132872013,2469000,1
135.138,14,135135339013,2496006,0
135.14,3,135137862019,2469000,1
135.14,2,135137862019,2469000,1
135.143,8,135140651025,2469000,1
135.143,18,135140651025,2469000,1
135.146,22,135143118025,2496006,0
135.148,15,135145668031,2496006,0
135.151,22,135148191037,2469000,1
135.151,19,135148191037,2469000,1
135.153,15,135150658037,2496006,0
135.156,14,135153199043,2496006,0
135.158,16,135155731049,2469000,1
135.158,8,135155731049,2469000,1
135.161,19,135158198049,2496006,0
135.163,14,135160739055,2469000,1
135.163,15,135160739055,2469000,1
135.163,2,135160739055,2469000,1
135.163,8,135160739055,2469000,1
135.166,14,135163233055,2496006,0
135.168,19,135165756061,2496006,0
135.171,23,135168288067,2496006,0
135.173,3,135170811073,2496006,0
135.176,15,135173334079,2496006,0
135.178,15,135175893085,2496006,0
135.181,14,135178416091,2496006,0
135.183,3,135180957097,2496006,0
135.186,14,135183489103,2469000,1
135.186,20,135183489103,2469000,1
135.186,23,135183489103,2469000,1
135.188,19,135185956103,2496006,0
135.191,22,135188479109,2496006,0
135.194,22,135191011115,2496006,0
135.196,15,135193534121,2496006,0
135.199,15,135196075127,2496006,0
135.201,20,135198598133,2496006,0
135.204,20,135201121139,2496006,0
135.206,6,135203644145,2469000,1
135.206,15,135203644145,2469000,1
135.209,19,135206111145,2469000,1
135.209,3,135206111145,2469000,1
135.211,2,135208587145,2496006,0
135.214,18,135211137151,2496006,0
135.216,22,135213982157,2496006,0
135.219,14,135216523163,2496006,0
135.222,20,135219046169,2496006,0
135.224,15,135221569175,2496006,0
135.227,3,135224101181,2496006,0
135.229,22,135226633187,2469000,1
135.229,19,135226633187,2469000,1
135.232,23,135229100187,2469000,1
135.232,2,135229100187,2469000,1
135.234,14,135231576187,2496006,0
135.239,20,135236622199,2469000,1
135.239,11,135236622199,2469000,1
135.239,18,135236622199,2469000,1
135.242,2,135239107199,2496006,0
135.244,15,135241974003,2469000,1
135.244,3,135241974003,2469000,1
135.247,2,135244477003,2496006,0
135.249,15,135247000009,2496006,0
135.252,22,135249523015,2469000,1
135.252,14,135249523015,2469000,1
135.255,8,135252008015,2496006,0
135.257,23,135254549021,2496006,0
135.26,2,135257072027,2469000,1
135.26,23,135257072027,2469000,1
135.262,20,135259539027,2496006,0
135.265,3,135262062033,2469000,1
135.265,15,135262062033,2469000,1
135.267,8,135264529033,2496006,0
135.27,17,135267061039,2469000,1
135.27,2,135267061039,2469000,1
135.27,20,135267061039,2469000,1
135.272,22,135269546039,2496006,0
135.275,18,135272069045,2469000,1
135.275,20,135272069045,2469000,1
135.277,14,135274536045,2469000,1
135.277,2,135274536045,2469000,1
135.28,19,135277021045,2496006,0
135.282,8,135279553051,2496006,0
135.285,22,135282076057,2496006,0
135.287,15,135284653063,2496006,0
135.29,13,135287176069,2496006,0
135.292,1,135289699075,2496006,0
135.295,22,135292240081,2469000,1
135.295,3,135292240081,2469000,1
135.295,13,135292240081,2469000,1
135.297,23,135294707081,2469000,1
135.297,19,135294707081,2469000,1
135.297,8,135294707081,2469000,1
135.302,1,135299697087,2496006,0
135.305,19,135302229093,2496006,0
135.307,19,135304752099,2496006,0
135.31,13,135307275105,2469000,1
135.31,19,135307275105,2469000,1
135.312,15,135309742105,2496006,0
135.315,20,135312265111,2469000,1
135.315,14,135312265111,2469000,1
135.315,2,135312265111,2469000,1
135.315,15,135312265111,2469000,1
135.317,3,135314732111,2496006,0
135.32,13,135317577117,2496006,0
135.323,6,135320100123,2496006,0
135.325,16,135322623129,2496006,0
135.328,1,135325146135,2469000,1
135.328,8,135325146135,2469000,1
135.328,6,135325146135,2469000,1
135.33,18,135327613135,2469000,1
135.33,19,135327613135,2469000,1
135.333,11,135330116135,2469000,1
135.333,22,135330116135,2469000,1
135.335,3,135332583135,2496006,0
135.338,23,135335124141,2469000,1
135.338,3,135335124141,2469000,1
135.34,13,135337600141,2496006,0
135.343,15,135340123147,2469000,1
135.343,1,135340123147,2469000,1
135.345,16,135342590147,2496006,0
135.348,22,135345435153,2496006,0
135.351,13,135348012159,2496006,0
135.353,19,135350535165,2496006,0
135.356,6,135353067171,2496006,0
135.358,22,135355590177,2496006,0
135.361,16,135358122183,2496006,0
135.363,15,135360645189,2469000,1
135.363,6,135360645189,2469000,1
135.366,2,135363112189,2496006,0
135.368,13,135365635195,2469000,1
135.371,2,135368129195,2496006,0
135.373,19,135370652201,2496006,0
135.376,16,135373175207,2496006,0
135.378,22,135375707213,2496006,0
135.381,19,135378230219,2496006,0
135.383,3,135380753225,2496006,0
135.386,19,135383276231,2496006,0
135.388,22,135385808237,2496006,0
135.391,16,135388340243,2469000,1
135.391,20,135388340243,2469000,1
135.391,19,135388340243,2469000,1
135.393,3,135390807243,2469000,1
135.393,2,135390807243,2469000,1
135.396,22,135393283243,2469000,1
135.396,16,135393283243,2469000,1
135.398,8,135395750243,2496006,0
135.401,15,135398282249,2496006,0
135.403,19,135400814255,2496006,0
135.406,15,135403337261,2496006,0
135.408,13,135405878267,2496006,0
135.411,8,135408401273,2469000,1
135.411,6,135408401273,2469000,1
135.413,14,135410868273,2496006,0
135.416,3,135413400279,2496006,0
135.418,15,135415932285,2496006,0
135.421,2,135418777291,2496006,0
135.424,22,135421300297,2496006,0
135.426,19,135423823303,2469000,1
135.426,13,135423823303,2469000,1
135.426,15,135423823303,2469000,1
135.429,1,135426317303,2496006,0
135.431,14,135428840309,2496006,0
135.434,3,135431381315,2469000,1
135.434,22,135431381315,2469000,1
135.436,14,135433866315,2469000,1
135.436,2,135433866315,2469000,1
135.439,23,135436333315,2496006,0
135.441,19,135438874321,2496006,0
135.444,1,135441415327,2496006,0
135.446,8,135443947333,2469000,1
135.446,1,135443947333,2469000,1
135.449,23,135446423333,2469000,1
135.451,18,135448890333,2496006,0
135.454,19,135451431339,2469000,1
135.454,15,135451431339,2469000,1
135.456,12,135453898339,2496006,0
135.459,13,135456439345,2496006,0
135.461,6,135458962351,2496006,0
135.464,18,135461485357,2496006,0
135.467,12,135464008363,2496006,0
135.469,13,135466531369,2496006,0
135.472,14,135469054375,2496006,0
135.474,22,135471586381,2496006,0
135.477,18,135474118387,2469000,1
135.477,6,135474118387,2469000,1
135.479,3,135476585387,2496006,0
135.482,2,135479108393,2469000,1
135.482,22,135479108393,2469000,1
135.484,16,135481575393,2496006,0
135.487,15,135484098399,2496006,0
135.489,14,135486621405,2469000,1
135.489,16,135486621405,2469000,1
135.492,13,135489106405,2496006,0
135.494,12,135491629411,2496006,0
135.497,23,135494152417,2496006,0
135.499,23,135496675423,2496006,0
135.502,13,135499198429,2469000,1
135.502,12,135499198429,2469000,1
135.504,1,135501665429,2469000,1
135.504,3,135501665429,2469000,1
135.504,13,135501667429,2469000,1
135.504,12,135501667429,2469000,1
135.507,15,135504134429,2469000,1
135.507,23,135504134429,2469000,1
135.509,18,135506601429,2496006,0
135.512,16,135509124435,2496006,0
135.514,23,135511647441,2469000,1
135.514,16,135511647441,2469000,1
135.517,19,135514114441,2496006,0
135.519,16,135516637447,2496006,0
135.524,22,135521996459,2469000,1
135.524,23,135521996459,2469000,1
135.524,16,135521996459,2469000,1
135.527,2,135524463459,2496006,0
135.53,6,135527013465,2496006,0
135.532,18,135529536471,2496006,0
135.535,19,135532104477,2496006,0
135.537,14,135534627483,2469000,1
135.537,19,135534627483,2469000,1
135.54,18,135537094483,2469000,1
135.54,8,135537094483,2469000,1
135.542,2,135539561483,2496006,0
135.545,16,135542084489,2496006,0
135.547,21,135544616495,2496006,0
135.55,3,135547139501,2469000,1
135.55,15,135547139501,2469000,1
135.55,2,135547139501,2469000,1
135.55,16,135547139501,2469000,1
135.552,6,135549919507,2496006,0
135.555,21,135552442513,2496006,0
135.557,1,135554965519,2496006,0
135.56,18,135557506525,2496006,0
135.562,6,135560029531,2469000,1
135.562,19,135560029531,2469000,1
135.565,3,135562496531,2496006,0
135.568,16,135565019537,2496006,0
135.57,2,135567569543,2496006,0
135.573,23,135570092549,2496006,0
135.575,16,135572615555,2469000,1
135.575,21,135572615555,2469000,1
135.578,22,135575082555,2469000,1
135.578,18,135575082555,2469000,1
135.578,21,135575084555,2469000,1
135.58,3,135577569555,2469000,1
135.58,1,135577569555,2469000,1
135.583,6,135580054555,2496006,0
135.585,2,135582586561,2496006,0
135.588,16,135585109567,2469000,1
135.588,18,135585109567,2469000,1
135.59,23,135587576567,2496006,0
135.593,3,135590099573,2496006,0
135.595,12,135592622579,2469000,1
135.595,3,135592622579,2469000,1
135.598,2,135595098579,2496006,0
135.6,23,135597621585,2496006,0
135.603,2,135600144591,2496006,0
135.605,2,135602667597,2496006,0
135.608,6,135605199603,2469000,1
135.608,4,135605199603,2469000,1
135.608,19,135605199603,2469000,1
135.61,13,135607675603,2496006,0
135.613,2,135610198609,2469000,1
135.613,13,135610198609,2469000,1
135.615,14,135612674609,2496006,0
135.618,1,135615215615,2469000,1
135.618,16,135615215615,2469000,1
135.618,14,135615215615,2469000,1
135.62,23,135617709615,2496006,0
135.623,3,135620250621,2496006,0
135.626,19,135623095627,2496006,0
135.628,2,135625618633,2496006,0
135.631,13,135628150639,2496006,0
135.633,19,135630682645,2496006,0
135.636,3,135633232651,2469000,1
135.636,19,135633232651,2469000,1
135.638,13,135635708651,2469000,1
135.638,2,135635708651,2469000,1
135.638,15,135635708651,2469000,1
135.638,21,135635708651,2469000,1
135.638,6,135635708651,2469000,1
135.638,23,135635708651,2469000,1
135.638,3,135635708651,2469000,1
135.641,2,135638247651,2496006,0
135.643,14,135640779657,2496006,0
135.646,2,135643329663,2469000,1
135.646,13,135643329663,2469000,1
135.646,23,135643329663,2469000,1
135.648,18,135645832663,2496006,0
135.651,20,135648364669,2469000,1
135.651,6,135648364669,2469000,1
135.653,1,135650831669,2469000,1
135.653,19,135650831669,2469000,1
135.656,14,135653611675,2496006,0
135.659,8,135656161681,2496006,0
135.661,14,135658684687,2496006,0
135.664,16,135661225693,2496006,0
135.666,8,135663748699,2469000,1
135.666,18,135663748699,2469000,1
135.666,14,135663748699,2469000,1
135.669,18,135666217699,2496006,0
135.674,18,135671272711,2496006,0
135.676,23,135673813717,2496006,0
135.679,8,135676336723,2496006,0
135.681,2,135678886729,2469000,1
135.681,16,135678886729,2469000,1
135.684,3,135681362729,2496006,0
135.686,1,135683885735,2496006,0
135.689,3,135686408741,2496006,0
135.691,23,135688931747,2496006,0
135.694,18,135691454753,2469000,1
135.694,1,135691454753,2469000,1
135.696,23,135693921753,2496006,0
135.699,9,135696444759,2496006,0
135.701,13,135698976765,2469000,1
135.701,19,135698976765,2469000,1
135.701,23,135698976765,2469000,1
135.704,14,135701443765,2496006,0
135.706,8,135703966771,2496006,0
135.709,17,135706507777,2469000,1
135.709,8,135706507777,2469000,1
135.711,12,135708974777,2469000,1
135.711,13,135708974777,2469000,1
135.714,3,135711450777,2469000,1
135.714,18,135711450777,2469000,1
135.716,2,135713926777,2469000,1
135.716,9,135713926777,2469000,1
135.719,14,135716393777,2469000,1
135.719,9,135716395777,2469000,1
135.721,16,135718862777,2496006,0
135.724,21,135721385783,2496006,0
135.726,3,135723908789,2496006,0
135.729,14,135726744795,2496006,0
135.732,14,135729276801,2496006,0
135.734,11,135731808807,2496006,0
135.737,21,135734331813,2469000,1
135.737,11,135734331813,2469000,1
135.739,14,135736798813,2496006,0
135.742,11,135739321819,2496006,0
135.747,22,135744367831,2469000,1
135.747,23,135744367831,2469000,1
135.749,1,135746834831,2496006,0
135.752,11,135749366837,2469000,1
135.752,16,135749366837,2469000,1
135.754,3,135751842837,2469000,1
135.754,16,135751842837,2469000,1
135.757,14,135754649843,2496006,0
135.76,8,135757181849,2496006,0
135.762,1,135759731855,2496006,0
135.765,8,135762254861,2469000,1
135.765,21,135762254861,2469000,1
135.767,11,135764730861,2496006,0
135.77,14,135767253867,2469000,1
135.77,8,135767253867,2469000,1
135.772,14,135769738867,2496006,0
135.775,15,135772261873,2469000,1
135.775,19,135772261873,2469000,1
135.777,9,135774737873,2469000,1
135.777,14,135774737873,2469000,1
135.78,3,135777204873,2469000,1
135.78,1,135777204873,2469000,1
135.782,6,135779698873,2496006,0
135.785,21,135782230879,2496006,0
135.787,21,135784753885,2496006,0
135.79,18,135787276891,2469000,1
135.79,11,135787276891,2469000,1
135.79,6,135787276891,2469000,1
135.792,14,135789752891,2496006,0
135.795,21,135792302897,2496006,0
135.797,14,135794834903,2496006,0
135.8,1,135797357909,2496006,0
135.802,1,135799880915,2496006,0
135.805,23,135802403921,2496006,0
135.807,11,135804926927,2496006,0
135.81,18,135807449933,2496006,0
135.812,21,135809972939,2496006,0
135.815,14,135812495945,2469000,1
135.815,6,135812495945,2469000,1
135.817,15,135814962945,2469000,1
135.817,3,135814962945,2469000,1
135.817,14,135814964945,2469000,1
135.82,11,135817458945,2469000,1
135.82,1,135817458945,2469000,1
135.822,12,135819925945,2496006,0
135.825,18,135822448951,2496006,0
135.827,23,135824971957,2496006,0
135.83,21,135827825963,2496006,0
135.833,16,135830411969,2469000,1
135.833,1,135830411969,2469000,1
135.835,6,135832878969,2496006,0
135.838,21,135835401975,2469000,1
135.838,19,135835401975,2469000,1
135.84,12,135837868975,2496006,0
135.843,18,135840391981,2496006,0
135.845,23,135842914987,2469000,1
135.845,12,135842914987,2469000,1
135.848,12,135845399987,2496006,0
135.85,11,135847922993,2496006,0
135.853,16,135850445999,2496006,0
135.855,2,135852969005,2469000,1
135.855,16,135852969005,2469000,1
135.858,8,135855436005,2496006,0
135.861,8,135858272011,2496006,0
135.863,11,135860795017,2496006,0
135.866,6,135863327023,2496006,0
135.868,21,135865859029,2496006,0
135.871,23,135868382035,2496006,0
135.873,18,135870905041,2496006,0
135.876,7,135873455047,2469000,1
135.876,12,135873455047,2469000,1
135.878,21,135875922047,2469000,1
135.878,13,135875922047,2469000,1
135.881,6,135878398047,2469000,1
135.881,11,135878398047,2469000,1
135.881,8,135878398047,2469000,1
135.883,14,135880892047,2496006,0
135.886,22,135883415053,2469000,1
135.886,23,135883415053,2469000,1
135.886,21,135883415053,2469000,1
135.886,11,135883415053,2469000,1
135.891,18,135888405059,2496006,0
135.893,8,135890964065,2496006,0
135.896,16,135893487071,2469000,1
135.896,12,135893487071,2469000,1
135.896,21,135893487071,2469000,1
135.898,1,135895954071,2496006,0
135.901,14,135898477077,2496006,0
135.903,18,135901000083,2469000,1
135.903,23,135901000083,2469000,1
135.906,6,135903467083,2469000,1
135.906,21,135903467083,2469000,1
135.908,8,135905961083,2496006,0
135.911,14,135908484089,2469000,1
135.911,1,135908484089,2469000,1
135.911,16,135908484089,2469000,1
135.913,8,135910960089,2496006,0
135.916,12,135913510095,2496006,0
135.919,14,135916033101,2469000,1
135.919,12,135916033101,2469000,1
135.921,12,135918502101,2496006,0
135.924,3,135921034107,2496006,0
135.926,12,135923584113,2469000,1
135.926,8,135923584113,2469000,1
135.929,3,135926060113,2496006,0
135.931,11,135928583119,2496006,0
135.934,18,135931428125,2469000,1
135.934,6,135931428125,2469000,1
135.936,3,135933895125,2496006,0
135.939,3,135936445131,2496006,0
135.941,9,135938968137,2469000,1
135.941,23,135938968137,2469000,1
135.944,1,135941435137,2496006,0
135.946,1,135943967143,2496006,0
135.949,21,135946499149,2496006,0
135.952,11,135949031155,2469000,1
135.952,3,135949031155,2469000,1
135.952,21,135949031155,2469000,1
135.957,3,135954030161,2496006,0
135.959,1,135956562167,2496006,0
135.962,14,135959407173,2496006,0
135.964,14,135961939179,2496006,0
135.967,8,135964471185,2496006,0
135.969,5,135967003191,2469000,1
135.969,12,135967003191,2469000,1
135.969,21,135967003191,2469000,1
135.972,1,135969470191,2496006,0
135.975,3,135972011197,2496006,0
135.977,8,135974534203,2469000,1
135.977,14,135974534203,2469000,1
135.98,11,135977010203,2496006,0
135.982,8,135979533209,2469000,1
135.982,14,135979533209,2469000,1
135.984,1,135982000209,2496006,0
135.987,1,135984577215,2496006,0
135.99,16,135987109221,2496006,0
135.992,3,135989632227,2496006,0
135.995,3,135992155233,2496006,0
135.997,11,135994678239,2496006,0
136,18,135997210245,2496006,0
136.002,3,135999742251,2496006,0
136.005,12,136002265257,2496006,0
136.007,1,136004788263,2496006,0
136.01,18,136007320269,2469000,1
136.01,16,136007320269,2469000,1
136.012,11,136009823269,2469000,1
136.015,3,136012308269,2496006,0
136.017,12,136014840275,2496006,0
136.02,1,136017363281,2469000,1
136.02,3,136017363281,2469000,1
136.022,1,136019832281,2496006,0
136.025,12,136022355287,2496006,0
136.027,18,136024878293,2496006,0
136.03,8,136027401299,2496006,0
136.032,12,136029960305,2469000,1
136.032,1,136029960305,2469000,1
136.035,8,136032758311,2469000,1
136.035,6,136032758311,2469000,1
136.038,18,136035234311,2496006,0
136.04,18,136037757317,2496006,0
136.043,18,136040289323,2496006,0
136.045,14,136042830329,2496006,0
136.048,21,136045353335,2469000,1
136.048,16,136045353335,2469000,1
136.05,14,136047847335,2469000,1
136.05,11,136047847335,2469000,1
136.053,3,136050341335,2496006,0
136.055,18,136052873341,2469000,1
136.055,12,136052873341,2469000,1
136.058,1,136055358341,2496006,0
136.06,3,136057881347,2496006,0
136.063,8,136060404353,2469000,1
136.066,10,136063220359,2496006,0
136.068,14,136065761365,2496006,0
136.071,1,136068311371,2469000,1
136.071,3,136068311371,2469000,1
136.073,14,136070778371,2496006,0
136.076,21,136073301377,2496006,0
136.078,1,136075824383,2496006,0
136.081,10,136078356389,2469000,1
136.081,1,136078356389,2469000,1
136.083,12,136080823389,2496006,0
136.086,18,136083364395,2496006,0
136.088,21,136085896401,2496006,0
136.091,1,136088419407,2496006,0
136.093,12,136090942413,2469000,1
136.093,14,136090942413,2469000,1
136.093,1,136090942413,2469000,1
136.096,8,136093409413,2496006,0
136.098,2,136095932419,2496006,0
136.101,10,136098455425,2496006,0
136.103,23,136100996431,2496006,0
136.106,21,136103519437,2469000,1
136.106,23,136103519437,2469000,1
136.108,18,136105995437,2496006,0
136.111,10,136108527443,2469000,1
136.111,2,136108527443,2469000,1
136.113,16,136110994443,2469000,1
136.116,3,136113461443,2469000,1
136.118,8,136115930443,2469000,1
136.118,10,136115930443,2469000,1
136.121,14,136118415443,2469000,1
136.123,18,136120882443,2496006,0
136.126,15,136123423449,2469000,1
136.126,23,136123423449,2469000,1
136.128,12,136125890449,2469000,1
136.128,21,136125890449,2469000,1
136.128,23,136125892449,2469000,1
136.131,18,136128359449,2469000,1
136.133,11,136130826449,2469000,1
136.136,1,136133313449,2496006,0
136.139,21,136136185455,2496006,0
136.141,2,136138735461,2496006,0
136.144,1,136141258467,2496006,0
136.146,1,136143817473,2469000,1
136.146,18,136143817473,2469000,1
136.149,2,136146284473,2469000,1
136.149,8,136146284473,2469000,1
136.151,14,136148760473,2496006,0
136.154,8,136151283479,2496006,0
136.156,21,136153806485,2496006,0
136.159,8,136156338491,2496006,0
136.161,18,136158879497,2496006,0
136.164,14,136161411503,2496006,0
136.167,21,136164247509,2496006,0
136.169,10,136166770515,2496006,0
136.172,8,136169302521,2496006,0
136.174,10,136171834527,2496006,0
136.177,16,136174357533,2469000,1
136.179,21,136176824533,2496006,0
136.182,22,136179347539,2496006,0
136.184,1,136181870545,2496006,0
136.187,22,136184393551,2496006,0
136.189,18,136186916557,2496006,0
136.192,14,136189439563,2496006,0
136.194,12,136191962569,2469000,1
136.194,2,136191962569,2469000,1
136.194,18,136191962569,2469000,1
136.197,18,136194431569,2496006,0
136.199,10,136196954575,2496006,0
136.202,21,136199477581,2496006,0
136.204,18,136202000587,2496006,0
136.207,22,136204523593,2496006,0
136.21,3,136207046599,2469000,1
136.21,8,136207046599,2469000,1
136.212,1,136209513599,2496006,0
136.215,21,136212036605,2469000,1
136.215,10,136212036605,2469000,1
136.217,14,136214503605,2469000,1
136.217,22,136214503605,2469000,1
136.219,8,136216979605,2469000,1
136.219,1,136216979605,2469000,1
136.222,18,136219446605,2496006,0
136.224,23,136221987611,2469000,1
136.224,10,136221987611,2469000,1
136.227,10,136224481611,2496006,0
136.229,22,136227022617,2469000,1
136.229,1,136227022617,2469000,1
136.232,9,136229507617,2496006,0
136.237,6,136234553629,2496006,0
136.24,10,136237389635,2469000,1
136.24,18,136237389635,2469000,1
136.242,20,136239865635,2496006,0
136.245,16,136242388641,2496006,0
136.247,14,136244911647,2496006,0
136.25,20,136247434653,2496006,0
136.252,9,136249966659,2496006,0
136.255,14,136252489665,2496006,0
136.258,2,136255012671,2496006,0
136.26,18,136257535677,2496006,0
136.263,20,136260067683,2469000,1
136.263,21,136260067683,2469000,1
136.263,6,136260067683,2469000,1
136.263,2,136260067683,2469000,1
136.265,3,136262543683,2496006,0
136.268,22,136265066689,2496006,0
136.27,10,136267902695,2469000,1
136.27,3,136267902695,2469000,1
136.273,9,136270378695,2469000,1
136.273,16,136270378695,2469000,1
136.275,14,136272845695,2469000,1
136.275,2,136272845695,2469000,1
136.278,18,136275330695,2496006,0
136.28,22,136277853701,2469000,1
136.28,18,136277853701,2469000,1
136.283,12,136280338701,2469000,1
136.283,20,136280338701,2469000,1
136.285,3,136282832701,2469000,1
136.285,9,136282832701,2469000,1
136.288,8,136285299701,2496006,0
136.29,6,136287840707,2496006,0
136.293,14,136290363713,2496006,0
136.295,16,136292886719,2496006,0
136.3,20,136297959731,2496006,0
136.303,16,136300482737,2469000,1
136.303,6,136300482737,2469000,1
136.305,1,136302958737,2496006,0
136.308,11,136305490743,2496006,0
136.31,8,136308013749,2469000,1
136.31,1,136308013749,2469000,1
136.313,10,136310480749,2469000,1
136.313,22,136310480749,2469000,1
136.315,18,136312956749,2496006,0
136.318,9,136315479755,2469000,1
136.318,14,136315479755,2469000,1
136.32,3,136317964755,2469000,1
136.32,11,136317964755,2469000,1
136.323,20,136320440755,2496006,0
136.325,18,136322963761,2469000,1
136.325,14,136322963761,2469000,1
136.328,11,136325457761,2496006,0
136.33,11,136327980767,2496006,0
136.333,21,136330521773,2496006,0
136.336,11,136333044779,2496006,0
136.338,1,136335567785,2496006,0
136.341,20,136338090791,2469000,1
136.341,1,136338090791,2469000,1
136.343,21,136340897797,2469000,1
136.343,2,136340897797,2469000,1
136.343,16,136340897797,2469000,1
136.346,6,136343364797,2496006,0
136.348,6,136345887803,2496006,0
136.351,11,136348410809,2496006,0
136.353,8,136350933815,2496006,0
136.356,20,136353483821,2496006,0
136.358,6,136356024827,2469000,1
136.358,22,136356024827,2469000,1
136.358,14,136356024827,2469000,1
136.361,8,136358500827,2469000,1
136.361,11,136358500827,2469000,1
136.363,11,136360985827,2496006,0
136.366,18,136363508833,2496006,0
136.369,2,136366031839,2496006,0
136.371,20,136368867845,2496006,0
136.374,11,136371408851,2496006,0
136.376,18,136373931857,2469000,1
136.376,20,136373931857,2469000,1
136.379,1,136376398857,2496006,0
136.381,16,136378930863,2469000,1
136.381,2,136378930863,2469000,1
136.384,22,136381406863,2496006,0
136.386,11,136383929869,2496006,0
136.389,1,136386461875,2496006,0
136.391,21,136388984881,2496006,0
136.394,6,136391516887,2469000,1
136.394,21,136391516887,2469000,1
136.396,8,136393983887,2496006,0
136.399,18,136396515893,2496006,0
136.402,3,136399056899,2496006,0
136.404,21,136401579905,2496006,0
136.407,1,136404111911,2469000,1
136.407,22,136404111911,2469000,1
136.409,11,136406578911,2496006,0
136.412,21,136409110917,2496006,0
136.414,3,136411633923,2469000,1
136.414,18,136411633923,2469000,1
136.414,8,136411633923,2469000,1
136.417,11,136414109923,2496006,0
136.419,15,136416659929,2496006,0
136.422,2,136419182935,2469000,1
136.422,1,136419182935,2469000,1
136.424,20,136421649935,2469000,1
136.424,22,136421649935,2469000,1
136.427,8,136424116935,2496006,0
136.429,13,136426648941,2469000,1
136.429,18,136426648941,2469000,1
136.432,8,136429142941,2469000,1
136.432,19,136429142941,2469000,1
136.432,21,136429142941,2469000,1
136.432,15,136429142941,2469000,1
136.434,11,136431618941,2469000,1
136.434,3,136431618941,2469000,1
136.437,14,136434121941,2496006,0
136.439,10,136436662947,2469000,1
136.439,8,136436662947,2469000,1
136.442,23,136439129947,2496006,0
136.444,3,136441965953,2496006,0
136.447,3,136444488959,2496006,0
136.449,9,136447011965,2469000,1
136.449,21,136447011965,2469000,1
136.452,2,136449505965,2469000,1
136.452,11,136449505965,2469000,1
136.454,8,136451972965,2496006,0
136.457,23,136454504971,2496006,0
136.46,14,136457036977,2496006,0
136.462,15,136459577983,2496006,0
136.465,14,136462118989,2469000,1
136.465,3,136462118989,2469000,1
136.467,6,136464585989,2469000,1
136.467,15,136464585989,2469000,1
136.47,23,136467061989,2469000,1
136.47,8,136467061989,2469000,1
136.47,22,136467061989,2469000,1
136.472,2,136469537989,2496006,0
136.475,2,136472373995,2496006,0
136.477,18,136474906001,2496006,0
136.48,2,136477429007,2496006,0
136.482,11,136479952013,2496006,0
136.485,18,136482475019,2496006,0
136.487,20,136485007025,2469000,1
136.487,15,136485007025,2469000,1
136.487,11,136485007025,2469000,1
136.49,1,136487483025,2469000,1
136.492,18,136489959025,2469000,1
136.492,3,136489959025,2469000,1
136.492,11,136489959025,2469000,1
136.497,2,136494949031,2496006,0
136.5,14,136497481037,2496006,0
136.503,18,136500067043,2496006,0
136.505,2,136502590049,2496006,0
136.508,8,136505113055,2496006,0
136.51,21,136507654061,2496006,0
136.513,14,136510177067,2469000,1
136.513,23,136510177067,2469000,1
136.513,21,136510177067,2469000,1
136.515,2,136512680067,2496006,0
136.518,8,136515203073,2496006,0
136.52,18,136517726079,2496006,0
136.523,15,136520258085,2496006,0
136.525,18,136522781091,2496006,0
136.528,21,136525322097,2469000,1
136.528,15,136525322097,2469000,1
136.53,16,136527798097,2496006,0
136.533,18,136530330103,2496006,0
136.535,8,136532853109,2469000,1
136.535,18,136532853109,2469000,1
136.538,2,136535329109,2496006,0
136.54,22,136537852115,2496006,0
136.543,14,136540384121,2496006,0
136.548,21,136545761133,2496006,0
136.551,16,136548284139,2496006,0
136.553,15,136550816145,2496006,0
136.556,2,136553339151,2469000,1
136.556,18,136553339151,2469000,1
136.558,22,136555806151,2496006,0
136.561,8,136558338157,2496006,0
136.563,14,136560861163,2496006,0
136.566,12,136563384169,2469000,1
136.566,3,136563384169,2469000,1
136.568,16,136565860169,2469000,1
136.568,21,136565860169,2469000,1
136.571,15,136568327169,2496006,0
136.573,15,136570859175,2496006,0
136.576,21,136573695181,2496006,0
136.579,8,136576218187,2496006,0
136.581,11,136578750193,2469000,1
136.581,14,136578750193,2469000,1
136.584,22,136581217193,2496006,0
136.586,8,136583749199,2469000,1
136.586,21,136583749199,2469000,1
136.589,21,136586225199,2496006,0
136.591,22,136588775205,2496006,0
136.594,16,136591298211,2496006,0
136.596,15,136593821217,2496006,0
136.599,21,136596353223,2496006,0
136.601,2,136598894229,2469000,1
136.601,14,136598894229,2469000,1
136.604,23,136601370229,2469000,1
136.606,15,136603855229,2469000,1
136.606,18,136603855229,2469000,1
136.609,22,136606331229,2496006,0
136.611,16,136608854235,2496006,0
136.614,20,136611377241,2469000,1
136.614,21,136611377241,2469000,1
136.614,2,136611377241,2469000,1
136.616,8,136613880241,2469000,1
136.616,21,136613880241,2469000,1
136.619,1,136616365241,2469000,1
136.619,3,136616365241,2469000,1
136.621,22,136618832241,2469000,1
136.621,6,136618832241,2469000,1
136.624,16,136621317241,2496006,0
136.626,11,136623840247,2496006,0
136.629,22,136626390253,2496006,0
136.631,15,136628913259,2496006,0
136.634,11,136631463265,2469000,1
136.634,16,136631463265,2469000,1
136.636,15,136633975265,2496006,0
136.639,22,136636498271,2469000,1
136.639,2,136636498271,2469000,1
136.641,22,136638983271,2496006,0
136.644,22,136641515277,2496006,0
136.649,16,136646883289,2496006,0
136.652,15,136649433295,2496006,0
136.654,8,136651956301,2496006,0
136.657,8,136654533307,2469000,1
136.657,9,136654533307,2469000,1
136.657,14,136654533307,2469000,1
136.659,12,136657000307,2469000,1
136.659,22,136657000307,2469000,1
136.662,16,136659467307,2496006,0
136.664,23,136661990313,2469000,1
136.664,8,136661990313,2469000,1
136.667,11,136664457313,2496006,0
136.669,15,136666980319,2496006,0
136.672,16,136669512325,2496006,0
136.675,22,136672044331,2496006,0
136.677,15,136674585337,2496006,0
136.68,16,136677448343,2469000,1
136.68,21,136677448343,2469000,1
136.682,11,136679915343,2496006,0
136.685,11,136682438349,2496006,0
136.69,18,136687484361,2496006,0
136.693,22,136690007367,2496006,0
136.695,11,136692530373,2496006,0
136.698,20,136695053379,2496006,0
136.7,15,136697585385,2496006,0
136.703,11,136700162391,2469000,1
136.703,18,136700162391,2469000,1
136.705,18,136702631391,2496006,0
136.708,15,136705181397,2469000,1
136.708,22,136705181397,2469000,1
136.71,20,136707648397,2496006,0
136.713,11,136710198403,2496006,0
136.715,16,136712721409,2496006,0
136.718,16,136715244415,2496006,0
136.72,8,136717767421,2496006,0
136.723,18,136720308427,2469000,1
136.723,22,136720308427,2469000,1
136.725,8,136722775427,2496006,0
136.728,16,136725298433,2469000,1
136.73,20,136727774433,2496006,0
136.733,8,136730306439,2496006,0
136.735,5,136732847445,2496006,0
136.738,11,136735370451,2496006,0
136.74,15,136737902457,2469000,1
136.74,5,136737902457,2469000,1
136.743,20,136740387457,2469000,1
136.743,18,136740387457,2469000,1
136.745,8,136742854457,2496006,0
136.748,11,136745404463,2496006,0
136.75,5,136747945469,2496006,0
136.753,4,136750781475,2469000,1
136.753,10,136750781475,2469000,1
136.756,1,136753248475,2496006,0
136.758,16,136755771481,2469000,1
136.758,20,136755771481,2469000,1
136.761,8,136758256481,2496006,0
136.766,8,136763329493,2469000,1
136.766,11,136763329493,2469000,1
136.766,5,136763329493,2469000,1
136.768,22,136765805493,2496006,0
136.771,1,136768328499,2496006,0
136.773,22,136770869505,2496006,0
136.776,1,136773419511,2496006,0
136.778,8,136775969517,2496006,0
136.781,23,136778805523,2496006,0
136.784,11,136781328529,2469000,1
136.784,23,136781328529,2469000,1
136.786,16,136783795529,2469000,1
136.786,5,136783795529,2469000,1
136.789,23,136786271529,2496006,0
136.791,22,136788794535,2496006,0
136.794,8,136791317541,2496006,0
136.796,1,136793849547,2496006,0
136.799,22,136796381553,2496006,0
136.804,23,136801445565,2496006,0
136.806,8,136803977571,2469000,1
136.806,11,136803977571,2469000,1
136.809,14,136806444571,2469000,1
136.809,8,136806446571,2469000,1
136.811,1,136808922571,2469000,1
136.811,15,136808922571,2469000,1
136.814,5,136811389571,2496006,0
136.816,22,136813912577,2469000,1
136.816,13,136813912577,2469000,1
136.819,22,136816388577,2496006,0
136.821,20,136818929583,2496006,0
136.824,8,136821452589,2496006,0
136.826,23,136823975595,2496006,0
136.829,18,136826507601,2496006,0
136.832,18,136829039607,2496006,0
136.834,23,136831562613,2469000,1
136.834,20,136831562613,2469000,1
136.834,22,136831562613,2469000,1
136.837,8,136834029613,2496006,0
136.839,22,136836552619,2496006,0
136.842,5,136839075625,2469000,1
136.842,22,136839075625,2469000,1
136.844,23,136841551625,2496006,0
136.847,8,136844083631,2496006,0
136.849,18,136846615637,2469000,1
136.852,21,136849109637,2496006,0
136.854,21,136851945643,2496006,0
136.857,23,136854468649,2469000,1
136.857,5,136854468649,2469000,1
136.859,1,136856953649,2496006,0
136.862,20,136859494655,2496006,0
136.865,18,136862017661,2496006,0
136.867,8,136864540667,2496006,0
136.87,18,136867090673,2469000,1
136.87,1,136867090673,2469000,1
136.87,21,136867090673,2469000,1
136.872,20,136869557673,2496006,0
136.875,18,136872107679,2496006,0
136.877,22,136874630685,2469000,1
136.877,21,136874630685,2469000,1
136.88,20,136877097685,2469000,1
136.88,18,136877097685,2469000,1
136.882,8,136879573685,2469000,1
136.882,1,136879573685,2469000,1
136.885,18,136882371691,2496006,0
136.887,18,136884894697,2496006,0
136.89,5,136887417703,2496006,0
136.892,1,136889949709,2496006,0
136.895,9,136892481715,2469000,1
136.897,23,136894957715,2496006,0
136.9,5,136897480721,2496006,0
136.902,1,136900003727,2469000,1
136.902,8,136900003727,2469000,1
136.902,5,136900003727,2469000,1
136.905,18,136902470727,2496006,0
136.908,18,136905020733,2496006,0
136.91,23,136907552739,2496006,0
136.913,11,136910093745,2496006,0
136.915,11,136912625751,2496006,0
136.918,18,136915148757,2496006,0
136.92,23,136917680763,2469000,1
136.92,20,136917680763,2469000,1
136.923,21,136920165763,2496006,0
136.925,18,136922706769,2496006,0
136.928,22,136925229775,2496006,0
136.93,7,136927752781,2469000,1
136.93,18,136927752781,2469000,1
136.933,5,136930219781,2496006,0
136.935,11,136932751787,2496006,0
136.938,22,136935274793,2469000,1
136.938,8,136935274793,2469000,1
136.94,5,136937759793,2469000,1
136.94,3,136937759793,2469000,1
136.94,23,136937759793,2469000,1
136.943,21,136940226793,2469000,1
136.943,1,136940226793,2469000,1
136.945,6,136942711793,2469000,1
136.945,5,136942711793,2469000,1
136.948,11,136945178793,2469000,1
136.948,5,136945180793,2469000,1
136.95,16,136947656793,2496006,0
136.953,7,136950179799,2496006,0
136.955,20,136952702805,2496006,0
136.961,20,136958070817,2496006,0
136.963,20,136960593823,2496006,0
136.966,20,136963116829,2496006,0
136.968,2,136965648835,2496006,0
136.971,22,136968171841,2496006,0
136.973,23,136970694847,2496006,0
136.976,16,136973217853,2469000,1
136.976,22,136973217853,2469000,1
136.978,15,136975693853,2496006,0
136.981,18,136978216859,2496006,0
136.983,7,136980739865,2496006,0
136.986,21,136983575871,2496006,0
136.989,2,136986107877,2496006,0
136.991,15,136988639883,2469000,1
136.991,20,136988639883,2469000,1
136.991,21,136988639883,2469000,1
136.991,2,136988639883,2469000,1
136.994,18,136991115883,2496006,0
136.996,23,136993638889,2469000,1
136.996,20,136993638889,2469000,1
136.999,12,136996105889,2496006,0
137.001,18,136998628895,2496006,0
137.004,18,137001151901,2496006,0
137.006,15,137003674907,2496006,0
137.009,11,137006197913,2469000,1
137.009,7,137006197913,2469000,1
137.009,15,137006197913,2469000,1
137.011,14,137008664913,2496006,0
137.014,14,137011223919,2469000,1
137.014,12,137011223919,2469000,1
137.016,18,137013699919,2469000,1
137.016,11,137013699919,2469000,1
137.019,16,137016175919,2496006,0
137.021,12,137018698925,2496006,0
137.024,22,137021221931,2496006,0
137.026,21,137023744937,2496006,0
137.029,2,137026267943,2469000,1
137.029,23,137026267943,2469000,1
137.029,18,137026267943,2469000,1
137.031,11,137028761943,2469000,1
137.031,18,137028761943,2469000,1
137.034,22,137031228943,2469000,1
137.034,7,137031228943,2469000,1
137.036,15,137033695943,2496006,0
137.039,12,137036218949,2469000,1
137.039,16,137036218949,2469000,1
137.041,16,137038703949,2496006,0
137.044,7,137041235955,2496006,0
137.046,1,137043758961,2496006,0
137.049,21,137046281967,2496006,0
137.051,2,137048804973,2496006,0
137.054,14,137051363979,2496006,0
137.056,2,137053895985,2469000,1
137.056,15,137053895985,2469000,1
137.059,1,137056675991,2469000,1
137.059,7,137056675991,2469000,1
137.062,14,137059142991,2496006,0
137.064,21,137061665997,2496006,0
137.067,16,137064189003,2496006,0
137.069,18,137066712009,2496006,0
137.072,21,137069235015,2496006,0
137.074,15,137071758021,2469000,1
137.074,16,137071758021,2469000,1
137.077,17,137074243021,2469000,1
137.077,22,137074243021,2469000,1
137.077,16,137074243021,2469000,1
137.079,18,137076719021,2496006,0
137.082,12,137079251027,2469000,1
137.084,14,137081718027,2496006,0
137.087,7,137084241033,2496006,0
137.09,20,137087077039,2469000,1
137.09,21,137087077039,2469000,1
137.092,19,137089544039,2496006,0
137.095,7,137092085045,2469000,1
137.095,14,137092085045,2469000,1
137.097,13,137094552045,2496006,0
137.1,18,137097084051,2469000,1
137.1,14,137097084051,2469000,1
137.102,19,137099569051,2469000,1
137.102,21,137099569051,2469000,1
137.105,23,137102045051,2496006,0
137.107,2,137104577057,2496006,0
137.11,22,137107100063,2496006,0
137.112,1,137109623069,2469000,1
137.112,13,137109623069,2469000,1
137.115,23,137112135069,2496006,0
137.117,7,137114658075,2496006,0
137.12,2,137117190081,2496006,0
137.122,22,137119713087,2496006,0
137.125,5,137122236093,2496006,0
137.127,8,137124759099,2496006,0
137.13,11,137127282105,2469000,1
137.13,5,137127282105,2469000,1
137.132,15,137129749105,2496006,0
137.135,15,137132281111,2496006,0
137.137,7,137134804117,2469000,1
137.137,13,137134804117,2469000,1
137.14,23,137137271117,2496006,0
137.142,12,137139794123,2496006,0
137.145,2,137142317129,2469000,1
137.145,18,137142317129,2469000,1
137.147,22,137144784129,2496006,0
137.15,23,137147307135,2496006,0
137.152,15,137149830141,2469000,1
137.152,22,137149830141,2469000,1
137.155,15,137152299141,2496006,0
137.157,19,137154822147,2469000,1
137.157,2,137154822147,2469000,1
137.157,18,137154822147,2469000,1
137.16,8,137157298147,2469000,1
137.16,12,137157298147,2469000,1
137.165,5,137162619159,2496006,0
137.168,16,137165142165,2496006,0
137.17,1,137167674171,2469000,1
137.17,23,137167674171,2469000,1
137.173,15,137170141171,2496006,0
137.175,22,137172664177,2496006,0
137.178,16,137175196183,2469000,1
137.178,8,137175196183,2469000,1
137.18,5,137177672183,2496006,0
137.183,14,137180213189,2469000,1
137.183,7,137180213189,2469000,1
137.185,22,137182680189,2496006,0
137.188,12,137185203195,2496006,0
137.191,22,137188039201,2496006,0
137.193,15,137190589207,2496006,0
137.196,22,137193121213,2469000,1
137.196,2,137193121213,2469000,1
137.198,21,137195597213,2496006,0
137.201,15,137198120219,2469000,1
137.201,5,137198120219,2469000,1
137.203,23,137200605219,2469000,1
137.203,12,137200605219,2469000,1
137.203,22,137200605219,2469000,1
137.206,8,137203090219,2496006,0
137.208,16,137205613225,2496006,0
137.211,19,137208154231,2469000,1
137.211,16,137208154231,2469000,1
137.213,16,137210648231,2496006,0
137.216,21,137213171237,2496006,0
137.218,5,137215712243,2496006,0
137.221,15,137218244249,2496006,0
137.223,16,137220767255,2469000,1
137.223,8,137220767255,2469000,1
137.226,21,137223243255,2469000,1
137.226,13,137223243255,2469000,1
137.228,5,137225737255,2469000,1
137.231,16,137228204255,2469000,1
137.231,5,137228206255,2469000,1
137.233,20,137230682255,2496006,0
137.236,12,137233205261,2496006,0
137.238,15,137235755267,2469000,1
137.238,12,137235755267,2469000,1
137.241,20,137238231267,2496006,0
137.243,20,137240754273,2496006,0
137.246,8,137243277279,2496006,0
137.248,21,137245818285,2469000,1
137.248,8,137245818285,2469000,1
137.251,9,137248312285,2469000,1
137.251,22,137248312285,2469000,1
137.253,7,137250797285,2469000,1
137.253,12,137250797285,2469000,1
137.256,20,137253264285,2496006,0
137.258,10,137255787291,2496006,0
137.261,20,137258310297,2496006,0
137.264,10,137261173303,2496006,0
137.266,15,137263723309,2469000,1
137.266,20,137263723309,2469000,1
137.269,20,137266192309,2496006,0
137.271,10,137268715315,2496006,0
137.274,23,137271247321,2496006,0
137.276,8,137273770327,2496006,0
137.279,8,137276293333,2496006,0
137.281,20,137278816339,2496006,0
137.284,8,137281366345,2469000,1
137.284,10,137281366345,2469000,1
137.289,5,137286374351,2496006,0
137.291,12,137288897357,2496006,0
137.294,20,137291733363,2496006,0
137.297,17,137294256369,2469000,1
137.297,23,137294256369,2469000,1
137.299,17,137296741369,2496006,0
137.302,21,137299273375,2469000,1
137.302,10,137299273375,2469000,1
137.304,5,137301740375,2496006,0
137.307,23,137304263381,2496006,0
137.309,8,137306786387,2496006,0
137.312,17,137309318393,2496006,0
137.314,7,137311841399,2469000,1
137.314,20,137311841399,2469000,1
137.314,10,137311841399,2469000,1
137.314,8,137311841399,2469000,1
137.317,8,137314310399,2496006,0
137.319,16,137316842405,2469000,1
137.319,12,137316842405,2469000,1
137.322,5,137319309405,2469000,1
137.322,20,137319309405,2469000,1
137.324,18,137321776405,2496006,0
137.327,23,137324299411,2469000,1
137.327,22,137324299411,2469000,1
137.329,23,137326768411,2496006,0
137.332,17,137329291417,2496006,0
137.334,18,137331814423,2496006,0
137.337,8,137334337429,2496006,0
137.339,18,137336914435,2496006,0
137.342,8,137339437441,2469000,1
137.342,1,137339437441,2469000,1
137.342,2,137339437441,2469000,1
137.342,12,137339437441,2469000,1
137.342,20,137339437441,2469000,1
137.342,18,137339437441,2469000,1
137.344,17,137341904441,2469000,1
137.344,5,137341904441,2469000,1
137.347,23,137344398441,2496006,0
137.349,15,137346921447,2496006,0
137.352,14,137349453453,2469000,1
137.354,23,137351920453,2496006,0
137.357,16,137354443459,2496006,0
137.359,16,137356966465,2496006,0
137.362,15,137359498471,2496006,0
137.365,17,137362048477,2496006,0
137.367,16,137364884483,2469000,1
137.367,18,137364884483,2469000,1
137.37,5,137367351483,2496006,0
137.372,19,137369910489,2469000,1
137.372,23,137369910489,2469000,1
137.375,15,137372386489,2469000,1
137.375,9,137372386489,2469000,1
137.377,8,137374862489,2496006,0
137.38,5,137377385495,2469000,1
137.38,8,137377385495,2469000,1
137.382,17,137379870495,2496006,0
137.385,16,137382393501,2469000,1
137.385,9,137382393501,2469000,1
137.387,17,137384869501,2496006,0
137.39,13,137387401507,2496006,0
137.392,17,137389933513,2496006,0
137.395,12,137392769519,2469000,1
137.395,8,137392769519,2469000,1
137.398,17,137395254519,2496006,0
137.4,18,137397822525,2469000,1
137.4,23,137397822525,2469000,1
137.403,13,137400298525,2496006,0
137.405,5,137402821531,2496006,0
137.41,20,137407876543,2469000,1
137.41,9,137407876543,2469000,1
137.413,15,137410343543,2469000,1
137.413,17,137410343543,2469000,1
137.415,13,137412828543,2496006,0
137.418,12,137415360549,2496006,0
137.42,13,137417901555,2496006,0
137.423,22,137420424561,2496006,0
137.425,5,137422947567,2496006,0
137.428,5,137425488573,2496006,0
137.431,8,137428020579,2496006,0
137.433,21,137430552585,2496006,0
137.436,13,137433084591,2496006,0
137.438,12,137435616597,2469000,1
137.438,13,137435616597,2469000,1
137.441,21,137438092597,2469000,1
137.441,22,137438092597,2469000,1
137.443,17,137440568597,2496006,0
137.446,19,137443100603,2469000,1
137.446,5,137443100603,2469000,1
137.448,8,137445567603,2496006,0
137.451,22,137448090609,2469000,1
137.451,8,137448090609,2469000,1
137.453,17,137450575609,2496006,0
137.456,12,137453098615,2496006,0
137.458,13,137455621621,2496006,0
137.461,23,137458144627,2496006,0
137.463,17,137460676633,2496006,0
137.469,10,137466035645,2496006,0
137.471,16,137468558651,2496006,0
137.474,23,137471081657,2469000,1
137.474,20,137471081657,2469000,1
137.476,21,137473548657,2496006,0
137.479,12,137476071663,2496006,0
137.481,13,137478603669,2496006,0
137.484,5,137481126675,2469000,1
137.484,21,137481126675,2469000,1
137.486,10,137483593675,2496006,0
137.489,15,137486116681,2496006,0
137.491,9,137488648687,2496006,0
137.494,9,137491171693,2496006,0
137.496,17,137493694699,2496006,0
137.499,16,137496539705,2496006,0
137.502,10,137499071711,2469000,1
137.502,12,137499071711,2469000,1
137.502,17,137499071711,2469000,1
137.504,13,137501538711,2496006,0
137.507,20,137504070717,2496006,0
137.509,9,137506593723,2469000,1
137.509,15,137506593723,2469000,1
137.512,8,137509060723,2469000,1
137.512,10,137509060723,2469000,1
137.514,20,137511536723,2496006,0
137.517,20,137514068729,2496006,0
137.519,13,137516591735,2496006,0
137.522,16,137519114741,2496006,0
137.524,9,137521646747,2469000,1
137.524,15,137521646747,2469000,1
137.527,18,137524113747,2469000,1
137.527,21,137524113747,2469000,1
137.529,12,137526580747,2496006,0
137.532,23,137529103753,2496006,0
137.534,20,137531635759,2496006,0
137.537,13,137534158765,2496006,0
137.539,23,137536699771,2469000,1
137.539,16,137536699771,2469000,1
137.539,20,137536699771,2469000,1
137.539,13,137536699771,2469000,1
137.544,12,137541698777,2496006,0
137.547,17,137544248783,2496006,0
137.549,12,137546771789,2496006,0
137.552,17,137549312795,2496006,0
137.554,20,137551835801,2469000,1
137.554,12,137551835801,2469000,1
137.557,22,137554302801,2469000,1
137.557,17,137554302801,2469000,1
137.559,13,137556769801,2496006,0
137.562,13,137559301807,2496006,0
137.564,6,137561869813,2469000,1
137.564,17,137561869813,2469000,1
137.567,13,137564336813,2469000,1
137.567,9,137564336813,2469000,1
137.569,16,137566803813,2496006,0
137.572,8,137569648819,2496006,0
137.575,5,137572171825,2469000,1
137.575,15,137572171825,2469000,1
137.577,10,137574638825,2496006,0
137.58,23,137577161831,2496006,0
137.582,8,137579702837,2469000,1
137.582,16,137579702837,2469000,1
137.585,12,137582187837,2496006,0
137.587,10,137584773843,2496006,0
137.59,12,137587305849,2469000,1
137.59,13,137587305849,2469000,1
137.59,23,137587305849,2469000,1
137.59,16,137587305849,2469000,1
137.592,8,137589826849,2496006,0
137.595,11,137592358855,2469000,1
137.595,10,137592358855,2469000,1
137.597,21,137594834855,2496006,0
137.6,2,137597697861,2469000,1
137.6,20,137597697861,2469000,1
137.603,8,137600191861,2496006,0
137.605,7,137602714867,2469000,1
137.605,14,137602714867,2469000,1
137.608,8,137605208867,2469000,1
137.608,21,137605208867,2469000,1
137.61,17,137607693867,2469000,1
137.61,5,137607693867,2469000,1
137.61,10,137607693867,2469000,1
137.613,21,137610160867,2496006,0
137.615,22,137612692873,2469000,1
137.615,12,137612692873,2469000,1
137.618,23,137615168873,2496006,0
137.62,21,137617718879,2496006,0
137.623,3,137620241885,2496006,0
137.625,7,137622764891,2469000,1
137.625,21,137622764891,2469000,1
137.625,3,137622764891,2469000,1
137.628,1,137625231891,2496006,0
137.63,13,137627754897,2469000,1
137.63,16,137627754897,2469000,1
137.633,1,137630257897,2496006,0
137.635,1,137632789903,2496006,0
137.638,23,137635312909,2469000,1
137.638,21,137635312909,2469000,1
137.64,8,137637779909,2496006,0
137.643,10,137640311915,2469000,1
137.643,3,137640311915,2469000,1
137.643,1,137640311915,2469000,1
137.645,16,137642814915,2496006,0
137.648,15,137645346921,2496006,0
137.65,23,137647869927,2469000,1
137.65,16,137647869927,2469000,1
137.653,20,137650345927,2496006,0
137.655,8,137652877933,2496006,0
137.658,9,137655409939,2496006,0
137.66,1,137657941945,2469000,1
137.66,8,137657941945,2469000,1
137.663,20,137660408945,2496006,0
137.665,3,137662940951,2496006,0
137.668,23,137665463957,2469000,1
137.668,8,137665463957,2469000,1
137.67,15,137667930957,2496006,0
137.673,15,137670775963,2496006,0
137.676,3,137673316969,2496006,0
137.678,20,137675839975,2469000,1
137.678,9,137675839975,2469000,1
137.681,16,137678306975,2496006,0
137.686,12,137683388987,2496006,0
137.688,3,137685911993,2496006,0
137.691,15,137688443999,2496006,0
137.693,18,137690985005,2496006,0
137.696,8,137693508011,2469000,1
137.696,18,137693508011,2469000,1
137.698,16,137695975011,2496006,0
137.701,12,137698498017,2469000,1
137.701,21,137698498017,2469000,1
137.704,22,137701278023,2496006,0
137.706,15,137703810029,2469000,1
137.706,22,137703810029,2469000,1
137.709,12,137706295029,2496006,0
137.711,20,137708818035,2469000,1
137.711,9,137708818035,2469000,1
137.711,16,137708818035,2469000,1
137.714,3,137711285035,2496006,0
137.716,13,137713817041,2496006,0
137.719,15,137716349047,2469000,1
137.719,13,137716349047,2469000,1
137.721,12,137718879047,2496006,0
137.724,3,137721402053,2469000,1
137.724,22,137721402053,2469000,1
137.726,15,137723869053,2496006,0
137.729,1,137726419059,2496006,0
137.731,12,137728942065,2469000,1
137.731,17,137728942065,2469000,1
137.734,15,137731418065,2496006,0
137.736,18,137733941071,2496006,0
137.739,22,137736464077,2496006,0
137.741,1,137738987083,2496006,0
137.744,18,137741510089,2496006,0
137.747,13,137744060095,2496006,0
137.749,1,137746583101,2469000,1
137.749,15,137746583101,2469000,1
137.752,16,137749050101,2496006,0
137.754,10,137751573107,2469000,1
137.754,8,137751573107,2469000,1
137.757,22,137754040107,2496006,0
137.759,3,137756563113,2469000,1
137.759,12,137756563113,2469000,1
137.761,13,137759030113,2469000,1
137.761,18,137759030113,2469000,1
137.764,16,137761542113,2496006,0
137.767,22,137764065119,2496006,0
137.769,20,137766588125,2496006,0
137.772,21,137769111131,2469000,1
137.774,4,137771596131,2496006,0
137.777,23,137774432137,2496006,0
137.779,20,137776964143,2496006,0
137.782,18,137779496149,2469000,1
137.782,23,137779496149,2469000,1
137.784,13,137781981149,2496006,0
137.787,9,137784504155,2496006,0
137.789,16,137787027161,2469000,1
137.789,22,137787027161,2469000,1
137.792,4,137789512161,2496006,0
137.795,1,137792035167,2496006,0
137.797,15,137794558173,2496006,0
137.8,20,137797081179,2496006,0
137.802,1,137799604185,2496006,0
137.805,13,137802449191,2496006,0
137.807,9,137804981197,2496006,0
137.81,23,137807513203,2496006,0
137.813,22,137810045209,2496006,0
137.815,22,137812568215,2496006,0
137.818,13,137815091221,2469000,1
137.818,15,137815091221,2469000,1
137.818,1,137815091221,2469000,1
137.82,4,137817558221,2469000,1
137.82,22,137817558221,2469000,1
137.823,1,137820025221,2496006,0
137.825,19,137822548227,2469000,1
137.825,20,137822548227,2469000,1
137.828,23,137825015227,2496006,0
137.833,13,137830088239,2496006,0
137.835,9,137832611245,2469000,1
137.835,13,137832611245,2469000,1
137.838,23,137835078245,2469000,1
137.838,20,137835078245,2469000,1
137.84,20,137837547245,2496006,0
137.843,16,137840079251,2469000,1
137.843,22,137840079251,2469000,1
137.845,15,137842546251,2496006,0
137.848,1,137845078257,2496006,0
137.85,12,137847628263,2496006,0
137.853,20,137850151269,2496006,0
137.855,13,137852674275,2496006,0
137.858,3,137855197281,2496006,0
137.86,20,137857729287,2496006,0
137.863,1,137860252293,2469000,1
137.863,15,137860252293,2469000,1
137.863,16,137860252293,2469000,1
137.865,12,137862728293,2496006,0
137.868,4,137865260299,2469000,1
137.868,12,137865260299,2469000,1
137.87,3,137867727299,2496006,0
137.873,20,137870250305,2469000,1
137.873,13,137870250305,2469000,1
137.875,9,137872744305,2469000,1
137.875,13,137872744305,2469000,1
137.878,1,137875524311,2496006,0
137.881,23,137878047317,2496006,0
137.883,3,137880570323,2469000,1
137.883,9,137880570323,2469000,1
137.886,18,137883037323,2496006,0
137.888,1,137885560329,2469000,1
137.888,18,137885560329,2469000,1
137.891,15,137888027329,2496006,0
137.893,1,137890559335,2496006,0
137.896,8,137893082341,2496006,0
137.898,20,137895605347,2496006,0
137.901,1,137898128353,2469000,1
137.903,20,137900613353,2496006,0
137.906,4,137903136359,2469000,1
137.906,23,137903136359,2469000,1
137.908,8,137905916365,2469000,1
137.908,22,137905916365,2469000,1
137.908,12,137905916365,2469000,1
137.911,15,137908392365,2496006,0
137.913,1,137910942371,2496006,0
137.916,3,137913465377,2496006,0
137.918,16,137915988383,2469000,1
137.918,20,137915988383,2469000,1
137.921,3,137918482383,2469000,1
137.921,23,137918482383,2469000,1
137.923,1,137920949383,2469000,1
137.923,18,137920949383,2469000,1
137.926,15,137923452383,2496006,0
137.928,15,137925975389,2496006,0
137.931,8,137928507395,2496006,0
137.934,1,137931039401,2496006,0
137.936,5,137933562407,2496006,0
137.939,13,137936085413,2469000,1
137.939,3,137936085413,2469000,1
137.941,5,137938570413,2496006,0
137.944,15,137941093419,2496006,0
137.946,20,137943616425,2496006,0
137.949,8,137946139431,2496006,0
137.951,3,137948662437,2496006,0
137.954,23,137951185443,2496006,0
137.956,5,137953708449,2469000,1
137.956,8,137953708449,2469000,1
137.959,3,137956184449,2496006,0
137.961,23,137958716455,2469000,1
137.961,1,137958716455,2469000,1
137.961,8,137958716455,2469000,1
137.964,20,137961183455,2496006,0
137.966,15,137963715461,2469000,1
137.966,5,137963715461,2469000,1
137.969,13,137966191461,2496006,0
137.974,3,137971246473,2496006,0
137.976,18,137973769479,2469000,1
137.976,13,137973769479,2469000,1
137.979,12,137976263479,2496006,0
137.982,23,137979108485,2496006,0
137.984,4,137981631491,2469000,1
137.984,20,137981631491,2469000,1
137.987,12,137984098491,2496006,0
137.989,3,137986630497,2496006,0
137.992,18,137989153503,2496006,0
137.994,12,137991694509,2496006,0
137.997,15,137994244515,2469000,1
137.997,5,137994244515,2469000,1
137.999,23,137996720515,2496006,0
138.002,3,137999243521,2469000,1
138.002,10,137999243521,2469000,1
138.002,13,137999243521,2469000,1
138.004,12,138001710521,2496006,0
138.007,1,138004233527,2496006,0
138.01,18,138007069533,2469000,1
138.01,8,138007069533,2469000,1
138.012,20,138009545533,2496006,0
138.015,21,138012068539,2496006,0
138.017,23,138014600545,2496006,0
138.02,1,138017159551,2496006,0
138.022,12,138019691557,2469000,1
138.022,1,138019691557,2469000,1
138.025,20,138022167557,2469000,1
138.025,9,138022167557,2469000,1
138.027,15,138024643557,2469000,1
138.027,20,138024643557,2469000,1
138.03,3,138027119557,2496006,0
138.032,21,138029642563,2496006,0
138.035,23,138032165569,2496006,0
138.04,23,138037256581,2469000,1
138.04,3,138037256581,2469000,1
138.042,8,138039723581,2496006,0
138.045,18,138042264587,2496006,0
138.047,8,138044787593,2496006,0
138.05,22,138047319599,2496006,0
138.052,21,138049842605,2496006,0
138.055,21,138052374611,2496006,0
138.057,12,138054897617,2496006,0
138.06,13,138057438623,2496006,0
138.062,8,138059961629,2496006,0
138.065,1,138062484635,2469000,1
138.065,8,138062484635,2469000,1
138.067,12,138064951635,2469000,1
138.067,10,138064951635,2469000,1
138.067,18,138064951635,2469000,1
138.07,21,138067445635,2469000,1
138.07,22,138067445635,2469000,1
138.07,1,138067445635,2469000,1
138.072,13,138069948635,2496006,0
138.075,22,138072480641,2496006,0
138.077,23,138075012647,2469000,1
138.077,3,138075012647,2469000,1
138.08,16,138077488647,2496006,0
138.083,22,138080324653,2469000,1
138.083,12,138080324653,2469000,1
138.083,23,138080324653,2469000,1
138.085,16,138082809653,2496006,0
138.088,3,138085341659,2496006,0
138.09,13,138087882665,2469000,1
138.093,13,138090351665,2496006,0
138.095,3,138092874671,2496006,0
138.098,16,138095397677,2469000,1
138.098,22,138095397677,2469000,1
138.1,20,138097873677,2469000,1
138.1,8,138097873677,2469000,1
138.103,17,138100340677,2496006,0
138.105,18,138102863683,2496006,0
138.108,3,138105395689,2469000,1
138.108,13,138105395689,2469000,1
138.11,21,138107871689,2496006,0
138.113,18,138110734695,2496006,0
138.116,21,138113266701,2496006,0
138.118,17,138115789707,2496006,0
138.121,5,138118312713,2469000,1
138.121,17,138118312713,2469000,1
138.123,1,138120779713,2496006,0
138.126,18,138123302719,2496006,0
138.128,17,138125834725,2496006,0
138.131,21,138128357731,2496006,0
138.133,16,138130880737,2469000,1
138.133,3,138130880737,2469000,1
138.136,4,138133347737,2496006,0
138.138,1,138135870743,2496006,0
138.141,21,138138393749,2496006,0
138.143,18,138140925755,2496006,0
138.146,21,138143466761,2469000,1
138.146,4,138143466761,2469000,1
138.146,17,138143466761,2469000,1
138.148,1,138145933761,2496006,0
138.151,16,138148474767,2496006,0
138.153,12,138150997773,2496006,0
138.156,18,138153520779,2469000,1
138.156,13,138153520779,2469000,1
138.156,3,138153520779,2469000,1
138.158,1,138155987779,2496006,0
138.161,17,138158537785,2469000,1
138.161,1,138158537785,2469000,1
138.164,21,138161013785,2496006,0
138.166,12,138163545791,2496006,0
138.169,16,138166068797,2496006,0
138.171,4,138168609803,2469000,1
138.171,16,138168609803,2469000,1
138.174,15,138171085803,2496006,0
138.176,12,138173608809,2469000,1
138.176,21,138173608809,2469000,1
138.176,8,138173608809,2469000,1
138.179,18,138176075809,2496006,0
138.181,16,138178598815,2496006,0
138.184,15,138181121821,2496006,0
138.186,12,138183966827,2496006,0
138.189,12,138186489833,2496006,0
138.192,22,138189048839,2496006,0
138.194,1,138191571845,2496006,0
138.197,1,138194094851,2496006,0
138.199,15,138196626857,2496006,0
138.202,16,138199149863,2496006,0
138.204,22,138201672869,2469000,1
138.204,18,138201672869,2469000,1
138.207,12,138204166869,2496006,0
138.209,21,138206707875,2496006,0
138.212,15,138209230881,2469000,1
138.212,3,138209230881,2469000,1
138.212,4,138209230881,2469000,1
138.214,2,138212010887,2469000,1
138.214,16,138212010887,2469000,1
138.217,1,138214486887,2496006,0
138.219,13,138217018893,2469000,1
138.222,1,138219503893,2469000,1
138.222,16,138219503893,2469000,1
138.224,23,138221970893,2496006,0
138.227,12,138224493899,2496006,0
138.229,23,138227016905,2469000,1
138.232,14,138229483905,2496006,0
138.235,21,138232024911,2496006,0
138.237,18,138234547917,2469000,1
138.237,14,138234547917,2469000,1
138.24,23,138237014917,2496006,0
138.242,21,138239537923,2496006,0
138.245,17,138242060929,2469000,1
138.245,23,138242060929,2469000,1
138.247,15,138244536929,2469000,1
138.247,1,138244536929,2469000,1
138.247,12,138244536929,2469000,1
138.249,23,138247003929,2496006,0
138.255,21,138252049941,2469000,1
138.255,22,138252049941,2469000,1
138.257,21,138254525941,2496006,0
138.26,17,138257138947,2469000,1
138.26,23,138257138947,2469000,1
138.262,20,138259605947,2469000,1
138.262,8,138259605947,2469000,1
138.265,21,138262090947,2496006,0
138.267,14,138264622953,2469000,1
138.267,12,138264622953,2469000,1
138.27,9,138267107953,2496006,0
138.272,21,138269630959,2469000,1
138.272,17,138269630959,2469000,1
138.275,16,138272097959,2469000,1
138.275,9,138272097959,2469000,1
138.277,1,138274582959,2496006,0
138.28,16,138277132965,2496006,0
138.282,1,138279664971,2469000,1
138.282,15,138279664971,2469000,1
138.285,18,138282131971,2496006,0
138.287,23,138284976977,2469000,1
138.287,14,138284976977,2469000,1
138.287,18,138284976977,2469000,1
138.29,16,138287443977,2469000,1
138.29,12,138287443977,2469000,1
138.292,16,138289937977,2496006,0
138.295,9,138292469983,2496006,0
138.297,9,138294992989,2469000,1
138.3,22,138297459989,2496006,0
138.302,16,138299982995,2469000,1
138.302,18,138299982995,2469000,1
138.305,21,138302449995,2496006,0
138.307,16,138304973001,2496006,0
138.31,16,138307514007,2496006,0
138.313,9,138310037013,2496006,0
138.315,22,138312560019,2496006,0
138.318,12,138315396025,2496006,0
138.32,1,138317928031,2496006,0
138.323,4,138320478037,2469000,1
138.323,23,138320478037,2469000,1
138.325,21,138322963037,2496006,0
138.328,22,138325495043,2496006,0
138.331,16,138328018049,2496006,0
138.333,12,138330541055,2469000,1
138.333,18,138330541055,2469000,1
138.333,9,138330541055,2469000,1
138.336,21,138333017055,2496006,0
138.338,1,138335558061,2496006,0
138.341,16,138338081067,2496006,0
138.343,20,138340622073,2496006,0
138.346,22,138343145079,2496006,0
138.348,1,138345668085,2469000,1
138.351,16,138348144085,2496006,0
138.353,13,138350667091,2469000,1
138.353,22,138350667091,2469000,1
138.356,21,138353152091,2496006,0
138.358,16,138355711097,2469000,1
138.358,22,138355711097,2469000,1
138.361,21,138358178097,2496006,0
138.363,12,138360701103,2469000,1
138.363,20,138360701103,2469000,1
138.366,9,138363195103,2469000,1
138.366,12,138363195103,2469000,1
138.368,23,138365662103,2496006,0
138.371,21,138368221109,2496006,0
138.373,16,138370744115,2496006,0
138.376,1,138373267121,2496006,0
138.378,15,138375808127,2496006,0
138.381,23,138378331133,2496006,0
138.383,16,138380863139,2496006,0
138.386,1,138383386145,2469000,1
138.386,5,138383386145,2469000,1
138.386,16,138383386145,2469000,1
138.388,21,138385862145,2496006,0
138.391,23,138388698151,2496006,0
138.394,21,138391221157,2496006,0
138.399,1,138396267169,2469000,1
138.399,21,138396267169,2469000,1
138.401,15,138398734169,2496006,0
138.404,20,138401257175,2496006,0
138.406,3,138403816181,2496006,0
138.409,23,138406339187,2469000,1
138.409,3,138406339187,2469000,1
138.411,20,138408806187,2496006,0
138.414,16,138411329193,2496006,0
138.416,4,138413852199,2469000,1
138.416,22,138413852199,2469000,1
138.419,15,138416641205,2496006,0
138.422,16,138419164211,2496006,0
138.424,21,138421759217,2469000,1
138.424,20,138421759217,2469000,1
138.427,16,138424244217,2469000,1
138.427,3,138424244217,2469000,1
138.429,16,138426720217,2496006,0
138.432,23,138429243223,2469000,1
138.432,15,138429243223,2469000,1
138.434,9,138431719223,2496006,0
138.437,14,138434242229,2496006,0
138.439,22,138436765235,2496006,0
138.442,1,138439288241,2469000,1
138.442,22,138439288241,2469000,1
138.447,16,138444287247,2496006,0
138.449,16,138446828253,2496006,0
138.452,4,138449360259,2496006,0
138.454,14,138451883265,2496006,0
138.457,9,138454415271,2496006,0
138.459,16,138456938277,2496006,0
138.462,4,138459497283,2496006,0
138.465,13,138462038289,2469000,1
138.465,20,138462038289,2469000,1
138.465,22,138462038289,2469000,1
138.467,9,138464505289,2496006,0
138.47,16,138467028295,2496006,0
138.472,21,138469551301,2469000,1
138.472,14,138469551301,2469000,1
138.474,15,138472027301,2469000,1
138.474,14,138472027301,2469000,1
138.477,16,138474503301,2496006,0
138.48,9,138477044307,2496006,0
138.482,18,138479567313,2469000,1
138.482,16,138479567313,2469000,1
138.485,4,138482034313,2496006,0
138.487,9,138484566319,2496006,0
138.49,23,138487107325,2469000,1
138.492,9,138489905331,2496006,0
138.495,3,138492455337,2496006,0
138.497,4,138494978343,2496006,0
138.5,21,138497501349,2496006,0
138.503,9,138500042355,2496006,0
138.505,4,138502565361,2496006,0
138.508,14,138505097367,2496006,0
138.51,13,138507629373,2496006,0
138.513,4,138510152379,2469000,1
138.513,21,138510152379,2469000,1
138.513,16,138510152379,2469000,1
138.513,14,138510152379,2469000,1
138.515,4,138512621379,2496006,0
138.518,20,138515144385,2469000,1
138.518,3,138515144385,2469000,1
138.518,4,138515144385,2469000,1
138.52,13,138517629385,2469000,1
138.52,12,138517629385,2469000,1
138.52,16,138517629385,2469000,1
138.523,4,138520409391,2496006,0
138.525,4,138522941397,2496006,0
138.528,9,138525464403,2496006,0
138.53,11,138527996409,2469000,1
138.53,9,138527996409,2469000,1
138.533,8,138530481409,2469000,1
138.533,14,138530481409,2469000,1
138.538,21,138535480415,2469000,1
138.538,3,138535480415,2469000,1
138.54,15,138537983415,2469000,1
138.54,4,138537983415,2469000,1
138.543,22,138540450415,2469000,1
138.543,13,138540450415,2469000,1
138.546,4,138543007415,2496006,0
138.548,4,138545566421,2496006,0
138.551,9,138548098427,2496006,0
138.553,13,138550621433,2496006,0
138.556,9,138553180439,2496006,0
138.558,1,138555712445,2496006,0
138.561,22,138558235451,2469000,1
138.563,4,138560720451,2496006,0
138.566,1,138563243457,2469000,1
138.566,13,138563243457,2469000,1
138.568,9,138565746457,2469000,1
138.568,3,138565746457,2469000,1
138.571,14,138568222457,2469000,1
138.571,21,138568222457,2469000,1
138.573,22,138570689457,2496006,0
138.576,4,138573221463,2496006,0
138.578,9,138575753469,2469000,1
138.578,22,138575753469,2469000,1
138.581,1,138578220469,2496006,0
138.586,1,138583302481,2496006,0
138.588,4,138585843487,2496006,0
138.591,13,138588366493,2469000,1
138.591,1,138588366493,2469000,1
138.593,4,138590851493,2496006,0
138.596,22,138593687499,2496006,0
138.599,9,138596219505,2496006,0
138.601,23,138598787511,2496006,0
138.604,4,138601319517,2496006,0
138.606,22,138603851523,2469000,1
138.609,9,138606336523,2496006,0
138.611,23,138608859529,2496006,0
138.614,3,138611382535,2496006,0
138.616,1,138613914541,2469000,1
138.616,4,138613914541,2469000,1
138.619,20,138616399541,2496006,0
138.621,3,138618931547,2496006,0
138.624,20,138621767553,2496006,0
138.627,9,138624290559,2496006,0
138.629,21,138626822565,2469000,1
138.629,3,138626822565,2469000,1
138.632,23,138629316565,2469000,1
138.632,3,138629316565,2469000,1
138.637,20,138634306571,2469000,1
138.637,16,138634306571,2469000,1
138.639,22,138636773571,2496006,0
138.642,9,138639314577,2469000,1
138.642,20,138639314577,2469000,1
138.644,4,138641799577,2496006,0
138.647,9,138644331583,2496006,0
138.649,14,138646863589,2496006,0
138.652,3,138649395595,2496006,0
138.654,13,138651936601,2469000,1
138.654,23,138651936601,2469000,1
138.654,22,138651936601,2469000,1
138.657,3,138654412601,2496006,0
138.659,9,138656935607,2496006,0
138.662,20,138659458613,2496006,0
138.664,17,138661981619,2469000,1
138.664,1,138661981619,2469000,1
138.667,14,138664448619,2496006,0
138.669,4,138666971625,2469000,1
138.669,14,138666971625,2469000,1
138.672,22,138669447625,2496006,0
138.674,15,138671997631,2496006,0
138.677,20,138674520637,2469000,1
138.677,15,138674520637,2469000,1
138.679,18,138677005637,2469000,1
138.679,9,138677005637,2469000,1
138.682,3,138679472637,2496006,0
138.684,23,138681995643,2496006,0
138.687,22,138684518649,2469000,1
138.687,14,138684518649,2469000,1
138.689,7,138686985649,2469000,1
138.689,3,138686985649,2469000,1
138.692,4,138689452649,2496006,0
138.694,22,138691975655,2496006,0
138.697,9,138694811661,2496006,0
138.7,23,138697343667,2469000,1
138.7,22,138697343667,2469000,1
138.702,23,138699828667,2496006,0
138.705,23,138702351673,2496006,0
138.707,9,138704874679,2469000,1
138.707,3,138704874679,2469000,1
138.71,4,138707359679,2496006,0
138.715,23,138712405691,2469000,1
138.715,22,138712405691,2469000,1
138.717,21,138714881691,2496006,0
138.72,20,138717422697,2469000,1
138.72,23,138717422697,2469000,1
138.722,4,138719916697,2496006,0
138.725,15,138722439703,2496006,0
138.728,15,138725293709,2496006,0
138.73,4,138727843715,2496006,0
138.733,8,138730366721,2469000,1
138.733,9,138730366721,2469000,1
138.733,21,138730366721,2469000,1
138.735,4,138732860721,2496006,0
138.738,4,138735428727,2469000,1
138.738,15,138735428727,2469000,1
138.738,14,138735428727,2469000,1
138.74,12,138737895727,2469000,1
138.74,22,138737895727,2469000,1
138.74,21,138737895727,2469000,1
138.745,13,138742912733,2496006,0
138.748,3,138745444739,2469000,1
138.748,20,138745444739,2469000,1
138.75,4,138747992739,2496006,0
138.753,13,138750542745,2496006,0
138.756,15,138753074751,2496006,0
138.758,4,138755624757,2469000,1
138.758,15,138755624757,2469000,1
138.763,13,138760614763,2496006,0
138.766,23,138763137769,2496006,0
138.768,21,138765669775,2496006,0
138.771,13,138768201781,2496006,0
138.773,13,138770742787,2496006,0
138.776,17,138773274793,2496006,0
138.778,15,138775806799,2496006,0
138.781,15,138778329805,2496006,0
138.783,15,138780852811,2496006,0
138.786,13,138783393817,2469000,1
138.786,23,138783393817,2469000,1
138.786,21,138783393817,2469000,1
138.788,4,138785878817,2496006,0
138.791,9,138788401823,2496006,0
138.793,11,138790924829,2469000,1
138.793,4,138790924829,2469000,1
138.796,17,138793391829,2496006,0
138.798,21,138795932835,2496006,0
138.801,15,138798768841,2496006,0
138.804,22,138801291847,2496006,0
138.806,9,138803823853,2496006,0
138.809,22,138806346859,2496006,0
138.811,22,138808869865,2496006,0
138.814,15,138811392871,2469000,1
138.814,1,138811392871,2469000,1
138.816,17,138813859871,2496006,0
138.819,11,138816382877,2496006,0
138.821,9,138818905883,2496006,0
138.824,11,138821428889,2496006,0
138.826,23,138823951895,2469000,1
138.826,11,138823951895,2469000,1
138.832,9,138829254907,2496006,0
138.834,21,138831786913,2469000,1
138.834,22,138831786913,2469000,1
138.834,15,138831786913,2469000,1
138.837,17,138834271913,2496006,0
138.839,11,138836803919,2469000,1
138.839,17,138836803919,2469000,1
138.842,13,138839279919,2496006,0
138.844,1,138841811925,2496006,0
138.847,4,138844334931,2496006,0
138.849,13,138846875937,2469000,1
138.849,9,138846875937,2469000,1
138.852,1,138849369937,2496006,0
138.854,4,138851892943,2496006,0
138.857,22,138854415949,2496006,0
138.859,21,138856974955,2496006,0
138.862,1,138859497961,2496006,0
138.865,13,138862029967,2496006,0
138.867,23,138864552973,2496006,0
138.87,21,138867084979,2469000,1
138.872,4,138869551979,2496006,0
138.875,1,138872074985,2496006,0
138.877,13,138874597991,2496006,0
138.88,22,138877129997,2469000,1
138.88,17,138877129997,2469000,1
138.882,3,138879605997,2496006,0
138.885,20,138882129003,2496006,0
138.887,23,138884670009,2496006,0
138.89,9,138887193015,2496006,0
138.892,4,138889716021,2469000,1
138.892,9,138889716021,2469000,1
138.895,1,138892219021,2469000,1
138.895,13,138892219021,2469000,1
138.897,20,138894686021,2469000,1
138.897,14,138894686021,2469000,1
138.897,11,138894686021,2469000,1
138.9,3,138897153021,2496006,0
138.902,23,138900007027,2469000,1
138.902,16,138900007027,2469000,1
138.902,21,138900007027,2469000,1
138.905,6,138902483027,2469000,1
138.905,15,138902483027,2469000,1
138.907,9,138904968027,2496006,0
138.91,4,138907491033,2496006,0
138.912,3,138910023039,2469000,1
138.915,22,138912490039,2469000,1
138.915,20,138912490039,2469000,1
138.915,4,138912490039,2469000,1
138.917,15,138914984039,2496006,0
138.92,13,138917507045,2496006,0
138.923,5,138920048051,2469000,1
138.923,1,138920048051,2469000,1
138.923,4,138920048051,2469000,1
138.925,9,138922524051,2469000,1
138.925,20,138922524051,2469000,1
138.927,23,138924991051,2469000,1
138.927,3,138924991051,2469000,1
138.93,17,138927494051,2496006,0
138.933,15,138930330057,2496006,0
138.935,13,138932871063,2496006,0
138.938,4,138935394069,2496006,0
138.94,13,138937917075,2496006,0
138.943,15,138940440081,2469000,1
138.943,17,138940440081,2469000,1
138.945,13,138942907081,2496006,0
138.948,13,138945439087,2496006,0
138.95,13,138947998093,2469000,1
138.95,3,138947998093,2469000,1
138.955,21,138952988099,2469000,1
138.955,9,138952988099,2469000,1
138.958,4,138955473099,2469000,1
138.958,15,138955473099,2469000,1
138.96,15,138957949099,2496006,0
138.963,19,138960472105,2496006,0
138.966,21,138963004111,2496006,0
138.968,19,138965545117,2496006,0
138.971,17,138968068123,2496006,0
138.973,4,138970591129,2496006,0
138.976,15,138973123135,2496006,0
138.978,15,138975646141,2496006,0
138.981,16,138978169147,2496006,0
138.983,21,138980701153,2496006,0
138.986,17,138983233159,2496006,0
138.988,15,138985765165,2469000,1
138.988,22,138985765165,2469000,1
138.991,19,138988232165,2496006,0
138.993,4,138990755171,2496006,0
138.996,21,138993278177,2496006,0
138.998,13,138995801183,2496006,0
139.001,13,138998324189,2496006,0
139.003,17,139000856195,2469000,1
139.006,16,139003645201,2496006,0
139.009,19,139006168207,2496006,0
139.011,4,139008700213,2496006,0
139.014,20,139011223219,2469000,1
139.014,16,139011223219,2469000,1
139.016,1,139013690219,2496006,0
139.019,21,139016213225,2469000,1
139.019,23,139016213225,2469000,1
139.019,13,139016213225,2469000,1
139.021,16,139018698225,2496006,0
139.024,17,139021221231,2496006,0
139.026,3,139023744237,2496006,0
139.029,15,139026276243,2496006,0
139.031,3,139028799249,2496006,0
139.034,9,139031635255,2469000,1
139.034,19,139031635255,2469000,1
139.037,1,139034102255,2496006,0
139.039,4,139036643261,2496006,0
139.042,17,139039166267,2469000,1
139.042,21,139039166267,2469000,1
139.042,9,139039166267,2469000,1
139.044,1,139041633267,2496006,0
139.047,16,139044165273,2496006,0
139.049,15,139046688279,2496006,0
139.052,19,139049211285,2496006,0
139.054,3,139051743291,2469000,1
139.054,19,139051743291,2469000,1
139.057,16,139054219291,2469000,1
139.057,1,139054219291,2469000,1
139.057,4,139054219291,2469000,1
139.059,16,139056704291,2496006,0
139.062,13,139059236297,2496006,0
139.064,19,139061759303,2469000,1
139.064,13,139061759303,2469000,1
139.067,15,139064244303,2496006,0
139.069,16,139066785309,2496006,0
139.072,1,139069308315,2496006,0
139.074,15,139071840321,2496006,0
139.077,15,139074381327,2496006,0
139.079,11,139076913333,2496006,0
139.082,15,139079445339,2469000,1
139.082,11,139079445339,2469000,1
139.084,17,139081912339,2496006,0
139.087,16,139084462345,2469000,1
139.087,1,139084462345,2469000,1
139.089,4,139086929345,2496006,0
139.092,3,139089452351,2496006,0
139.094,17,139091984357,2469000,1
139.094,23,139091984357,2469000,1
139.094,15,139091984357,2469000,1
139.097,4,139094460357,2469000,1
139.097,19,139094460357,2469000,1
139.099,13,139096927357,2496006,0
139.102,17,139099450363,2496006,0
139.104,1,139101973369,2496006,0
139.107,4,139104836375,2496006,0
139.11,3,139107359381,2496006,0
139.112,1,139109900387,2496006,0
139.115,4,139112423393,2469000,1
139.115,10,139112423393,2469000,1
139.115,11,139112423393,2469000,1
139.117,13,139114917393,2469000,1
139.12,17,139117393393,2469000,1
139.122,21,139119860393,2469000,1
139.122,16,139119860393,2469000,1
139.122,1,139119860393,2469000,1
139.125,3,139122338393,2496006,0
139.127,13,139124897399,2469000,1
139.13,11,139127373399,2469000,1
139.13,1,139127373399,2469000,1
139.132,21,139129867399,2496006,0
139.138,21,139135226411,2496006,0
139.14,22,139137758417,2496006,0
139.143,3,139140281423,2496006,0
139.145,3,139142804429,2496006,0
139.148,13,139145327435,2496006,0
139.15,4,139147877441,2469000,1
139.15,17,139147877441,2469000,1
139.153,15,139150353441,2496006,0
139.155,15,139152876447,2496006,0
139.158,21,139155399453,2469000,1
139.158,17,139155399453,2469000,1
139.16,3,139157893453,2469000,1
139.16,13,139157893453,2469000,1
139.163,16,139160360453,2469000,1
139.163,22,139160360453,2469000,1
139.165,15,139162854453,2496006,0
139.168,21,139165377459,2496006,0
139.17,16,139167918465,2469000,1
139.17,21,139167918465,2469000,1
139.173,11,139170403465,2496006,0
139.175,1,139172935471,2496006,0
139.178,15,139175458477,2469000,1
139.178,12,139175458477,2469000,1
139.178,4,139175458477,2469000,1
139.18,11,139177925477,2496006,0
139.183,13,139180448483,2496006,0
139.185,15,139182980489,2496006,0
139.188,3,139185503495,2496006,0
139.19,1,139188026501,2469000,1
139.193,21,139190502501,2496006,0
139.196,18,139193025507,2496006,0
139.198,15,139195548513,2496006,0
139.201,19,139198080519,2496006,0
139.203,11,139200603525,2469000,1
139.203,14,139200603525,2469000,1
139.206,18,139203088525,2469000,1
139.206,13,139203088525,2469000,1
139.206,3,139203088525,2469000,1
139.208,22,139205555525,2496006,0
139.211,21,139208400531,2496006,0
139.213,1,139210932537,2496006,0
139.216,11,139213464543,2496006,0
139.218,19,139215996549,2469000,1
139.218,18,139215996549,2469000,1
139.218,22,139215996549,2469000,1
139.218,1,139215996549,2469000,1
139.221,21,139218463549,2469000,1
139.221,15,139218463549,2469000,1
139.223,19,139220939549,2496006,0
139.226,11,139223462555,2496006,0
139.228,3,139225985561,2496006,0
139.231,19,139228526567,2496006,0
139.234,15,139231058573,2496006,0
139.236,1,139233581579,2469000,1
139.236,15,139233581579,2469000,1
139.239,15,139236361585,2496006,0
139.241,19,139238902591,2496006,0
139.244,3,139241425597,2469000,1
139.244,11,139241425597,2469000,1
139.244,1,139241425597,2469000,1
139.246,21,139243901597,2496006,0
139.249,13,139246424603,2469000,1
139.249,3,139246424603,2469000,1
139.249,1,139246424603,2469000,1
139.251,21,139248891603,2496006,0
139.254,19,139251414609,2469000,1
139.256,22,139253881609,2496006,0
139.259,22,139256413615,2496006,0
139.261,11,139258936621,2496006,0
139.264,21,139261459627,2469000,1
139.264,15,139261459627,2469000,1
139.266,22,139263926627,2496006,0
139.269,15,139266449633,2496006,0
139.272,11,139269008639,2496006,0
139.274,19,139271549645,2496006,0
139.277,22,139274072651,2496006,0
139.279,21,139276604657,2496006,0
139.282,18,139279127663,2469000,1
139.282,19,139279127663,2469000,1
139.284,15,139281603663,2496006,0
139.287,11,139284135669,2496006,0
139.289,15,139286658675,2496006,0
139.292,22,139289190681,2496006,0
139.294,22,139291740687,2496006,0
139.297,21,139294263693,2496006,0
139.299,17,139296804699,2496006,0
139.302,11,139299327705,2496006,0
139.304,4,139301850711,2496006,0
139.307,6,139304391717,2469000,1
139.307,11,139304391717,2469000,1
139.309,15,139306858717,2496006,0
139.312,6,139309694723,2496006,0
139.315,21,139312217729,2469000,1
139.315,22,139312217729,2469000,1
139.317,17,139314693729,2496006,0
139.32,4,139317216735,2469000,1
139.322,6,139319683735,2496006,0
139.325,19,139322206741,2496006,0
139.327,19,139324729747,2496006,0
139.33,3,139327261753,2469000,1
139.33,21,139327261753,2469000,1
139.33,22,139327261753,2469000,1
139.335,13,139332251759,2496006,0
139.337,6,139334774765,2469000,1
139.337,22,139334774765,2469000,1
139.34,19,139337241765,2469000,1
139.34,15,139337241765,2469000,1
139.34,13,139337241765,2469000,1
139.342,11,139340021771,2469000,1
139.342,19,139340021771,2469000,1
139.345,6,139342497771,2496006,0
139.348,17,139345038777,2469000,1
139.348,11,139345038777,2469000,1
139.35,6,139347514777,2496006,0
139.353,15,139350037783,2496006,0
139.355,4,139352578789,2496006,0
139.358,6,139355128795,2496006,0
139.36,13,139357660801,2496006,0
139.363,20,139360183807,2496006,0
139.365,4,139362706813,2496006,0
139.368,15,139365247819,2496006,0
139.37,20,139367806825,2496006,0
139.373,6,139370338831,2469000,1
139.373,20,139370338831,2469000,1
139.375,4,139372805831,2496006,0
139.378,13,139375328837,2496006,0
139.38,15,139377851843,2469000,1
139.38,21,139377851843,2469000,1
139.38,17,139377851843,2469000,1
139.38,4,139377851843,2469000,1
139.383,2,139380318843,2496006,0
139.385,13,139382841849,2469000,1
139.385,2,139382841849,2469000,1
139.388,15,139385317849,2496006,0
139.39,9,139387849855,2469000,1
139.39,2,139387849855,2469000,1
139.393,15,139390325855,2496006,0
139.395,23,139392848861,2496006,0
139.4,22,139397894873,2496006,0
139.403,2,139400435879,2496006,0
139.405,6,139402976885,2469000,1
139.405,13,139402976885,2469000,1
139.408,21,139405443885,2469000,1
139.408,2,139405443885,2469000,1
139.41,17,139407928885,2469000,1
139.41,4,139407928885,2469000,1
139.41,15,139407928885,2469000,1
139.413,22,139410413885,2469000,1
139.413,23,139410413885,2469000,1
139.416,19,139413193891,2469000,1
139.416,20,139413193891,2469000,1
139.418,13,139415660891,2496006,0
139.421,18,139418201897,2496006,0
139.423,13,139420751903,2496006,0
139.426,19,139423292909,2496006,0
139.428,13,139425824915,2469000,1
139.428,14,139425824915,2469000,1
139.428,15,139425824915,2469000,1
139.431,18,139428300915,2496006,0
139.433,23,139430832921,2496006,0
139.436,23,139433364927,2496006,0
139.438,15,139435887933,2496006,0
139.441,19,139438410939,2496006,0
139.444,2,139441246945,2469000,1
139.444,20,139441246945,2469000,1
139.446,6,139443731945,2496006,0
139.449,18,139446263951,2469000,1
139.449,17,139446263951,2469000,1
139.449,6,139446263951,2469000,1
139.451,23,139448730951,2496006,0
139.454,22,139451253957,2496006,0
139.456,19,139453776963,2496006,0
139.461,19,139458822975,2496006,0
139.464,15,139461345981,2496006,0
139.466,19,139463868987,2496006,0
139.469,13,139466391993,2496006,0
139.471,18,139468923999,2469000,1
139.471,13,139468923999,2469000,1
139.474,22,139471399999,2496006,0
139.476,23,139473932005,2496006,0
139.479,19,139476455011,2469000,1
139.479,10,139476455011,2469000,1
139.481,10,139478940011,2496006,0
139.484,23,139481463017,2469000,1
139.484,22,139481463017,2469000,1
139.486,15,139483930017,2496006,0
139.489,23,139486453023,2496006,0
139.491,18,139488976029,2496006,0
139.494,11,139491499035,2469000,1
139.494,23,139491499035,2469000,1
139.496,15,139493966035,2496006,0
139.499,10,139496516041,2496006,0
139.502,6,139499039047,2496006,0
139.504,16,139501571053,2496006,0
139.507,4,139504094059,2496006,0
139.509,15,139506635065,2496006,0
139.512,22,139509158071,2469000,1
139.512,15,139509158071,2469000,1
139.514,10,139511625071,2469000,1
139.514,18,139511625071,2469000,1
139.517,3,139514414077,2496006,0
139.519,18,139516937083,2469000,1
139.519,3,139516937083,2469000,1
139.522,21,139519404083,2469000,1
139.522,13,139519404083,2469000,1
139.524,6,139521871083,2496006,0
139.527,16,139524394089,2496006,0
139.529,10,139526917095,2496006,0
139.532,19,139529458101,2469000,1
139.534,4,139531925101,2496006,0
139.537,2,139534448107,2496006,0
139.539,23,139536980113,2496006,0
139.542,23,139539521119,2496006,0
139.545,6,139542044125,2496006,0
139.547,4,139544880131,2469000,1
139.547,16,139544880131,2469000,1
139.547,6,139544880131,2469000,1
139.55,15,139547347131,2496006,0
139.552,10,139549879137,2496006,0
139.555,2,139552447143,2496006,0
139.557,10,139554979149,2496006,0
139.56,10,139557502155,2496006,0
139.563,23,139560025161,2496006,0
139.565,15,139562548167,2496006,0
139.568,3,139565071173,2496006,0
139.57,10,139567594179,2496006,0
139.573,4,139570117185,2496006,0
139.575,15,139572640191,2496006,0
139.578,22,139575163197,2469000,1
139.578,13,139575163197,2469000,1
139.58,2,139577639197,2496006,0
139.583,23,139580162203,2496006,0
139.585,15,139582685209,2496006,0
139.588,10,139585217215,2469000,1
139.588,16,139585217215,2469000,1
139.59,6,139587684215,2496006,0
139.593,18,139590225221,2469000,1
139.593,6,139590225221,2469000,1
139.595,3,139592692221,2496006,0
139.598,2,139595215227,2496006,0
139.6,4,139597747233,2469000,1
139.6,22,139597747233,2469000,1
139.6,10,139597747233,2469000,1
139.603,1,139600214233,2496006,0
139.605,23,139602737239,2496006,0
139.608,2,139605278245,2469000,1
139.608,15,139605278245,2469000,1
139.61,1,139607754245,2469000,1
139.61,19,139607754245,2469000,1
139.613,15,139610230245,2469000,1
139.615,13,139612697245,2469000,1
139.615,10,139612697245,2469000,1
139.618,23,139615164245,2469000,1
139.618,3,139615164245,2469000,1
139.62,23,139617944251,2496006,0
139.623,3,139620467257,2496006,0
139.626,21,139623026263,2496006,0
139.628,1,139625558269,2496006,0
139.631,20,139628090275,2469000,1
139.631,4,139628090275,2469000,1
139.633,1,139630575275,2469000,1
139.633,2,139630575275,2469000,1
139.633,23,139630575275,2469000,1
139.636,3,139633051275,2469000,1
139.636,6,139633051275,2469000,1
139.636,2,139633051275,2469000,1
139.638,16,139635536275,2469000,1
139.638,1,139635536275,2469000,1
139.638,23,139635536275,2469000,1
139.64,21,139638003275,2496006,0
139.643,23,139640535281,2496006,0
139.646,21,139643103287,2496006,0
139.648,23,139645966293,2496006,0
139.651,3,139648525299,2469000,1
139.651,21,139648525299,2469000,1
139.654,23,139651046299,2496006,0
139.656,19,139653596305,2469000,1
139.656,1,139653596305,2469000,1
139.659,22,139656072305,2469000,1
139.659,20,139656072305,2469000,1
139.661,6,139658539305,2496006,0
139.666,15,139663594317,2469000,1
139.666,21,139663594317,2469000,1
139.669,23,139666070317,2496006,0
139.671,6,139668593323,2496006,0
139.674,23,139671116329,2469000,1
139.674,6,139671116329,2469000,1
139.676,10,139673601329,2496006,0
139.679,23,139676160335,2496006,0
139.681,4,139678683341,2496006,0
139.684,6,139681206347,2496006,0
139.686,14,139683747353,2496006,0
139.689,4,139686270359,2496006,0
139.691,6,139688793365,2496006,0
139.694,10,139691316371,2496006,0
139.696,14,139693839377,2496006,0
139.699,23,139696362383,2496006,0
139.701,6,139698885389,2496006,0
139.704,14,139701417395,2496006,0
139.706,3,139703958401,2496006,0
139.709,15,139706481407,2496006,0
139.712,10,139709013413,2496006,0
139.714,14,139711536419,2496006,0
139.717,4,139714059425,2496006,0
139.719,6,139716591431,2496006,0
139.722,15,139719427437,2469000,1
139.724,23,139721903437,2496006,0
139.727,14,139724426443,2469000,1
139.727,21,139724426443,2469000,1
139.729,3,139726902443,2496006,0
139.732,4,139729434449,2496006,0
139.734,6,139731966455,2496006,0
139.737,18,139734498461,2469000,1
139.737,10,139734498461,2469000,1
139.737,6,139734498461,2469000,1
139.739,3,139736983461,2496006,0
139.742,1,139739506467,2496006,0
139.745,15,139742029473,2496006,0
139.747,15,139744552479,2496006,0
139.75,4,139747075485,2469000,1
139.75,23,139747075485,2469000,1
139.75,14,139747075485,2469000,1
139.752,3,139749855491,2469000,1
139.752,1,139749855491,2469000,1
139.755,14,139752340491,2496006,0
139.757,15,139754863497,2469000,1
139.757,10,139754863497,2469000,1
139.76,14,139757339497,2496006,0
139.762,23,139759862503,2496006,0
139.765,16,139762394509,2469000,1
139.765,14,139762394509,2469000,1
139.767,13,139764861509,2469000,1
139.767,3,139764861509,2469000,1
139.77,1,139767328509,2496006,0
139.772,4,139769887515,2496006,0
139.775,4,139772419521,2496006,0
139.777,6,139774978527,2469000,1
139.777,23,139774978527,2469000,1
139.78,1,139777445527,2496006,0
139.782,14,139779977533,2496006,0
139.785,15,139782500539,2496006,0
139.788,15,139785023545,2496006,0
139.79,1,139787546551,2496006,0
139.793,11,139790069557,2496006,0
139.795,2,139792601563,2469000,1
139.795,4,139792601563,2469000,1
139.795,15,139792601563,2469000,1
139.798,1,139795104563,2496006,0
139.8,4,139797636569,2496006,0
139.803,23,139800177575,2469000,1
139.803,14,139800177575,2469000,1
139.803,4,139800177575,2469000,1
139.805,11,139802653575,2496006,0
139.808,17,139805176581,2496006,0
139.81,3,139807699587,2496006,0
139.813,11,139810240593,2496006,0
139.815,10,139812763599,2496006,0
139.818,1,139815286605,2496006,0
139.82,16,139817818611,2496006,0
139.823,17,139820341617,2496006,0
139.826,10,139823195623,2469000,1
139.826,18,139823195623,2469000,1
139.826,16,139823195623,2469000,1
139.828,1,139825662623,2496006,0
139.831,17,139828194629,2469000,1
139.831,21,139828194629,2469000,1
139.831,13,139828194629,2469000,1
139.833,3,139830661629,2469000,1
139.833,1,139830661629,2469000,1
139.836,9,139833128629,2496006,0
139.838,15,139835651635,2469000,1
139.841,11,139838118635,2496006,0
139.843,6,139840659641,2469000,1
139.843,4,139840659641,2469000,1
139.848,14,139845658647,2496006,0
139.851,11,139848181653,2496006,0
139.854,5,139851017659,2496006,0
139.856,3,139853540665,2496006,0
139.859,23,139856072671,2469000,1
139.859,9,139856072671,2469000,1
139.861,10,139858548671,2496006,0
139.864,5,139861071677,2496006,0
139.866,5,139863603683,2496006,0
139.869,7,139866126689,2469000,1
139.869,9,139866126689,2469000,1
139.871,1,139868611689,2496006,0
139.874,16,139871134695,2469000,1
139.874,14,139871134695,2469000,1
139.874,11,139871134695,2469000,1
139.874,3,139871134695,2469000,1
139.876,10,139873610695,2496006,0
139.879,17,139876151701,2469000,1
139.879,4,139876151701,2469000,1
139.881,11,139878627701,2496006,0
139.884,7,139881150707,2496006,0
139.886,21,139883673713,2496006,0
139.889,1,139886196719,2496006,0
139.891,5,139888719725,2496006,0
139.894,7,139891251731,2496006,0
139.896,3,139893774737,2469000,1
139.896,7,139893774737,2469000,1
139.899,10,139896241737,2496006,0
139.901,1,139898773743,2496006,0
139.904,5,139901305749,2496006,0
139.906,11,139903846755,2469000,1
139.906,21,139903846755,2469000,1
139.909,1,139906331755,2496006,0
139.911,15,139908854761,2496006,0
139.916,7,139913900773,2496006,0
139.919,14,139916423779,2496006,0
139.921,19,139918946785,2469000,1
139.921,21,139918946785,2469000,1
139.924,10,139921413785,2496006,0
139.927,5,139924249791,2496006,0
139.929,1,139926772797,2469000,1
139.929,17,139926772797,2469000,1
139.932,3,139929257797,2469000,1
139.932,11,139929257797,2469000,1
139.934,16,139931733797,2496006,0
139.937,7,139934256803,2469000,1
139.937,15,139934256803,2469000,1
139.939,10,139936741803,2469000,1
139.939,1,139936741803,2469000,1
139.942,15,139939208803,2496006,0
139.944,5,139941731809,2496006,0
139.947,14,139944254815,2496006,0
139.949,14,139946777821,2496006,0
139.952,11,139949309827,2496006,0
139.954,16,139951841833,2496006,0
139.957,14,139954677839,2469000,1
139.957,11,139954677839,2469000,1
139.96,5,139957144839,2469000,1
139.96,9,139957144839,2469000,1
139.962,15,139959620839,2469000,1
139.962,7,139959620839,2469000,1
139.965,11,139962087839,2496006,0
139.967,16,139964628845,2496006,0
139.97,11,139967160851,2469000,1
139.97,1,139967160851,2469000,1
139.972,21,139969636851,2496006,0
139.975,23,139972159857,2469000,1
139.975,14,139972159857,2469000,1
139.977,10,139974689857,2469000,1
139.977,16,139974689857,2469000,1
139.98,15,139977156857,2469000,1
139.98,7,139977156857,2469000,1
139.982,9,139979623857,2469000,1
139.982,21,139979623857,2469000,1
139.985,5,139982099857,2469000,1
139.987,8,139984566857,2469000,1
139.987,21,139984566857,2469000,1
139.99,11,139987042857,2496006,0
139.992,11,139989601863,2469000,1
139.992,5,139989601863,2469000,1
139.995,14,139992095863,2496006,0
139.997,16,139994627869,2496006,0
140,6,139997150875,2496006,0
140.002,11,139999673881,2496006,0
140.005,16,140002196887,2496006,0
140.007,10,140004764893,2496006,0
140.01,14,140007296899,2496006,0
140.012,3,140009819905,2496006,0
140.015,6,140012342911,2469000,1
140.015,21,140012342911,2469000,1
140.015,10,140012342911,2469000,1
140.017,3,140014818911,2496006,0
140.02,14,140017341917,2496006,0
140.022,16,140019873923,2469000,1
140.022,11,140019873923,2469000,1
140.025,10,140022367923,2496006,0
140.027,15,140024890929,2469000,1
140.027,10,140024890929,2469000,1
140.03,3,140027670935,2496006,0
140.033,3,140030256941,2469000,1
140.033,14,140030256941,2469000,1
140.035,11,140032732941,2496006,0
140.04,4,140037814953,2496006,0
140.043,6,140040337959,2496006,0
140.045,11,140042860965,2469000,1
140.045,16,140042860965,2469000,1
140.048,14,140045372965,2496006,0
140.05,23,140047895971,2496006,0
140.053,6,140050427977,2496006,0
140.055,10,140052950983,2469000,1
140.055,11,140052950983,2469000,1
140.058,4,140055748989,2469000,1
140.058,16,140055748989,2469000,1
140.061,10,140058224989,2496006,0
140.063,23,140060747995,2496006,0
140.066,3,140063316001,2469000,1
140.066,14,140063316001,2469000,1
140.066,6,140063316001,2469000,1
140.068,10,140065783001,2496006,0
140.071,17,140068306007,2496006,0
140.073,14,140070838013,2469000,1
140.073,10,140070838013,2469000,1
140.076,17,140073314013,2496006,0
140.078,5,140075837019,2496006,0
140.081,2,140078369025,2469000,1
140.081,4,140078369025,2469000,1
140.081,3,140078369025,2469000,1
140.083,23,140080836025,2469000,1
140.083,17,140080836025,2469000,1
140.086,1,140083312025,2469000,1
140.086,11,140083312025,2469000,1
140.088,14,140085815025,2469000,1
140.088,5,140085815025,2469000,1
140.091,15,140088282025,2496006,0
140.093,10,140090832031,2496006,0
140.096,6,140093355037,2469000,1
140.096,10,140093355037,2469000,1
140.098,12,140095831037,2496006,0
140.101,23,140098363043,2496006,0
140.103,12,140100886049,2496006,0
140.106,15,140103409055,2496006,0
140.108,4,140105941061,2469000,1
140.108,17,140105941061,2469000,1
140.111,20,140108408061,2469000,1
140.111,15,140108408061,2469000,1
140.113,17,140110875061,2496006,0
140.116,7,140113407067,2469000,1
140.116,17,140113407067,2469000,1
140.118,17,140115876067,2496006,0
140.121,5,140118399073,2496006,0
140.123,23,140120922079,2496006,0
140.126,12,140123463085,2496006,0
140.128,10,140125986091,2496006,0
140.131,10,140128831097,2469000,1
140.134,17,140131298097,2496006,0
140.136,23,140133821103,2496006,0
140.139,12,140136344109,2496006,0
140.141,5,140138885115,2496006,0
140.144,6,140141435121,2496006,0
140.146,6,140143958127,2496006,0
140.149,23,140146481133,2496006,0
140.152,17,140149040139,2496006,0
140.154,10,140151563145,2469000,1
140.154,12,140151563145,2469000,1
140.156,5,140154030145,2469000,1
140.156,15,140154030145,2469000,1
140.159,6,140156515145,2496006,0
140.162,17,140159351151,2496006,0
140.164,21,140161874157,2469000,1
140.164,5,140161874157,2469000,1
140.167,23,140164350157,2496006,0
140.169,9,140166873163,2496006,0
140.172,6,140169396169,2469000,1
140.172,16,140169396169,2469000,1
140.172,3,140169396169,2469000,1
140.174,8,140171881169,2496006,0
140.179,9,140176963181,2496006,0
140.182,23,140179486187,2496006,0
140.185,17,140182009193,2496006,0
140.187,8,140184541199,2496006,0
140.19,23,140187082205,2469000,1
140.19,9,140187082205,2469000,1
140.192,8,140189567205,2496006,0
140.195,17,140192090211,2469000,1
140.195,12,140192090211,2469000,1
140.197,18,140194566211,2496006,0
140.2,6,140197107217,2496006,0
140.202,17,140199648223,2496006,0
140.205,18,140202171229,2496006,0
140.207,5,140204694235,2469000,1
140.207,8,140204694235,2469000,1
140.21,17,140207161235,2496006,0
140.212,18,140209693241,2469000,1
140.212,17,140209693241,2469000,1
140.215,9,140212160241,2496006,0
140.217,6,140214710247,2496006,0
140.22,9,140217233253,2496006,0
140.222,23,140219765259,2469000,1
140.222,8,140219765259,2469000,1
140.222,9,140219765259,2469000,1
140.227,4,140224755265,2496006,0
140.23,15,140227287271,2469000,1
140.23,9,140227287271,2469000,1
140.232,10,140229754271,2496006,0
140.235,6,140232599277,2496006,0
140.238,10,140235122283,2496006,0
140.24,11,140237654289,2469000,1
140.24,10,140237654289,2469000,1
140.243,4,140240121289,2496006,0
140.245,18,140242653295,2469000,1
140.245,17,140242653295,2469000,1
140.248,18,140245122295,2496006,0
140.25,18,140247645301,2496006,0
140.253,6,140250168307,2496006,0
140.255,21,140252700313,2496006,0
140.258,14,140255223319,2496006,0
140.26,14,140257746325,2496006,0
140.263,18,140260582331,2496006,0
140.266,12,140263114337,2469000,1
140.266,4,140263114337,2469000,1
140.268,8,140265599337,2496006,0
140.271,21,140268131343,2496006,0
140.273,21,140270663349,2496006,0
140.276,22,140273186355,2469000,1
140.276,1,140273186355,2469000,1
140.276,6,140273186355,2469000,1
140.278,8,140275662355,2496006,0
140.281,14,140278185361,2496006,0
140.283,4,140280708367,2496006,0
140.286,8,140283231373,2496006,0
140.288,10,140285754379,2469000,1
140.288,18,140285754379,2469000,1
140.291,21,140288221379,2469000,1
140.291,8,140288221379,2469000,1
140.293,14,140290688379,2469000,1
140.293,6,140290688379,2469000,1
140.293,4,140290688379,2469000,1
140.296,8,140293155379,2469000,1
140.296,4,140293157379,2469000,1
140.298,14,140295651379,2496006,0
140.301,18,140298219385,2469000,1
140.301,21,140298219385,2469000,1
140.303,14,140300695385,2496006,0
140.306,3,140303245391,2496006,0
140.308,17,140305786397,2496006,0
140.311,23,140308318403,2496006,0
140.313,21,140310859409,2496006,0
140.316,14,140313391415,2469000,1
140.316,9,140313391415,2469000,1
140.318,6,140315867415,2469000,1
140.318,4,140315867415,2469000,1
140.318,21,140315867415,2469000,1
140.321,17,140318334415,2496006,0
140.323,23,140320857421,2496006,0
140.326,12,140323389427,2469000,1
140.326,3,140323389427,2469000,1
140.328,21,140325883427,2496006,0
140.331,22,140328406433,2469000,1
140.331,21,140328406433,2469000,1
140.333,23,140330873433,2469000,1
140.333,17,140330873433,2469000,1
140.333,16,140330873433,2469000,1
140.336,15,140333662439,2496006,0
140.339,14,140336194445,2469000,1
140.341,4,140338733445,2496006,0
140.344,21,140341265451,2469000,1
140.344,17,140341265451,2469000,1
140.344,15,140341265451,2469000,1
140.346,14,140343732451,2496006,0
140.349,10,140346309457,2496006,0
140.351,3,140348832463,2469000,1
140.351,4,140348832463,2469000,1
140.354,14,140351299463,2496006,0
140.356,8,140353822469,2469000,1
140.356,10,140353822469,2469000,1
140.359,23,140356298469,2496006,0
140.361,14,140358839475,2469000,1
140.361,7,140358839475,2469000,1
140.361,18,140358839475,2469000,1
140.364,5,140361315475,2496006,0
140.367,15,140364151481,2496006,0
140.369,18,140366674487,2496006,0
140.372,1,140369224493,2469000,1
140.372,9,140369224493,2469000,1
140.374,23,140371700493,2469000,1
140.377,15,140374167493,2469000,1
140.377,4,140374167493,2469000,1
140.379,14,140376652493,2496006,0
140.382,5,140379175499,2469000,1
140.384,18,140381642499,2469000,1
140.387,10,140384111499,2496006,0
140.389,15,140386643505,2496006,0
140.392,11,140389166511,2496006,0
140.394,17,140391689517,2496006,0
140.397,14,140394221523,2469000,1
140.399,17,140396688523,2496006,0
140.404,17,140401770535,2496006,0
140.407,10,140404293541,2496006,0
140.409,11,140406816547,2496006,0
140.412,12,140409339553,2496006,0
140.414,15,140411862559,2496006,0
140.417,10,140414403565,2496006,0
140.419,5,140416935571,2469000,1
140.419,14,140416935571,2469000,1
140.422,23,140419402571,2496006,0
140.424,12,140421925577,2496006,0
140.427,18,140424448583,2496006,0
140.429,23,140426971589,2469000,1
140.429,12,140426971589,2469000,1
140.432,4,140429438589,2496006,0
140.434,17,140431961595,2496006,0
140.437,11,140434484601,2496006,0
140.44,21,140437320607,2469000,1
140.44,10,140437320607,2469000,1
140.442,6,140439787607,2496006,0
140.445,15,140442319613,2469000,1
140.445,14,140442319613,2469000,1
140.445,12,140442319613,2469000,1
140.447,3,140444786613,2496006,0
140.45,5,140447309619,2469000,1
140.45,23,140447309619,2469000,1
140.452,17,140449776619,2496006,0
140.455,4,140452299625,2469000,1
140.455,18,140452299625,2469000,1
140.457,10,140454766625,2496006,0
140.46,11,140457298631,2469000,1
140.462,17,140459765631,2496006,0
140.465,6,140462306637,2469000,1
140.465,3,140462306637,2469000,1
140.468,15,140465113643,2496006,0
140.47,17,140467654649,2496006,0
140.473,10,140470177655,2496006,0
140.475,5,140472700661,2496006,0
140.478,8,140475223667,2469000,1
140.478,10,140475223667,2469000,1
140.48,17,140477690667,2496006,0
140.483,19,140480213673,2469000,1
140.483,18,140480213673,2469000,1
140.485,17,140482725673,2469000,1
140.485,4,140482725673,2469000,1
140.485,6,140482725673,2469000,1
140.488,15,140485192673,2469000,1
140.488,10,140485192673,2469000,1
140.49,3,140487695673,2469000,1
140.49,5,140487695673,2469000,1
140.493,11,140490162673,2496006,0
140.495,4,140492694679,2496006,0
140.498,17,140495262685,2496006,0
140.5,4,140497812691,2469000,1
140.5,11,140497812691,2469000,1
140.5,17,140497812691,2469000,1
140.505,5,140502829697,2496006,0
140.508,5,140505352703,2496006,0
140.51,23,140507893709,2469000,1
140.51,15,140507893709,2469000,1
140.513,6,140510360709,2496006,0
140.515,6,140512883715,2496006,0
140.518,6,140515415721,2496006,0
140.52,5,140517947727,2496006,0
140.523,12,140520470733,2469000,1
140.523,11,140520470733,2469000,1
140.525,13,140522937733,2469000,1
140.525,4,140522937733,2469000,1
140.528,17,140525413733,2496006,0
140.53,4,140527954739,2496006,0
140.533,18,140530495745,2496006,0
140.536,6,140533045751,2496006,0
140.538,5,140535577757,2496006,0
140.541,17,140538431763,2469000,1
140.543,11,140540898763,2496006,0
140.546,4,140543421769,2469000,1
140.546,10,140543421769,2469000,1
140.548,18,140545915769,2496006,0
140.551,11,140548456775,2496006,0
140.553,23,140550979781,2469000,1
140.553,5,140550979781,2469000,1
140.553,4,140550979781,2469000,1
140.556,6,140553446781,2496006,0
140.558,18,140555969787,2469000,1
140.558,3,140555969787,2469000,1
140.558,4,140555969787,2469000,1
140.561,15,140558472787,2496006,0
140.563,22,140560995793,2496006,0
140.566,6,140563518799,2496006,0
140.569,14,140566050805,2469000,1
140.569,5,140566050805,2469000,1
140.569,18,140566050805,2469000,1
140.569,22,140566050805,2469000,1
140.571,6,140568830811,2496006,0
140.574,11,140571362817,2496006,0
140.576,6,140573885823,2496006,0
140.579,17,140576408829,2496006,0
140.581,21,140578940835,2496006,0
140.584,17,140581472841,2469000,1
140.586,15,140583939841,2496006,0
140.589,11,140586462847,2496006,0
140.592,8,140589012853,2496006,0
140.594,22,140591535859,2496006,0
140.597,21,140594058865,2496006,0
140.599,3,140596581871,2469000,1
140.599,14,140596581871,2469000,1
140.602,6,140599057871,2496006,0
140.604,22,140601580877,2496006,0
140.607,15,140604103883,2496006,0
140.609,22,140606626889,2496006,0
140.612,11,140609149895,2496006,0
140.614,22,140611681901,2496006,0
140.617,22,140614204907,2496006,0
140.619,6,140616727913,2469000,1
140.619,8,140616727913,2469000,1
140.619,11,140616727913,2469000,1
140.622,15,140619203913,2469000,1
140.622,11,140619203913,2469000,1
140.624,4,140621679913,2496006,0
140.627,22,140624202919,2469000,1
140.627,21,140624202919,2469000,1
140.629,4,140626669919,2496006,0
140.632,5,140629228925,2496006,0
140.634,17,140631751931,2496006,0
140.637,5,140634283937,2469000,1
140.639,23,140636759937,2469000,1
140.642,17,140639226937,2469000,1
140.642,15,140639226937,2469000,1
140.644,4,140642006943,2469000,1
140.644,5,140642006943,2469000,1
140.647,5,140644500943,2496006,0
140.649,18,140647023949,2469000,1
140.652,8,140649499949,2496006,0
140.654,10,140652022955,2469000,1
140.654,22,140652022955,2469000,1
140.657,6,140654489955,2496006,0
140.66,21,140657021961,2496006,0
140.662,15,140659544967,2469000,1
140.665,5,140662029967,2496006,0
140.667,9,140664552973,2496006,0
140.67,21,140667075979,2469000,1
140.672,12,140669864985,2469000,1
140.672,17,140669864985,2469000,1
140.675,8,140672340985,2496006,0
140.677,6,140674863991,2469000,1
140.677,22,140674863991,2469000,1
140.677,8,140674863991,2469000,1
140.68,11,140677339991,2496006,0
140.682,2,140679862997,2469000,1
140.682,4,140679862997,2469000,1
140.685,9,140682329997,2496006,0
140.687,15,140684853003,2496006,0
140.69,6,140687385009,2496006,0
140.692,5,140689908015,2496006,0
140.695,5,140692440021,2496006,0
140.697,9,140694963027,2496006,0
140.7,15,140697504033,2496006,0
140.703,11,140700027039,2496006,0
140.705,8,140702550045,2496006,0
140.708,9,140705082051,2496006,0
140.71,6,140707605057,2496006,0
140.713,11,140710146063,2496006,0
140.715,15,140712678069,2496006,0
140.718,5,140715210075,2496006,0
140.72,21,140717733081,2496006,0
140.723,8,140720256087,2496006,0
140.725,9,140722788093,2496006,0
140.728,11,140725320099,2496006,0
140.73,17,140727843105,2496006,0
140.733,15,140730366111,2469000,1
140.733,6,140730366111,2469000,1
140.735,9,140732842111,2469000,1
140.735,8,140732842111,2469000,1
140.738,5,140735318111,2496006,0
140.74,11,140737841117,2469000,1
140.74,5,140737841117,2469000,1
140.743,21,140740335117,2469000,1
140.743,15,140740335117,2469000,1
140.743,6,140740335117,2469000,1
140.746,22,140743115123,2496006,0
140.748,11,140745656129,2469000,1
140.748,22,140745656129,2469000,1
140.751,5,140748123129,2469000,1
140.751,22,140748125129,2469000,1
140.753,17,140750592129,2496006,0
140.756,8,140753124135,2469000,1
140.756,6,140753124135,2469000,1
140.758,22,140755609135,2496006,0
140.761,4,140758132141,2496006,0
140.763,17,140760682147,2496006,0
140.766,4,140763205153,2469000,1
140.766,17,140763205153,2469000,1
140.768,9,140765672153,2469000,1
140.768,4,140765674153,2469000,1
140.771,22,140768186153,2469000,1
140.771,9,140768186153,2469000,1
140.773,22,140770655153,2496006,0
140.776,21,140773509159,2496006,0
140.779,22,140776068165,2496006,0
140.784,22,140781168177,2469000,1
140.784,7,140781168177,2469000,1
140.786,21,140783635177,2496006,0
140.789,5,140786158183,2469000,1
140.789,9,140786158183,2469000,1
140.791,17,140788625183,2496006,0
140.794,8,140791148189,2496006,0
140.796,16,140793680195,2469000,1
140.796,15,140793680195,2469000,1
140.799,8,140796174195,2496006,0
140.801,8,140798697201,2496006,0
140.804,6,140801220207,2469000,1
140.804,21,140801220207,2469000,1
140.806,11,140803696207,2469000,1
140.806,21,140803696207,2469000,1
140.809,17,140806163207,2496006,0
140.811,18,140808695213,2496006,0
140.814,4,140811227219,2469000,1
140.814,17,140811227219,2469000,1
140.816,8,140813703219,2496006,0
140.819,17,140816226225,2496006,0
140.821,22,140818749231,2496006,0
140.824,18,140821281237,2469000,1
140.824,21,140821281237,2469000,1
140.826,22,140823775237,2469000,1
140.826,10,140823775237,2469000,1
140.831,8,140828810243,2496006,0
140.834,22,140831333249,2496006,0
140.836,17,140833856255,2496006,0
140.839,8,140836388261,2496006,0
140.841,8,140838956267,2496006,0
140.844,17,140841488273,2496006,0
140.847,21,140844011279,2496006,0
140.849,22,140846847285,2496006,0
140.852,8,140849379291,2496006,0
140.854,18,140851911297,2496006,0
140.857,8,140854452303,2469000,1
140.857,21,140854452303,2469000,1
140.859,17,140856928303,2496006,0
140.862,22,140859451309,2496006,0
140.864,3,140861974315,2496006,0
140.867,22,140864497321,2496006,0
140.87,17,140867020327,2496006,0
140.872,12,140869543333,2469000,1
140.872,7,140869543333,2469000,1
140.875,3,140872010333,2496006,0
140.877,18,140874846339,2496006,0
140.882,18,140879901351,2496006,0
140.885,18,140882442357,2496006,0
140.887,17,140884974363,2496006,0
140.89,22,140887515369,2496006,0
140.893,3,140890056375,2496006,0
140.895,3,140892588381,2496006,0
140.898,21,140895111387,2496006,0
140.9,17,140897643393,2469000,1
140.9,18,140897643393,2469000,1
140.9,8,140897643393,2469000,1
140.903,21,140900110393,2496006,0
140.905,20,140902651399,2496006,0
140.908,22,140905174405,2496006,0
140.91,18,140907706411,2496006,0
140.913,20,140910229417,2496006,0
140.915,21,140912770423,2469000,1
140.915,17,140912770423,2469000,1
140.918,20,140915237423,2496006,0
140.92,3,140917760429,2469000,1
140.92,20,140917760429,2469000,1
140.923,21,140920227429,2496006,0
140.925,15,140922750435,2496006,0
140.928,17,140925273441,2469000,1
140.928,21,140925273441,2469000,1
140.93,9,140927740441,2469000,1
140.93,4,140927740441,2469000,1
140.93,3,140927740441,2469000,1
140.933,11,140930207441,2496006,0
140.935,15,140932730447,2469000,1
140.938,22,140935197447,2496006,0
140.94,18,140937720453,2496006,0
140.943,18,140940252459,2496006,0
140.945,5,140942775465,2469000,1
140.945,21,140942775465,2469000,1
140.948,22,140945242465,2496006,0
140.951,11,140948105471,2469000,1
140.951,15,140948105471,2469000,1
140.953,18,140950590471,2496006,0
140.956,22,140953113477,2469000,1
140.956,18,140953113477,2469000,1
140.958,15,140955589477,2496006,0
140.961,22,140958130483,2496006,0
140.963,14,140960653489,2469000,1
140.963,22,140960653489,2469000,1
140.966,8,140963138489,2496006,0
140.968,20,140965661495,2496006,0
140.971,15,140968202501,2496006,0
140.973,11,140970734507,2496006,0
140.976,18,140973257513,2496006,0
140.978,18,140975789519,2496006,0
140.981,20,140978634525,2496006,0
140.984,20,140981166531,2496006,0
140.986,11,140983707537,2469000,1
140.986,8,140983707537,2469000,1
140.991,15,140988706543,2469000,1
140.991,18,140988706543,2469000,1
140.994,20,140991173543,2496006,0
140.996,21,140993732549,2496006,0
140.999,22,140996264555,2496006,0
141.001,18,140998787561,2496006,0
141.004,20,141001310567,2496006,0
141.006,8,141003833573,2496006,0
141.009,18,141006356579,2469000,1
141.009,20,141006356579,2469000,1
141.011,3,141008832579,2469000,1
141.011,11,141008832579,2469000,1
141.014,8,141011299579,2496006,0
141.016,18,141013831585,2496006,0
141.019,21,141016381591,2469000,1
141.019,18,141016381591,2469000,1
141.021,15,141018848591,2469000,1
141.021,3,141018848591,2469000,1
141.024,8,141021324591,2469000,1
141.024,22,141021324591,2469000,1
141.026,20,141023827591,2496006,0
141.029,4,141026377597,2496006,0
141.031,21,141028900603,2496006,0
141.036,4,141033973615,2469000,1
141.036,20,141033973615,2469000,1
141.039,8,141036458615,2496006,0
141.041,18,141038999621,2496006,0
141.044,21,141041522627,2496006,0
141.047,21,141044054633,2496006,0
141.049,11,141046586639,2496006,0
141.052,8,141049118645,2469000,1
141.052,11,141049118645,2469000,1
141.054,22,141051898651,2496006,0
141.057,21,141054421657,2469000,1
141.057,18,141054421657,2469000,1
141.057,15,141054421657,2469000,1
141.059,20,141056888657,2496006,0
141.062,20,141059420663,2496006,0
141.064,22,141061952669,2496006,0
141.067,20,141064475675,2496006,0
141.07,4,141067007681,2496006,0
141.072,4,141069530687,2496006,0
141.075,22,141072071693,2496006,0
141.077,17,141074603699,2469000,1
141.077,8,141074603699,2469000,1
141.08,22,141077070699,2496006,0
141.085,21,141082438711,2496006,0
141.087,22,141084961717,2496006,0
141.09,4,141087493723,2496006,0
141.093,20,141090016729,2496006,0
141.095,6,141092557735,2469000,1
141.095,10,141092557735,2469000,1
141.095,18,141092557735,2469000,1
141.098,4,141095033735,2469000,1
141.098,21,141095033735,2469000,1
141.1,20,141097500735,2469000,1
141.1,22,141097500735,2469000,1
141.1,11,141097500735,2469000,1
141.102,20,141099985735,2496006,0
141.105,23,141102517741,2496006,0
141.108,20,141105067747,2496006,0
141.11,4,141107626753,2496006,0
141.113,23,141110158759,2496006,0
141.115,23,141112699765,2496006,0
141.118,18,141115222771,2496006,0
141.12,20,141117763777,2469000,1
141.12,22,141117763777,2469000,1
141.123,18,141120230777,2496006,0
141.128,18,141125276789,2496006,0
141.13,4,141127808795,2469000,1
141.13,20,141127808795,2469000,1
141.133,11,141130275795,2496006,0
141.135,23,141132798801,2496006,0
141.138,21,141135321807,2496006,0
141.14,20,141137853813,2496006,0
141.143,23,141140394819,2496006,0
141.145,8,141142917825,2496006,0
141.148,11,141145449831,2496006,0
141.15,21,141147990837,2469000,1
141.15,18,141147990837,2469000,1
141.153,22,141150457837,2496006,0
141.156,23,141153293843,2496006,0
141.158,11,141155816849,2469000,1
141.158,20,141155816849,2469000,1
141.161,22,141158310849,2496006,0
141.163,23,141160842855,2469000,1
141.163,8,141160842855,2469000,1
141.163,21,141160842855,2469000,1
141.166,15,141163318855,2469000,1
141.166,21,141163318855,2469000,1
141.168,18,141165785855,2496006,0
141.171,22,141168308861,2496006,0
141.173,4,141170831867,2469000,1
141.173,22,141170831867,2469000,1
141.176,4,141173300867,2496006,0
141.181,22,141178364879,2496006,0
141.184,17,141181200885,2469000,1
141.184,23,141181200885,2469000,1
141.186,20,141183703885,2469000,1
141.186,18,141183703885,2469000,1
141.189,4,141186188885,2496006,0
141.191,22,141188711891,2496006,0
141.194,18,141191243897,2496006,0
141.196,11,141193766903,2469000,1
141.196,4,141193766903,2469000,1
141.199,22,141196242903,2496006,0
141.201,8,141198792909,2496006,0
141.204,20,141201324915,2496006,0
141.206,17,141203865921,2496006,0
141.209,20,141206388927,2496006,0
141.211,18,141208911933,2496006,0
141.214,22,141211434939,2496006,0
141.216,20,141213984945,2469000,1
141.216,11,141213984945,2469000,1
141.216,22,141213984945,2469000,1
141.219,8,141216469945,2496006,0
141.221,17,141218992951,2496006,0
141.227,18,141224038963,2496006,0
141.229,18,141226561969,2496006,0
141.232,5,141229093975,2469000,1
141.232,4,141229093975,2469000,1
141.232,18,141229093975,2469000,1
141.234,10,141231569975,2469000,1
141.234,18,141231569975,2469000,1
141.237,18,141234038975,2496006,0
141.239,23,141236579981,2496006,0
141.242,8,141239102987,2469000,1
141.242,23,141239102987,2469000,1
141.244,17,141241569987,2496006,0
141.247,18,141244092993,2496006,0
141.249,11,141246615999,2469000,1
141.249,17,141246615999,2469000,1
141.252,23,141249100999,2496006,0
141.254,23,141251633005,2496006,0
141.257,18,141254478011,2496006,0
141.26,20,141257019017,2496006,0
141.262,15,141259542023,2496006,0
141.265,8,141262065029,2496006,0
141.267,22,141264588035,2496006,0
141.27,18,141267111041,2496006,0
141.272,18,141269679047,2469000,1
141.272,8,141269679047,2469000,1
141.272,23,141269679047,2469000,1
141.275,20,141272146047,2496006,0
141.277,22,141274678053,2469000,1
141.277,20,141274678053,2469000,1
141.28,15,141277154053,2496006,0
141.282,8,141279677059,2496006,0
141.285,18,141282209065,2496006,0
141.288,17,141285045071,2496006,0
141.29,3,141287568077,2496006,0
141.293,8,141290091083,2496006,0
141.295,3,141292641089,2469000,1
141.295,4,141292641089,2469000,1
141.295,22,141292641089,2469000,1
141.295,8,141292641089,2469000,1
141.298,17,141295117089,2469000,1
141.298,15,141295117089,2469000,1
141.3,8,141297584089,2496006,0
141.303,18,141300107095,2496006,0
141.305,8,141302630101,2496006,0
141.308,20,141305171107,2496006,0
141.31,23,141307712113,2469000,1
141.31,3,141307712113,2469000,1
141.313,18,141310188113,2469000,1
141.313,15,141310188113,2469000,1
141.315,20,141312673113,2496006,0
141.318,8,141315196119,2496006,0
141.32,20,141317737125,2496006,0
141.325,17,141322792137,2469000,1
141.325,15,141322792137,2469000,1
141.325,20,141322792137,2469000,1
141.328,12,141325304137,2496006,0
141.33,21,141327836143,2496006,0
141.333,8,141330359149,2496006,0
141.335,12,141332882155,2496006,0
141.338,21,141335414161,2496006,0
141.34,18,141337937167,2496006,0
141.343,3,141340487173,2469000,1
141.343,18,141340487173,2469000,1
141.345,21,141342954173,2496006,0
141.348,17,141345486179,2496006,0
141.35,12,141348018185,2469000,1
141.35,20,141348018185,2469000,1
141.353,8,141350494185,2469000,1
141.353,12,141350494185,2469000,1
141.355,22,141352970185,2496006,0
141.358,21,141355511191,2469000,1
141.358,3,141355511191,2469000,1
141.361,17,141358309197,2496006,0
141.363,22,141360850203,2469000,1
141.366,13,141363344203,2496006,0
141.368,18,141365885209,2469000,1
141.368,13,141365885209,2469000,1
141.371,17,141368352209,2496006,0
141.373,23,141370893215,2496006,0
141.376,8,141373443221,2496006,0
141.378,23,141375975227,2496006,0
141.381,12,141378507233,2496006,0
141.384,17,141381048239,2469000,1
141.384,13,141381048239,2469000,1
141.386,23,141383515239,2469000,1
141.386,21,141383515239,2469000,1
141.389,20,141386295245,2469000,1
141.389,22,141386295245,2469000,1
141.391,17,141388771245,2496006,0
141.394,12,141391294251,2496006,0
141.396,8,141393835257,2496006,0
141.401,17,141398890269,2496006,0
141.404,8,141401440275,2496006,0
141.406,15,141403963281,2496006,0
141.409,21,141406495287,2469000,1
141.409,15,141406495287,2469000,1
141.411,22,141408962287,2496006,0
141.414,12,141411485293,2496006,0
141.416,2,141414008299,2469000,1
141.416,15,141414008299,2469000,1
141.419,8,141416475299,2496006,0
141.421,17,141418998305,2469000,1
141.421,8,141418998305,2469000,1
141.424,22,141421483305,2496006,0
141.427,23,141424006311,2496006,0
141.429,22,141426538317,2496006,0
141.432,23,141429088323,2469000,1
141.432,12,141429088323,2469000,1
141.432,8,141429088323,2469000,1
141.434,22,141431555323,2496006,0
141.437,15,141434096329,2469000,1
141.439,17,141436563329,2469000,1
141.439,22,141436563329,2469000,1
141.442,4,141439039329,2496006,0
141.444,18,141441562335,2496006,0
141.447,4,141444112341,2469000,1
141.447,23,141444112341,2469000,1
141.449,13,141446597341,2496006,0
141.452,12,141449156347,2496006,0
141.454,13,141451679353,2496006,0
141.457,9,141454220359,2469000,1
141.457,18,141454220359,2469000,1
141.459,23,141456714359,2496006,0
141.462,4,141459568365,2496006,0
141.465,22,141462100371,2469000,1
141.465,12,141462100371,2469000,1
141.467,13,141464567371,2469000,1
141.47,8,141467079371,2496006,0
141.472,4,141469602377,2496006,0
141.475,23,141472134383,2496006,0
141.477,18,141474657389,2496006,0
141.48,17,141477207395,2496006,0
141.482,17,141479739401,2496006,0
141.485,8,141482262407,2496006,0
141.487,22,141484785413,2469000,1
141.487,12,141484785413,2469000,1
141.487,8,141484785413,2469000,1
141.49,4,141487261413,2469000,1
141.49,20,141487261413,2469000,1
141.493,18,141490041419,2469000,1
141.493,23,141490041419,2469000,1
141.495,17,141492526419,2496006,0
141.5,13,141497581431,2496006,0
141.503,13,141500113437,2496006,0
141.505,18,141502636443,2496006,0
141.508,3,141505159449,2496006,0
141.51,15,141507718455,2496006,0
141.513,23,141510250461,2496006,0
141.515,18,141512773467,2496006,0
141.518,13,141515296473,2469000,1
141.518,17,141515296473,2469000,1
141.518,15,141515296473,2469000,1
141.52,11,141517772473,2496006,0
141.523,3,141520304479,2496006,0
141.525,23,141522827485,2496006,0
141.528,4,141525350491,2496006,0
141.53,13,141527882497,2469000,1
141.53,23,141527882497,2469000,1
141.533,3,141530358497,2469000,1
141.533,8,141530358497,2469000,1
141.535,11,141532834497,2469000,1
141.535,21,141532834497,2469000,1
141.538,11,141535310497,2496006,0
141.54,18,141537833503,2469000,1
141.54,8,141537833503,2469000,1
141.543,4,141540336503,2496006,0
141.545,12,141542859509,2469000,1
141.545,17,141542859509,2469000,1
141.545,4,141542859509,2469000,1
141.548,23,141545344509,2496006,0
141.55,11,141547867515,2496006,0
141.553,11,141550390521,2496006,0
141.555,11,141552940527,2496006,0
141.558,11,141555463533,2496006,0
141.56,15,141557986539,2469000,1
141.56,11,141557986539,2469000,1
141.563,3,141560471539,2496006,0
141.566,23,141563307545,2469000,1
141.566,4,141563307545,2469000,1
141.571,12,141568342551,2496006,0
141.573,18,141570874557,2496006,0
141.576,12,141573415563,2496006,0
141.578,12,141575938569,2496006,0
141.581,18,141578461575,2469000,1
141.581,22,141578461575,2469000,1
141.581,13,141578461575,2469000,1
141.583,3,141580928575,2496006,0
141.586,12,141583469581,2496006,0
141.588,12,141585992587,2496006,0
141.591,11,141588515593,2496006,0
141.594,4,141591360599,2496006,0
141.596,23,141593883605,2496006,0
141.599,17,141596415611,2496006,0
141.601,4,141598938617,2496006,0
141.604,11,141601461623,2496006,0
141.606,3,141603984629,2496006,0
141.609,12,141606516635,2469000,1
141.611,12,141608985635,2496006,0
141.614,23,141611508641,2496006,0
141.617,11,141614031647,2496006,0
141.619,17,141616554653,2496006,0
141.622,11,141619077659,2496006,0
141.624,12,141621627665,2469000,1
141.624,4,141621627665,2469000,1
141.627,3,141624112665,2496006,0
141.629,4,141626635671,2496006,0
141.632,23,141629158677,2496006,0
141.634,8,141631681683,2469000,1
141.634,18,141631681683,2469000,1
141.637,12,141634148683,2496006,0
141.639,17,141636680689,2469000,1
141.639,11,141636680689,2469000,1
141.639,23,141636680689,2469000,1
141.642,4,141639147689,2469000,1
141.642,17,141639149689,2469000,1
141.644,12,141641643689,2469000,1
141.644,3,141641643689,2469000,1
141.647,15,141644119689,2496006,0
141.649,15,141646642695,2496006,0
141.654,1,141651733707,2496006,0
141.657,15,141654310713,2496006,0
141.659,18,141656842719,2469000,1
141.659,4,141656842719,2469000,1
141.662,1,141659318719,2496006,0
141.664,18,141661841725,2496006,0
141.667,11,141664677731,2496006,0
141.67,3,141667200737,2496006,0
141.672,11,141669723743,2496006,0
141.675,23,141672246749,2469000,1
141.675,12,141672246749,2469000,1
141.677,11,141674722749,2496006,0
141.68,15,141677254755,2496006,0
141.682,3,141679786761,2469000,1
141.682,17,141679786761,2469000,1
141.685,18,141682253761,2496006,0
141.687,3,141684776767,2496006,0
141.69,13,141687299773,2469000,1
141.69,1,141687299773,2469000,1
141.692,4,141689766773,2496006,0
141.695,18,141692289779,2496006,0
141.698,1,141695125785,2496006,0
141.7,3,141697648791,2469000,1
141.7,11,141697648791,2469000,1
141.705,18,141702647797,2496006,0
141.708,1,141705179803,2469000,1
141.708,15,141705179803,2469000,1
141.71,11,141707646803,2496006,0
141.713,18,141710169809,2496006,0
141.715,4,141712719815,2496006,0
141.718,1,141715251821,2469000,1
141.718,4,141715251821,2469000,1
141.72,11,141717736821,2496006,0
141.723,1,141720268827,2496006,0
141.725,18,141722791833,2496006,0
141.728,21,141725332839,2469000,1
141.728,15,141725332839,2469000,1
141.73,4,141727826839,2496006,0
141.733,7,141730349845,2496006,0
141.735,23,141732872851,2496006,0
141.738,12,141735404857,2496006,0
141.74,3,141737927863,2469000,1
141.74,23,141737927863,2469000,1
141.74,12,141737927863,2469000,1
141.743,11,141740394863,2496006,0
141.745,7,141742926869,2469000,1
141.745,4,141742926869,2469000,1
141.745,1,141742926869,2469000,1
141.745,12,141742926869,2469000,1
141.748,18,141745393869,2469000,1
141.748,21,141745393869,2469000,1
141.75,3,141747860869,2496006,0
141.753,11,141750392875,2469000,1
141.753,3,141750392875,2469000,1
141.755,4,141752859875,2469000,1
141.755,18,141752859875,2469000,1
141.758,18,141755335875,2496006,0
141.76,6,141757858881,2496006,0
141.763,18,141760426887,2496006,0
141.765,23,141762976893,2496006,0
141.768,18,141765517899,2469000,1
141.768,5,141765517899,2469000,1
141.771,6,141768306905,2496006,0
141.773,1,141770856911,2496006,0
141.776,7,141773379917,2496006,0
141.778,11,141775902923,2469000,1
141.778,23,141775902923,2469000,1
141.781,6,141778396923,2496006,0
141.783,15,141780919929,2469000,1
141.783,3,141780919929,2469000,1
141.786,7,141783386929,2496006,0
141.788,4,141785945935,2469000,1
141.788,1,141785945935,2469000,1
141.791,17,141788421935,2496006,0
141.793,20,141790953941,2469000,1
141.793,17,141790953941,2469000,1
141.796,6,141793420941,2496006,0
141.799,22,141796301947,2469000,1
141.799,7,141796301947,2469000,1
141.801,18,141798768947,2496006,0
141.804,19,141801291953,2469000,1
141.804,1,141801291953,2469000,1
141.806,11,141803767953,2469000,1
141.806,6,141803767953,2469000,1
141.809,12,141806234953,2496006,0
141.811,12,141808757959,2496006,0
141.814,23,141811289965,2496006,0
141.816,18,141813839971,2496006,0
141.819,2,141816371977,2496006,0
141.821,8,141818903983,2496006,0
141.824,17,141821453989,2469000,1
141.824,7,141821453989,2469000,1
141.824,12,141821453989,2469000,1
141.826,15,141823920989,2496006,0
141.829,8,141826443995,2469000,1
141.829,23,141826443995,2469000,1
141.834,2,141831434001,2496006,0
141.836,1,141833957007,2469000,1
141.836,2,141833957007,2469000,1
141.839,18,141836424007,2496006,0
141.841,3,141838974013,2469000,1
141.841,23,141838974013,2469000,1
141.844,6,141841450013,2496006,0
141.846,12,141843973019,2496006,0
141.849,18,141846496025,2469000,1
141.849,15,141846496025,2469000,1
141.851,12,141848963025,2496006,0
141.854,15,141851486031,2496006,0
141.857,1,141854036037,2496006,0
141.859,12,141856559043,2496006,0
141.862,6,141859100049,2496006,0
141.864,12,141861623055,2496006,0
141.867,8,141864146061,2496006,0
141.869,2,141866669067,2496006,0
141.872,7,141869505073,2496006,0
141.875,2,141872028079,2496006,0
141.877,1,141874560085,2469000,1
141.877,18,141874560085,2469000,1
141.88,15,141877027085,2496006,0
141.882,23,141879550091,2469000,1
141.882,2,141879550091,2469000,1
141.885,6,141882035091,2496006,0
141.887,17,141884558097,2496006,0
141.89,4,141887090103,2469000,1
141.89,12,141887090103,2469000,1
141.89,8,141887090103,2469000,1
141.892,7,141889584103,2469000,1
141.892,1,141889584103,2469000,1
141.895,17,141892069103,2496006,0
141.897,15,141894592109,2496006,0
141.9,17,141897133115,2496006,0
141.902,6,141899978121,2496006,0
141.905,8,141902528127,2496006,0
141.908,15,141905051133,2469000,1
141.908,2,141905051133,2469000,1
141.908,1,141905051133,2469000,1
141.91,13,141907518133,2496006,0
141.913,13,141910041139,2496006,0
141.915,6,141912591145,2469000,1
141.915,11,141912591145,2469000,1
141.915,17,141912591145,2469000,1
141.918,7,141915058145,2496006,0
141.92,7,141917581151,2496006,0
141.923,8,141920104157,2496006,0
141.925,6,141922627163,2496006,0
141.928,12,141925150169,2496006,0
141.93,13,141927673175,2496006,0
141.933,2,141930196181,2469000,1
141.935,10,141932663181,2496006,0
141.938,12,141935213187,2469000,1
141.938,8,141935213187,2469000,1
141.94,6,141937689187,2469000,1
141.94,7,141937689187,2469000,1
141.943,6,141940174187,2469000,1
141.943,7,141940174187,2469000,1
141.945,15,141942650187,2469000,1
141.945,12,141942650187,2469000,1
141.948,23,141945117187,2496006,0
141.95,13,141947640193,2496006,0
141.953,8,141950163199,2496006,0
141.955,18,141952686205,2469000,1
141.955,10,141952686205,2469000,1
141.958,17,141955153205,2496006,0
141.96,8,141957694211,2496006,0
141.963,17,141960217217,2496006,0
141.965,13,141962758223,2469000,1
141.965,22,141962758223,2469000,1
141.968,10,141965225223,2496006,0
141.97,23,141967775229,2496006,0
141.973,10,141970307235,2469000,1
141.973,17,141970307235,2469000,1
141.973,23,141970307235,2469000,1
141.976,13,141973114241,2496006,0
141.978,8,141975637247,2496006,0
141.981,8,141978160253,2469000,1
141.983,17,141980645253,2496006,0
141.988,22,141985736265,2496006,0
141.991,7,141988259271,2496006,0
141.993,17,141990791277,2469000,1
141.993,10,141990791277,2469000,1
141.996,13,141993258277,2496006,0
141.998,8,141995781283,2496006,0
142.001,7,141998313289,2469000,1
142.001,6,141998313289,2469000,1
142.001,17,141998313289,2469000,1
142.004,1,142001093295,2496006,0
142.006,23,142003625301,2496006,0
142.009,23,142006157307,2496006,0
142.011,15,142008689313,2496006,0
142.014,1,142011212319,2496006,0
142.016,22,142013735325,2496006,0
142.019,3,142016258331,2469000,1
142.019,8,142016258331,2469000,1
142.019,15,142016258331,2469000,1
142.021,23,142018743331,2469000,1
142.021,13,142018743331,2469000,1
142.021,22,142018743331,2469000,1
142.024,10,142021219331,2496006,0
142.026,1,142023778337,2496006,0
142.029,10,142026301343,2496006,0
142.031,12,142028824349,2496006,0
142.034,8,142031347355,2469000,1
142.034,1,142031347355,2469000,1
142.036,7,142033841355,2496006,0
142.039,10,142036409361,2496006,0
142.041,12,142038941367,2496006,0
142.044,22,142041464373,2496006,0
142.046,7,142043996379,2469000,1
142.046,23,142043996379,2469000,1
142.049,15,142046481379,2469000,1
142.049,13,142046481379,2469000,1
142.051,22,142048957379,2496006,0
142.054,12,142051480385,2496006,0
142.057,17,142054012391,2496006,0
142.059,10,142056544397,2496006,0
142.062,12,142059067403,2496006,0
142.064,10,142061635409,2469000,1
142.064,22,142061635409,2469000,1
142.064,1,142061635409,2469000,1
142.067,2,142064120409,2469000,1
142.067,18,142064120409,2469000,1
142.067,23,142064120409,2469000,1
142.069,10,142066587409,2469000,1
142.072,17,142069054409,2496006,0
142.074,8,142071595415,2496006,0
142.077,13,142074431421,2469000,1
142.077,12,142074431421,2469000,1
142.077,8,142074431421,2469000,1
142.079,8,142076900421,2496006,0
142.082,23,142079423427,2496006,0
142.084,8,142081973433,2469000,1
142.084,7,142081973433,2469000,1
142.087,17,142084440433,2496006,0
142.089,22,142086972439,2496006,0
142.092,22,142089513445,2496006,0
142.095,23,142092045451,2469000,1
142.095,22,142092045451,2469000,1
142.097,22,142094557451,2496006,0
142.1,12,142097080457,2469000,1
142.1,17,142097080457,2469000,1
142.102,14,142099556457,2469000,1
142.105,16,142102041457,2469000,1
142.105,15,142102041457,2469000,1
142.107,13,142104821463,2469000,1
142.107,17,142104821463,2469000,1
142.11,8,142107288463,2496006,0
142.112,8,142109811469,2496006,0
142.115,22,142112334475,2469000,1
142.117,1,142114846475,2496006,0
142.12,4,142117369481,2469000,1
142.12,23,142117369481,2469000,1
142.122,1,142119836481,2496006,0
142.125,6,142122377487,2496006,0
142.13,8,142127432499,2496006,0
142.132,10,142129982505,2496006,0
142.135,1,142132505511,2469000,1
142.135,10,142132505511,2469000,1
142.137,6,142134981511,2496006,0
142.14,8,142137513517,2496006,0
142.143,6,142140045523,2496006,0
142.145,8,142142577529,2496006,0
142.148,11,142145118535,2496006,0
142.15,7,142147650541,2469000,1
142.15,22,142147650541,2469000,1
142.153,6,142150117541,2469000,1
142.153,10,142150117541,2469000,1
142.155,8,142152593541,2496006,0
142.158,10,142155116547,2496006,0
142.163,11,142160180559,2496006,0
142.165,8,142162712565,2469000,1
142.165,1,142162712565,2469000,1
142.168,11,142165215565,2496006,0
142.17,10,142167756571,2496006,0
142.173,12,142170297577,2469000,1
142.173,22,142170297577,2469000,1
142.175,10,142172800577,2469000,1
142.175,6,142172800577,2469000,1
142.178,11,142175285577,2469000,1
142.178,17,142175285577,2469000,1
142.178,8,142175285577,2469000,1
142.181,22,142178083583,2469000,1
142.181,17,142178083583,2469000,1
142.183,15,142180559583,2469000,1
142.186,1,142183035583,2496006,0
142.188,23,142185567589,2496006,0
142.191,1,142188171595,2496006,0
142.193,23,142190703601,2496006,0
142.196,12,142193235607,2496006,0
142.198,1,142195776613,2469000,1
142.198,19,142195776613,2469000,1
142.201,11,142198243613,2496006,0
142.203,10,142200775619,2496006,0
142.206,23,142203298625,2496006,0
142.209,9,142206152631,2496006,0
142.211,22,142208675637,2469000,1
142.211,12,142208675637,2469000,1
142.211,1,142208675637,2469000,1
142.211,19,142208675637,2469000,1
142.214,11,142211142637,2496006,0
142.216,10,142213665643,2496006,0
142.219,11,142216188649,2496006,0
142.221,10,142218711655,2496006,0
142.224,9,142221243661,2496006,0
142.226,10,142223766667,2496006,0
142.231,6,142228812679,2496006,0
142.234,23,142231335685,2496006,0
142.236,8,142233858691,2469000,1
142.236,19,142233858691,2469000,1
142.239,11,142236334691,2496006,0
142.241,6,142238857697,2496006,0
142.244,20,142241416703,2496006,0
142.246,23,142243939709,2496006,0
142.249,7,142246462715,2469000,1
142.249,9,142246462715,2469000,1
142.251,20,142248929715,2496006,0
142.254,10,142251452721,2469000,1
142.254,20,142251452721,2469000,1
142.256,12,142253919721,2469000,1
142.256,23,142253919721,2469000,1
142.259,23,142256388721,2496006,0
142.261,6,142258920727,2496006,0
142.264,11,142261452733,2496006,0
142.269,11,142266534745,2469000,1
142.269,1,142266534745,2469000,1
142.271,23,142269001745,2469000,1
142.271,10,142269001745,2469000,1
142.274,23,142271477745,2496006,0
142.277,6,142274009751,2496006,0
142.279,12,142276541757,2496006,0
142.282,11,142279413763,2496006,0
142.284,23,142281945769,2496006,0
142.287,20,142284468775,2496006,0
142.289,8,142286991781,2469000,1
142.289,12,142286991781,2469000,1
142.292,9,142289467781,2496006,0
142.294,11,142291990787,2469000,1
142.294,6,142291990787,2469000,1
142.294,9,142291990787,2469000,1
142.297,23,142294484787,2469000,1
142.297,20,142294484787,2469000,1
142.299,18,142296960787,2469000,1
142.299,19,142296960787,2469000,1
142.299,20,142296960787,2469000,1
142.302,6,142299436787,2496006,0
142.304,12,142301959793,2469000,1
142.307,11,142304426793,2496006,0
142.309,11,142306967799,2496006,0
142.312,2,142309803805,2496006,0
142.315,6,142312335811,2496006,0
142.317,2,142314858817,2496006,0
142.32,9,142317381823,2496006,0
142.322,10,142319904829,2469000,1
142.322,2,142319904829,2469000,1
142.325,6,142322389829,2469000,1
142.325,3,142322389829,2469000,1
142.327,17,142324883829,2496006,0
142.33,23,142327406835,2496006,0
142.332,11,142329929841,2496006,0
142.335,10,142332470847,2496006,0
142.337,17,142334993853,2469000,1
142.337,10,142334993853,2469000,1
142.34,9,142337469853,2496006,0
142.342,20,142340001859,2496006,0
142.345,13,142342524865,2496006,0
142.348,19,142345047871,2496006,0
142.353,23,142350102883,2496006,0
142.355,11,142352625889,2496006,0
142.358,23,142355148895,2496006,0
142.36,9,142357671901,2496006,0
142.363,19,142360194907,2469000,1
142.363,2,142360194907,2469000,1
142.365,20,142362661907,2496006,0
142.368,13,142365193913,2469000,1
142.368,6,142365193913,2469000,1
142.37,17,142367669913,2469000,1
142.37,20,142367669913,2469000,1
142.373,11,142370172913,2496006,0
142.375,1,142372704919,2469000,1
142.375,10,142372704919,2469000,1
142.375,20,142372704919,2469000,1
142.378,23,142375180919,2496006,0
142.38,12,142377703925,2469000,1
142.38,9,142377703925,2469000,1
142.383,19,142380188925,2496006,0
142.386,7,142383024931,2496006,0
142.388,11,142385547937,2496006,0
142.391,13,142388070943,2496006,0
142.393,19,142390593949,2496006,0
142.396,13,142393116955,2496006,0
142.398,9,142395648961,2496006,0
142.401,11,142398171967,2496006,0
142.403,22,142400703973,2469000,1
142.403,23,142400703973,2469000,1
142.406,7,142403215973,2496006,0
142.408,19,142405738979,2496006,0
142.411,11,142408261985,2496006,0
142.414,13,142411097991,2496006,0
142.416,16,142413620997,2496006,0
142.419,9,142416144003,2496006,0
142.421,15,142418667009,2496006,0
142.424,13,142421190015,2496006,0
142.426,6,142423713021,2469000,1
142.426,9,142423713021,2469000,1
142.429,19,142426189021,2496006,0
142.431,11,142428712027,2496006,0
142.434,23,142431235033,2496006,0
142.436,2,142433758039,2469000,1
142.436,23,142433758039,2469000,1
142.439,23,142436227039,2496006,0
142.441,7,142438750045,2496006,0
142.444,15,142441282051,2469000,1
142.444,16,142441282051,2469000,1
142.444,23,142441282051,2469000,1
142.446,16,142443751051,2496006,0
142.449,13,142446274057,2469000,1
142.449,7,142446274057,2469000,1
142.451,23,142448759057,2496006,0
142.454,19,142451300063,2496006,0
142.456,11,142453832069,2496006,0
142.459,9,142456373075,2496006,0
142.461,6,142458896081,2469000,1
142.461,16,142458896081,2469000,1
142.464,19,142461363081,2469000,1
142.464,17,142461363081,2469000,1
142.466,23,142463830081,2469000,1
142.469,10,142466306081,2469000,1
142.469,13,142466306081,2469000,1
142.471,7,142468782081,2496006,0
142.474,20,142471314087,2469000,1
142.474,9,142471314087,2469000,1
142.476,11,142473781087,2469000,1
142.476,15,142473781087,2469000,1
142.479,1,142476248087,2496006,0
142.481,8,142478789093,2496006,0
142.484,23,142481348099,2496006,0
142.487,16,142484202105,2469000,1
142.487,7,142484202105,2469000,1
142.489,8,142486669105,2496006,0
142.492,1,142489192111,2496006,0
142.494,23,142491733117,2496006,0
142.497,12,142494256123,2496006,0
142.499,1,142496779129,2496006,0
142.502,5,142499302135,2496006,0
142.504,12,142501825141,2496006,0
142.507,19,142504348147,2469000,1
142.507,5,142504348147,2469000,1
142.509,1,142506833147,2469000,1
142.509,17,142506833147,2469000,1
142.509,13,142506833147,2469000,1
142.512,11,142509300147,2469000,1
142.512,5,142509300147,2469000,1
142.514,7,142511767147,2496006,0
142.517,8,142514612153,2496006,0
142.52,9,142517135159,2469000,1
142.52,16,142517135159,2469000,1
142.52,12,142517135159,2469000,1
142.522,23,142519611159,2496006,0
142.525,8,142522143165,2496006,0
142.527,7,142524675171,2469000,1
142.527,23,142524675171,2469000,1
142.532,8,142529701177,2496006,0
142.535,23,142532251183,2496006,0
142.537,3,142534774189,2469000,1
142.537,15,142534774189,2469000,1
142.54,1,142537241189,2496006,0
142.542,2,142539764195,2496006,0
142.545,8,142542305201,2496006,0
142.547,12,142544846207,2496006,0
142.55,1,142547369213,2469000,1
142.55,23,142547369213,2469000,1
142.552,8,142549836213,2469000,1
142.552,12,142549836213,2469000,1
142.555,2,142552312213,2496006,0
142.557,5,142554844219,2496006,0
142.56,8,142557376225,2496006,0
142.562,9,142559899231,2469000,1
142.562,8,142559899231,2469000,1
142.565,2,142562384231,2469000,1
142.565,7,142562384231,2469000,1
142.567,5,142564869231,2496006,0
142.57,19,142567392237,2469000,1
142.57,12,142567392237,2469000,1
142.572,6,142569868237,2469000,1
142.572,20,142569868237,2469000,1
142.575,11,142572344237,2469000,1
142.575,1,142572344237,2469000,1
142.577,23,142574820237,2496006,0
142.58,23,142577343243,2496006,0
142.582,8,142579875249,2469000,1
142.582,23,142579875249,2469000,1
142.585,9,142582342249,2496006,0
142.587,2,142584865255,2496006,0
142.59,16,142587701261,2469000,1
142.59,7,142587701261,2469000,1
142.593,5,142590186261,2469000,1
142.593,1,142590186261,2469000,1
142.595,9,142592662261,2496006,0
142.598,5,142595203267,2496006,0
142.6,23,142597726273,2496006,0
142.603,2,142600276279,2496006,0
142.605,9,142602808285,2496006,0
142.608,23,142605331291,2469000,1
142.608,10,142605331291,2469000,1
142.608,12,142605331291,2469000,1
142.61,2,142607816291,2496006,0
142.613,4,142610339297,2496006,0
142.615,5,142612880303,2496006,0
142.618,9,142615716309,2496006,0
142.621,13,142618284315,2496006,0
142.623,4,142620825321,2496006,0
142.626,4,142623348327,2496006,0
142.628,2,142625871333,2496006,0
142.631,9,142628394339,2469000,1
142.631,5,142628394339,2469000,1
142.633,13,142630870339,2469000,1
142.633,11,142630870339,2469000,1
142.633,4,142630870339,2469000,1
142.638,23,142635914345,2496006,0
142.641,2,142638464351,2496006,0
142.643,8,142640987357,2496006,0
142.646,9,142643519363,2496006,0
142.649,13,142646042369,2469000,1
142.649,2,142646042369,2469000,1
142.651,23,142648536369,2496006,0
142.654,15,142651086375,2469000,1
142.654,20,142651086375,2469000,1
142.654,23,142651086375,2469000,1
142.656,5,142653553375,2469000,1
142.656,9,142653553375,2469000,1
142.659,4,142656020375,2496006,0
142.661,8,142658543381,2496006,0
142.664,13,142661102387,2496006,0
142.666,4,142663634393,2496006,0
142.669,23,142666157399,2496006,0
142.671,13,142668689405,2496006,0
142.674,13,142671221411,2469000,1
142.676,8,142673688411,2496006,0
142.679,9,142676211417,2496006,0
142.681,4,142678734423,2469000,1
142.681,8,142678734423,2469000,1
142.684,23,142681201423,2469000,1
142.684,2,142681201423,2469000,1
142.686,13,142683722423,2469000,1
142.686,8,142683722423,2469000,1
142.689,19,142686189423,2496006,0
142.692,9,142689025429,2496006,0
142.694,19,142691557435,2496006,0
142.697,17,142694089441,2469000,1
142.697,5,142694089441,2469000,1
142.699,9,142696583441,2469000,1
142.699,23,142696583441,2469000,1
142.702,19,142699059441,2496006,0
142.704,19,142701582447,2496006,0
142.707,7,142704141453,2469000,1
142.707,13,142704141453,2469000,1
142.712,19,142709131459,2469000,1
142.712,4,142709131459,2469000,1
142.714,9,142711607459,2496006,0
142.717,12,142714166465,2496006,0
142.719,9,142716689471,2469000,1
142.719,2,142716689471,2469000,1
142.719,8,142716689471,2469000,1
142.722,1,142719487477,2496006,0
142.725,1,142722010483,2496006,0
142.727,12,142724533489,2496006,0
142.73,17,142727056495,2496006,0
142.732,19,142729579501,2496006,0
142.735,17,142732111507,2496006,0
142.737,12,142734634513,2469000,1
142.737,19,142734634513,2469000,1
142.74,1,142737110513,2496006,0
142.742,17,142739651519,2496006,0
142.747,1,142744733531,2469000,1
142.747,9,142744733531,2469000,1
142.75,19,142747218531,2496006,0
142.752,13,142749777537,2496006,0
142.755,17,142752309543,2496006,0
142.757,12,142754832549,2496006,0
142.76,17,142757355555,2496006,0
142.762,19,142759923561,2469000,1
142.762,4,142759923561,2469000,1
142.765,17,142762408561,2469000,1
142.765,1,142762408561,2469000,1
142.767,12,142764875561,2496006,0
142.77,12,142767398567,2496006,0
142.772,23,142769921573,2469000,1
142.772,13,142769921573,2469000,1
142.772,19,142769921573,2469000,1
142.775,17,142772388573,2469000,1
142.775,1,142772388573,2469000,1
142.78,12,142777378579,2496006,0
142.782,4,142779901585,2496006,0
142.785,12,142782523591,2496006,0
142.788,2,142785046597,2469000,1
142.788,1,142785046597,2469000,1
142.79,4,142787513597,2496006,0
142.793,12,142790374003,2496006,0
142.795,5,142792924009,2469000,1
142.795,13,142792924009,2469000,1
142.798,12,142795400009,2496006,0
142.8,9,142797923015,2496006,0
142.805,17,142802969027,2496006,0
142.808,20,142805492033,2469000,1
142.808,4,142805492033,2469000,1
142.81,12,142807959033,2469000,1
142.81,19,142807959033,2469000,1
142.813,13,142810471033,2496006,0
142.815,9,142813003039,2469000,1
142.815,4,142813003039,2469000,1
142.818,1,142815470039,2496006,0
142.821,17,142818029045,2496006,0
142.823,9,142820865051,2496006,0
142.826,1,142823388057,2496006,0
142.828,2,142825920063,2469000,1
142.828,17,142825920063,2469000,1
142.833,9,142830910069,2469000,1
142.833,13,142830910069,2469000,1
142.836,1,142833377069,2469000,1
142.836,17,142833377069,2469000,1
142.838,9,142835862069,2496006,0
142.841,13,142838385075,2496006,0
142.843,12,142840917081,2469000,1
142.843,13,142840917081,2469000,1
142.846,21,142843384081,2469000,1
142.846,11,142843384081,2469000,1
142.848,4,142845851081,2496006,0
142.851,9,142848410087,2496006,0
142.853,4,142850933093,2496006,0
142.856,9,142853465099,2496006,0
142.858,8,142855997105,2469000,1
142.858,13,142855997105,2469000,1
142.861,4,142858473105,2496006,0
142.863,4,142860996111,2496006,0
142.869,4,142866042123,2496006,0
142.871,1,142868583129,2496006,0
142.874,16,142871124135,2469000,1
142.874,9,142871124135,2469000,1
142.876,4,142873618135,2496006,0
142.879,1,142876150141,2469000,1
142.879,4,142876150141,2469000,1
142.881,10,142878680141,2469000,1
142.881,13,142878680141,2469000,1
142.884,19,142881147141,2496006,0
142.886,23,142883688147,2496006,0
142.889,17,142886211153,2496006,0
142.891,5,142888743159,2469000,1
142.894,19,142891228159,2469000,1
142.894,12,142891228159,2469000,1
142.897,1,142894008165,2496006,0
142.899,9,142896540171,2496006,0
142.902,1,142899063177,2496006,0
142.904,15,142901595183,2469000,1
142.904,5,142901595183,2469000,1
142.907,23,142904062183,2469000,1
142.907,17,142904062183,2469000,1
142.909,1,142906538183,2496006,0
142.912,9,142909061189,2496006,0
142.914,4,142911602195,2496006,0
142.917,1,142914134201,2496006,0
142.919,9,142916666207,2496006,0
142.925,9,142922061219,2496006,0
142.927,4,142924584225,2496006,0
142.93,19,142927107231,2496006,0
142.932,9,142929657237,2469000,1
142.932,23,142929657237,2469000,1
142.935,1,142932124237,2496006,0
142.937,17,142934656243,2496006,0
142.94,19,142937179249,2496006,0
142.942,18,142939720255,2469000,1
142.942,9,142939720255,2469000,1
142.945,4,142942196255,2496006,0
142.947,4,142944737261,2496006,0
142.952,1,142949810273,2496006,0
142.955,23,142952333279,2469000,1
142.955,17,142952333279,2469000,1
142.957,4,142954809279,2469000,1
142.957,19,142954809279,2469000,1
142.96,1,142957303279,2469000,1
142.96,7,142957303279,2469000,1
142.962,17,142959788279,2496006,0
142.965,1,142962311285,2496006,0
142.967,1,142964870291,2469000,1
142.967,12,142964870291,2469000,1
142.967,19,142964870291,2469000,1
142.972,17,142969914297,2496006,0
142.975,1,142972446303,2496006,0
142.977,4,142974987309,2496006,0
142.98,1,142977555315,2496006,0
142.983,17,142980096321,2496006,0
142.985,4,142982628327,2496006,0
142.988,17,142985151333,2469000,1
142.99,4,142987618333,2496006,0
142.993,1,142990141339,2496006,0
142.995,4,142992664345,2496006,0
142.998,9,142995500351,2496006,0
143.001,1,142998023357,2496006,0
143.003,17,143000546363,2496006,0
143.006,8,143003069369,2496006,0
143.008,17,143005592375,2496006,0
143.011,13,143008133381,2496006,0
143.013,1,143010656387,2496006,0
143.016,9,143013179393,2496006,0
143.018,17,143015702399,2496006,0
143.021,1,143018234405,2496006,0
143.026,9,143023289417,2469000,1
143.026,13,143023289417,2469000,1
143.026,4,143023289417,2469000,1
143.029,8,143026087423,2496006,0
143.031,8,143028619429,2496006,0
143.034,19,143031169435,2469000,1
143.034,17,143031169435,2469000,1
143.036,1,143033663435,2496006,0
143.039,20,143036240441,2496006,0
143.041,23,143038763447,2469000,1
143.041,8,143038763447,2469000,1
143.044,4,143041257447,2496006,0
143.049,1,143046321459,2469000,1
143.049,20,143046321459,2469000,1
143.051,17,143048788459,2496006,0
143.054,9,143051311465,2469000,1
143.054,13,143051311465,2469000,1
143.056,4,143053823465,2496006,0
143.059,8,143056346471,2469000,1
143.059,4,143056346471,2469000,1
143.061,1,143058813471,2496006,0
143.064,20,143061336477,2496006,0
143.066,1,143063895483,2469000,1
143.066,17,143063895483,2469000,1
143.069,19,143066371483,2496006,0
143.071,1,143068894489,2469000,1
143.074,17,143071370489,2496006,0
143.076,20,143073893495,2469000,1
143.076,9,143073893495,2469000,1
143.079,19,143076369495,2496006,0
143.081,20,143078901501,2469000,1
143.081,19,143078901501,2469000,1
143.084,17,143081368501,2469000,1
143.084,9,143081368501,2469000,1
143.086,20,143083835501,2496006,0
143.089,14,143086367507,2469000,1
143.089,3,143086367507,2469000,1
143.089,4,143086367507,2469000,1
143.091,14,143088836507,2496006,0
143.094,14,143091359513,2496006,0
143.096,20,143093891519,2496006,0
143.099,20,143096423525,2496006,0
143.102,14,143099268531,2469000,1
143.102,20,143099268531,2469000,1
143.107,1,143104276537,2496006,0
143.109,20,143106799543,2496006,0
143.112,12,143109358549,2496006,0
143.114,17,143111908555,2496006,0
143.117,8,143114440561,2496006,0
143.119,14,143116963567,2496006,0
143.122,20,143119495573,2496006,0
143.124,19,143122018579,2469000,1
143.124,1,143122018579,2469000,1
143.127,14,143124503579,2469000,1
143.127,17,143124503579,2469000,1
143.13,22,143127283585,2469000,1
143.13,2,143127283585,2469000,1
143.13,14,143127283585,2469000,1
143.132,12,143129750585,2496006,0
143.135,13,143132282591,2496006,0
143.137,8,143134805597,2496006,0
143.14,4,143137328603,2469000,1
143.14,12,143137328603,2469000,1
143.14,13,143137328603,2469000,1
143.145,8,143142318609,2469000,1
143.145,4,143142318609,2469000,1
143.147,20,143144803609,2469000,1
143.147,1,143144803609,2469000,1
143.15,17,143147279609,2496006,0
143.152,8,143149820615,2496006,0
143.155,17,143152361621,2496006,0
143.157,23,143154893627,2496006,0
143.16,12,143157416633,2496006,0
143.162,6,143159939639,2496006,0
143.165,17,143162471645,2496006,0
143.168,13,143165021651,2496006,0
143.17,19,143167553657,2469000,1
143.17,8,143167553657,2469000,1
143.172,17,143170029657,2469000,1
143.172,23,143170029657,2469000,1
143.175,6,143172505657,2469000,1
143.175,10,143172505657,2469000,1
143.175,20,143172505657,2469000,1
143.175,12,143172505657,2469000,1
143.177,13,143174981657,2469000,1
143.18,6,143177466657,2496006,0
143.182,14,143179998663,2496006,0
143.185,6,143182539669,2496006,0
143.188,23,143185062675,2496006,0
143.19,12,143187585681,2496006,0
143.193,6,143190153687,2469000,1
143.193,8,143190153687,2469000,1
143.195,14,143192620687,2496006,0
143.198,14,143195170693,2496006,0
143.2,23,143197702699,2496006,0
143.203,1,143200547705,2469000,1
143.203,17,143200547705,2469000,1
143.205,14,143203014705,2469000,1
143.205,12,143203014705,2469000,1
143.208,13,143205481705,2496006,0
143.21,13,143208004711,2469000,1
143.213,11,143210498711,2496006,0
143.216,11,143213048717,2496006,0
143.218,23,143215571723,2496006,0
143.221,23,143218094729,2496006,0
143.223,17,143220617735,2496006,0
143.226,7,143223149741,2496006,0
143.228,23,143225672747,2496006,0
143.231,6,143228204753,2496006,0
143.234,9,143231040759,2496006,0
143.236,7,143233563765,2469000,1
143.236,13,143233563765,2469000,1
143.239,17,143236039765,2469000,1
143.239,11,143236039765,2469000,1
143.239,6,143236039765,2469000,1
143.241,12,143238506765,2496006,0
143.244,12,143241038771,2496006,0
143.246,11,143243561777,2496006,0
143.249,9,143246084783,2496006,0
143.251,23,143248616789,2469000,1
143.251,19,143248616789,2469000,1
143.254,20,143251083789,2496006,0
143.256,14,143253606795,2469000,1
143.259,6,143256073795,2496006,0
143.261,11,143258596801,2469000,1
143.261,12,143258596801,2469000,1
143.261,6,143258596801,2469000,1
143.264,9,143261072801,2469000,1
143.264,13,143261072801,2469000,1
143.266,20,143263548801,2469000,1
143.266,8,143263548801,2469000,1
143.271,14,143268556807,2496006,0
143.274,7,143271088813,2469000,1
143.274,23,143271088813,2469000,1
143.276,17,143273555813,2469000,1
143.276,14,143273555813,2469000,1
143.279,23,143276040813,2496006,0
143.281,23,143278599819,2469000,1
143.281,11,143278599819,2469000,1
143.284,20,143281066819,2496006,0
143.286,12,143283589825,2496006,0
143.289,12,143286112831,2496006,0
143.291,20,143288644837,2496006,0
143.294,6,143291176843,2496006,0
143.296,13,143293699849,2469000,1
143.296,17,143293699849,2469000,1
143.296,14,143293699849,2469000,1
143.299,15,143296184849,2496006,0
143.301,20,143298707855,2469000,1
143.301,12,143298707855,2469000,1
143.301,1,143298707855,2469000,1
143.304,9,143301183855,2496006,0
143.307,7,143304046861,2469000,1
143.307,23,143304046861,2469000,1
143.309,15,143306522861,2469000,1
143.309,12,143306522861,2469000,1
143.311,6,143308989861,2496006,0
143.314,9,143311539867,2496006,0
143.317,11,143314080873,2496006,0
143.319,3,143316630879,2496006,0
143.322,20,143319153885,2496006,0
143.324,9,143321676891,2469000,1
143.324,6,143321676891,2469000,1
143.327,23,143324143891,2496006,0
143.329,23,143326675897,2496006,0
143.332,3,143329198903,2496006,0
143.335,11,143332034909,2496006,0
143.337,20,143334557915,2496006,0
143.34,23,143337080921,2496006,0
143.342,15,143339603927,2469000,1
143.342,23,143339603927,2469000,1
143.345,14,143342070927,2496006,0
143.347,12,143344593933,2496006,0
143.35,20,143347125939,2469000,1
143.35,14,143347125939,2469000,1
143.35,12,143347125939,2469000,1
143.352,23,143349592939,2496006,0
143.357,11,143354638951,2496006,0
143.36,23,143357179957,2496006,0
143.362,3,143359711963,2496006,0
143.365,3,143362243969,2496006,0
143.367,23,143364775975,2469000,1
143.367,11,143364775975,2469000,1
143.367,7,143364775975,2469000,1
143.37,20,143367242975,2496006,0
143.372,6,143369774981,2496006,0
143.375,9,143372297987,2496006,0
143.377,3,143374820993,2496006,0
143.38,3,143377352999,2496006,0
143.382,9,143379930005,2469000,1
143.382,8,143379930005,2469000,1
143.385,6,143382397005,2469000,1
143.385,20,143382397005,2469000,1
143.387,12,143384864005,2496006,0
143.39,14,143387405011,2496006,0
143.392,3,143389928017,2469000,1
143.392,14,143389928017,2469000,1
143.395,1,143392395017,2496006,0
143.397,11,143394918023,2496006,0
143.4,15,143397441029,2469000,1
143.4,14,143397441029,2469000,1
143.4,1,143397441029,2469000,1
143.402,17,143399908029,2496006,0
143.405,12,143402431035,2496006,0
143.41,23,143407808047,2496006,0
143.413,17,143410340053,2496006,0
143.415,4,143412863059,2496006,0
143.418,6,143415386065,2496006,0
143.42,11,143417927071,2496006,0
143.423,20,143420459077,2496006,0
143.425,3,143423000083,2469000,1
143.425,12,143423000083,2469000,1
143.428,17,143425467083,2496006,0
143.43,23,143427990089,2496006,0
143.433,4,143430513095,2469000,1
143.433,16,143430513095,2469000,1
143.433,9,143430513095,2469000,1
143.435,23,143432980095,2496006,0
143.438,1,143435816101,2469000,1
143.438,23,143435816101,2469000,1
143.441,6,143438292101,2496006,0
143.443,20,143440815107,2469000,1
143.443,4,143440815107,2469000,1
143.446,17,143443282107,2496006,0
143.448,23,143445805113,2496006,0
143.451,11,143448328119,2496006,0
143.453,6,143450878125,2496006,0
143.456,6,143453419131,2496006,0
143.458,17,143455978137,2496006,0
143.461,1,143458501143,2469000,1
143.463,23,143460968143,2496006,0
143.466,6,143463500149,2469000,1
143.466,11,143463500149,2469000,1
143.468,9,143465976149,2496006,0
143.471,12,143468517155,2469000,1
143.471,17,143468517155,2469000,1
143.473,23,143470984155,2469000,1
143.473,20,143470984155,2469000,1
143.476,6,143473469155,2496006,0
143.478,19,143475992161,2496006,0
143.481,9,143478533167,2469000,1
143.481,6,143478533167,2469000,1
143.483,14,143481000167,2469000,1
143.483,23,143481000167,2469000,1
143.486,19,143483485167,2469000,1
143.486,12,143483485167,2469000,1
143.488,15,143485961167,2496006,0
143.491,6,143488484173,2496006,0
143.494,6,143491016179,2496006,0
143.496,6,143493539185,2496006,0
143.499,15,143496062191,2496006,0
143.501,1,143498603197,2469000,1
143.501,11,143498603197,2469000,1
143.504,6,143501079197,2469000,1
143.504,17,143501079197,2469000,1
143.506,3,143503546197,2496006,0
143.509,15,143506087203,2469000,1
143.509,9,143506087203,2469000,1
143.509,19,143506087203,2469000,1
143.511,17,143508867209,2496006,0
143.516,4,143513958221,2469000,1
143.516,3,143513958221,2469000,1
143.519,15,143516425221,2496006,0
143.521,3,143518957227,2496006,0
143.524,17,143521516233,2496006,0
143.527,3,143524039239,2496006,0
143.529,15,143526562245,2496006,0
143.532,19,143529085251,2496006,0
143.534,15,143531617257,2496006,0
143.537,20,143534140263,2496006,0
143.539,3,143536976269,2496006,0
143.542,6,143539508275,2496006,0
143.545,19,143542031281,2469000,1
143.545,7,143542031281,2469000,1
143.547,3,143544507281,2496006,0
143.55,15,143547030287,2496006,0
143.552,23,143549553293,2496006,0
143.555,6,143552076299,2469000,1
143.555,11,143552076299,2469000,1
143.557,17,143554543299,2469000,1
143.557,6,143554545299,2469000,1
143.56,3,143557012299,2496006,0
143.562,20,143559562305,2496006,0
143.565,3,143562085311,2469000,1
143.565,4,143562085311,2469000,1
143.567,15,143564552311,2469000,1
143.567,17,143564552311,2469000,1
143.567,20,143564552311,2469000,1
143.57,9,143567019311,2496006,0
143.572,9,143569551317,2469000,1
143.575,23,143572036317,2496006,0
143.577,6,143574559323,2469000,1
143.577,23,143574559323,2469000,1
143.58,17,143577053323,2496006,0
143.582,15,143579594329,2496006,0
143.585,19,143582117335,2496006,0
143.587,20,143584649341,2496006,0
143.59,1,143587172347,2469000,1
143.59,23,143587172347,2469000,1
143.59,20,143587172347,2469000,1
143.592,9,143589648347,2496006,0
143.595,3,143592171353,2496006,0
143.597,19,143594703359,2496006,0
143.6,15,143597235365,2469000,1
143.6,17,143597235365,2469000,1
143.602,19,143599702365,2496006,0
143.605,13,143602252371,2496006,0
143.607,9,143604802377,2496006,0
143.61,8,143607325383,2496006,0
143.613,3,143610161389,2496006,0
143.615,19,143612684395,2469000,1
143.615,6,143612684395,2469000,1
143.618,9,143615160395,2469000,1
143.618,19,143615160395,2469000,1
143.62,13,143617645395,2496006,0
143.623,13,143620177401,2496006,0
143.628,20,143625241413,2469000,1
143.628,8,143625241413,2469000,1
143.628,3,143625241413,2469000,1
143.63,23,143627726413,2496006,0
143.633,9,143630249419,2496006,0
143.635,14,143632772425,2496006,0
143.638,17,143635295431,2496006,0
143.64,13,143637818437,2469000,1
143.64,23,143637818437,2469000,1
143.643,15,143640607443,2496006,0
143.646,17,143643139449,2496006,0
143.648,19,143645671455,2469000,1
143.648,15,143645671455,2469000,1
143.651,23,143648138455,2496006,0
143.653,9,143650661461,2496006,0
143.656,18,143653184467,2496006,0
143.658,18,143655707473,2496006,0
143.661,12,143658239479,2469000,1
143.661,19,143658239479,2469000,1
143.663,14,143660715479,2496006,0
143.666,3,143663238485,2469000,1
143.666,13,143663238485,2469000,1
143.666,17,143663238485,2469000,1
143.668,9,143665714485,2496006,0
143.671,14,143668246491,2469000,1
143.671,13,143668246491,2469000,1
143.673,15,143670731491,2496006,0
143.676,8,143673254497,2469000,1
143.676,23,143673254497,2469000,1
143.678,14,143675721497,2496006,0
143.681,18,143678253503,2469000,1
143.681,15,143678253503,2469000,1
143.683,17,143680729503,2496006,0
143.686,14,143683252509,2469000,1
143.688,9,143685746509,2496006,0
143.691,17,143688278515,2469000,1
143.691,14,143688278515,2469000,1
143.693,20,143690745515,2496006,0
143.696,14,143693268521,2496006,0
143.698,18,143695791527,2469000,1
143.698,20,143695791527,2469000,1
143.701,17,143698258527,2496006,0
143.703,15,143700808533,2496006,0
143.706,23,143703349539,2469000,1
143.706,9,143703349539,2469000,1
143.708,17,143705816539,2469000,1
143.708,14,143705816539,2469000,1
143.711,11,143708319539,2496006,0
143.713,18,143710842545,2469000,1
143.713,15,143710842545,2469000,1
143.716,23,143713622551,2496006,0
143.719,11,143716154557,2496006,0
143.721,23,143718713563,2469000,1
143.721,9,143718713563,2469000,1
143.724,3,143721216563,2496006,0
143.726,20,143723748569,2469000,1
143.726,11,143723748569,2469000,1
143.729,17,143726224569,2496006,0
143.731,14,143728747575,2496006,0
143.736,23,143733802587,2469000,1
143.736,14,143733802587,2469000,1
143.739,17,143736269587,2496006,0
143.741,3,143738801593,2496006,0
143.744,14,143741646599,2496006,0
143.747,17,143744169605,2496006,0
143.749,8,143746692611,2496006,0
143.752,15,143749233617,2496006,0
143.754,17,143751756623,2469000,1
143.754,4,143751756623,2469000,1
143.757,3,143754232623,2496006,0
143.759,8,143756773629,2496006,0
143.762,20,143759296635,2496006,0
143.764,14,143761828641,2496006,0
143.767,20,143764360647,2496006,0
143.769,15,143766901653,2496006,0
143.772,14,143769424659,2496006,0
143.774,8,143771947665,2469000,1
143.774,11,143771947665,2469000,1
143.777,3,143774414665,2496006,0
143.779,15,143776946671,2469000,1
143.779,14,143776946671,2469000,1
143.782,17,143779422671,2496006,0
143.784,3,143781945677,2496006,0
143.787,20,143784468683,2496006,0
143.792,23,143789514695,2496006,0
143.795,7,143792064701,2496006,0
143.797,3,143794587707,2496006,0
143.8,17,143797110713,2496006,0
143.802,20,143799633719,2496006,0
143.805,8,143802165725,2496006,0
143.807,7,143804688731,2469000,1
143.807,15,143804688731,2469000,1
143.81,23,143807164731,2496006,0
143.812,17,143809696737,2496006,0
143.815,9,143812219743,2496006,0
143.818,14,143815055749,2496006,0
143.82,17,143817596755,2469000,1
143.82,15,143817596755,2469000,1
143.82,14,143817596755,2469000,1
143.823,10,143820063755,2496006,0
143.825,3,143822586761,2496006,0
143.828,23,143825118767,2469000,1
143.828,13,143825118767,2469000,1
143.828,20,143825118767,2469000,1
143.83,8,143827585767,2496006,0
143.833,3,143830117773,2469000,1
143.833,20,143830117773,2469000,1
143.835,9,143832593773,2496006,0
143.838,10,143835134779,2469000,1
143.838,23,143835134779,2469000,1
143.84,13,143837610779,2469000,1
143.84,8,143837610779,2469000,1
143.843,11,143840104779,2496006,0
143.845,14,143842627785,2496006,0
143.848,7,143845463791,2469000,1
143.848,3,143845463791,2469000,1
143.85,20,143847930791,2469000,1
143.85,11,143847930791,2469000,1
143.853,9,143850397791,2496006,0
143.855,14,143852920797,2496006,0
143.858,7,143855479803,2496006,0
143.861,17,143858011809,2496006,0
143.863,9,143860534815,2496006,0
143.866,7,143863066821,2469000,1
143.866,18,143863066821,2469000,1
143.868,4,143865542821,2496006,0
143.871,10,143868065827,2496006,0
143.873,17,143870588833,2469000,1
143.873,14,143870588833,2469000,1
143.876,13,143873073833,2469000,1
143.876,9,143873073833,2469000,1
143.878,4,143875540833,2469000,1
143.878,7,143875540833,2469000,1
143.881,17,143878016833,2496006,0
143.883,8,143880539839,2496006,0
143.886,11,143883062845,2469000,1
143.886,10,143883062845,2469000,1
143.888,17,143885547845,2496006,0
143.891,4,143888079851,2496006,0
143.893,19,143890620857,2496006,0
143.896,23,143893143863,2469000,1
143.896,8,143893143863,2469000,1
143.898,8,143895612863,2496006,0
143.901,4,143898135869,2469000,1
143.901,7,143898135869,2469000,1
143.903,14,143900620869,2496006,0
143.906,17,143903143875,2496006,0
143.908,8,143905675881,2469000,1
143.908,19,143905675881,2469000,1
143.911,23,143908178881,2496006,0
143.913,9,143910701887,2496006,0
143.916,20,143913233893,2496006,0
143.918,9,143915756899,2496006,0
143.921,17,143918601905,2496006,0
143.924,6,143921133911,2469000,1
143.924,10,143921133911,2469000,1
143.924,14,143921133911,2469000,1
143.926,8,143923600911,2496006,0
143.929,9,143926123917,2469000,1
143.929,20,143926123917,2469000,1
143.931,8,143928590917,2496006,0
143.934,23,143931113923,2469000,1
143.934,3,143931113923,2469000,1
143.934,4,143931113923,2469000,1
143.934,20,143931113923,2469000,1
143.936,19,143933598923,2496006,0
143.939,8,143936121929,2496006,0
143.941,17,143938653935,2496006,0
143.944,20,143941176941,2496006,0
143.946,19,143943699947,2469000,1
143.946,15,143943699947,2469000,1
143.946,10,143943699947,2469000,1
143.946,8,143943699947,2469000,1
143.949,20,143946488953,2469000,1
143.949,8,143946488953,2469000,1
143.951,17,143948955953,2469000,1
143.951,20,143948957953,2469000,1
143.954,9,143951451953,2496006,0
143.956,11,143953974959,2496006,0
143.959,14,143956497965,2496006,0
143.962,9,143959047971,2469000,1
143.962,17,143959047971,2469000,1
143.964,14,143961550971,2469000,1
143.967,14,143964026971,2496006,0
143.972,23,143969081983,2469000,1
143.972,20,143969081983,2469000,1
143.974,11,143971548983,2496006,0
143.977,3,143974071989,2496006,0
143.979,11,143976603995,2496006,0
143.982,23,143979127001,2496006,0
143.984,14,143981659007,2469000,1
143.984,19,143981659007,2469000,1
143.984,9,143981659007,2469000,1
143.987,8,143984135007,2496006,0
143.989,20,143986667013,2496006,0
143.992,23,143989190019,2496006,0
143.994,11,143991740025,2469000,1
143.994,14,143991740025,2469000,1
143.994,23,143991740025,2469000,1
143.997,23,143994209025,2496006,0
143.999,3,143996732031,2496006,0
144.002,20,143999273037,2496006,0
144.004,4,144001796043,2496006,0
144.007,23,144004328049,2469000,1
144.007,12,144004328049,2469000,1
144.007,8,144004328049,2469000,1
144.009,3,144006795049,2496006,0
144.012,3,144009327055,2496006,0
144.014,20,144011859061,2496006,0
144.017,4,144014382067,2496006,0
144.019,11,144016923073,2469000,1
144.019,23,144016923073,2469000,1
144.022,4,144019730079,2469000,1
144.022,20,144019730079,2469000,1
144.027,3,144024756085,2496006,0
144.03,4,144027297091,2496006,0
144.032,17,144029820097,2469000,1
144.032,20,144029820097,2469000,1
144.035,3,144032287097,2496006,0
144.037,7,144034819103,2469000,1
144.037,19,144034819103,2469000,1
144.04,20,144037286103,2496006,0
144.042,10,144039836109,2469000,1
144.042,7,144039836109,2469000,1
144.045,8,144042303109,2469000,1
144.045,4,144042303109,2469000,1
144.047,9,144044770109,2496006,0
144.05,9,144047302115,2496006,0
144.053,20,144050138121,2469000,1
144.053,17,144050138121,2469000,1
144.055,11,144052614121,2496006,0
144.058,3,144055137127,2469000,1
144.058,11,144055137127,2469000,1
144.06,3,144057606127,2496006,0
144.063,4,144060129133,2496006,0
144.065,11,144062661139,2496006,0
144.068,4,144065184145,2496006,0
144.07,9,144067716151,2496006,0
144.073,14,144070239157,2496006,0
144.075,4,144072771163,2496006,0
144.078,3,144075330169,2469000,1
144.08,14,144077797169,2496006,0
144.083,4,144080320175,2469000,1
144.083,7,144080320175,2469000,1
144.083,8,144080320175,2469000,1
144.083,11,144080320175,2469000,1
144.085,9,144082796175,2496006,0
144.088,23,144085328181,2496006,0
144.09,14,144087851187,2496006,0
144.093,4,144090374193,2496006,0
144.095,20,144092906199,2496006,0
144.098,4,144095447205,2496006,0
144.1,15,144097970211,2496006,0
144.103,11,144100502217,2496006,0
144.106,20,144103043223,2496006,0
144.108,9,144105566229,2469000,1
144.108,14,144105566229,2469000,1
144.111,4,144108033229,2469000,1
144.111,3,144108033229,2469000,1
144.113,23,144110500229,2496006,0
144.116,15,144113059235,2469000,1
144.116,14,144113059235,2469000,1
144.118,11,144115526235,2496006,0
144.121,23,144118049241,2469000,1
144.121,20,144118049241,2469000,1
144.123,11,144120543241,2469000,1
144.123,15,144120543241,2469000,1
144.126,4,144123368247,2469000,1
144.128,3,144125844247,2496006,0
144.131,14,144128403253,2469000,1
144.131,11,144128403253,2469000,1
144.133,23,144130870253,2469000,1
144.133,4,144130870253,2469000,1
144.136,9,144133337253,2496006,0
144.138,3,144135860259,2469000,1
144.138,9,144135860259,2469000,1
144.141,20,144138327259,2496006,0
144.143,20,144140868265,2496006,0
144.146,3,144143418271,2496006,0
144.148,20,144145959277,2469000,1
144.148,3,144145959277,2469000,1
144.151,18,144148426277,2496006,0
144.154,6,144151271283,2469000,1
144.154,4,144151271283,2469000,1
144.156,9,144153747283,2496006,0
144.159,18,144156270289,2496006,0
144.161,15,144158793295,2496006,0
144.164,10,144161316301,2496006,0
144.166,19,144163848307,2496006,0
144.169,3,144166380313,2496006,0
144.171,15,144168912319,2496006,0
144.176,14,144173967331,2496006,0
144.179,3,144176490337,2496006,0
144.181,21,144179013343,2469000,1
144.181,9,144179013343,2469000,1
144.181,18,144179013343,2469000,1
144.181,3,144179013343,2469000,1
144.184,10,144181498343,2496006,0
144.186,21,144184021349,2469000,1
144.186,3,144184021349,2469000,1
144.189,19,144186497349,2496006,0
144.192,21,144189020355,2496006,0
144.194,20,144191543361,2469000,1
144.194,15,144191543361,2469000,1
144.196,23,144194010361,2469000,1
144.196,21,144194010361,2469000,1
144.199,9,144196486361,2496006,0
144.202,14,144199027367,2496006,0
144.204,10,144201559373,2496006,0
144.207,14,144204109379,2469000,1
144.207,19,144204109379,2469000,1
144.209,11,144206594379,2496006,0
144.212,18,144209117385,2496006,0
144.214,15,144211658391,2469000,1
144.214,9,144211658391,2469000,1
144.214,19,144211658391,2469000,1
144.217,1,144214152391,2469000,1
144.217,10,144214152391,2469000,1
144.222,17,144219142397,2496006,0
144.224,9,144221683403,2496006,0
144.227,8,144224519409,2469000,1
144.227,20,144224519409,2469000,1
144.227,21,144224519409,2469000,1
144.227,18,144224519409,2469000,1
144.229,14,144226986409,2496006,0
144.232,11,144229509415,2469000,1
144.232,9,144229509415,2469000,1
144.234,3,144231976415,2496006,0
144.237,14,144234508421,2469000,1
144.237,3,144234508421,2469000,1
144.239,17,144236984421,2496006,0
144.242,15,144239507427,2469000,1
144.242,11,144239507427,2469000,1
144.244,17,144241974427,2496006,0
144.247,17,144244497433,2496006,0
144.249,5,144247020439,2469000,1
144.249,14,144247020439,2469000,1
144.252,9,144249505439,2496006,0
144.255,20,144252028445,2496006,0
144.257,9,144254882451,2496006,0
144.26,17,144257423457,2496006,0
144.262,21,144259955463,2496006,0
144.265,10,144262487469,2496006,0
144.268,3,144265019475,2496006,0
144.27,17,144267542481,2496006,0
144.275,20,144272588493,2496006,0
144.278,21,144275111499,2469000,1
144.278,9,144275111499,2469000,1
144.28,19,144277578499,2469000,1
144.28,18,144277578499,2469000,1
144.283,14,144280045499,2496006,0
144.285,23,144282568505,2469000,1
144.285,11,144282568505,2469000,1
144.288,3,144285044505,2496006,0
144.29,17,144287594511,2469000,1
144.29,10,144287594511,2469000,1
144.293,15,144290070511,2469000,1
144.293,18,144290070511,2469000,1
144.295,14,144292537511,2496006,0
144.298,20,144295060517,2496006,0
144.3,20,144297601523,2496006,0
144.303,3,144300133529,2496006,0
144.305,21,144302656535,2469000,1
144.305,17,144302656535,2469000,1
144.308,22,144305123535,2469000,1
144.308,20,144305123535,2469000,1
144.31,9,144307599535,2469000,1
144.31,3,144307599535,2469000,1
144.313,10,144310093535,2469000,1
144.313,14,144310093535,2469000,1
144.315,3,144312605535,2496006,0
144.318,22,144315146541,2496006,0
144.32,9,144317678547,2469000,1
144.323,14,144320163547,2496006,0
144.325,20,144322731553,2496006,0
144.328,14,144325254559,2469000,1
144.328,3,144325254559,2469000,1
144.328,22,144325254559,2469000,1
144.331,10,144328034565,2496006,0
144.333,20,144330575571,2496006,0
144.336,17,144333098577,2496006,0
144.338,22,144335621583,2496006,0
144.341,4,144338171589,2496006,0
144.343,22,144340712595,2469000,1
144.343,20,144340712595,2469000,1
144.346,21,144343188595,2496006,0
144.348,18,144345711601,2469000,1
144.348,10,144345711601,2469000,1
144.351,17,144348178601,2469000,1
144.351,21,144348178601,2469000,1
144.353,9,144350645601,2496006,0
144.356,11,144353186607,2496006,0
144.359,11,144356022613,2496006,0
144.361,3,144358545619,2469000,1
144.361,4,144358545619,2469000,1
144.364,14,144361012619,2496006,0
144.369,18,144366076631,2496006,0
144.371,9,144368599637,2496006,0
144.374,11,144371149643,2496006,0
144.376,9,144373681649,2496006,0
144.379,7,144376204655,2496006,0
144.381,4,144378727661,2496006,0
144.384,18,144381250667,2496006,0
144.386,21,144383773673,2469000,1
144.386,14,144383773673,2469000,1
144.389,22,144386240673,2469000,1
144.389,3,144386240673,2469000,1
144.391,9,144388707673,2469000,1
144.391,17,144388707673,2469000,1
144.394,20,144391183673,2496006,0
144.396,7,144393706679,2469000,1
144.396,10,144393706679,2469000,1
144.399,11,144396209679,2469000,1
144.399,18,144396209679,2469000,1
144.399,14,144396209679,2469000,1
144.401,7,144398676679,2496006,0
144.404,22,144401199685,2496006,0
144.406,4,144403722691,2469000,1
144.406,20,144403722691,2469000,1
144.409,22,144406189691,2496006,0
144.411,7,144408721697,2469000,1
144.411,18,144408721697,2469000,1
144.414,8,144411206697,2496006,0
144.416,9,144413729703,2496006,0
144.419,8,144416252709,2469000,1
144.421,17,144418728709,2496006,0
144.424,7,144421269715,2496006,0
144.426,8,144423801721,2496006,0
144.429,4,144426324727,2496006,0
144.432,22,144429160733,2469000,1
144.432,9,144429160733,2469000,1
144.434,4,144431645733,2469000,1
144.434,9,144431645733,2469000,1
144.437,17,144434112733,2496006,0
144.439,11,144436644739,2469000,1
144.439,20,144436644739,2469000,1
144.442,7,144439120739,2496006,0
144.444,2,144441652745,2469000,1
144.444,19,144441652745,2469000,1
144.447,17,144444119745,2496006,0
144.449,8,144446642751,2469000,1
144.449,22,144446642751,2469000,1
144.452,4,144449163751,2469000,1
144.452,17,144449163751,2469000,1
144.454,20,144451639751,2469000,1
144.454,17,144451639751,2469000,1
144.457,12,144454106751,2496006,0
144.459,7,144456629757,2496006,0
144.462,6,144459483763,2469000,1
144.462,14,144459483763,2469000,1
144.464,12,144461959763,2496006,0
144.467,11,144464482769,2496006,0
144.469,10,144467005775,2469000,1
144.472,21,144469472775,2496006,0
144.474,8,144471995781,2496006,0
144.477,11,144474527787,2469000,1
144.477,12,144474527787,2469000,1
144.479,21,144477003787,2496006,0
144.482,7,144479535793,2496006,0
144.485,9,144482085799,2496006,0
144.487,21,144484608805,2496006,0
144.49,18,144487149811,2469000,1
144.49,9,144487149811,2469000,1
144.492,8,144489616811,2496006,0
144.495,7,144492166817,2469000,1
144.495,14,144492166817,2469000,1
144.497,8,144494660817,2496006,0
144.5,11,144497183823,2496006,0
144.502,22,144499706829,2469000,1
144.502,12,144499706829,2469000,1
144.505,1,144502173829,2469000,1
144.505,20,144502173829,2469000,1
144.505,21,144502173829,2469000,1
144.505,7,144502173829,2469000,1
144.507,9,144504667829,2496006,0
144.51,8,144507190835,2496006,0
144.515,11,144512290847,2496006,0
144.517,11,144514831853,2496006,0
144.52,23,144517363859,2469000,1
144.52,9,144517363859,2469000,1
144.522,8,144519839859,2469000,1
144.522,17,144519839859,2469000,1
144.525,11,144522306859,2496006,0
144.527,4,144524829865,2496006,0
144.53,3,144527352871,2496006,0
144.532,21,144529884877,2496006,0
144.535,3,144532738883,2496006,0
144.538,9,144535270889,2496006,0
144.54,9,144537811895,2496006,0
144.543,15,144540352901,2469000,1
144.543,12,144540352901,2469000,1
144.543,11,144540352901,2469000,1
144.543,4,144540352901,2469000,1
144.545,21,144542846901,2496006,0
144.55,8,144547901913,2469000,1
144.55,3,144547901913,2469000,1
144.553,9,144550368913,2496006,0
144.555,7,144552918919,2496006,0
144.558,18,144555441925,2469000,1
144.558,4,144555441925,2469000,1
144.56,4,144557926925,2496006,0
144.563,4,144560762931,2496006,0
144.566,21,144563303937,2496006,0
144.568,3,144565835943,2496006,0
144.571,9,144568358949,2496006,0
144.573,3,144570881955,2496006,0
144.576,7,144573422961,2496006,0
144.578,17,144575945967,2496006,0
144.581,9,144578468973,2469000,1
144.581,17,144578468973,2469000,1
144.583,4,144580935973,2496006,0
144.586,11,144583458979,2496006,0
144.588,11,144585990985,2496006,0
144.591,7,144588513991,2469000,1
144.591,3,144588513991,2469000,1
144.591,18,144588513991,2469000,1
144.591,21,144588513991,2469000,1
144.591,11,144588513991,2469000,1
144.593,9,144590980991,2469000,1
144.593,17,144590980991,2469000,1
144.596,14,144593465991,2496006,0
144.599,20,144596006997,2496006,0
144.601,4,144598557003,2496006,0
144.604,4,144601116009,2469000,1
144.604,11,144601116009,2469000,1
144.606,14,144603583009,2496006,0
144.609,20,144606106015,2469000,1
144.609,8,144606106015,2469000,1
144.611,14,144608609015,2496006,0
144.614,10,144611141021,2469000,1
144.614,21,144611141021,2469000,1
144.616,12,144613608021,2469000,1
144.616,4,144613608021,2469000,1
144.619,21,144616084021,2496006,0
144.621,3,144618625027,2496006,0
144.624,7,144621148033,2469000,1
144.624,9,144621148033,2469000,1
144.629,14,144626138039,2496006,0
144.631,3,144628679045,2469000,1
144.631,20,144628679045,2469000,1
144.634,21,144631182045,2496006,0
144.637,14,144634018051,2496006,0
144.639,21,144636559057,2496006,0
144.642,22,144639100063,2496006,0
144.644,14,144641623069,2496006,0
144.647,21,144644146075,2469000,1
144.647,22,144644146075,2469000,1
144.649,21,144646615075,2496006,0
144.652,2,144649138081,2496006,0
144.654,17,144651661087,2469000,1
144.654,3,144651661087,2469000,1
144.654,21,144651661087,2469000,1
144.657,22,144654137087,2496006,0
144.659,14,144656678093,2496006,0
144.662,22,144659201099,2496006,0
144.667,2,144664560111,2496006,0
144.67,3,144667083117,2496006,0
144.672,21,144669606123,2496006,0
144.675,22,144672129129,2496006,0
144.677,4,144674670135,2469000,1
144.677,20,144674670135,2469000,1
144.68,2,144677137135,2469000,1
144.68,9,144677137135,2469000,1
144.68,22,144677137135,2469000,1
144.682,14,144679613135,2496006,0
144.685,2,144682145141,2496006,0
144.687,2,144684668147,2496006,0
144.69,3,144687191153,2496006,0
144.692,14,144689714159,2496006,0
144.695,11,144692237165,2469000,1
144.695,12,144692237165,2469000,1
144.695,21,144692237165,2469000,1
144.697,2,144694740165,2496006,0
144.7,14,144697272171,2469000,1
144.7,2,144697272171,2469000,1
144.702,9,144699784171,2496006,0
144.705,22,144702307177,2469000,1
144.705,3,144702307177,2469000,1
144.707,7,144704801177,2469000,1
144.707,14,144704801177,2469000,1
144.71,2,144707277177,2496006,0
144.712,2,144709800183,2496006,0
144.715,3,144712359189,2496006,0
144.717,9,144714882195,2496006,0
144.72,21,144717423201,2469000,1
144.72,9,144717423201,2469000,1
144.722,2,144719908201,2496006,0
144.725,9,144722440207,2496006,0
144.727,9,144724972213,2496006,0
144.73,20,144727495219,2496006,0
144.733,3,144730036225,2496006,0
144.735,3,144732559231,2496006,0
144.738,9,144735082237,2496006,0
144.74,15,144737918243,2496006,0
144.743,8,144740441249,2469000,1
144.745,2,144742908249,2469000,1
144.745,3,144742908249,2469000,1
144.748,4,144745384249,2496006,0
144.75,15,144747925255,2469000,1
144.75,14,144747925255,2469000,1
144.753,20,144750401255,2496006,0
144.755,22,144752933261,2496006,0
144.758,21,144755465267,2469000,1
144.758,9,144755465267,2469000,1
144.758,22,144755465267,2469000,1
144.76,19,144757932267,2469000,1
144.76,3,144757932267,2469000,1
144.76,15,144757932267,2469000,1
144.763,2,144760399267,2496006,0
144.765,2,144762931273,2496006,0
144.768,16,144765767279,2469000,1
144.768,9,144765767279,2469000,1
144.771,20,144768243279,2469000,1
144.771,4,144768243279,2469000,1
144.773,22,144770746279,2469000,1
144.773,9,144770746279,2469000,1
144.776,21,144773240279,2496006,0
144.778,15,144775763285,2469000,1
144.778,22,144775763285,2469000,1
144.783,2,144780753291,2496006,0
144.786,7,144783285297,2496006,0
144.788,10,144785808303,2496006,0
144.791,7,144788340309,2496006,0
144.793,3,144790872315,2496006,0
144.796,4,144793395321,2496006,0
144.798,21,144795918327,2496006,0
144.801,17,144798441333,2496006,0
144.803,2,144800964339,2469000,1
144.803,9,144800964339,2469000,1
144.803,4,144800964339,2469000,1
144.806,3,144803431339,2469000,1
144.806,10,144803431339,2469000,1
144.806,22,144803431339,2469000,1
144.808,7,144805925339,2496006,0
144.811,20,144808448345,2469000,1
144.811,15,144808448345,2469000,1
144.813,17,144810933345,2469000,1
144.813,10,144810933345,2469000,1
144.816,21,144813409345,2496006,0
144.818,12,144815950351,2469000,1
144.818,3,144815950351,2469000,1
144.821,3,144818419351,2496006,0
144.823,5,144820960357,2469000,1
144.823,4,144820960357,2469000,1
144.826,21,144823427357,2469000,1
144.826,11,144823427357,2469000,1
144.828,7,144825894357,2496006,0
144.831,3,144828435363,2496006,0
144.833,2,144830976369,2496006,0
144.836,17,144833508375,2496006,0
144.839,5,144836058381,2496006,0
144.841,3,144838921387,2469000,1
144.841,7,144838921387,2469000,1
144.844,2,144841406387,2496006,0
144.846,14,144843929393,2496006,0
144.849,5,144846461399,2496006,0
144.851,4,144848993405,2469000,1
144.851,17,144848993405,2469000,1
144.854,2,144851469405,2496006,0
144.856,7,144853992411,2496006,0
144.859,14,144856515417,2496006,0
144.862,2,144859038423,2496006,0
144.864,21,144861561429,2496006,0
144.869,5,144866625441,2496006,0
144.872,2,144869461447,2496006,0
144.874,3,144871984453,2469000,1
144.874,5,144871984453,2469000,1
144.877,7,144874451453,2469000,1
144.877,13,144874451453,2469000,1
144.877,20,144874451453,2469000,1
144.879,14,144876918453,2469000,1
144.879,10,144876918453,2469000,1
144.879,4,144876918453,2469000,1
144.882,22,144879394453,2496006,0
144.884,2,144881917459,2496006,0
144.887,21,144884449465,2496006,0
144.89,21,144887008471,2496006,0
144.892,14,144889531477,2496006,0
144.895,3,144892072483,2469000,1
144.895,14,144892072483,2469000,1
144.897,2,144894539483,2469000,1
144.897,22,144894539483,2469000,1
144.899,21,144897015483,2469000,1
144.899,17,144897015483,2469000,1
144.902,21,144899509483,2496006,0
144.905,5,144902032489,2496006,0
144.907,7,144904564495,2496006,0
144.912,5,144909628507,2496006,0
144.915,21,144912169513,2496006,0
144.917,5,144914692519,2496006,0
144.92,7,144917215525,2496006,0
144.922,6,144919765531,2496006,0
144.925,21,144922288537,2496006,0
144.927,14,144924829543,2496006,0
144.93,2,144927352549,2496006,0
144.932,21,144929884555,2469000,1
144.932,6,144929884555,2469000,1
144.935,7,144932351555,2469000,1
144.935,5,144932351555,2469000,1
144.937,22,144934818555,2496006,0
144.94,13,144937377561,2496006,0
144.942,2,144939900567,2496006,0
144.945,14,144942736573,2496006,0
144.948,6,144945268579,2496006,0
144.95,17,144947791585,2496006,0
144.953,13,144950332591,2469000,1
144.955,6,144952817591,2469000,1
144.955,14,144952817591,2469000,1
144.955,22,144952817591,2469000,1
144.958,18,144955293591,2469000,1
144.958,2,144955293591,2469000,1
144.96,17,144957760591,2496006,0
144.963,17,144960283597,2496006,0
144.965,2,144962806603,2496006,0
144.968,7,144965338609,2496006,0
144.97,13,144967861615,2469000,1
144.97,17,144967861615,2469000,1
144.973,13,144970641621,2496006,0
144.976,5,144973173627,2496006,0
144.978,15,144975696633,2496006,0
144.981,2,144978219639,2469000,1
144.981,9,144978219639,2469000,1
144.981,21,144978219639,2469000,1
144.983,6,144980686639,2496006,0
144.986,13,144983209645,2469000,1
144.986,7,144983209645,2469000,1
144.988,5,144985676645,2496006,0
144.991,20,144988208651,2469000,1
144.991,17,144988208651,2469000,1
144.993,22,144990684651,2469000,1
144.993,15,144990684651,2469000,1
144.996,6,144993151651,2496006,0
144.998,15,144995674657,2496006,0
145.001,5,144998206663,2469000,1
145.001,13,144998206663,2469000,1
145.003,10,145000673663,2469000,1
145.003,6,145000673663,2469000,1
145.008,14,145005708669,2469000,1
145.008,2,145005708669,2469000,1
145.011,15,145008175669,2496006,0
145.013,7,145010734675,2496006,0
145.016,17,145013275681,2496006,0
145.018,15,145015816687,2496006,0
145.021,6,145018348693,2496006,0
145.023,7,145020880699,2469000,1
145.023,3,145020880699,2469000,1
145.023,22,145020880699,2469000,1
145.026,15,145023383699,2496006,0
145.028,17,145025906705,2469000,1
145.028,5,145025906705,2469000,1
145.031,6,145028391705,2496006,0
145.033,18,145030932711,2469000,1
145.033,13,145030932711,2469000,1
145.033,17,145030932711,2469000,1
145.036,21,145033435711,2469000,1
145.036,14,145033435711,2469000,1
145.038,15,145035911711,2496006,0
145.043,2,145040975723,2469000,1
145.043,7,145040975723,2469000,1
145.046,6,145043755729,2496006,0
145.049,23,145046296735,2496006,0
145.051,22,145048828741,2496006,0
145.054,23,145051360747,2496006,0
145.056,22,145053892753,2496006,0
145.059,5,145056415759,2469000,1
145.059,23,145056415759,2469000,1
145.061,15,145058882759,2496006,0
145.064,15,145061405765,2496006,0
145.066,6,145063928771,2496006,0
145.069,22,145066469777,2496006,0
145.071,6,145068992783,2496006,0
145.074,22,145071515789,2496006,0
145.077,22,145074360795,2496006,0
145.079,8,145076883801,2469000,1
145.079,10,145076883801,2469000,1
145.082,6,145079359801,2496006,0
145.084,6,145081891807,2469000,1
145.087,15,145084376807,2496006,0
145.089,7,145086935813,2469000,1
145.089,6,145086935813,2469000,1
145.092,13,145089402813,2469000,1
145.092,6,145089404813,2469000,1
145.094,22,145091880813,2496006,0
145.097,15,145094421819,2469000,1
145.097,17,145094421819,2469000,1
145.097,23,145094421819,2469000,1
145.099,11,145096960819,2496006,0
145.102,22,145099492825,2496006,0
145.105,15,145102024831,2496006,0
145.107,15,145104583837,2469000,1
145.107,11,145104583837,2469000,1
145.112,22,145109573843,2496006,0
145.115,21,145112114849,2496006,0
145.117,20,145114646855,2496006,0
145.12,21,145117187861,2496006,0
145.122,2,145119719867,2496006,0
145.125,5,145122242873,2496006,0
145.127,20,145124765879,2496006,0
145.13,22,145127288885,2469000,1
145.13,4,145127288885,2469000,1
145.132,15,145129782885,2496006,0
145.135,20,145132314891,2496006,0
145.137,2,145134837897,2496006,0
145.14,21,145137360903,2469000,1
145.142,23,145139854903,2469000,1
145.142,5,145139854903,2469000,1
145.145,15,145142321903,2496006,0
145.147,20,145144844909,2496006,0
145.15,14,145147680915,2496006,0
145.153,11,145150203921,2496006,0
145.155,2,145152726927,2469000,1
145.155,20,145152726927,2469000,1
145.158,11,145155211927,2496006,0
145.16,19,145157734933,2496006,0
145.163,22,145160257939,2496006,0
145.165,19,145162780945,2496006,0
145.168,22,145165339951,2496006,0
145.17,15,145167862957,2496006,0
145.173,11,145170385963,2496006,0
145.175,14,145172908969,2496006,0
145.178,15,145175744975,2496006,0
145.183,21,145180799987,2496006,0
145.186,7,145183322993,2496006,0
145.188,19,145185863999,2469000,1
145.188,5,145185863999,2469000,1
145.191,7,145188330999,2496006,0
145.193,16,145190854005,2496006,0
145.196,15,145193377011,2469000,1
145.196,2,145193377011,2469000,1
145.198,22,145195844011,2469000,1
145.198,7,145195844011,2469000,1
145.201,16,145198329011,2469000,1
145.201,11,145198329011,2469000,1
145.201,14,145198329011,2469000,1
145.203,21,145200796011,2496006,0
145.206,20,145203328017,2469000,1
145.206,21,145203328017,2469000,1
145.208,14,145205813017,2469000,1
145.208,20,145205813017,2469000,1
145.211,22,145208289017,2496006,0
145.213,11,145210821023,2469000,1
145.213,22,145210821023,2469000,1
145.216,14,145213342023,2496006,0
145.218,6,145215865029,2469000,1
145.221,21,145218341029,2496006,0
145.223,7,145220864035,2469000,1
145.223,16,145220864035,2469000,1
145.223,22,145220864035,2469000,1
145.226,19,145223331035,2469000,1
145.226,20,145223331035,2469000,1
145.228,17,145225825035,2496006,0
145.231,15,145228348041,2496006,0
145.233,17,145230871047,2496006,0
145.236,7,145233394053,2496006,0
145.238,21,145235926059,2496006,0
145.241,14,145238449065,2496006,0
145.243,17,145240999071,2469000,1
145.243,14,145240999071,2469000,1
145.246,21,145243466071,2469000,1
145.246,7,145243466071,2469000,1
145.248,23,145245933071,2496006,0
145.251,15,145248769077,2496006,0
145.254,14,145251301083,2496006,0
145.256,17,145253833089,2496006,0
145.259,23,145256356095,2469000,1
145.259,7,145256356095,2469000,1
145.259,17,145256356095,2469000,1
145.261,15,145258832095,2469000,1
145.261,22,145258832095,2469000,1
145.264,23,145261299095,2496006,0
145.266,3,145263822101,2469000,1
145.266,2,145263822101,2469000,1
145.269,14,145266289101,2496006,0
145.271,11,145268812107,2496006,0
145.274,14,145271362113,2469000,1
145.274,5,145271362113,2469000,1
145.274,19,145271362113,2469000,1
145.276,15,145273838113,2496006,0
145.279,16,145276361119,2496006,0
145.282,8,145279215125,2496006,0
145.284,21,145281747131,2469000,1
145.284,23,145281747131,2469000,1
145.287,10,145284232131,2496006,0
145.289,11,145286755137,2496006,0
145.292,6,145289287143,2496006,0
145.294,17,145291810149,2469000,1
145.294,15,145291810149,2469000,1
145.297,10,145294295149,2496006,0
145.299,16,145296818155,2496006,0
145.302,6,145299341161,2469000,1
145.302,16,145299341161,2469000,1
145.304,8,145301808161,2496006,0
145.307,16,145304331167,2496006,0
145.309,8,145306854173,2496006,0
145.312,10,145309377179,2496006,0
145.314,11,145311900185,2469000,1
145.314,14,145311900185,2469000,1
145.317,6,145314367185,2496006,0
145.319,16,145316899191,2469000,1
145.319,13,145316899191,2469000,1
145.319,22,145316899191,2469000,1
145.319,5,145316899191,2469000,1
145.322,8,145319375191,2469000,1
145.327,15,145324376197,2496006,0
145.329,7,145326899203,2496006,0
145.332,23,145329431209,2469000,1
145.332,17,145329431209,2469000,1
145.332,10,145329431209,2469000,1
145.334,7,145331898209,2469000,1
145.334,10,145331900209,2469000,1
145.337,16,145334376209,2496006,0
145.339,6,145336908215,2496006,0
145.342,6,145339431221,2496006,0
145.344,11,145341981227,2496006,0
145.347,9,145344504233,2496006,0
145.349,6,145347027239,2469000,1
145.349,16,145347027239,2469000,1
145.349,9,145347027239,2469000,1
145.352,15,145349494239,2496006,0
145.355,11,145352330245,2469000,1
145.355,15,145352330245,2469000,1
145.357,2,145354815245,2469000,1
145.357,11,145354815245,2469000,1
145.36,16,145357300245,2496006,0
145.362,7,145359823251,2469000,1
145.362,10,145359823251,2469000,1
145.365,21,145362299251,2469000,1
145.365,8,145362299251,2469000,1
145.367,16,145364775251,2496006,0
145.37,11,145367325257,2496006,0
145.372,9,145369866263,2496006,0
145.375,6,145372389269,2496006,0
145.377,11,145374912275,2496006,0
145.383,11,145380280287,2496006,0
145.385,16,145382812293,2496006,0
145.388,14,145385335299,2469000,1
145.388,11,145385335299,2469000,1
145.39,15,145387802299,2496006,0
145.393,7,145390325305,2496006,0
145.395,16,145392857311,2496006,0
145.398,6,145395380317,2469000,1
145.398,9,145395380317,2469000,1
145.398,16,145395380317,2469000,1
145.4,6,145397849317,2496006,0
145.403,2,145400372323,2496006,0
145.405,3,145402931329,2496006,0
145.408,8,145405463335,2469000,1
145.408,15,145405463335,2469000,1
145.41,12,145407930335,2469000,1
145.41,23,145407930335,2469000,1
145.413,3,145410406335,2469000,1
145.413,5,145410406335,2469000,1
145.415,2,145412873335,2469000,1
145.415,7,145412873335,2469000,1
145.418,15,145415340335,2496006,0
145.42,16,145417863341,2469000,1
145.42,6,145417863341,2469000,1
145.42,15,145417863341,2469000,1
145.423,16,145420366341,2496006,0
145.425,11,145422898347,2496006,0
145.428,9,145425421353,2496006,0
145.43,9,145427962359,2496006,0
145.433,11,145430503365,2469000,1
145.433,15,145430503365,2469000,1
145.435,6,145432970365,2469000,1
145.438,7,145435437365,2469000,1
145.438,6,145435439365,2469000,1
145.44,9,145437906365,2496006,0
145.443,16,145440429371,2496006,0
145.445,17,145442952377,2496006,0
145.448,14,145445475383,2496006,0
145.45,9,145447998389,2496006,0
145.453,10,145450539395,2469000,1
145.453,14,145450539395,2469000,1
145.456,3,145453328401,2496006,0
145.458,16,145455851407,2496006,0
145.461,9,145458374413,2496006,0
145.463,17,145460897419,2469000,1
145.463,16,145460897419,2469000,1
145.466,2,145463364419,2469000,1
145.466,6,145463364419,2469000,1
145.466,17,145463366419,2469000,1
145.468,19,145465833419,2496006,0
145.471,11,145468392425,2496006,0
145.473,23,145470915431,2496006,0
145.476,16,145473447437,2496006,0
145.478,7,145475970443,2469000,1
145.478,9,145475970443,2469000,1
145.481,11,145478437443,2469000,1
145.481,3,145478437443,2469000,1
145.483,8,145480904443,2496006,0
145.486,8,145483749449,2496006,0
145.489,19,145486272455,2496006,0
145.491,23,145488795461,2496006,0
145.494,16,145491318467,2496006,0
145.496,15,145493841473,2496006,0
145.499,3,145496364479,2469000,1
145.499,23,145496364479,2469000,1
145.501,9,145498840479,2496006,0
145.504,19,145501372485,2469000,1
145.504,21,145501372485,2469000,1
145.504,2,145501372485,2469000,1
145.506,14,145503839485,2496006,0
145.511,8,145508921497,2496006,0
145.514,16,145511462503,2469000,1
145.514,15,145511462503,2469000,1
145.516,8,145513938503,2469000,1
145.516,9,145513938503,2469000,1
145.519,11,145516423503,2496006,0
145.521,14,145518955509,2496006,0
145.524,19,145521487515,2496006,0
145.527,9,145524028521,2496006,0
145.529,19,145526560527,2496006,0
145.532,11,145529083533,2469000,1
145.532,8,145529083533,2469000,1
145.534,23,145531550533,2496006,0
145.537,11,145534073539,2469000,1
145.537,23,145534073539,2469000,1
145.539,9,145536540539,2496006,0
145.542,14,145539063545,2496006,0
145.544,3,145541586551,2496006,0
145.547,17,145544109557,2469000,1
145.547,14,145544109557,2469000,1
145.549,19,145546594557,2496006,0
145.552,16,145549117563,2496006,0
145.554,9,145551658569,2496006,0
145.557,22,145554181575,2469000,1
145.557,7,145554181575,2469000,1
145.559,15,145556961581,2496006,0
145.562,9,145559493587,2496006,0
145.565,16,145562016593,2496006,0
145.567,3,145564548599,2496006,0
145.57,19,145567071605,2496006,0
145.572,3,145569612611,2496006,0
145.575,16,145572135617,2496006,0
145.577,15,145574658623,2469000,1
145.577,16,145574658623,2469000,1
145.58,20,145577125623,2469000,1
145.58,16,145577127623,2469000,1
145.582,19,145579594623,2469000,1
145.582,14,145579594623,2469000,1
145.585,23,145582061623,2496006,0
145.587,13,145584915629,2469000,1
145.587,9,145584915629,2469000,1
145.59,1,145587382629,2496006,0
145.592,1,145589914635,2496006,0
145.595,1,145592446641,2496006,0
145.597,3,145594978647,2469000,1
145.597,1,145594978647,2469000,1
145.6,16,145597454647,2469000,1
145.6,14,145597454647,2469000,1
145.602,23,145599939647,2496006,0
145.605,17,145602489653,2496006,0
145.608,23,145605021659,2496006,0
145.61,15,145607553665,2469000,1
145.61,19,145607553665,2469000,1
145.613,9,145610047665,2469000,1
145.613,16,145610047665,2469000,1
145.615,8,145612514665,2469000,1
145.615,3,145612514665,2469000,1
145.617,2,145614981665,2469000,1
145.617,11,145614981665,2469000,1
145.62,23,145617457665,2496006,0
145.622,17,145619989671,2496006,0
145.625,10,145622512677,2469000,1
145.625,17,145622512677,2469000,1
145.628,1,145625042677,2496006,0
145.63,23,145627583683,2496006,0
145.633,19,145630124689,2496006,0
145.635,15,145632656695,2469000,1
145.638,23,145635123695,2469000,1
145.638,1,145635123695,2469000,1
145.64,9,145637599695,2496006,0
145.643,3,145640122701,2496006,0
145.645,9,145642699707,2496006,0
145.648,17,145645231713,2469000,1
145.648,9,145645231713,2469000,1
145.65,19,145647698713,2496006,0
145.653,3,145650221719,2496006,0
145.655,1,145652744725,2496006,0
145.658,3,145655294731,2496006,0
145.661,23,145658139737,2496006,0
145.663,6,145660671743,2496006,0
145.666,3,145663194749,2496006,0
145.668,23,145665717755,2469000,1
145.668,6,145665717755,2469000,1
145.671,4,145668184755,2496006,0
145.673,19,145670716761,2496006,0
145.676,1,145673248767,2496006,0
145.678,23,145675771773,2496006,0
145.681,3,145678294779,2496006,0
145.683,1,145680835785,2496006,0
145.686,4,145683367791,2496006,0
145.688,3,145685890797,2469000,1
145.694,21,145691193809,2496006,0
145.696,9,145693716815,2496006,0
145.699,23,145696239821,2496006,0
145.701,19,145698762827,2496006,0
145.704,3,145701294833,2496006,0
145.706,9,145703826839,2496006,0
145.709,17,145706349845,2469000,1
145.709,9,145706349845,2469000,1
145.711,6,145708816845,2496006,0
145.714,23,145711339851,2496006,0
145.716,19,145713862857,2469000,1
145.716,1,145713862857,2469000,1
145.719,21,145716329857,2469000,1
145.719,4,145716329857,2469000,1
145.719,6,145716329857,2469000,1
145.721,4,145718798857,2496006,0
145.724,7,145721321863,2496006,0
145.726,15,145723844869,2496006,0
145.729,21,145726376875,2496006,0
145.731,7,145728899881,2469000,1
145.731,15,145728899881,2469000,1
145.734,21,145731366881,2496006,0
145.736,3,145733898887,2496006,0
145.739,23,145736421893,2496006,0
145.741,4,145738953899,2469000,1
145.741,23,145738953899,2469000,1
145.744,21,145741420899,2496006,0
145.746,1,145743943905,2469000,1
145.746,7,145743943905,2469000,1
145.746,23,145743943905,2469000,1
145.749,7,145746412905,2496006,0
145.751,15,145748935911,2496006,0
145.754,21,145751476917,2496006,0
145.756,20,145753999923,2496006,0
145.759,15,145756522929,2496006,0
145.762,3,145759045935,2469000,1
145.762,15,145759045935,2469000,1
145.764,9,145761834941,2469000,1
145.764,15,145761834941,2469000,1
145.767,7,145764301941,2469000,1
145.767,14,145764301941,2469000,1
145.772,21,145769291947,2496006,0
145.774,20,145771814953,2496006,0
145.777,2,145774337959,2469000,1
145.777,19,145774337959,2469000,1
145.779,6,145776822959,2469000,1
145.779,15,145776822959,2469000,1
145.782,1,145779289959,2496006,0
145.784,4,145781812965,2496006,0
145.787,20,145784335971,2496006,0
145.789,21,145786867977,2496006,0
145.792,9,145789712983,2496006,0
145.795,1,145792244989,2496006,0
145.797,4,145794767995,2469000,1
145.797,7,145794767995,2469000,1
145.8,15,145797234995,2469000,1
145.8,9,145797234995,2469000,1
145.802,20,145799701995,2469000,1
145.802,11,145799701995,2469000,1
145.805,21,145802168995,2496006,0
145.807,16,145804710001,2496006,0
145.81,3,145807233007,2469000,1
145.81,2,145807233007,2469000,1
145.812,1,145809700007,2496006,0
145.815,8,145812232013,2496006,0
145.817,16,145814773019,2496006,0
145.82,16,145817305025,2496006,0
145.822,7,145819837031,2496006,0
145.825,21,145822360037,2496006,0
145.827,1,145824883043,2469000,1
145.827,4,145824883043,2469000,1
145.827,16,145824883043,2469000,1
145.83,3,145827377043,2496006,0
145.832,20,145829900049,2496006,0
145.835,8,145832432055,2496006,0
145.837,23,145834955061,2496006,0
145.84,21,145837478067,2496006,0
145.842,8,145840001073,2496006,0
145.845,6,145842542079,2469000,1
145.845,9,145842542079,2469000,1
145.845,7,145842542079,2469000,1
145.847,21,145845009079,2469000,1
145.847,3,145845009079,2469000,1
145.85,20,145847476079,2496006,0
145.852,23,145849999085,2496006,0
145.855,1,145852522091,2496006,0
145.86,23,145857604103,2496006,0
145.863,3,145860127109,2469000,1
145.863,23,145860127109,2469000,1
145.865,20,145862916115,2469000,1
145.865,8,145862916115,2469000,1
145.865,21,145862916115,2469000,1
145.868,19,145865410115,2469000,1
145.868,16,145865410115,2469000,1
145.87,23,145867886115,2496006,0
145.873,1,145870409121,2496006,0
145.875,10,145872941127,2496006,0
145.878,9,145875464133,2469000,1
145.878,20,145875464133,2469000,1
145.88,17,145877949133,2496006,0
145.883,20,145880481139,2496006,0
145.885,7,145883004145,2469000,1
145.885,16,145883004145,2469000,1
145.888,10,145885471145,2496006,0
145.89,1,145888012151,2469000,1
145.89,23,145888012151,2469000,1
145.893,17,145890488151,2469000,1
145.893,16,145890488151,2469000,1
145.896,8,145893295157,2496006,0
145.898,3,145895818163,2469000,1
145.898,10,145895818163,2469000,1
145.901,20,145898312163,2496006,0
145.903,23,145900835169,2469000,1
145.903,20,145900835169,2469000,1
145.906,8,145903311169,2496006,0
145.908,4,145905834175,2496006,0
145.911,4,145908366181,2496006,0
145.913,4,145910916187,2496006,0
145.916,17,145913439193,2469000,1
145.916,10,145913439193,2469000,1
145.918,8,145915906193,2496006,0
145.921,20,145918429199,2469000,1
145.921,17,145918429199,2469000,1
145.923,8,145920905199,2496006,0
145.926,1,145923428205,2496006,0
145.928,21,145925951211,2496006,0
145.931,21,145928474217,2496006,0
145.934,8,145931015223,2496006,0
145.939,22,145936061235,2496006,0
145.941,4,145938584241,2469000,1
145.941,8,145938584241,2469000,1
145.944,21,145941069241,2496006,0
145.946,22,145943601247,2469000,1
145.946,6,145943601247,2469000,1
145.946,21,145943601247,2469000,1
145.949,10,145946068247,2469000,1
145.949,1,145946068247,2469000,1
145.951,23,145948553247,2496006,0
145.954,21,145951076253,2496006,0
145.956,21,145953608259,2496006,0
145.959,23,145956140265,2496006,0
145.961,7,145958672271,2469000,1
145.961,22,145958672271,2469000,1
145.964,14,145961139271,2496006,0
145.966,8,145963698277,2469000,1
145.966,1,145963698277,2469000,1
145.969,4,145966487283,2496006,0
145.972,23,145969010289,2496006,0
145.974,14,145971551295,2469000,1
145.974,21,145971551295,2469000,1
145.977,20,145974027295,2496006,0
145.979,23,145976550301,2469000,1
145.979,4,145976550301,2469000,1
145.982,9,145979026301,2496006,0
145.984,8,145981576307,2496006,0
145.987,23,145984099313,2496006,0
145.989,9,145986649319,2469000,1
145.989,4,145986649319,2469000,1
145.992,4,145989118319,2496006,0
145.994,14,145991650325,2469000,1
145.994,20,145991650325,2469000,1
145.997,13,145994430331,2496006,0
145.999,10,145996953337,2469000,1
145.999,21,145996953337,2469000,1
146.002,21,145999429337,2496006,0
146.004,15,146001952343,2469000,1
146.004,8,146001952343,2469000,1
146.004,23,146001952343,2469000,1
146.007,19,146004419343,2496006,0
146.012,4,146009474355,2496006,0
146.014,9,146011997361,2496006,0
146.017,21,146014520367,2496006,0
146.02,19,146017043373,2469000,1
146.02,13,146017043373,2469000,1
146.022,14,146019528373,2496006,0
146.025,8,146022051379,2496006,0
146.027,4,146024601385,2496006,0
146.03,14,146027124391,2469000,1
146.03,4,146027124391,2469000,1
146.032,9,146029591391,2496006,0
146.035,1,146032114397,2469000,1
146.035,21,146032114397,2469000,1
146.035,9,146032114397,2469000,1
146.037,3,146034590397,2496006,0
146.04,8,146037122403,2496006,0
146.042,5,146039663409,2469000,1
146.042,22,146039663409,2469000,1
146.045,17,146042130409,2496006,0
146.047,20,146044653415,2496006,0
146.05,13,146047185421,2496006,0
146.052,23,146049708427,2496006,0
146.055,17,146052249433,2469000,1
146.055,13,146052249433,2469000,1
146.057,20,146054716433,2469000,1
146.057,3,146054716433,2469000,1
146.06,19,146057183433,2496006,0
146.062,14,146059715439,2469000,1
146.062,22,146059715439,2469000,1
146.065,8,146062182439,2496006,0
146.067,21,146064714445,2469000,1
146.067,17,146064714445,2469000,1
146.07,4,146067512451,2469000,1
146.07,23,146067512451,2469000,1
146.072,23,146069981451,2496006,0
146.075,9,146072504457,2469000,1
146.075,23,146072504457,2469000,1
146.077,8,146074971457,2469000,1
146.077,19,146074971457,2469000,1
146.08,13,146077456457,2496006,0
146.085,23,146082529469,2496006,0
146.088,13,146085061475,2496006,0
146.09,23,146087611481,2469000,1
146.09,7,146087611481,2469000,1
146.093,4,146090087481,2496006,0
146.095,20,146092628487,2496006,0
146.098,3,146095151493,2496006,0
146.1,14,146098005499,2469000,1
146.1,13,146098005499,2469000,1
146.103,7,146100472499,2496006,0
146.105,20,146102995505,2469000,1
146.105,4,146102995505,2469000,1
146.108,19,146105462505,2496006,0
146.11,8,146108030511,2469000,1
146.11,23,146108030511,2469000,1
146.113,13,146110497511,2496006,0
146.116,3,146113038517,2496006,0
146.118,19,146115561523,2496006,0
146.121,7,146118084529,2496006,0
146.123,3,146120607535,2496006,0
146.126,13,146123139541,2469000,1
146.126,20,146123139541,2469000,1
146.128,19,146125606541,2469000,1
146.128,17,146125606541,2469000,1
146.128,9,146125606541,2469000,1
146.131,4,146128073541,2496006,0
146.133,21,146130677547,2496006,0
146.136,7,146133200553,2469000,1
146.136,3,146133200553,2469000,1
146.138,21,146135685553,2496006,0
146.141,4,146138208559,2469000,1
146.141,19,146138208559,2469000,1
146.143,21,146140675559,2496006,0
146.146,11,146143198565,2469000,1
146.146,20,146143198565,2469000,1
146.148,13,146145674565,2496006,0
146.151,21,146148206571,2496006,0
146.153,19,146150756577,2496006,0
146.156,4,146153297583,2496006,0
146.158,7,146155820589,2469000,1
146.158,19,146155820589,2469000,1
146.161,4,146158305589,2496006,0
146.163,13,146160837595,2496006,0
146.166,3,146163378601,2469000,1
146.166,21,146163378601,2469000,1
146.168,1,146165872601,2469000,1
146.168,21,146165872601,2469000,1
146.171,4,146168366601,2469000,1
146.171,23,146168366601,2469000,1
146.171,7,146168366601,2469000,1
146.174,13,146171173607,2496006,0
146.176,15,146173696613,2496006,0
146.179,8,146176219619,2496006,0
146.181,14,146178751625,2496006,0
146.184,13,146181274631,2469000,1
146.184,19,146181274631,2469000,1
146.186,1,146183759631,2469000,1
146.189,15,146186235631,2496006,0
146.191,8,146188758637,2469000,1
146.191,15,146188758637,2469000,1
146.194,6,146191225637,2496006,0
146.196,17,146193757643,2496006,0
146.199,10,146196289649,2469000,1
146.199,14,146196289649,2469000,1
146.202,8,146199087655,2469000,1
146.202,14,146199087655,2469000,1
146.204,18,146201554655,2496006,0
146.207,6,146204095661,2496006,0
146.209,9,146206618667,2469000,1
146.209,17,146206618667,2469000,1
146.212,4,146209103667,2496006,0
146.214,13,146211626673,2469000,1
146.214,4,146211626673,2469000,1
146.217,6,146214102673,2469000,1
146.217,14,146214102673,2469000,1
146.219,16,146216578673,2496006,0
146.222,15,146219110679,2496006,0
146.224,18,146221642685,2469000,1
146.224,6,146221642685,2469000,1
146.227,16,146224109685,2496006,0
146.229,22,146226632691,2469000,1
146.229,1,146226632691,2469000,1
146.229,8,146226632691,2469000,1
146.229,17,146226632691,2469000,1
146.229,15,146226632691,2469000,1
146.229,16,146226632691,2469000,1
146.232,18,146229099691,2496006,0
146.234,3,146231631697,2496006,0
146.237,23,146234154703,2469000,1
146.239,18,146236621703,2496006,0
146.244,21,146241721715,2496006,0
146.247,18,146244253721,2469000,1
146.247,3,146244253721,2469000,1
146.249,4,146246729721,2496006,0
146.252,15,146249252727,2496006,0
146.254,17,146251784733,2469000,1
146.254,15,146251784733,2469000,1
146.257,4,146254278733,2496006,0
146.259,21,146256810739,2496006,0
146.262,19,146259333745,2469000,1
146.262,3,146259333745,2469000,1
146.264,15,146261809745,2496006,0
146.267,21,146264332751,2496006,0
146.269,16,146266864757,2496006,0
146.272,15,146269396763,2469000,1
146.272,20,146269396763,2469000,1
146.275,4,146272176769,2469000,1
146.275,13,146272176769,2469000,1
146.277,21,146274643769,2469000,1
146.277,6,146274643769,2469000,1
146.277,18,146274643769,2469000,1
146.277,3,146274643769,2469000,1
146.28,4,146277119769,2496006,0
146.282,21,146279660775,2496006,0
146.285,4,146282219781,2469000,1
146.287,16,146284686781,2496006,0
146.29,23,146287227787,2496006,0
146.292,8,146289750793,2496006,0
146.295,8,146292273799,2496006,0
146.297,15,146294796805,2496006,0
146.3,21,146297319811,2469000,1
146.3,8,146297319811,2469000,1
146.302,16,146299822811,2496006,0
146.305,23,146302667817,2496006,0
146.308,19,146305235823,2496006,0
146.31,4,146307758829,2469000,1
146.31,15,146307758829,2469000,1
146.313,23,146310225829,2469000,1
146.313,21,146310225829,2469000,1
146.315,16,146312710829,2496006,0
146.318,7,146315233835,2496006,0
146.32,19,146317756841,2469000,1
146.32,10,146317756841,2469000,1
146.32,21,146317756841,2469000,1
146.323,8,146320250841,2496006,0
146.328,8,146325296853,2496006,0
146.33,16,146327864859,2469000,1
146.33,7,146327864859,2469000,1
146.333,15,146330349859,2496006,0
146.335,8,146332872865,2469000,1
146.335,14,146332872865,2469000,1
146.335,23,146332872865,2469000,1
146.338,22,146335339865,2496006,0
146.34,17,146337880871,2469000,1
146.34,13,146337880871,2469000,1
146.34,18,146337880871,2469000,1
146.34,22,146337880871,2469000,1
146.343,8,146340374871,2496006,0
146.345,19,146342906877,2496006,0
146.348,8,146345429883,2496006,0
146.35,16,146347961889,2496006,0
146.353,15,146350484895,2496006,0
146.356,16,146353016901,2496006,0
146.358,17,146355539907,2496006,0
146.361,6,146358071913,2496006,0
146.363,19,146360594919,2469000,1
146.366,17,146363070919,2469000,1
146.366,15,146363070919,2469000,1
146.368,16,146365546919,2496006,0
146.371,16,146368078925,2496006,0
146.373,8,146370601931,2496006,0
146.376,7,146373124937,2469000,1
146.376,22,146373124937,2469000,1
146.378,8,146375913943,2496006,0
146.381,16,146378454949,2496006,0
146.383,4,146380977955,2469000,1
146.383,6,146380977955,2469000,1
146.386,8,146383453955,2496006,0
146.388,8,146385976961,2496006,0
146.391,7,146388544967,2496006,0
146.394,21,146391094973,2496006,0
146.396,15,146393617979,2496006,0
146.399,8,146396140985,2469000,1
146.399,19,146396140985,2469000,1
146.399,17,146396140985,2469000,1
146.399,16,146396140985,2469000,1
146.399,21,146396140985,2469000,1
146.401,7,146398607985,2469000,1
146.401,2,146398607985,2469000,1
146.404,3,146401074985,2496006,0
146.406,23,146403937991,2496006,0
146.409,8,146406460997,2496006,0
146.411,3,146408984003,2469000,1
146.411,20,146408984003,2469000,1
146.414,16,146411460003,2496006,0
146.416,6,146414001009,2496006,0
146.419,22,146416524015,2469000,1
146.419,15,146416524015,2469000,1
146.419,3,146416524015,2469000,1
146.419,16,146416524015,2469000,1
146.421,7,146418991015,2496006,0
146.424,18,146421541021,2496006,0
146.427,8,146424064027,2496006,0
146.429,23,146426596033,2496006,0
146.432,6,146429155039,2496006,0
146.434,7,146431678045,2496006,0
146.437,21,146434210051,2496006,0
146.439,8,146436733057,2469000,1
146.444,16,146441725063,2496006,0
146.447,23,146444248069,2469000,1
146.447,18,146444248069,2469000,1
146.449,6,146446724069,2496006,0
146.452,15,146449256075,2469000,1
146.452,6,146449256075,2469000,1
146.454,19,146451732075,2469000,1
146.454,22,146451732075,2469000,1
146.454,23,146451732075,2469000,1
146.457,7,146454199075,2496006,0
146.459,9,146456722081,2496006,0
146.462,21,146459245087,2496006,0
146.464,4,146461768093,2496006,0
146.467,8,146464309099,2496006,0
146.469,9,146466832105,2496006,0
146.472,21,146469355111,2469000,1
146.472,16,146469355111,2469000,1
146.472,6,146469355111,2469000,1
146.474,4,146471831111,2496006,0
146.477,17,146474372117,2496006,0
146.48,1,146477208123,2496006,0
146.482,16,146479731129,2496006,0
146.485,7,146482254135,2496006,0
146.487,21,146484777141,2496006,0
146.49,4,146487300147,2469000,1
146.49,8,146487300147,2469000,1
146.492,18,146489767147,2469000,1
146.492,6,146489767147,2469000,1
146.495,7,146492243147,2469000,1
146.495,1,146492243147,2469000,1
146.497,9,146494710147,2496006,0
146.5,17,146497251153,2496006,0
146.502,17,146499774159,2496006,0
146.505,16,146502297165,2496006,0
146.507,6,146504820171,2496006,0
146.51,15,146507656177,2496006,0
146.513,20,146510179183,2469000,1
146.513,3,146510179183,2469000,1
146.513,18,146510179183,2469000,1
146.513,1,146510179183,2469000,1
146.515,21,146512646183,2469000,1
146.515,15,146512646183,2469000,1
146.518,17,146515140183,2469000,1
146.518,9,146515140183,2469000,1
146.52,6,146517616183,2496006,0
146.523,23,146520148189,2496006,0
146.525,4,146522680195,2496006,0
146.528,6,146525203201,2469000,1
146.528,5,146525203201,2469000,1
146.528,16,146525203201,2469000,1
146.528,4,146525203201,2469000,1
146.53,6,146527672201,2496006,0
146.533,7,146530204207,2496006,0
146.535,15,146532736213,2469000,1
146.535,7,146532736213,2469000,1
146.538,16,146535203213,2496006,0
146.54,23,146537726219,2496006,0
146.543,8,146540249225,2496006,0
146.545,18,146542781231,2469000,1
146.545,7,146542781231,2469000,1
146.548,16,146545257231,2469000,1
146.548,6,146545257231,2469000,1
146.548,8,146545257231,2469000,1
146.55,23,146547724231,2469000,1
146.55,8,146547726231,2469000,1
146.553,15,146550202231,2496006,0
146.555,21,146552734237,2469000,1
146.555,23,146552734237,2469000,1
146.558,15,146555201237,2469000,1
146.56,9,146557695237,2496006,0
146.563,17,146560227243,2496006,0
146.565,1,146562759249,2496006,0
146.568,17,146565282255,2496006,0
146.57,14,146567805261,2496006,0
146.573,4,146570346267,2469000,1
146.573,17,146570346267,2469000,1
146.575,9,146572831267,2496006,0
146.578,14,146575363273,2469000,1
146.578,1,146575363273,2469000,1
146.578,7,146575363273,2469000,1
146.58,9,146577857273,2496006,0
146.583,16,146580693279,2496006,0
146.586,6,146583216285,2496006,0
146.588,8,146585757291,2496006,0
146.591,15,146588280297,2496006,0
146.593,9,146590821303,2496006,0
146.596,8,146593344309,2469000,1
146.596,15,146593344309,2469000,1
146.598,8,146595813309,2496006,0
146.601,16,146598336315,2496006,0
146.603,13,146600859321,2496006,0
146.606,21,146603400327,2496006,0
146.608,9,146605923333,2496006,0
146.611,6,146608759339,2496006,0
146.614,14,146611282345,2469000,1
146.614,1,146611282345,2469000,1
146.614,9,146611282345,2469000,1
146.616,4,146613749345,2469000,1
146.616,17,146613749345,2469000,1
146.616,21,146613749345,2469000,1
146.619,13,146616234345,2469000,1
146.621,16,146618701345,2496006,0
146.624,8,146621233351,2496006,0
146.626,8,146623765357,2496006,0
146.629,15,146626297363,2469000,1
146.629,6,146626297363,2469000,1
146.631,16,146628764363,2496006,0
146.634,19,146631287369,2496006,0
146.636,23,146633810375,2469000,1
146.639,19,146636295375,2469000,1
146.644,13,146641303381,2496006,0
146.646,16,146643826387,2496006,0
146.649,9,146646349393,2469000,1
146.649,8,146646349393,2469000,1
146.651,3,146648816393,2496006,0
146.654,8,146651339399,2496006,0
146.656,13,146653880405,2469000,1
146.656,11,146653880405,2469000,1
146.659,3,146656347405,2469000,1
146.659,19,146656347405,2469000,1
146.661,14,146658814405,2469000,1
146.661,16,146658814405,2469000,1
146.661,3,146658816405,2469000,1
146.664,8,146661283405,2469000,1
146.664,21,146661283405,2469000,1
146.664,6,146661283405,2469000,1
146.666,15,146663777405,2496006,0
146.669,14,146666309411,2496006,0
146.671,6,146668850417,2496006,0
146.674,1,146671382423,2469000,1
146.674,23,146671382423,2469000,1
146.676,14,146673867423,2469000,1
146.676,9,146673867423,2469000,1
146.679,15,146676334423,2469000,1
146.679,11,146676334423,2469000,1
146.681,8,146678810423,2496006,0
146.684,13,146681673429,2496006,0
146.687,14,146684196435,2496006,0
146.689,6,146686728441,2496006,0
146.692,8,146689251447,2496006,0
146.694,12,146691792453,2469000,1
146.694,8,146691792453,2469000,1
146.697,13,146694259453,2496006,0
146.699,16,146696782459,2496006,0
146.702,15,146699305465,2469000,1
146.704,22,146701772465,2496006,0
146.707,17,146704295471,2469000,1
146.707,12,146704295471,2469000,1
146.709,12,146706764471,2496006,0
146.712,14,146709287477,2496006,0
146.715,21,146712132483,2496006,0
146.717,7,146714664489,2469000,1
146.717,6,146714664489,2469000,1
146.717,17,146714664489,2469000,1
146.72,16,146717131489,2496006,0
146.722,16,146719654495,2496006,0
146.725,3,146722177501,2496006,0
146.727,12,146724700507,2496006,0
146.73,3,146727223513,2496006,0
146.732,13,146729746519,2469000,1
146.732,14,146729746519,2469000,1
146.735,22,146732231519,2496006,0
146.737,14,146734754525,2496006,0
146.74,21,146737277531,2496006,0
146.742,16,146739818537,2496006,0
146.745,22,146742350543,2496006,0
146.747,6,146744873549,2469000,1
146.747,3,146744873549,2469000,1
146.747,16,146744873549,2469000,1
146.75,14,146747340549,2496006,0
146.752,12,146749872555,2496006,0
146.755,4,146752395561,2469000,1
146.755,8,146752395561,2469000,1
146.755,13,146752395561,2469000,1
146.757,14,146754862561,2496006,0
146.76,19,146757385567,2496006,0
146.762,12,146759917573,2496006,0
146.765,21,146762440579,2496006,0
146.767,13,146764963585,2496006,0
146.77,12,146767486591,2496006,0
146.772,14,146770009597,2469000,1
146.772,22,146770009597,2469000,1
146.775,1,146772476597,2496006,0
146.777,19,146775008603,2469000,1
146.777,3,146775008603,2469000,1
146.78,15,146777475603,2496006,0
146.782,9,146779998609,2469000,1
146.782,19,146779998609,2469000,1
146.785,16,146782465609,2469000,1
146.788,21,146785245615,2496006,0
146.79,13,146787768621,2469000,1
146.79,12,146787768621,2469000,1
146.793,14,146790262621,2496006,0
146.795,13,146792794627,2496006,0
146.798,14,146795317633,2496006,0
146.8,1,146797840639,2469000,1
146.8,15,146797840639,2469000,1
146.8,19,146797840639,2469000,1
146.803,14,146800307639,2496006,0
146.805,21,146802830645,2496006,0
146.808,3,146805362651,2469000,1
146.808,14,146805362651,2469000,1
146.81,8,146807847651,2496006,0
146.813,21,146810379657,2496006,0
146.816,13,146813224663,2496006,0
146.818,22,146815756669,2496006,0
146.821,13,146818279675,2496006,0
146.823,15,146820811681,2496006,0
146.826,22,146823334687,2496006,0
146.828,21,146825857693,2496006,0
146.831,13,146828380699,2496006,0
146.833,1,146830903705,2496006,0
146.836,15,146833426711,2469000,1
146.836,12,146833426711,2469000,1
146.836,14,146833426711,2469000,1
146.836,8,146833426711,2469000,1
146.838,22,146835893711,2496006,0
146.841,8,146838416717,2496006,0
146.843,22,146840957723,2496006,0
146.846,18,146843489729,2469000,1
146.846,15,146843489729,2469000,1
146.848,22,146845974729,2469000,1
146.848,13,146845974729,2469000,1
146.851,8,146848441729,2496006,0
146.853,6,146850973735,2469000,1
146.853,16,146850973735,2469000,1
146.853,21,146850973735,2469000,1
146.853,1,146850973735,2469000,1
146.856,20,146853449735,2469000,1
146.856,1,146853449735,2469000,1
146.858,2,146855952735,2496006,0
146.861,21,146858475741,2496006,0
146.864,9,146861016747,2496006,0
146.866,8,146863548753,2469000,1
146.871,2,146868540759,2496006,0
146.874,21,146871081765,2469000,1
146.874,14,146871081765,2469000,1
146.876,22,146873557765,2496006,0
146.879,16,146876080771,2469000,1
146.879,22,146876080771,2469000,1
146.881,19,146878556771,2496006,0
146.884,13,146881097777,2469000,1
146.884,9,146881097777,2469000,1
146.886,3,146883564777,2469000,1
146.886,2,146883564777,2469000,1
146.889,1,146886356003,2496006,0
146.891,17,146888888009,2469000,1
146.891,22,146888888009,2469000,1
146.894,21,146891355009,2496006,0
146.896,1,146893914015,2469000,1
146.896,19,146893914015,2469000,1
146.899,21,146896408015,2469000,1
146.899,1,146896408015,2469000,1
146.901,8,146898884015,2469000,1
146.901,2,146898884015,2469000,1
146.904,12,146901351015,2496006,0
146.906,23,146903901021,2496006,0
146.909,12,146906424027,2496006,0
146.911,12,146908947033,2496006,0
146.914,23,146911470039,2496006,0
146.916,21,146914002045,2469000,1
146.916,1,146914002045,2469000,1
146.919,19,146916791051,2496006,0
146.922,12,146919314057,2496006,0
146.924,9,146921837063,2496006,0
146.927,15,146924360069,2496006,0
146.929,12,146926892075,2496006,0
146.932,15,146929433081,2496006,0
146.934,12,146931956087,2496006,0
146.937,23,146934479093,2496006,0
146.939,23,146937002099,2496006,0
146.942,12,146939525105,2496006,0
146.945,19,146942066111,2469000,1
146.945,9,146942066111,2469000,1
146.947,13,146944551111,2496006,0
146.95,1,146947074117,2496006,0
146.952,12,146949606123,2496006,0
146.955,23,146952138129,2469000,1
146.955,4,146952138129,2469000,1
146.955,15,146952138129,2469000,1
146.957,7,146954614129,2469000,1
146.957,2,146954614129,2469000,1
146.957,23,146954614129,2469000,1
146.96,23,146957083129,2496006,0
146.962,22,146959606135,2496006,0
146.965,8,146962129141,2496006,0
146.967,1,146964652147,2469000,1
146.967,13,146964652147,2469000,1
146.97,22,146967137147,2469000,1
146.97,13,146967137147,2469000,1
146.972,12,146969604147,2496006,0
146.975,15,146972136153,2496006,0
146.977,14,146974659159,2496006,0
146.98,1,146977182165,2469000,1
146.98,12,146977182165,2469000,1
146.982,19,146979658165,2496006,0
146.985,23,146982181171,2496006,0
146.987,15,146984704177,2496006,0
146.99,14,146987227183,2469000,1
146.99,8,146987227183,2469000,1
146.992,9,146990016189,2469000,1
146.992,15,146990016189,2469000,1
146.995,23,146992501189,2496006,0
146.998,19,146995033195,2496006,0
147,21,146997556201,2496006,0
147.003,14,147000097207,2496006,0
147.005,12,147002656213,2496006,0
147.008,23,147005188219,2496006,0
147.01,12,147007729225,2496006,0
147.013,22,147010252231,2469000,1
147.013,19,147010252231,2469000,1
147.015,21,147012719231,2496006,0
147.018,23,147015242237,2469000,1
147.018,14,147015242237,2469000,1
147.018,15,147015242237,2469000,1
147.023,12,147020545249,2496006,0
147.026,6,147023068255,2469000,1
147.026,8,147023068255,2469000,1
147.026,23,147023068255,2469000,1
147.028,16,147025535255,2496006,0
147.031,8,147028076261,2496006,0
147.033,19,147030599267,2469000,1
147.033,15,147030599267,2469000,1
147.036,12,147033066267,2469000,1
147.036,9,147033066267,2469000,1
147.038,1,147035542267,2469000,1
147.038,22,147035542267,2469000,1
147.04,8,147038009267,2469000,1
147.04,21,147038009267,2469000,1
147.043,19,147040476267,2496006,0
147.045,21,147042999273,2496006,0
147.048,16,147045522279,2496006,0
147.051,19,147048081285,2496006,0
147.053,21,147050622291,2469000,1
147.053,13,147050622291,2469000,1
147.053,14,147050622291,2469000,1
147.056,16,147053089291,2469000,1
147.056,19,147053089291,2469000,1
147.058,21,147055556291,2496006,0
147.061,21,147058106297,2496006,0
147.063,13,147060629303,2469000,1
147.063,16,147060629303,2469000,1
147.066,14,147063159303,2469000,1
147.066,21,147063159303,2469000,1
147.068,12,147065626303,2496006,0
147.071,13,147068158309,2496006,0
147.073,8,147070681315,2469000,1
147.073,13,147070681315,2469000,1
147.076,19,147073148315,2496006,0
147.078,21,147075698321,2496006,0
147.081,8,147078239327,2496006,0
147.083,21,147080780333,2469000,1
147.083,14,147080780333,2469000,1
147.086,9,147083247333,2496006,0
147.088,12,147085770339,2496006,0
147.091,19,147088311345,2496006,0
147.094,12,147091156003,2496006,0
147.096,23,147093679009,2496006,0
147.099,9,147096211015,2469000,1
147.099,8,147096211015,2469000,1
147.101,3,147098678015,2496006,0
147.104,15,147101201021,2496006,0
147.106,19,147103751027,2496006,0
147.109,15,147106274033,2469000,1
147.109,8,147106274033,2469000,1
147.111,16,147108741033,2496006,0
147.114,12,147111264039,2469000,1
147.114,13,147111264039,2469000,1
147.116,3,147113740039,2469000,1
147.116,23,147113740039,2469000,1
147.116,12,147113740039,2469000,1
147.119,21,147116207039,2496006,0
147.121,9,147118748045,2496006,0
147.124,19,147121593051,2496006,0
147.127,16,147124116057,2496006,0
147.129,8,147126648063,2496006,0
147.132,2,147129171069,2496006,0
147.134,19,147131721075,2469000,1
147.134,21,147131721075,2469000,1
147.137,8,147134197075,2469000,1
147.137,1,147134197075,2469000,1
147.139,8,147136666075,2496006,0
147.142,2,147139198081,2469000,1
147.142,9,147139198081,2469000,1
147.144,15,147141665081,2496006,0
147.147,16,147144188087,2496006,0
147.149,2,147146720093,2496006,0
147.152,21,147149243099,2496006,0
147.157,3,147154289111,2496006,0
147.159,8,147156812117,2496006,0
147.162,2,147159335123,2469000,1
147.162,23,147159335123,2469000,1
147.164,15,147161802123,2469000,1
147.164,23,147161804123,2469000,1
147.167,21,147164298123,2496006,0
147.169,16,147166821129,2496006,0
147.172,13,147169344135,2496006,0
147.174,16,147171894141,2496006,0
147.177,3,147174417147,2469000,1
147.177,16,147174417147,2469000,1
147.179,19,147176884147,2496006,0
147.182,13,147179407153,2496006,0
147.184,8,147181930159,2496006,0
147.187,12,147184462165,2469000,1
147.187,1,147184462165,2469000,1
147.189,19,147186938165,2469000,1
147.189,2,147186938165,2469000,1
147.189,3,147186938165,2469000,1
147.192,9,147189405165,2469000,1
147.192,21,147189405165,2469000,1
147.194,8,147191890165,2496006,0
147.197,13,147194726171,2469000,1
147.197,3,147194726171,2469000,1
147.2,8,147197229171,2496006,0
147.202,15,147199752177,2496006,0
147.205,19,147202293183,2496006,0
147.207,22,147204852189,2469000,1
147.207,9,147204852189,2469000,1
147.21,23,147207328189,2496006,0
147.212,19,147209860195,2469000,1
147.212,21,147209860195,2469000,1
147.212,8,147209860195,2469000,1
147.215,16,147212336195,2496006,0
147.217,23,147214859201,2469000,1
147.217,3,147214859201,2469000,1
147.22,15,147217326201,2469000,1
147.222,16,147219820201,2469000,1
147.222,13,147219820201,2469000,1
147.225,19,147222350201,2496006,0
147.228,11,147225186207,2496006,0
147.23,7,147227709213,2469000,1
147.23,23,147227709213,2469000,1
147.23,19,147227709213,2469000,1
147.233,12,147230185213,2469000,1
147.233,8,147230185213,2469000,1
147.235,4,147232652213,2496006,0
147.238,13,147235184219,2496006,0
147.24,15,147237716225,2496006,0
147.243,4,147240257231,2469000,1
147.243,16,147240257231,2469000,1
147.245,11,147242742231,2496006,0
147.248,13,147245274237,2496006,0
147.25,15,147247797243,2469000,1
147.25,2,147247797243,2469000,1
147.253,15,147250273243,2496006,0
147.255,13,147252823249,2496006,0
147.258,11,147255346255,2469000,1
147.258,6,147255346255,2469000,1
147.26,13,147257822255,2496006,0
147.263,19,147260354261,2496006,0
147.265,15,147262895267,2496006,0
147.268,13,147265418273,2469000,1
147.268,23,147265418273,2469000,1
147.268,4,147265418273,2469000,1
147.273,19,147270426279,2496006,0
147.275,15,147272949285,2469000,1
147.275,21,147272949285,2469000,1
147.278,16,147275416285,2496006,0
147.28,13,147277939291,2496006,0
147.283,16,147280462297,2496006,0
147.286,11,147283021303,2496006,0
147.288,16,147285553309,2496006,0
147.291,16,147288076315,2496006,0
147.293,13,147290599321,2496006,0
147.296,8,147293122327,2496006,0
147.298,19,147295958333,2496006,0
147.301,8,147298481339,2496006,0
147.303,16,147301004345,2469000,1
147.303,13,147301004345,2469000,1
147.306,2,147303516345,2496006,0
147.309,19,147306039351,2496006,0
147.311,11,147308562357,2496006,0
147.314,8,147311094363,2496006,0
147.316,11,147313644369,2496006,0
147.319,15,147316167375,2469000,1
147.319,11,147316167375,2469000,1
147.321,2,147318634375,2496006,0
147.326,13,147323680387,2496006,0
147.329,19,147326525393,2496006,0
147.332,16,147329057399,2469000,1
147.332,19,147329057399,2469000,1
147.334,8,147331533399,2496006,0
147.337,3,147334074405,2496006,0
147.339,2,147336597411,2496006,0
147.342,13,147339129417,2496006,0
147.344,2,147341670423,2496006,0
147.347,13,147344211429,2469000,1
147.347,8,147344211429,2469000,1
147.349,3,147346687429,2469000,1
147.349,12,147346687429,2469000,1
147.352,2,147349181429,2496006,0
147.354,4,147351704435,2469000,1
147.354,11,147351704435,2469000,1
147.357,8,147354189435,2496006,0
147.359,2,147356712441,2496006,0
147.362,8,147359262447,2496006,0
147.364,9,147361803453,2469000,1
147.364,19,147361803453,2469000,1
147.369,15,147366802459,2469000,1
147.369,16,147366802459,2469000,1
147.372,2,147369269459,2496006,0
147.374,8,147371801465,2496006,0
147.377,3,147374333471,2496006,0
147.379,2,147376865477,2496006,0
147.382,13,147379388483,2496006,0
147.384,14,147381920489,2496006,0
147.387,3,147384497495,2496006,0
147.389,10,147387020501,2469000,1
147.389,11,147387020501,2469000,1
147.392,14,147389487501,2469000,1
147.392,8,147389487501,2469000,1
147.394,2,147391963501,2469000,1
147.394,11,147391963501,2469000,1
147.394,8,147391963501,2469000,1
147.397,13,147394448501,2496006,0
147.399,8,147396980507,2496006,0
147.402,14,147399825513,2469000,1
147.402,8,147399825513,2469000,1
147.405,21,147402301513,2496006,0
147.407,15,147404833519,2469000,1
147.407,3,147404833519,2469000,1
147.41,13,147407300519,2496006,0
147.412,13,147409823525,2496006,0
147.415,23,147412346531,2496006,0
147.417,19,147414869537,2496006,0
147.42,8,147417401543,2496006,0
147.422,23,147419933549,2496006,0
147.425,12,147422456555,2496006,0
147.427,19,147424979561,2496006,0
147.43,21,147427824567,2496006,0
147.433,12,147430347573,2496006,0
147.435,8,147432879579,2469000,1
147.435,2,147432879579,2469000,1
147.438,19,147435355579,2469000,1
147.438,23,147435355579,2469000,1
147.438,12,147435355579,2469000,1
147.44,13,147437822579,2496006,0
147.443,3,147440372585,2469000,1
147.443,8,147440372585,2469000,1
147.445,19,147442848585,2496006,0
147.448,21,147445371591,2496006,0
147.45,19,147447894597,2496006,0
147.453,19,147450453603,2469000,1
147.455,23,147452920603,2469000,1
147.455,13,147452920603,2469000,1
147.458,23,147455389603,2496006,0
147.46,22,147457912609,2496006,0
147.463,21,147460444615,2469000,1
147.463,16,147460444615,2469000,1
147.465,22,147462947615,2469000,1
147.465,13,147462947615,2469000,1
147.468,12,147465414615,2469000,1
147.468,21,147465414615,2469000,1
147.47,23,147467890615,2496006,0
147.473,22,147470440621,2469000,1
147.473,21,147470440621,2469000,1
147.475,2,147472925621,2496006,0
147.478,19,147475448627,2469000,1
147.478,21,147475448627,2469000,1
147.48,2,147477924627,2496006,0
147.483,15,147480447633,2496006,0
147.485,18,147482979639,2496006,0
147.488,14,147485502645,2469000,1
147.488,23,147485502645,2469000,1
147.49,2,147487969645,2496006,0
147.493,4,147490501651,2496006,0
147.496,2,147493033657,2496006,0
147.498,20,147495556663,2496006,0
147.503,9,147500915675,2496006,0
147.506,15,147503438681,2469000,1
147.506,17,147503438681,2469000,1
147.506,1,147503438681,2469000,1
147.508,3,147505905681,2469000,1
147.508,18,147505905681,2469000,1
147.511,23,147508390681,2496006,0
147.513,22,147510931687,2469000,1
147.513,21,147510931687,2469000,1
147.516,20,147513398687,2469000,1
147.516,12,147513398687,2469000,1
147.516,4,147513398687,2469000,1
147.518,9,147515874687,2496006,0
147.521,2,147518397693,2496006,0
147.523,2,147520929699,2496006,0
147.526,8,147523452705,2496006,0
147.528,9,147525975711,2469000,1
147.528,20,147525975711,2469000,1
147.528,2,147525975711,2469000,1
147.531,13,147528460711,2469000,1
147.531,23,147528460711,2469000,1
147.534,22,147531240717,2496006,0
147.536,8,147533772723,2496006,0
147.539,15,147536295729,2496006,0
147.541,15,147538818735,2496006,0
147.544,2,147541341741,2496006,0
147.546,11,147543891747,2496006,0
147.549,22,147546423753,2469000,1
147.549,18,147546423753,2469000,1
147.551,9,147548890753,2496006,0
147.554,4,147551413759,2496006,0
147.556,22,147553936765,2469000,1
147.556,9,147553936765,2469000,1
147.559,4,147556403765,2469000,1
147.561,11,147558870765,2469000,1
147.561,2,147558870765,2469000,1
147.564,8,147561337765,2496006,0
147.566,15,147563878771,2469000,1
147.566,18,147563878771,2469000,1
147.569,19,147566390771,2469000,1
147.569,15,147566390771,2469000,1
147.571,23,147568857771,2496006,0
147.574,12,147571398777,2496006,0
147.576,8,147573930783,2496006,0
147.579,9,147576462789,2469000,1
147.579,12,147576462789,2469000,1
147.581,13,147578938789,2496006,0
147.584,23,147581488795,2496006,0
147.586,4,147584020801,2469000,1
147.586,8,147584020801,2469000,1
147.589,20,147586487801,2496006,0
147.592,11,147589019807,2496006,0
147.594,13,147591551813,2496006,0
147.597,20,147594074819,2469000,1
147.597,2,147594074819,2469000,1
147.599,23,147596568819,2469000,1
147.599,4,147596568819,2469000,1
147.602,11,147599035819,2469000,1
147.602,12,147599035819,2469000,1
147.602,8,147599035819,2469000,1
147.604,11,147601511819,2496006,0
147.609,13,147606888831,2496006,0
147.612,3,147609429837,2469000,1
147.612,22,147609429837,2469000,1
147.614,14,147611896837,2469000,1
147.614,11,147611896837,2469000,1
147.617,23,147614363837,2496006,0
147.619,18,147616886843,2496006,0
147.622,11,147619418849,2496006,0
147.624,22,147621968855,2496006,0
147.627,13,147624491861,2496006,0
147.63,19,147627032867,2496006,0
147.632,11,147629555873,2469000,1
147.632,13,147629555873,2469000,1
147.634,2,147632022873,2469000,1
147.634,12,147632022873,2469000,1
147.634,23,147632022873,2469000,1
147.637,18,147634489873,2496006,0
147.64,22,147637012879,2496006,0
147.642,20,147639535885,2496006,0
147.645,19,147642067891,2496006,0
147.647,18,147644599897,2496006,0
147.65,15,147647131903,2469000,1
147.65,9,147647131903,2469000,1
147.652,20,147649607903,2496006,0
147.655,22,147652139909,2469000,1
147.655,13,147652139909,2469000,1
147.66,18,147657147915,2469000,1
147.66,13,147657147915,2469000,1
147.662,22,147659614915,2496006,0
147.665,19,147662146921,2496006,0
147.667,2,147664687927,2496006,0
147.67,20,147667219933,2496006,0
147.672,8,147669742939,2496006,0
147.675,19,147672265945,2469000,1
147.675,22,147672265945,2469000,1
147.677,4,147674741945,2469000,1
147.677,19,147674741945,2469000,1
147.68,2,147677208945,2469000,1
147.68,11,147677208945,2469000,1
147.68,23,147677208945,2469000,1
147.682,10,147679693945,2496006,0
147.685,8,147682225951,2496006,0
147.687,8,147684748957,2496006,0
147.69,20,147687307963,2496006,0
147.692,8,147689830969,2496006,0
147.695,19,147692362975,2496006,0
147.697,19,147694885981,2496006,0
147.7,20,147697408987,2469000,1
147.7,8,147697408987,2469000,1
147.702,7,147699875987,2469000,1
147.702,2,147699875987,2469000,1
147.705,18,147702342987,2469000,1
147.705,22,147702342987,2469000,1
147.707,9,147704809987,2469000,1
147.707,10,147704809987,2469000,1
147.71,19,147707589993,2496006,0
147.713,22,147710121999,2496006,0
147.718,19,147715177011,2469000,1
147.718,22,147715177011,2469000,1
147.72,23,147717671011,2496006,0
147.723,11,147720203017,2469000,1
147.723,22,147720203017,2469000,1
147.725,23,147722679017,2496006,0
147.728,10,147725202023,2496006,0
147.73,23,147727779029,2496006,0
147.733,8,147730302035,2496006,0
147.735,12,147732843041,2469000,1
147.735,20,147732843041,2469000,1
147.738,2,147735623047,2496006,0
147.741,10,147738146053,2469000,1
147.741,13,147738146053,2469000,1
147.741,19,147738146053,2469000,1
147.741,2,147738146053,2469000,1
147.743,4,147740613053,2496006,0
147.746,23,147743145059,2496006,0
147.748,8,147745704065,2496006,0
147.751,4,147748227071,2496006,0
147.753,4,147750768077,2496006,0
147.756,8,147753291083,2469000,1
147.756,23,147753291083,2469000,1
147.758,18,147755758083,2496006,0
147.761,2,147758290089,2496006,0
147.766,8,147763354101,2496006,0
147.768,10,147765904107,2496006,0
147.771,4,147768445113,2496006,0
147.773,2,147770968119,2469000,1
147.773,15,147770968119,2469000,1
147.776,18,147773435119,2496006,0
147.778,4,147775967125,2496006,0
147.781,8,147778490131,2469000,1
147.781,18,147778490131,2469000,1
147.783,23,147780984131,2496006,0
147.786,10,147783507137,2496006,0
147.788,22,147786030143,2469000,1
147.788,19,147786030143,2469000,1
147.791,8,147788497143,2496006,0
147.794,2,147791065149,2496006,0
147.796,20,147793588155,2469000,1
147.796,2,147793588155,2469000,1
147.799,4,147796055155,2496006,0
147.801,8,147798578161,2469000,1
147.801,19,147798578161,2469000,1
147.804,16,147801054161,2469000,1
147.804,10,147801054161,2469000,1
147.804,22,147801054161,2469000,1
147.806,18,147803521161,2496006,0
147.809,23,147806044167,2496006,0
147.814,18,147811412179,2496006,0
147.816,5,147813944185,2496006,0
147.819,23,147816476191,2496006,0
147.822,10,147819008197,2496006,0
147.824,5,147821531203,2469000,1
147.824,4,147821531203,2469000,1
147.826,20,147823998203,2496006,0
147.829,23,147826530209,2496006,0
147.832,15,147829062215,2496006,0
147.834,20,147831585221,2496006,0
147.837,10,147834108227,2496006,0
147.839,18,147836631233,2496006,0
147.842,4,147839476239,2496006,0
147.844,10,147842008245,2469000,1
147.844,20,147842008245,2469000,1
147.844,15,147842008245,2469000,1
147.847,2,147844475245,2496006,0
147.849,4,147847007251,2469000,1
147.849,8,147847007251,2469000,1
147.852,23,147849474251,2496006,0
147.855,4,147852015257,2496006,0
147.857,18,147854538263,2496006,0
147.86,4,147857079269,2496006,0
147.862,20,147859602275,2496006,0
147.865,9,147862134281,2469000,1
147.865,5,147862134281,2469000,1
147.865,2,147862134281,2469000,1
147.87,18,147867133287,2469000,1
147.87,7,147867133287,2469000,1
147.872,23,147869609287,2496006,0
147.875,20,147872141293,2496006,0
147.877,4,147874673299,2469000,1
147.877,10,147874673299,2469000,1
147.88,11,147877140299,2496006,0
147.882,20,147879663305,2496006,0
147.885,11,147882186311,2496006,0
147.887,23,147884709317,2496006,0
147.89,7,147887232323,2496006,0
147.892,14,147889755329,2496006,0
147.895,11,147892278335,2469000,1
147.895,7,147892278335,2469000,1
147.897,8,147894745335,2469000,1
147.897,18,147894745335,2469000,1
147.9,15,147897212335,2469000,1
147.9,4,147897212335,2469000,1
147.902,20,147899679335,2496006,0
147.905,2,147902211341,2496006,0
147.907,23,147904761347,2496006,0
147.91,14,147907284353,2496006,0
147.912,2,147909834359,2496006,0
147.915,2,147912679365,2496006,0
147.918,14,147915220371,2469000,1
147.918,20,147915220371,2469000,1
147.92,11,147917705371,2496006,0
147.923,18,147920228377,2469000,1
147.923,23,147920228377,2469000,1
147.923,14,147920228377,2469000,1
147.925,6,147922695377,2469000,1
147.925,20,147922695377,2469000,1
147.93,11,147927694383,2469000,1
147.93,7,147927694383,2469000,1
147.933,2,147930179383,2496006,0
147.935,10,147932711389,2496006,0
147.938,2,147935234395,2496006,0
147.94,3,147937757401,2496006,0
147.943,5,147940629407,2496006,0
147.946,2,147943161413,2469000,1
147.946,19,147943161413,2469000,1
147.948,15,147945655413,2496006,0
147.951,10,147948187419,2496006,0
147.953,23,147950710425,2469000,1
147.953,3,147950710425,2469000,1
147.956,5,147953177425,2496006,0
147.958,21,147955736431,2496006,0
147.961,10,147958277437,2469000,1
147.961,21,147958277437,2469000,1
147.963,5,147960744437,2469000,1
147.963,7,147960744437,2469000,1
147.966,11,147963211437,2496006,0
147.968,15,147965734443,2496006,0
147.971,2,147968257449,2496006,0
147.973,21,147970780455,2496006,0
147.976,4,147973303461,2496006,0
147.978,11,147975835467,2496006,0
147.981,5,147978358473,2496006,0
147.983,15,147980899479,2469000,1
147.986,7,147983366479,2496006,0
147.988,3,147985889485,2469000,1
147.988,15,147985889485,2469000,1
147.991,10,147988356485,2496006,0
147.993,11,147990879491,2496006,0
147.996,5,147993402497,2469000,1
147.996,2,147993402497,2469000,1
147.998,14,147995869497,2496006,0
148.001,7,147998392503,2469000,1
148.001,21,147998392503,2469000,1
148.003,10,148000859503,2496006,0
148.006,20,148003391509,2469000,1
148.006,4,148003391509,2469000,1
148.008,14,148005867509,2496006,0
148.011,10,148008408515,2496006,0
148.013,23,148010931521,2469000,1
148.013,2,148010931521,2469000,1
148.013,14,148010931521,2469000,1
148.016,18,148013711527,2469000,1
148.016,10,148013711527,2469000,1
148.019,11,148016196527,2496006,0
148.021,7,148018719533,2496006,0
148.024,21,148021242539,2496006,0
148.026,4,148023774545,2496006,0
148.029,21,148026324551,2496006,0
148.031,7,148028856557,2496006,0
148.034,5,148031379563,2496006,0
148.036,11,148033911569,2496006,0
148.039,21,148036443575,2496006,0
148.041,4,148038966581,2496006,0
148.044,21,148041489587,2496006,0
148.047,11,148044325593,2496006,0
148.052,14,148049380605,2496006,0
148.054,4,148051903611,2469000,1
148.054,5,148051903611,2469000,1
148.057,3,148054379611,2469000,1
148.057,7,148054379611,2469000,1
148.059,10,148056855611,2496006,0
148.062,21,148059378617,2496006,0
148.064,2,148061901623,2469000,1
148.064,21,148061901623,2469000,1
148.067,8,148064377623,2496006,0
148.069,21,148066900629,2496006,0
148.072,10,148069441635,2469000,1
148.072,11,148069441635,2469000,1
148.072,14,148069441635,2469000,1
148.072,2,148069441635,2469000,1
148.074,8,148071908635,2496006,0
148.077,14,148074431641,2496006,0
148.079,12,148076963647,2496006,0
148.082,21,148079531653,2496006,0
148.085,12,148082054659,2469000,1
148.085,14,148082054659,2469000,1
148.087,15,148084521659,2496006,0
148.09,10,148087044665,2496006,0
148.092,15,148089567671,2496006,0
148.095,13,148092090677,2496006,0
148.097,4,148094613683,2469000,1
148.097,7,148094613683,2469000,1
148.097,8,148094613683,2469000,1
148.1,5,148097098683,2496006,0
148.102,13,148099621689,2469000,1
148.102,7,148099621689,2469000,1
148.105,21,148102088689,2496006,0
148.107,11,148104638695,2469000,1
148.107,8,148104638695,2469000,1
148.11,10,148107105695,2496006,0
148.112,21,148109637701,2496006,0
148.115,15,148112160707,2469000,1
148.115,13,148112160707,2469000,1
148.117,21,148114636707,2496006,0
148.12,16,148117472713,2469000,1
148.12,5,148117472713,2469000,1
148.122,14,148119948713,2496006,0
148.125,15,148122471719,2496006,0
148.127,12,148124994725,2496006,0
148.13,11,148127517731,2496006,0
148.133,10,148130040737,2496006,0
148.135,8,148132563743,2496006,0
148.138,4,148135104749,2496006,0
148.14,11,148137627755,2469000,1
148.14,15,148137627755,2469000,1
148.14,13,148137627755,2469000,1
148.143,8,148140094755,2496006,0
148.145,21,148142617761,2496006,0
148.148,14,148145453767,2469000,1
148.148,3,148145453767,2469000,1
148.15,8,148147920767,2496006,0
148.153,12,148150479773,2469000,1
148.153,10,148150479773,2469000,1
148.155,4,148152982773,2496006,0
148.158,8,148155505779,2469000,1
148.158,15,148155505779,2469000,1
148.158,21,148155505779,2469000,1
148.16,11,148157990779,2496006,0
148.163,4,148160531785,2469000,1
148.163,5,148160531785,2469000,1
148.165,11,148162998785,2496006,0
148.168,14,148165521791,2496006,0
148.171,14,148168053797,2496006,0
148.173,11,148170594803,2469000,1
148.173,20,148170594803,2469000,1
148.176,23,148173070803,2496006,0
148.178,22,148175602809,2496006,0
148.181,10,148178143815,2496006,0
148.183,23,148180666821,2469000,1
148.183,12,148180666821,2469000,1
148.186,10,148183142821,2469000,1
148.188,8,148185609821,2496006,0
148.191,15,148188132827,2496006,0
148.193,22,148190655833,2469000,1
148.193,14,148190655833,2469000,1
148.193,8,148190655833,2469000,1
148.196,8,148193124833,2496006,0
148.198,21,148195665839,2496006,0
148.201,4,148198197845,2469000,1
148.201,23,148198197845,2469000,1
148.203,10,148200664845,2496006,0
148.206,21,148203205851,2469000,1
148.206,8,148203205851,2469000,1
148.206,11,148203205851,2469000,1
148.206,4,148203205851,2469000,1
148.208,15,148205672851,2469000,1
148.208,21,148205674851,2469000,1
148.211,7,148208177851,2496006,0
148.213,14,148210718857,2496006,0
148.216,10,148213241863,2496006,0
148.218,5,148215800869,2496006,0
148.221,22,148218636875,2496006,0
148.224,7,148221168881,2496006,0
148.226,23,148223709887,2496006,0
148.229,8,148226232893,2469000,1
148.229,4,148226232893,2469000,1
148.229,7,148226232893,2469000,1
148.231,10,148228699893,2496006,0
148.234,15,148231231899,2469000,1
148.234,14,148231231899,2469000,1
148.234,23,148231231899,2469000,1
148.234,8,148231231899,2469000,1
148.236,20,148233707899,2496006,0
148.239,5,148236230905,2496006,0
148.241,21,148238762911,2469000,1
148.241,5,148238762911,2469000,1
148.244,22,148241229911,2469000,1
148.244,23,148241229911,2469000,1
148.246,11,148243696911,2496006,0
148.249,11,148246219917,2469000,1
148.251,3,148248999923,2496006,0
148.254,13,148251522929,2469000,1
148.256,7,148253998929,2469000,1
148.256,8,148253998929,2469000,1
148.256,3,148253998929,2469000,1
148.259,10,148256474929,2496006,0
148.261,20,148259006935,2469000,1
148.264,12,148261473935,2469000,1
148.264,22,148261473935,2469000,1
148.269,10,148266535941,2496006,0
148.272,14,148269067947,2469000,1
148.272,3,148269067947,2469000,1
148.274,10,148271552947,2496006,0
148.277,11,148274075953,2469000,1
148.277,20,148274075953,2469000,1
148.279,23,148276560953,2496006,0
148.282,5,148279083959,2496006,0
148.284,23,148281606965,2496006,0
148.287,3,148284129971,2496006,0
148.289,10,148286670977,2496006,0
148.292,5,148289202983,2496006,0
148.294,23,148291725989,2469000,1
148.294,10,148291725989,2469000,1
148.297,4,148294219989,2496006,0
148.299,10,148296742995,2496006,0
148.302,3,148299266001,2496006,0
148.304,15,148301789007,2496006,0
148.307,5,148304339013,2496006,0
148.309,4,148306862019,2469000,1
148.309,7,148306862019,2469000,1
148.312,14,148309338019,2496006,0
148.314,20,148311861025,2496006,0
148.317,10,148314384031,2496006,0
148.319,3,148316907037,2469000,1
148.319,20,148316907037,2469000,1
148.322,5,148319374037,2469000,1
148.322,18,148319374037,2469000,1
148.322,8,148319374037,2469000,1
148.322,11,148319374037,2469000,1
148.322,3,148319376037,2469000,1
148.325,23,148322156043,2469000,1
148.327,15,148324632043,2496006,0
148.33,18,148327200049,2496006,0
148.332,14,148329723055,2469000,1
148.332,10,148329723055,2469000,1
148.335,22,148332199055,2469000,1
148.335,14,148332199055,2469000,1
148.337,15,148334675055,2496006,0
148.34,21,148337198061,2496006,0
148.342,4,148339721067,2469000,1
148.342,10,148339721067,2469000,1
148.345,15,148342197067,2496006,0
148.347,11,148344747073,2469000,1
148.347,18,148344747073,2469000,1
148.35,21,148347214073,2496006,0
148.353,5,148350086079,2496006,0
148.355,20,148352618085,2469000,1
148.355,10,148352618085,2469000,1
148.358,22,148355085085,2469000,1
148.358,18,148355085085,2469000,1
148.36,15,148357552085,2496006,0
148.363,21,148360120091,2496006,0
148.365,15,148362661097,2496006,0
148.368,4,148365184103,2496006,0
148.37,5,148367707109,2469000,1
148.373,4,148370174109,2496006,0
148.375,21,148372724115,2496006,0
148.378,2,148375247121,2469000,1
148.378,5,148375247121,2469000,1
148.38,4,148377723121,2496006,0
148.383,21,148380255127,2469000,1
148.383,18,148380255127,2469000,1
148.385,15,148382749127,2496006,0
148.388,5,148385290133,2469000,1
148.388,4,148385290133,2469000,1
148.39,3,148387757133,2496006,0
148.393,23,148390280139,2496006,0
148.395,15,148392812145,2469000,1
148.395,23,148392812145,2469000,1
148.398,9,148395279145,2469000,1
148.398,12,148395279145,2469000,1
148.398,14,148395279145,2469000,1
148.398,15,148395281145,2469000,1
148.4,3,148397748145,2496006,0
148.403,12,148400298151,2496006,0
148.405,23,148402848157,2496006,0
148.408,21,148405389163,2469000,1
148.408,4,148405389163,2469000,1
148.41,3,148407865163,2469000,1
148.413,12,148410350163,2496006,0
148.415,20,148412873169,2469000,1
148.418,23,148415349169,2496006,0
148.423,1,148420449181,2496006,0
148.426,12,148423312187,2496006,0
148.428,23,148425853193,2496006,0
148.431,3,148428376199,2469000,1
148.431,1,148428376199,2469000,1
148.433,7,148430843199,2469000,1
148.433,15,148430843199,2469000,1
148.436,5,148433310199,2496006,0
148.438,13,148435842205,2496006,0
148.441,12,148438365211,2496006,0
148.443,23,148440906217,2496006,0
148.446,18,148443429223,2496006,0
148.448,13,148445952229,2496006,0
148.451,13,148448475235,2496006,0
148.453,12,148450998241,2469000,1
148.453,13,148450998241,2469000,1
148.456,5,148453778247,2496006,0
148.459,23,148456301253,2469000,1
148.459,3,148456301253,2469000,1
148.461,21,148458777253,2469000,1
148.461,1,148458777253,2469000,1
148.464,18,148461244253,2469000,1
148.464,12,148461244253,2469000,1
148.466,10,148463720253,2469000,1
148.469,14,148466187253,2496006,0
148.471,5,148468719259,2496006,0
148.474,23,148471242265,2469000,1
148.474,5,148471242265,2469000,1
148.476,14,148473709265,2496006,0
148.479,23,148476277271,2496006,0
148.481,14,148478809277,2496006,0
148.484,23,148481359283,2496006,0
148.486,14,148483882289,2496006,0
148.489,19,148486414295,2469000,1
148.489,4,148486414295,2469000,1
148.489,5,148486414295,2469000,1
148.491,13,148488881295,2469000,1
148.491,1,148488881295,2469000,1
148.494,14,148491357295,2496006,0
148.496,18,148493880301,2496006,0
148.499,23,148496421307,2496006,0
148.501,14,148498971313,2469000,1
148.501,15,148498971313,2469000,1
148.504,13,148501456313,2469000,1
148.506,18,148503959313,2496006,0
148.509,23,148506482319,2469000,1
148.509,14,148506482319,2469000,1
148.511,5,148508949319,2496006,0
148.514,5,148511472325,2496006,0
148.517,5,148514031331,2496006,0
148.519,18,148516590337,2496006,0
148.522,12,148519158343,2496006,0
148.524,18,148521681349,2496006,0
148.527,5,148524204355,2496006,0
148.53,21,148527049361,2469000,1
148.53,18,148527049361,2469000,1
148.535,20,148532075367,2496006,0
148.537,5,148534598373,2496006,0
148.54,12,148537121379,2469000,1
148.54,23,148537121379,2469000,1
148.542,20,148539642379,2496006,0
148.545,5,148542165385,2496006,0
148.547,12,148544706391,2496006,0
148.55,20,148547229397,2469000,1
148.55,12,148547229397,2469000,1
148.552,5,148549714397,2469000,1
148.552,18,148549714397,2469000,1
148.558,3,148555116403,2469000,1
148.558,14,148555116403,2469000,1
148.56,1,148557601403,2469000,1
148.56,18,148557601403,2469000,1
148.563,22,148560077403,2496006,0
148.565,12,148562609409,2496006,0
148.568,20,148565132415,2469000,1
148.568,5,148565132415,2469000,1
148.573,13,148570203421,2496006,0
148.575,22,148572726427,2496006,0
148.578,12,148575258433,2496006,0
148.58,11,148577799439,2469000,1
148.58,10,148577799439,2469000,1
148.58,4,148577799439,2469000,1
148.583,13,148580266439,2496006,0
148.585,23,148582789445,2469000,1
148.585,18,148582789445,2469000,1
148.588,14,148585283445,2496006,0
148.59,20,148587824451,2496006,0
148.593,5,148590347457,2469000,1
148.593,12,148590347457,2469000,1
148.595,22,148592814457,2496006,0
148.598,17,148595337463,2469000,1
148.598,22,148595337463,2469000,1
148.6,14,148597804463,2469000,1
148.6,3,148597804463,2469000,1
148.603,14,148600273463,2496006,0
148.605,15,148602814469,2469000,1
148.605,13,148602814469,2469000,1
148.61,20,148607804475,2496006,0
148.613,21,148610345481,2496006,0
148.615,12,148612886487,2496006,0
148.618,21,148615427493,2496006,0
148.62,20,148617950499,2469000,1
148.62,22,148617950499,2469000,1
148.623,12,148620417499,2469000,1
148.623,14,148620417499,2469000,1
148.625,2,148622893499,2469000,1
148.625,13,148622893499,2469000,1
148.631,21,148628268505,2496006,0
148.633,21,148630827511,2496006,0
148.636,12,148633386517,2496006,0
148.638,8,148635927523,2469000,1
148.638,7,148635927523,2469000,1
148.641,12,148638394523,2496006,0
148.643,4,148640917529,2469000,1
148.643,13,148640917529,2469000,1
148.648,21,148645907535,2469000,1
148.648,20,148645907535,2469000,1
148.651,14,148648383535,2496006,0
148.653,12,148650969541,2469000,1
148.653,20,148650969541,2469000,1
148.656,14,148653472541,2469000,1
148.656,20,148653472541,2469000,1
148.658,12,148655939541,2496006,0
148.664,12,148661316553,2496006,0
148.666,21,148663848559,2496006,0
148.669,22,148666407565,2469000,1
148.669,14,148666407565,2469000,1
148.671,12,148668874565,2496006,0
148.674,12,148671415571,2496006,0
148.679,21,148676479583,2496006,0
148.682,21,148679011589,2496006,0
148.684,23,148681543595,2496006,0
148.687,4,148684066601,2496006,0
148.689,21,148686589607,2496006,0
148.692,12,148689139613,2496006,0
148.694,23,148691662619,2496006,0
148.697,23,148694185625,2496006,0
148.699,23,148696708631,2496006,0
148.704,12,148701772643,2496006,0
148.707,21,148704313649,2496006,0
148.709,4,148706836655,2469000,1
148.709,12,148706836655,2469000,1
148.712,5,148709303655,2496006,0
148.714,23,148711826661,2496006,0
148.717,5,148714349667,2496006,0
148.719,14,148716872673,2496006,0
148.722,21,148719404679,2496006,0
148.724,12,148721927685,2496006,0
148.727,4,148724477691,2496006,0
148.729,5,148727000697,2496006,0
148.732,23,148729854703,2469000,1
148.735,14,148732330703,2496006,0
148.737,1,148734862709,2496006,0
148.74,10,148737385715,2496006,0
148.742,4,148739908721,2496006,0
148.745,12,148742431727,2469000,1
148.745,21,148742431727,2469000,1
148.747,5,148744898727,2496006,0
148.75,14,148747466733,2496006,0
148.752,10,148749989739,2469000,1
148.752,1,148749989739,2469000,1
148.755,5,148752456739,2496006,0
148.757,13,148754997745,2469000,1
148.757,5,148754997745,2469000,1
148.76,4,148757464745,2469000,1
148.76,1,148757464745,2469000,1
148.763,22,148760253751,2496006,0
148.765,14,148762776757,2496006,0
148.768,14,148765308763,2469000,1
148.77,23,148767784763,2496006,0
148.773,12,148770307769,2496006,0
148.775,22,148772830775,2496006,0
148.778,21,148775362781,2496006,0
148.78,1,148777885787,2496006,0
148.783,12,148780408793,2496006,0
148.785,16,148782940799,2496006,0
148.788,1,148785472805,2496006,0
148.79,10,148787995811,2496006,0
148.793,22,148790536817,2469000,1
148.793,13,148790536817,2469000,1
148.795,10,148793003817,2496006,0
148.798,23,148795526823,2469000,1
148.798,22,148795526823,2469000,1
148.8,5,148797993823,2469000,1
148.8,4,148797993823,2469000,1
148.803,21,148800478823,2469000,1
148.803,12,148800478823,2469000,1
148.805,14,148802954823,2496006,0
148.808,16,148805477829,2496006,0
148.81,4,148808000835,2469000,1
148.81,14,148808000835,2469000,1
148.813,1,148810476835,2469000,1
148.813,16,148810476835,2469000,1
148.815,10,148812952835,2469000,1
148.815,14,148812952835,2469000,1
148.818,1,148815419835,2496006,0
148.82,22,148817942841,2469000,1
148.82,1,148817942841,2469000,1
148.823,21,148820427841,2496006,0
148.828,23,148825500853,2496006,0
148.831,18,148828059859,2496006,0
148.833,1,148830582865,2496006,0
148.836,22,148833436871,2496006,0
148.838,21,148835959877,2496006,0
148.841,23,148838482883,2496006,0
148.843,12,148841014889,2469000,1
148.843,21,148841014889,2469000,1
148.846,16,148843490889,2496006,0
148.849,1,148846013895,2496006,0
148.851,14,148848536901,2469000,1
148.851,1,148848536901,2469000,1
148.853,19,148851003901,2469000,1
148.853,10,148851003901,2469000,1
148.856,22,148853479901,2496006,0
148.858,18,148856002907,2496006,0
148.861,4,148858525913,2496006,0
148.864,4,148861361919,2496006,0
148.866,23,148863884925,2496006,0
148.869,16,148866407931,2496006,0
148.871,10,148868930937,2496006,0
148.874,23,148871471943,2469000,1
148.874,21,148871471943,2469000,1
148.879,18,148876470949,2469000,1
148.879,23,148876470949,2469000,1
148.881,4,148878937949,2496006,0
148.884,22,148881478955,2496006,0
148.886,5,148884001961,2496006,0
148.889,16,148886524967,2496006,0
148.892,10,148889047973,2469000,1
148.892,22,148889047973,2469000,1
148.894,4,148891514973,2469000,1
148.894,12,148891514973,2469000,1
148.894,10,148891516973,2469000,1
148.896,1,148894001973,2496006,0
148.899,16,148896533979,2496006,0
148.902,21,148899083985,2496006,0
148.904,5,148901606991,2469000,1
148.904,4,148901606991,2469000,1
148.907,22,148904073991,2496006,0
148.909,14,148906605997,2496006,0
148.912,22,148909129003,2496006,0
148.914,1,148911661009,2496006,0
148.917,16,148914211015,2469000,1
148.917,10,148914211015,2469000,1
148.919,18,148916696015,2469000,1
148.919,21,148916696015,2469000,1
148.924,14,148921722021,2469000,1
148.924,22,148921722021,2469000,1
148.927,1,148924198021,2496006,0
148.929,21,148926721027,2496006,0
148.932,16,148929262033,2496006,0
148.934,14,148931794039,2496006,0
148.937,1,148934630045,2469000,1
148.937,5,148934630045,2469000,1
148.94,10,148937097045,2496006,0
148.942,21,148939620051,2496006,0
148.945,22,148942143057,2496006,0
148.947,16,148944666063,2496006,0
148.95,14,148947189069,2496006,0
148.952,23,148949712075,2469000,1
148.952,21,148949712075,2469000,1
148.952,16,148949712075,2469000,1
148.955,12,148952179075,2496006,0
148.957,19,148954702081,2496006,0
148.96,22,148957225087,2469000,1
148.96,14,148957225087,2469000,1
148.96,12,148957225087,2469000,1
148.962,10,148959701087,2496006,0
148.965,19,148962224093,2496006,0
148.968,19,148965060099,2496006,0
148.97,19,148967583105,2496006,0
148.973,21,148970115111,2496006,0
148.975,10,148972638117,2496006,0
148.978,14,148975161123,2496006,0
148.98,4,148977684129,2496006,0
148.983,21,148980234135,2469000,1
148.985,19,148982710135,2469000,1
148.985,18,148982710135,2469000,1
148.985,16,148982710135,2469000,1
148.988,20,148985177135,2496006,0
148.99,14,148987700141,2469000,1
148.99,10,148987700141,2469000,1
148.993,1,148990176141,2469000,1
148.993,16,148990176141,2469000,1
148.995,14,148992652141,2496006,0
148.998,20,148995175147,2496006,0
149,22,148997698153,2469000,1
149,4,148997698153,2469000,1
149,14,148997698153,2469000,1
149.003,12,149000165153,2496006,0
149.005,12,149002688159,2496006,0
149.008,19,149005229165,2496006,0
149.01,5,149007761171,2469000,1
149.01,21,149007761171,2469000,1
149.013,12,149010228171,2496006,0
149.015,12,149012760177,2496006,0
149.018,20,149015283183,2496006,0
149.02,20,149017815189,2496006,0
149.023,12,149020338195,2496006,0
149.025,22,149022861201,2496006,0
149.028,12,149025384207,2496006,0
149.03,19,149027925213,2496006,0
149.033,14,149030475219,2496006,0
149.035,19,149032998225,2469000,1
149.035,22,149032998225,2469000,1
149.035,1,149032998225,2469000,1
149.038,10,149035474225,2496006,0
149.041,12,149038328231,2469000,1
149.041,20,149038328231,2469000,1
149.043,14,149040795231,2496006,0
149.046,4,149043318237,2496006,0
149.051,14,149048373249,2496006,0
149.053,16,149050896255,2496006,0
149.056,10,149053446261,2496006,0
149.058,5,149055969267,2496006,0
149.061,4,149058492273,2469000,1
149.061,22,149058492273,2469000,1
149.063,5,149060968273,2496006,0
149.066,16,149063509279,2496006,0
149.069,14,149066345285,2496006,0
149.071,10,149068868291,2469000,1
149.071,1,149068868291,2469000,1
149.071,16,149068868291,2469000,1
149.074,21,149071362291,2469000,1
149.074,12,149071362291,2469000,1
149.076,20,149073838291,2496006,0
149.079,19,149076361297,2496006,0
149.081,5,149078893303,2469000,1
149.081,4,149078893303,2469000,1
149.084,22,149081378303,2496006,0
149.086,10,149083901309,2496006,0
149.089,14,149086424315,2469000,1
149.089,10,149086424315,2469000,1
149.091,19,149088891315,2469000,1
149.091,22,149088891315,2469000,1
149.094,12,149091367315,2496006,0
149.096,20,149093899321,2496006,0
149.099,14,149096422327,2496006,0
149.101,22,149098972333,2496006,0
149.104,14,149101495339,2496006,0
149.107,12,149104054345,2469000,1
149.107,16,149104054345,2469000,1
149.109,18,149106521345,2469000,1
149.111,20,149108988345,2469000,1
149.111,18,149108990345,2469000,1
149.114,14,149111457345,2469000,1
149.114,5,149111457345,2469000,1
149.114,16,149111457345,2469000,1
149.116,22,149113942345,2496006,0
149.119,19,149116465351,2496006,0
149.122,10,149119042357,2469000,1
149.122,12,149119042357,2469000,1
149.124,19,149121509357,2469000,1
149.124,23,149121509357,2469000,1
149.126,4,149123976357,2496006,0
149.129,22,149126508363,2469000,1
149.129,20,149126508363,2469000,1
149.131,14,149128975363,2469000,1
149.131,22,149128977363,2469000,1
149.134,19,149131462363,2469000,1
149.134,20,149131462363,2469000,1
149.136,11,149133938363,2496006,0
149.139,4,149136461369,2496006,0
149.142,6,149139297375,2496006,0
149.144,11,149141820381,2496006,0
149.147,4,149144343387,2496006,0
149.149,1,149146866393,2496006,0
149.152,11,149149389399,2469000,1
149.152,4,149149389399,2469000,1
149.154,6,149151892399,2496006,0
149.157,1,149154424405,2496006,0
149.159,22,149156965411,2496006,0
149.162,4,149159506417,2496006,0
149.164,1,149162029423,2469000,1
149.164,3,149162029423,2469000,1
149.164,20,149162029423,2469000,1
149.167,22,149164505423,2496006,0
149.17,6,149167037429,2496006,0
149.172,5,149169873435,2469000,1
149.172,11,149169873435,2469000,1
149.172,22,149169873435,2469000,1
149.175,12,149172367435,2469000,1
149.175,4,149172367435,2469000,1
149.177,14,149174843435,2469000,1
149.177,19,149174843435,2469000,1
149.18,22,149177319435,2496006,0
149.182,21,149179842441,2496006,0
149.185,4,149182401447,2496006,0
149.187,10,149184924453,2469000,1
149.187,6,149184924453,2469000,1
149.19,22,149187409453,2496006,0
149.192,1,149189959459,2496006,0
149.195,21,149192491465,2496006,0
149.198,4,149195023471,2496006,0
149.2,11,149197546477,2496006,0
149.203,22,149200096483,2496006,0
149.208,6,149205169495,2469000,1
149.208,1,149205169495,2469000,1
149.21,21,149207636495,2496006,0
149.213,11,149210168501,2496006,0
149.215,4,149212691507,2496006,0
149.218,21,149215214513,2496006,0
149.22,21,149217737519,2496006,0
149.223,22,149220260525,2496006,0
149.225,11,149222828531,2496006,0
149.228,11,149225351537,2496006,0
149.23,22,149227883543,2496006,0
149.233,21,149230415549,2496006,0
149.235,22,149232938555,2469000,1
149.235,21,149232938555,2469000,1
149.238,4,149235405555,2496006,0
149.24,21,149237928561,2496006,0
149.243,16,149240469567,2496006,0
149.246,1,149243323573,2496006,0
149.248,16,149245855579,2469000,1
149.248,4,149245855579,2469000,1
149.248,11,149245855579,2469000,1
149.248,22,149245855579,2469000,1
149.253,16,149250863585,2496006,0
149.256,21,149253386591,2496006,0
149.258,10,149255909597,2469000,1
149.258,16,149255909597,2469000,1
149.261,15,149258430597,2469000,1
149.261,1,149258430597,2469000,1
149.263,16,149260897597,2496006,0
149.266,6,149263447603,2469000,1
149.266,11,149263447603,2469000,1
149.266,16,149263447603,2469000,1
149.268,7,149265914603,2469000,1
149.268,5,149265914603,2469000,1
149.271,21,149268381603,2496006,0
149.274,1,149271235609,2496006,0
149.276,21,149273776615,2496006,0
149.279,4,149276317621,2496006,0
149.281,16,149278849627,2496006,0
149.286,16,149283931639,2469000,1
149.286,14,149283931639,2469000,1
149.289,1,149286398639,2496006,0
149.291,21,149288948645,2496006,0
149.294,21,149291471651,2496006,0
149.296,4,149293994657,2496006,0
149.299,19,149296544663,2496006,0
149.302,4,149299067669,2496006,0
149.304,1,149301590675,2496006,0
149.307,11,149304113681,2496006,0
149.309,19,149306645687,2496006,0
149.312,21,149309168693,2469000,1
149.312,19,149309168693,2469000,1
149.314,16,149311635693,2469000,1
149.314,11,149311635693,2469000,1
149.317,4,149314111693,2496006,0
149.319,22,149316634699,2496006,0
149.322,4,149319157705,2496006,0
149.324,1,149321689711,2469000,1
149.324,19,149321689711,2469000,1
149.329,12,149326679717,2496006,0
149.332,4,149329274723,2496006,0
149.334,12,149331797729,2469000,1
149.334,21,149331797729,2469000,1
149.337,22,149334264729,2496006,0
149.339,11,149336796735,2496006,0
149.342,7,149339346741,2496006,0
149.344,11,149341896747,2469000,1
149.344,1,149341896747,2469000,1
149.347,16,149344685753,2469000,1
149.347,12,149344685753,2469000,1
149.35,7,149347152753,2469000,1
149.35,22,149347152753,2469000,1
149.35,9,149347152753,2469000,1
149.352,4,149349619753,2496006,0
149.355,11,149352151759,2496006,0
149.36,22,149357287771,2496006,0
149.362,4,149359819777,2469000,1
149.362,22,149359819777,2469000,1
149.365,11,149362295777,2469000,1
149.365,13,149362295777,2469000,1
149.365,12,149362295777,2469000,1
149.367,4,149364762777,2496006,0
149.37,22,149367285783,2496006,0
149.372,6,149369817789,2469000,1
149.372,5,149369817789,2469000,1
149.375,4,149372293789,2469000,1
149.375,11,149372293789,2469000,1
149.378,7,149375073795,2496006,0
149.38,7,149377614801,2496006,0
149.383,1,149380155807,2496006,0
149.385,22,149382678813,2469000,1
149.388,19,149385163813,2496006,0
149.39,11,149387686819,2496006,0
149.393,11,149390218825,2496006,0
149.395,7,149392777831,2496006,0
149.398,21,149395300837,2469000,1
149.398,22,149395300837,2469000,1
149.398,7,149395300837,2469000,1
149.4,19,149397767837,2496006,0
149.403,11,149400290843,2469000,1
149.403,1,149400290843,2469000,1
149.405,23,149402757843,2496006,0
149.408,23,149405343849,2469000,1
149.408,4,149405343849,2469000,1
149.413,19,149410351855,2496006,0
149.415,19,149412892861,2496006,0
149.418,7,149415415867,2496006,0
149.42,22,149417974873,2496006,0
149.423,19,149420497879,2469000,1
149.423,1,149420497879,2469000,1
149.425,20,149422973879,2496006,0
149.428,20,149425505885,2496006,0
149.431,19,149428028891,2496006,0
149.433,22,149430551897,2469000,1
149.433,11,149430551897,2469000,1
149.433,19,149430551897,2469000,1
149.436,7,149433018897,2496006,0
149.438,20,149435550903,2469000,1
149.441,7,149438035903,2496006,0
149.443,12,149440594909,2469000,1
149.443,6,149440594909,2469000,1
149.443,23,149440594909,2469000,1
149.446,7,149443088909,2469000,1
149.446,1,149443088909,2469000,1
149.448,22,149445600909,2496006,0
149.451,1,149448445915,2496006,0
149.453,11,149450977921,2469000,1
149.453,7,149450977921,2469000,1
149.456,4,149453444921,2496006,0
149.458,20,149455967927,2469000,1
149.461,22,149458452927,2496006,0
149.463,19,149460984933,2496006,0
149.466,4,149463525939,2496006,0
149.469,1,149466057945,2496006,0
149.471,4,149468580951,2496006,0
149.474,22,149471121957,2496006,0
149.476,16,149473662963,2496006,0
149.479,19,149476507969,2469000,1
149.481,17,149478983969,2496006,0
149.484,23,149481506975,2496006,0
149.487,22,149484029981,2496006,0
149.489,19,149486552987,2469000,1
149.489,23,149486552987,2469000,1
149.491,4,149489019987,2469000,1
149.491,1,149489019987,2469000,1
149.494,20,149491486987,2469000,1
149.496,22,149493962987,2496006,0
149.499,16,149496485993,2496006,0
149.502,22,149499008999,2496006,0
149.504,10,149501541005,2496006,0
149.507,23,149504064011,2469000,1
149.512,1,149509065017,2496006,0
149.514,17,149511588023,2496006,0
149.517,4,149514111029,2496006,0
149.519,22,149516634035,2469000,1
149.519,16,149516634035,2469000,1
149.522,10,149519119035,2496006,0
149.524,1,149521651041,2496006,0
149.527,22,149524174047,2496006,0
149.529,17,149526715053,2496006,0
149.532,10,149529238059,2496006,0
149.534,22,149531779065,2496006,0
149.537,4,149534302071,2469000,1
149.539,7,149536769071,2496006,0
149.542,14,149539292077,2496006,0
149.544,19,149541815083,2469000,1
149.544,23,149541815083,2469000,1
149.544,7,149541815083,2469000,1
149.547,1,149544300083,2496006,0
149.549,10,149546832089,2496006,0
149.552,17,149549668095,2496006,0
149.555,16,149552200101,2469000,1
149.555,7,149552200101,2469000,1
149.555,17,149552200101,2469000,1
149.557,22,149554667101,2496006,0
149.56,14,149557217107,2496006,0
149.562,21,149559740113,2496006,0
149.565,10,149562281119,2469000,1
149.565,14,149562281119,2469000,1
149.567,1,149564748119,2469000,1
149.567,17,149564748119,2469000,1
149.57,22,149567215119,2469000,1
149.57,4,149567215119,2469000,1
149.575,21,149572223125,2496006,0
149.577,1,149574755131,2496006,0
149.58,22,149577296137,2496006,0
149.583,1,149580132143,2496006,0
149.585,10,149582655149,2496006,0
149.588,1,149585178155,2496006,0
149.59,21,149587728161,2469000,1
149.59,1,149587728161,2469000,1
149.593,10,149590195161,2469000,1
149.593,14,149590195161,2469000,1
149.595,22,149592671161,2496006,0
149.598,11,149595212167,2496006,0
149.6,19,149597735173,2496006,0
149.603,14,149600258179,2496006,0
149.605,22,149602799185,2469000,1
149.605,1,149602799185,2469000,1
149.605,19,149602799185,2469000,1
149.608,4,149605266185,2496006,0
149.61,11,149607789191,2469000,1
149.61,21,149607789191,2469000,1
149.61,22,149607789191,2469000,1
149.61,19,149607789191,2469000,1
149.61,4,149607789191,2469000,1
149.615,14,149612842197,2469000,1
149.615,4,149612842197,2469000,1
149.618,21,149615336197,2496006,0
149.62,12,149617886203,2496006,0
149.623,16,149620409209,2496006,0
149.625,20,149622932215,2469000,1
149.625,16,149622932215,2469000,1
149.628,10,149625399215,2496006,0
149.63,12,149627922221,2496006,0
149.633,21,149630445227,2469000,1
149.633,22,149630445227,2469000,1
149.635,7,149632921227,2496006,0
149.638,17,149635453233,2496006,0
149.64,11,149637994239,2469000,1
149.64,19,149637994239,2469000,1
149.64,14,149637994239,2469000,1
149.643,7,149640461239,2469000,1
149.643,1,149640461239,2469000,1
149.645,12,149642937239,2469000,1
149.648,16,149645404239,2469000,1
149.648,10,149645404239,2469000,1
149.65,17,149647898239,2469000,1
149.65,12,149647898239,2469000,1
149.653,14,149650392239,2496006,0
149.656,21,149653246245,2496006,0
149.658,14,149655796251,2496006,0
149.661,7,149658319257,2496006,0
149.663,4,149660860263,2469000,1
149.663,16,149660860263,2469000,1
149.666,7,149663336263,2496006,0
149.668,7,149665859269,2496006,0
149.671,21,149668400275,2496006,0
149.673,21,149670923281,2469000,1
149.676,7,149673426281,2469000,1
149.676,23,149673426281,2469000,1
149.676,14,149673426281,2469000,1
149.678,10,149675893281,2496006,0
149.681,16,149678434287,2496006,0
149.684,17,149681270293,2469000,1
149.684,7,149681270293,2469000,1
149.686,10,149683737293,2496006,0
149.689,14,149686260299,2496006,0
149.691,2,149688792305,2469000,1
149.691,17,149688792305,2469000,1
149.694,21,149691259305,2496006,0
149.696,16,149693782311,2496006,0
149.699,13,149696314317,2496006,0
149.701,11,149698864323,2496006,0
149.704,10,149701387329,2496006,0
149.709,14,149706433341,2496006,0
149.711,21,149708956347,2496006,0
149.714,16,149711479353,2469000,1
149.714,14,149711479353,2469000,1
149.716,12,149713946353,2496006,0
149.719,11,149716478359,2496006,0
149.721,21,149719001365,2496006,0
149.724,13,149721524371,2469000,1
149.724,18,149721524371,2469000,1
149.724,14,149721524371,2469000,1
149.726,21,149724027371,2469000,1
149.726,10,149724027371,2469000,1
149.729,11,149726494371,2496006,0
149.731,12,149729017377,2469000,1
149.731,22,149729017377,2469000,1
149.734,12,149731486377,2496006,0
149.737,21,149734045383,2496006,0
149.739,12,149736568389,2469000,1
149.739,11,149736568389,2469000,1
149.742,13,149739035389,2496006,0
149.744,7,149741558395,2469000,1
149.744,11,149741558395,2469000,1
149.747,19,149744025395,2496006,0
149.749,13,149746548401,2469000,1
149.749,19,149746548401,2469000,1
149.754,4,149751547407,2496006,0
149.757,16,149754410413,2496006,0
149.759,21,149756960419,2469000,1
149.759,4,149756960419,2469000,1
149.762,14,149759427419,2469000,1
149.762,10,149759427419,2469000,1
149.764,19,149761903419,2496006,0
149.767,12,149764426425,2496006,0
149.769,14,149766949431,2496006,0
149.772,16,149769481437,2496006,0
149.774,23,149772013443,2469000,1
149.774,14,149772013443,2469000,1
149.777,13,149774516443,2496006,0
149.78,21,149777039449,2469000,1
149.78,10,149777039449,2469000,1
149.782,13,149779506449,2496006,0
149.785,19,149782029455,2496006,0
149.787,12,149784865461,2496006,0
149.79,4,149787388467,2496006,0
149.792,13,149789911473,2496006,0
149.795,16,149792434479,2496006,0
149.8,1,149797498491,2469000,1
149.8,14,149797498491,2469000,1
149.802,4,149799965491,2496006,0
149.805,16,149802488497,2496006,0
149.808,19,149805047503,2496006,0
149.81,4,149807570509,2469000,1
149.81,13,149807570509,2469000,1
149.813,12,149810037509,2496006,0
149.815,17,149812560515,2496006,0
149.818,16,149815101521,2496006,0
149.82,17,149817633527,2469000,1
149.82,12,149817633527,2469000,1
149.823,12,149820102527,2496006,0
149.825,19,149822643533,2469000,1
149.825,17,149822643533,2469000,1
149.828,11,149825146533,2496006,0
149.83,16,149827678539,2496006,0
149.833,21,149830201545,2496006,0
149.835,4,149832742551,2469000,1
149.835,12,149832742551,2469000,1
149.835,21,149832742551,2469000,1
149.838,16,149835218551,2496006,0
149.84,11,149837741557,2469000,1
149.84,14,149837741557,2469000,1
149.843,13,149840208557,2469000,1
149.843,16,149840208557,2469000,1
149.845,19,149842702557,2496006,0
149.848,16,149845252563,2496006,0
149.85,19,149847775569,2496006,0
149.853,21,149850307575,2496006,0
149.855,2,149852830581,2496006,0
149.858,8,149855371587,2496006,0
149.861,7,149858207593,2496006,0
149.863,8,149860766599,2496006,0
149.866,2,149863289605,2469000,1
149.866,19,149863289605,2469000,1
149.866,11,149863289605,2469000,1
149.868,16,149865756605,2496006,0
149.871,11,149868279611,2496006,0
149.873,20,149870802617,2496006,0
149.876,12,149873325623,2496006,0
149.878,21,149875848629,2469000,1
149.878,20,149875848629,2469000,1
149.881,17,149878324629,2496006,0
149.883,7,149880847635,2496006,0
149.886,2,149883370641,2469000,1
149.886,7,149883370641,2469000,1
149.891,4,149888673653,2469000,1
149.891,7,149888673653,2469000,1
149.894,16,149891140653,2496006,0
149.896,7,149893663659,2496006,0
149.899,8,149896186665,2496006,0
149.901,12,149898709671,2496006,0
149.904,11,149901232677,2496006,0
149.906,17,149903773683,2469000,1
149.906,20,149903773683,2469000,1
149.909,12,149906240683,2469000,1
149.909,10,149906240683,2469000,1
149.911,16,149908707683,2496006,0
149.914,11,149911230689,2469000,1
149.914,7,149911230689,2469000,1
149.916,16,149913706689,2496006,0
149.919,14,149916229695,2469000,1
149.919,20,149916229695,2469000,1
149.921,13,149918705695,2469000,1
149.921,19,149918705695,2469000,1
149.921,8,149918705695,2469000,1
149.924,21,149921181695,2496006,0
149.926,16,149923776701,2496006,0
149.929,23,149926308707,2469000,1
149.929,17,149926308707,2469000,1
149.929,8,149926308707,2469000,1
149.931,16,149928775707,2496006,0
149.934,5,149931298713,2469000,1
149.934,16,149931298713,2469000,1
149.936,21,149933765713,2469000,1
149.936,10,149933765713,2469000,1
149.941,12,149938782719,2496006,0
149.944,12,149941314725,2496006,0
149.946,19,149943846731,2469000,1
149.946,21,149943846731,2469000,1
149.949,11,149946313731,2469000,1
149.949,17,149946313731,2469000,1
149.951,7,149948780731,2496006,0
149.954,11,149951303737,2469000,1
149.954,17,149951303737,2469000,1
149.956,21,149953788737,2496006,0
149.959,12,149956320743,2469000,1
149.959,21,149956320743,2469000,1
149.962,7,149959100749,2496006,0
149.964,8,149961659755,2496006,0
149.967,2,149964200761,2469000,1
149.967,4,149964200761,2469000,1
149.969,22,149966667761,2496006,0
149.972,22,149969190767,2496006,0
149.974,7,149971713773,2469000,1
149.974,2,149971713773,2469000,1
149.977,16,149974189773,2469000,1
149.977,12,149974189773,2469000,1
149.977,22,149974189773,2469000,1
149.979,4,149976656773,2496006,0
149.982,21,149979179779,2496006,0
149.984,7,149981702785,2496006,0
149.987,12,149984225791,2496006,0
149.989,20,149986748797,2496006,0
149.992,7,149989584803,2496006,0
149.995,11,149992107809,2469000,1
149.995,8,149992107809,2469000,1
149.997,12,149994574809,2496006,0
150.002,20,149999638821,2496006,0
150.005,19,150002161827,2496006,0
150.007,4,150004684833,2496006,0
150.01,13,150007225839,2469000,1
150.01,21,150007225839,2469000,1
150.012,8,150009692839,2496006,0
150.015,12,150012215845,2496006,0
150.017,4,150014738851,2469000,1
150.017,19,150014738851,2469000,1
150.02,7,150017214851,2469000,1
150.02,21,150017214851,2469000,1
150.02,12,150017214851,2469000,1
150.022,20,150019708851,2496006,0
150.025,8,150022231857,2496006,0
150.027,22,150024763863,2469000,1
150.027,8,150024763863,2469000,1
150.03,12,150027239863,2496006,0
150.032,4,150029798869,2496006,0
150.035,4,150032321875,2496006,0
150.037,20,150034844881,2496006,0
150.04,7,150037367887,2469000,1
150.04,8,150037367887,2469000,1
150.04,4,150037367887,2469000,1
150.042,12,150039834887,2469000,1
150.042,22,150039834887,2469000,1
150.045,19,150042391887,2496006,0
150.047,12,150044914893,2469000,1
150.05,20,150047390893,2496006,0
150.052,16,150049940899,2469000,1
150.052,20,150049940899,2469000,1
150.055,19,150052416899,2496006,0
150.057,4,150054948905,2469000,1
150.057,22,150054948905,2469000,1
150.057,20,150054948905,2469000,1
150.06,20,150057424905,2496006,0
150.062,20,150059974911,2496006,0
150.065,21,150062810917,2496006,0
150.068,8,150065342923,2469000,1
150.068,19,150065342923,2469000,1
150.07,7,150067809923,2496006,0
150.073,20,150070341929,2496006,0
150.075,20,150072873935,2496006,0
150.078,12,150075396941,2496006,0
150.08,6,150077919947,2496006,0
150.083,4,150080442953,2496006,0
150.085,7,150082965959,2469000,1
150.085,21,150082965959,2469000,1
150.088,12,150085441959,2469000,1
150.088,4,150085441959,2469000,1
150.09,9,150087926959,2496006,0
150.093,1,150090771965,2496006,0
150.096,20,150093294971,2469000,1
150.098,6,150095779971,2469000,1
150.098,12,150095779971,2469000,1
150.101,9,150098246971,2469000,1
150.101,7,150098246971,2469000,1
150.103,9,150100740971,2496006,0
150.106,19,150103281977,2496006,0
150.108,9,150105804983,2496006,0
150.111,16,150108336989,2469000,1
150.111,1,150108336989,2469000,1
150.113,4,150110812989,2496006,0
150.116,6,150113362995,2496006,0
150.118,19,150115886001,2469000,1
150.118,21,150115886001,2469000,1
150.121,2,150118380001,2469000,1
150.121,20,150118380001,2469000,1
150.123,19,150120847001,2496006,0
150.126,4,150123370007,2496006,0
150.128,11,150125893013,2469000,1
150.128,9,150125893013,2469000,1
150.131,6,150128369013,2496006,0
150.133,1,150130892019,2496006,0
150.136,14,150133451025,2469000,1
150.136,13,150133451025,2469000,1
150.138,6,150135918025,2496006,0
150.141,21,150138441031,2496006,0
150.143,1,150140964037,2469000,1
150.143,19,150140964037,2469000,1
150.146,4,150143431037,2496006,0
150.148,6,150145954043,2469000,1
150.148,1,150145954043,2469000,1
150.151,4,150148421043,2496006,0
150.153,21,150150962049,2469000,1
150.153,19,150150962049,2469000,1
150.156,4,150153456049,2496006,0
150.161,20,150158520061,2469000,1
150.161,21,150158520061,2469000,1
150.163,7,150160996061,2496006,0
150.166,9,150163850067,2496006,0
150.169,12,150166382073,2496006,0
150.171,6,150168914079,2469000,1
150.171,4,150168914079,2469000,1
150.171,12,150168914079,2469000,1
150.174,7,150171381079,2496006,0
150.176,6,150173913085,2496006,0
150.179,7,150176445091,2496006,0
150.181,6,150178995097,2496006,0
150.184,14,150181518103,2496006,0
150.187,9,150184041109,2496006,0
150.189,6,150186573115,2496006,0
150.192,7,150189096121,2496006,0
150.194,19,150191619127,2496006,0
150.197,14,150194455133,2496006,0
150.202,20,150199564145,2469000,1
150.202,9,150199564145,2469000,1
150.205,7,150202031145,2469000,1
150.205,21,150202031145,2469000,1
150.207,4,150204498145,2496006,0
150.209,12,150207030151,2469000,1
150.209,6,150207030151,2469000,1
150.209,19,150207030151,2469000,1
150.212,1,150209506151,2469000,1
150.212,6,150209506151,2469000,1
150.212,19,150209506151,2469000,1
150.214,14,150211973151,2496006,0
150.217,9,150214505157,2496006,0
150.22,8,150217037163,2469000,1
150.22,4,150217037163,2469000,1
150.222,14,150219558163,2469000,1
150.222,20,150219558163,2469000,1
150.222,9,150219558163,2469000,1
150.225,22,150222061163,2496006,0
150.227,3,150224584169,2469000,1
150.227,22,150224584169,2469000,1
150.232,7,150229637175,2496006,0
150.235,19,150232160181,2469000,1
150.235,8,150232160181,2469000,1
150.237,1,150234627181,2469000,1
150.237,7,150234627181,2469000,1
150.24,12,150237094181,2496006,0
150.242,14,150239626187,2496006,0
150.245,9,150242149193,2496006,0
150.247,12,150244690199,2469000,1
150.247,17,150244690199,2469000,1
150.247,4,150244690199,2469000,1
150.25,4,150247166199,2496006,0
150.252,22,150249707205,2469000,1
150.252,7,150249707205,2469000,1
150.255,14,150252174205,2496006,0
150.26,14,150257229217,2496006,0
150.262,21,150259779223,2469000,1
150.262,9,150259779223,2469000,1
150.265,14,150262273223,2469000,1
150.265,4,150262273223,2469000,1
150.267,12,150264749223,2496006,0
150.27,16,150267585229,2496006,0
150.273,6,150270162235,2496006,0
150.275,7,150272703241,2469000,1
150.275,4,150272703241,2469000,1
150.278,16,150275170241,2496006,0
150.283,23,150280216253,2469000,1
150.283,14,150280216253,2469000,1
150.283,12,150280216253,2469000,1
150.283,16,150280216253,2469000,1
150.285,6,150282719253,2496006,0
150.288,9,150285242259,2496006,0
150.29,9,150287774265,2496006,0
150.293,6,150290297271,2496006,0
150.295,17,150292856277,2496006,0
150.298,9,150295719283,2469000,1
150.298,17,150295719283,2469000,1
150.303,6,150300718289,2496006,0
150.306,16,150303241295,2496006,0
150.308,6,150305809301,2469000,1
150.308,4,150305809301,2469000,1
150.311,12,150308276301,2496006,0
150.313,16,150310835307,2496006,0
150.316,22,150313367313,2496006,0
150.318,12,150315908319,2469000,1
150.321,6,150318375319,2496006,0
150.323,16,150320898325,2469000,1
150.323,14,150320898325,2469000,1
150.326,6,150323383325,2469000,1
150.326,16,150323383325,2469000,1
150.328,9,150325877325,2469000,1
150.328,17,150325877325,2469000,1
150.331,22,150328353325,2496006,0
150.333,6,150330876331,2496006,0
150.336,7,150333399337,2496006,0
150.338,16,150335922343,2496006,0
150.341,7,150338445349,2496006,0
150.343,7,150340968355,2496006,0
150.349,16,150346032367,2496006,0
150.351,7,150348555373,2496006,0
150.354,6,150351078379,2496006,0
150.356,22,150353610385,2496006,0
150.359,6,150356151391,2469000,1
150.359,7,150356151391,2469000,1
150.361,19,150358627391,2469000,1
150.361,9,150358627391,2469000,1
150.361,7,150358627391,2469000,1
150.364,12,150361094391,2496006,0
150.366,16,150363626397,2469000,1
150.366,12,150363626397,2469000,1
150.369,8,150366111397,2469000,1
150.369,22,150366111397,2469000,1
150.371,17,150368900403,2496006,0
150.374,16,150371432409,2496006,0
150.376,15,150373973415,2469000,1
150.379,9,150376440415,2496006,0
150.381,17,150378999421,2496006,0
150.384,9,150381522427,2496006,0
150.387,12,150384045433,2496006,0
150.389,5,150386568439,2496006,0
150.392,16,150389091445,2496006,0
150.394,6,150391614451,2469000,1
150.394,12,150391614451,2469000,1
150.397,9,150394081451,2496006,0
150.399,5,150396631457,2496006,0
150.402,16,150399476463,2496006,0
150.404,9,150401999469,2469000,1
150.404,17,150401999469,2469000,1
150.407,22,150404484469,2496006,0
150.409,5,150407007475,2469000,1
150.409,7,150407007475,2469000,1
150.409,17,150407007475,2469000,1
150.409,22,150407007475,2469000,1
150.415,16,150412033481,2496006,0
150.417,4,150414556487,2496006,0
150.42,12,150417079493,2469000,1
150.42,17,150417079493,2469000,1
150.42,4,150417079493,2469000,1
150.422,9,150419564493,2496006,0
150.425,16,150422114499,2469000,1
150.425,22,150422114499,2469000,1
150.425,9,150422114499,2469000,1
150.427,4,150424590499,2496006,0
150.43,5,150427122505,2496006,0
150.432,9,150429645511,2496006,0
150.435,5,150432177517,2496006,0
150.437,6,150434700523,2496006,0
150.44,5,150437223529,2496006,0
150.442,6,150439746535,2496006,0
150.445,5,150442278541,2496006,0
150.447,7,150444801547,2496006,0
150.452,4,150449865559,2496006,0
150.455,6,150452388565,2469000,1
150.455,16,150452388565,2469000,1
150.457,22,150454855565,2469000,1
150.457,4,150454855565,2469000,1
150.46,9,150457322565,2496006,0
150.462,2,150459854571,2496006,0
150.465,7,150462386577,2469000,1
150.465,11,150462386577,2469000,1
150.465,12,150462386577,2469000,1
150.467,9,150464862577,2469000,1
150.467,14,150464862577,2469000,1
150.467,5,150464862577,2469000,1
150.467,7,150464862577,2469000,1
150.47,17,150467338577,2496006,0
150.472,17,150469879583,2496006,0
150.475,17,150472715589,2496006,0
150.478,20,150475238595,2469000,1
150.478,6,150475238595,2469000,1
150.48,2,150477723595,2469000,1
150.48,17,150477723595,2469000,1
150.483,9,150480217595,2496006,0
150.485,7,150482740601,2469000,1
150.485,9,150482740601,2469000,1
150.488,5,150485207601,2496006,0
150.49,4,150487730607,2496006,0
150.495,4,150492785619,2496006,0
150.498,13,150495317625,2469000,1
150.498,21,150495317625,2469000,1
150.5,5,150497811625,2496006,0
150.503,1,150500656631,2469000,1
150.503,5,150500656631,2469000,1
150.506,17,150503123631,2496006,0
150.508,9,150505646637,2496006,0
150.511,4,150508169643,2496006,0
150.513,16,150510692649,2496006,0
150.516,16,150513224655,2496006,0
150.518,2,150515765661,2496006,0
150.521,17,150518297667,2496006,0
150.523,9,150520820673,2496006,0
150.526,2,150523343679,2496006,0
150.528,9,150525866685,2496006,0
150.531,9,150528389691,2496006,0
150.533,17,150530912697,2496006,0
150.536,16,150533444703,2469000,1
150.536,22,150533444703,2469000,1
150.536,4,150533444703,2469000,1
150.538,14,150535911703,2496006,0
150.541,5,150538461709,2496006,0
150.543,12,150540984715,2469000,1
150.543,4,150540984715,2469000,1
150.546,2,150543478715,2469000,1
150.546,17,150543478715,2469000,1
150.548,9,150545945715,2496006,0
150.551,9,150548468721,2496006,0
150.553,14,150551009727,2469000,1
150.553,6,150551009727,2469000,1
150.556,10,150553485727,2496006,0
150.558,9,150556026733,2469000,1
150.558,5,150556026733,2469000,1
150.561,22,150558520733,2469000,1
150.561,14,150558520733,2469000,1
150.561,9,150558520733,2469000,1
150.564,18,150561023733,2496006,0
150.566,10,150563546739,2496006,0
150.569,16,150566078745,2496006,0
150.571,2,150568601751,2469000,1
150.571,16,150568601751,2469000,1
150.574,18,150571095751,2496006,0
150.576,17,150573949757,2496006,0
150.579,10,150576472763,2496006,0
150.581,4,150579004769,2469000,1
150.584,17,150581471769,2496006,0
150.587,5,150584057775,2469000,1
150.587,16,150584057775,2469000,1
150.589,17,150586524775,2469000,1
150.589,18,150586524775,2469000,1
150.592,18,150589009775,2496006,0
150.594,10,150591532781,2496006,0
150.597,9,150594055787,2496006,0
150.599,5,150596587793,2496006,0
150.602,4,150599119799,2496006,0
150.604,5,150601965003,2496006,0
150.607,9,150604488009,2496006,0
150.61,18,150607020015,2496006,0
150.612,10,150609543021,2496006,0
150.615,14,150612066027,2496006,0
150.617,18,150614589033,2496006,0
150.62,10,150617121039,2496006,0
150.625,10,150622167051,2496006,0
150.627,22,150624690057,2496006,0
150.63,4,150627222063,2496006,0
150.632,7,150629745069,2469000,1
150.632,5,150629745069,2469000,1
150.635,9,150632221069,2496006,0
150.637,22,150634744075,2469000,1
150.637,17,150634744075,2469000,1
150.64,18,150637211075,2496006,0
150.642,14,150639743081,2496006,0
150.645,9,150642266087,2496006,0
150.647,10,150644789093,2496006,0
150.65,4,150647312099,2469000,1
150.65,17,150647312099,2469000,1
150.652,2,150649788099,2496006,0
150.655,10,150652311105,2496006,0
150.657,9,150654843111,2496006,0
150.66,19,150657366117,2496006,0
150.662,5,150659907123,2469000,1
150.662,18,150659907123,2469000,1
150.662,19,150659907123,2469000,1
150.665,2,150662383123,2469000,1
150.665,16,150662383123,2469000,1
150.667,14,150664850123,2496006,0
150.67,14,150667400129,2496006,0
150.675,22,150672446141,2469000,1
150.675,10,150672446141,2469000,1
150.675,2,150672446141,2469000,1
150.678,9,150675244147,2496006,0
150.68,4,150677776153,2496006,0
150.683,9,150680308159,2496006,0
150.685,14,150682831165,2469000,1
150.685,4,150682831165,2469000,1
150.688,6,150685325165,2469000,1
150.688,10,150685325165,2469000,1
150.69,19,150687810165,2469000,1
150.69,9,150687810165,2469000,1
150.693,18,150690295165,2496006,0
150.695,18,150692854171,2496006,0
150.698,14,150695377177,2496006,0
150.7,14,150697927183,2496006,0
150.703,5,150700468189,2496006,0
150.705,18,150702991195,2496006,0
150.708,5,150705854201,2469000,1
150.708,4,150705854201,2469000,1
150.711,22,150708330201,2496006,0
150.713,9,150710889207,2469000,1
150.713,14,150710889207,2469000,1
150.716,2,150713365207,2496006,0
150.718,18,150715897213,2496006,0
150.721,19,150718420219,2496006,0
150.723,2,150720943225,2496006,0
150.726,22,150723493231,2496006,0
150.729,22,150726025237,2496006,0
150.731,2,150728557243,2469000,1
150.731,19,150728557243,2469000,1
150.731,3,150728557243,2469000,1
150.734,10,150731024243,2496006,0
150.736,18,150733583249,2496006,0
150.739,5,150736106255,2469000,1
150.739,2,150736106255,2469000,1
150.739,3,150736106255,2469000,1
150.741,22,150738582255,2496006,0
150.744,14,150741114261,2496006,0
150.746,10,150743646267,2496006,0
150.749,10,150746169273,2496006,0
150.751,14,150748692279,2496006,0
150.754,14,150751242285,2496006,0
150.756,22,150753774291,2469000,1
150.756,16,150753774291,2469000,1
150.759,18,150756241291,2469000,1
150.759,5,150756241291,2469000,1
150.761,19,150758717291,2496006,0
150.764,10,150761240297,2496006,0
150.766,10,150763808303,2496006,0
150.771,14,150768863315,2496006,0
150.774,19,150771386321,2469000,1
150.774,12,150771386321,2469000,1
150.774,9,150771386321,2469000,1
150.774,3,150771386321,2469000,1
150.776,20,150773862321,2469000,1
150.776,22,150773862321,2469000,1
150.779,18,150776329321,2496006,0
150.782,10,150779165327,2496006,0
150.784,4,150781688333,2496006,0
150.787,4,150784247339,2496006,0
150.789,17,150786788345,2469000,1
150.789,14,150786788345,2469000,1
150.789,18,150786788345,2469000,1
150.792,10,150789255345,2496006,0
150.794,3,150791778351,2496006,0
150.797,4,150794328357,2469000,1
150.797,14,150794328357,2469000,1
150.799,10,150796795357,2496006,0
150.802,19,150799327363,2469000,1
150.804,10,150801803363,2496006,0
150.807,2,150804326369,2496006,0
150.81,18,150807171375,2469000,1
150.81,3,150807171375,2469000,1
150.812,3,150809647375,2496006,0
150.815,17,150812197381,2496006,0
150.817,17,150814729387,2496006,0
150.82,10,150817261393,2496006,0
150.822,2,150819811399,2496006,0
150.825,3,150822352405,2496006,0
150.827,10,150824875411,2496006,0
150.83,22,150827398417,2496006,0
150.832,4,150829939423,2469000,1
150.835,17,150832415423,2496006,0
150.837,3,150834956429,2496006,0
150.84,22,150837479435,2469000,1
150.84,2,150837479435,2469000,1
150.842,10,150839946435,2496006,0
150.845,22,150842469441,2496006,0
150.848,10,150845037447,2496006,0
150.85,14,150847560453,2469000,1
150.85,3,150847560453,2469000,1
150.853,17,150850027453,2496006,0
150.855,22,150852550459,2496006,0
150.858,2,150855082465,2496006,0
150.86,22,150857614471,2496006,0
150.863,10,150860155477,2496006,0
150.865,17,150862678483,2469000,1
150.87,2,150867695489,2496006,0
150.873,22,150870227495,2496006,0
150.875,10,150872750501,2496006,0
150.878,9,150875291507,2469000,1
150.878,19,150875291507,2469000,1
150.88,18,150877758507,2496006,0
150.883,5,150880603513,2496006,0
150.886,10,150883144519,2496006,0
150.888,2,150885667525,2496006,0
150.891,17,150888190531,2496006,0
150.893,10,150890713537,2496006,0
150.896,17,150893236543,2496006,0
150.898,3,150895759549,2496006,0
150.901,22,150898282555,2496006,0
150.903,3,150900805561,2496006,0
150.906,5,150903328567,2469000,1
150.906,6,150903328567,2469000,1
150.906,18,150903328567,2469000,1
150.908,1,150905795567,2469000,1
150.908,4,150905795567,2469000,1
150.908,22,150905795567,2469000,1
150.908,18,150905797567,2469000,1
150.911,2,150908273567,2496006,0
150.916,17,150913641579,2496006,0
150.919,10,150916182585,2469000,1
150.919,5,150916182585,2469000,1
150.919,17,150916182585,2469000,1
150.921,3,150918649585,2496006,0
150.924,3,150921181591,2496006,0
150.926,2,150923713597,2496006,0
150.929,3,150926236603,2496006,0
150.931,18,150928795609,2496006,0
150.934,2,150931336615,2496006,0
150.936,17,150933886621,2496006,0
150.939,3,150936418627,2469000,1
150.939,22,150936418627,2469000,1
150.941,2,150938885627,2496006,0
150.944,18,150941408633,2496006,0
150.946,19,150943931639,2496006,0
150.949,19,150946454645,2496006,0
150.951,7,150948977651,2496006,0
150.954,18,150951509657,2496006,0
150.957,18,150954032663,2496006,0
150.959,7,150956564669,2469000,1
150.959,10,150956564669,2469000,1
150.962,17,150959049669,2496006,0
150.964,2,150961581675,2496006,0
150.967,19,150964104681,2469000,1
150.967,3,150964104681,2469000,1
150.969,10,150966589681,2469000,1
150.969,3,150966589681,2469000,1
150.972,2,150969074681,2469000,1
150.972,5,150969074681,2469000,1
150.974,19,150971541681,2496006,0
150.977,18,150974064687,2496006,0
150.979,7,150976587693,2496006,0
150.982,17,150979110699,2469000,1
150.982,7,150979110699,2469000,1
150.984,9,150981577699,2496006,0
150.987,10,150984413705,2496006,0
150.989,19,150986945711,2496006,0
150.992,2,150989486717,2496006,0
150.995,7,150992009723,2496006,0
150.997,16,150994532729,2496006,0
151,18,150997073735,2496006,0
151.002,2,150999596741,2496006,0
151.005,18,151002119747,2496006,0
151.007,19,151004651753,2496006,0
151.01,7,151007174759,2469000,1
151.01,9,151007174759,2469000,1
151.01,10,151007174759,2469000,1
151.015,16,151012486765,2496006,0
151.018,19,151015045771,2496006,0
151.02,14,151017568777,2496006,0
151.023,13,151020091783,2469000,1
151.023,2,151020091783,2469000,1
151.025,18,151022558783,2496006,0
151.028,22,151025081789,2496006,0
151.03,22,151027604795,2496006,0
151.033,9,151030127801,2496006,0
151.035,17,151032650807,2469000,1
151.035,10,151032650807,2469000,1
151.038,2,151035117807,2469000,1
151.038,22,151035117807,2469000,1
151.04,10,151037584807,2496006,0
151.043,16,151040107813,2496006,0
151.045,16,151042639819,2496006,0
151.048,19,151045162825,2496006,0
151.05,10,151047685831,2469000,1
151.05,7,151047685831,2469000,1
151.053,14,151050152831,2496006,0
151.055,10,151052684837,2469000,1
151.055,14,151052684837,2469000,1
151.058,18,151055151837,2469000,1
151.058,9,151055151837,2469000,1
151.06,16,151057618837,2496006,0
151.063,16,151060141843,2496006,0
151.065,19,151062664849,2469000,1
151.065,14,151062664849,2469000,1
151.068,4,151065149849,2496006,0
151.07,22,151067672855,2496006,0
151.073,19,151070195861,2496006,0
151.075,16,151072718867,2469000,1
151.075,9,151072718867,2469000,1
151.078,10,151075185867,2496006,0
151.08,5,151077717873,2496006,0
151.083,17,151080240879,2496006,0
151.088,5,151085635891,2469000,1
151.088,7,151085635891,2469000,1
151.091,16,151088102891,2496006,0
151.093,17,151090634897,2469000,1
151.093,4,151090634897,2469000,1
151.093,22,151090634897,2469000,1
151.093,19,151090634897,2469000,1
151.096,10,151093101897,2469000,1
151.096,16,151093101897,2469000,1
151.098,14,151095586897,2469000,1
151.098,9,151095586897,2469000,1
151.098,16,151095586897,2469000,1
151.101,19,151098089897,2496006,0
151.103,18,151100612903,2496006,0
151.106,3,151103135909,2496006,0
151.108,18,151105658915,2496006,0
151.111,3,151108199921,2496006,0
151.113,10,151110740927,2496006,0
151.116,19,151113263933,2496006,0
151.119,18,151116099939,2496006,0
151.121,2,151118622945,2469000,1
151.121,4,151118622945,2469000,1
151.121,22,151118622945,2469000,1
151.124,17,151121098945,2496006,0
151.126,19,151123630951,2496006,0
151.129,17,151126153957,2496006,0
151.131,5,151128676963,2496006,0
151.134,10,151131199969,2496006,0
151.136,3,151133722975,2496006,0
151.139,3,151136245981,2496006,0
151.141,4,151138768987,2496006,0
151.144,10,151141300993,2469000,1
151.144,19,151141300993,2469000,1
151.144,23,151141300993,2469000,1
151.144,18,151141300993,2469000,1
151.144,3,151141300993,2469000,1
151.146,19,151143769993,2496006,0
151.149,5,151146301999,2496006,0
151.151,4,151148834005,2496006,0
151.154,23,151151357011,2496006,0
151.156,3,151153880017,2496006,0
151.159,17,151156412023,2496006,0
151.164,19,151161458035,2496006,0
151.166,4,151163981041,2496006,0
151.169,17,151166531047,2469000,1
151.169,22,151166531047,2469000,1
151.172,23,151169007047,2496006,0
151.174,21,151171530053,2469000,1
151.174,5,151171530053,2469000,1
151.176,19,151173997053,2496006,0
151.179,3,151176520059,2496006,0
151.182,18,151179079065,2469000,1
151.182,4,151179079065,2469000,1
151.184,19,151181564065,2469000,1
151.184,14,151181564065,2469000,1
151.184,16,151181564065,2469000,1
151.184,10,151181564065,2469000,1
151.187,23,151184040065,2496006,0
151.189,3,151186590071,2496006,0
151.192,23,151189453077,2469000,1
151.192,5,151189453077,2469000,1
151.194,3,151191938077,2496006,0
151.197,19,151194461083,2496006,0
151.199,4,151196993089,2496006,0
151.202,17,151199534095,2496006,0
151.205,5,151202066101,2496006,0
151.207,3,151204598107,2469000,1
151.207,23,151204598107,2469000,1
151.21,10,151207083107,2496006,0
151.212,4,151209624113,2469000,1
151.212,7,151209624113,2469000,1
151.215,17,151212091113,2469000,1
151.215,19,151212091113,2469000,1
151.217,5,151214576113,2469000,1
151.22,5,151217356119,2496006,0
151.222,4,151219888125,2496006,0
151.225,11,151222411131,2496006,0
151.227,3,151224943137,2496006,0
151.23,10,151227484143,2496006,0
151.233,11,151230016149,2496006,0
151.235,19,151232557155,2496006,0
151.238,4,151235080161,2469000,1
151.238,5,151235080161,2469000,1
151.24,17,151237547161,2496006,0
151.243,3,151240079167,2469000,1
151.243,18,151240079167,2469000,1
151.245,19,151242555167,2469000,1
151.245,4,151242555167,2469000,1
151.248,23,151245040167,2496006,0
151.25,10,151247563173,2496006,0
151.253,17,151250086179,2496006,0
151.255,9,151252609185,2469000,1
151.255,11,151252609185,2469000,1
151.258,10,151255085185,2496006,0
151.26,23,151257653191,2496006,0
151.263,10,151260185197,2496006,0
151.265,6,151262717203,2469000,1
151.265,5,151262717203,2469000,1
151.268,3,151265184203,2469000,1
151.268,17,151265184203,2469000,1
151.273,23,151270192209,2469000,1
151.273,11,151270192209,2469000,1
151.275,4,151272659209,2496006,0
151.278,19,151275191215,2496006,0
151.28,10,151277714221,2496006,0
151.283,2,151280255227,2496006,0
151.285,4,151282796233,2496006,0
151.288,2,151285319239,2496006,0
151.29,10,151287860245,2496006,0
151.293,19,151290696251,2496006,0
151.296,16,151293219257,2469000,1
151.296,3,151293219257,2469000,1
151.298,2,151295686257,2496006,0
151.301,2,151298236263,2496006,0
151.303,14,151300768269,2496006,0
151.306,4,151303300275,2496006,0
151.308,17,151305823281,2496006,0
151.311,10,151308346287,2469000,1
151.311,17,151308346287,2469000,1
151.313,19,151310813287,2496006,0
151.316,23,151313336293,2496006,0
151.318,14,151315868299,2469000,1
151.318,22,151315868299,2469000,1
151.318,11,151315868299,2469000,1
151.318,19,151315868299,2469000,1
151.321,4,151318335299,2496006,0
151.324,5,151321180305,2496006,0
151.326,5,151323703311,2496006,0
151.331,23,151328749323,2469000,1
151.331,2,151328749323,2469000,1
151.331,10,151328749323,2469000,1
151.334,19,151331225323,2496006,0
151.336,16,151333775329,2469000,1
151.336,4,151333775329,2469000,1
151.339,14,151336269329,2496006,0
151.341,8,151338792335,2469000,1
151.341,17,151338792335,2469000,1
151.344,23,151341259335,2496006,0
151.346,23,151343782341,2496006,0
151.349,5,151346305347,2496006,0
151.351,14,151348828353,2496006,0
151.354,18,151351360359,2496006,0
151.356,19,151353883365,2496006,0
151.359,23,151356406371,2469000,1
151.359,18,151356406371,2469000,1
151.361,2,151358873371,2496006,0
151.364,23,151361405377,2496006,0
151.366,19,151363937383,2469000,1
151.366,12,151363937383,2469000,1
151.369,2,151366431383,2469000,1
151.369,5,151366431383,2469000,1
151.371,23,151368898383,2469000,1
151.371,14,151368898383,2469000,1
151.374,4,151371374383,2496006,0
151.376,15,151373942389,2496006,0
151.379,19,151376492395,2469000,1
151.379,2,151376492395,2469000,1
151.381,5,151378977395,2496006,0
151.384,4,151381509401,2469000,1
151.384,23,151381509401,2469000,1
151.386,3,151383976401,2496006,0
151.389,5,151386508407,2496006,0
151.392,18,151389031413,2496006,0
151.394,4,151391554419,2496006,0
151.397,14,151394390425,2496006,0
151.399,15,151396913431,2496006,0
151.402,2,151399436437,2469000,1
151.402,4,151399436437,2469000,1
151.404,5,151401921437,2496006,0
151.407,3,151404453443,2496006,0
151.409,10,151406976449,2496006,0
151.412,20,151409499455,2496006,0
151.415,14,151412040461,2469000,1
151.415,15,151412040461,2469000,1
151.417,17,151414507461,2469000,1
151.417,18,151414507461,2469000,1
151.419,20,151416974461,2496006,0
151.422,10,151419524467,2496006,0
151.425,4,151422369473,2469000,1
151.425,5,151422369473,2469000,1
151.425,3,151422369473,2469000,1
151.427,15,151424836473,2496006,0
151.43,16,151427377479,2469000,1
151.43,18,151427377479,2469000,1
151.435,10,151432376485,2496006,0
151.437,20,151434908491,2469000,1
151.437,22,151434908491,2469000,1
151.44,15,151437420491,2496006,0
151.442,3,151439943497,2469000,1
151.442,10,151439943497,2469000,1
151.445,14,151442428497,2496006,0
151.447,23,151444987503,2496006,0
151.45,4,151447510509,2496006,0
151.453,7,151450033515,2469000,1
151.453,19,151450033515,2469000,1
151.453,23,151450033515,2469000,1
151.455,5,151452500515,2496006,0
151.458,15,151455023521,2496006,0
151.46,14,151457555527,2496006,0
151.463,14,151460087533,2496006,0
151.465,14,151462610539,2496006,0
151.468,15,151465133545,2496006,0
151.47,20,151467674551,2469000,1
151.47,10,151467674551,2469000,1
151.47,15,151467674551,2469000,1
151.473,14,151470150551,2496006,0
151.475,22,151472673557,2469000,1
151.475,4,151472673557,2469000,1
151.478,20,151475140557,2496006,0
151.48,5,151477663563,2496006,0
151.483,3,151480195569,2496006,0
151.485,14,151482718575,2469000,1
151.488,11,151485203575,2496006,0
151.49,3,151487726581,2469000,1
151.49,5,151487726581,2469000,1
151.493,14,151490211581,2496006,0
151.495,20,151492734587,2496006,0
151.498,18,151495570593,2496006,0
151.501,15,151498093599,2496006,0
151.503,18,151500616605,2496006,0
151.506,20,151503139611,2496006,0
151.508,23,151505662617,2496006,0
151.511,15,151508185623,2496006,0
151.513,5,151510717629,2496006,0
151.516,14,151513249635,2496006,0
151.518,4,151515772641,2469000,1
151.518,11,151515772641,2469000,1
151.518,5,151515772641,2469000,1
151.521,20,151518248641,2496006,0
151.523,18,151520771647,2469000,1
151.523,17,151520771647,2469000,1
151.526,23,151523565003,2496006,0
151.529,15,151526097009,2496006,0
151.531,20,151528629015,2496006,0
151.534,23,151531179021,2469000,1
151.534,14,151531179021,2469000,1
151.536,3,151533646021,2496006,0
151.539,15,151536169027,2496006,0
151.541,9,151538692033,2496006,0
151.546,5,151543765045,2469000,1
151.546,18,151543765045,2469000,1
151.549,10,151546241045,2469000,1
151.549,20,151546241045,2469000,1
151.551,4,151548708045,2496006,0
151.554,15,151551231051,2496006,0
151.556,9,151553754057,2496006,0
151.559,11,151556286063,2496006,0
151.561,3,151558809069,2469000,1
151.561,11,151558809069,2469000,1
151.564,4,151561276069,2496006,0
151.566,3,151563835075,2496006,0
151.569,9,151566358081,2469000,1
151.569,23,151566358081,2469000,1
151.571,3,151568825081,2469000,1
151.571,9,151568827081,2469000,1
151.574,4,151571294081,2496006,0
151.576,15,151573835087,2469000,1
151.576,4,151573835087,2469000,1
151.579,2,151576302087,2496006,0
151.581,14,151578843093,2496006,0
151.584,5,151581375099,2496006,0
151.586,3,151583916105,2469000,1
151.586,9,151583916105,2469000,1
151.589,2,151586383105,2496006,0
151.591,14,151588906111,2469000,1
151.591,20,151588906111,2469000,1
151.591,4,151588906111,2469000,1
151.594,5,151591382111,2469000,1
151.594,2,151591382111,2469000,1
151.596,20,151593849111,2496006,0
151.599,11,151596399117,2496006,0
151.602,18,151599235123,2469000,1
151.602,15,151599235123,2469000,1
151.607,20,151604261129,2469000,1
151.607,5,151604261129,2469000,1
151.609,2,151606737129,2496006,0
151.612,3,151609269135,2496006,0
151.614,20,151611792141,2496006,0
151.617,11,151614324147,2496006,0
151.619,19,151616856153,2496006,0
151.622,3,151619379159,2496006,0
151.624,2,151621938165,2496006,0
151.627,19,151624461171,2496006,0
151.63,11,151627306177,2469000,1
151.63,14,151627306177,2469000,1
151.632,20,151629773177,2496006,0
151.635,19,151632314183,2496006,0
151.637,3,151634837189,2469000,1
151.637,19,151634837189,2469000,1
151.64,19,151637306189,2496006,0
151.642,2,151639838195,2469000,1
151.642,3,151639838195,2469000,1
151.645,4,151642323195,2496006,0
151.647,10,151644846201,2496006,0
151.65,23,151647369207,2469000,1
151.65,4,151647369207,2469000,1
151.652,20,151649863207,2496006,0
151.655,18,151652395213,2496006,0
151.657,19,151654927219,2469000,1
151.66,11,151657394219,2496006,0
151.662,10,151659917225,2496006,0
151.665,15,151662440231,2496006,0
151.667,11,151664972237,2496006,0
151.67,10,151667495243,2496006,0
151.673,15,151670018249,2496006,0
151.675,18,151672541255,2496006,0
151.678,20,151675064261,2496006,0
151.68,10,151677587267,2496006,0
151.683,5,151680146273,2469000,1
151.683,2,151680146273,2469000,1
151.685,11,151682613273,2469000,1
151.685,2,151682615273,2469000,1
151.688,4,151685109273,2496006,0
151.69,14,151687641279,2469000,1
151.69,10,151687641279,2469000,1
151.693,15,151690108279,2469000,1
151.693,18,151690108279,2469000,1
151.693,20,151690108279,2469000,1
151.695,19,151692584279,2496006,0
151.698,11,151695116285,2496006,0
151.7,11,151697648291,2496006,0
151.703,18,151700502297,2496006,0
151.706,7,151703025303,2496006,0
151.708,20,151705548309,2496006,0
151.711,20,151708071315,2496006,0
151.713,4,151710594321,2496006,0
151.716,19,151713117327,2496006,0
151.718,4,151715640333,2496006,0
151.723,11,151720704345,2496006,0
151.726,4,151723227351,2469000,1
151.726,18,151723227351,2469000,1
151.728,7,151725703351,2469000,1
151.728,18,151725703351,2469000,1
151.731,19,151728483357,2469000,1
151.731,7,151728483357,2469000,1
151.733,1,151730950357,2496006,0
151.736,3,151733482363,2496006,0
151.739,1,151736005369,2496006,0
151.741,10,151738528375,2469000,1
151.741,20,151738528375,2469000,1
151.743,5,151740995375,2496006,0
151.746,15,151743518381,2496006,0
151.749,3,151746041387,2469000,1
151.749,15,151746041387,2469000,1
151.751,11,151748508387,2469000,1
151.751,19,151748508387,2469000,1
151.754,3,151751020387,2496006,0
151.756,9,151753543393,2469000,1
151.756,4,151753543393,2469000,1
151.758,16,151756028393,2469000,1
151.758,1,151756028393,2469000,1
151.758,20,151756028393,2469000,1
151.761,5,151758495393,2496006,0
151.763,18,151761027399,2469000,1
151.763,20,151761027399,2469000,1
151.766,2,151763494399,2496006,0
151.769,3,151766017405,2496006,0
151.771,22,151768540411,2496006,0
151.774,4,151771063417,2496006,0
151.776,2,151773586423,2496006,0
151.779,3,151776109429,2469000,1
151.779,2,151776109429,2469000,1
151.781,19,151778576429,2496006,0
151.784,15,151781099435,2496006,0
151.786,22,151783658441,2469000,1
151.786,23,151783658441,2469000,1
151.786,5,151783658441,2469000,1
151.789,14,151786125441,2496006,0
151.791,11,151788657447,2469000,1
151.794,19,151791133447,2496006,0
151.796,15,151793656453,2469000,1
151.796,4,151793656453,2469000,1
151.796,2,151793656453,2469000,1
151.799,14,151796141453,2496006,0
151.801,18,151798664459,2496006,0
151.804,22,151801187465,2496006,0
151.807,1,151804023471,2496006,0
151.809,7,151806555477,2469000,1
151.809,11,151806555477,2469000,1
151.809,19,151806555477,2469000,1
151.812,4,151809040477,2496006,0
151.814,22,151811563483,2469000,1
151.814,14,151811563483,2469000,1
151.814,4,151811563483,2469000,1
151.816,17,151814030483,2469000,1
151.817,4,151814032483,2469000,1
151.819,15,151816508483,2469000,1
151.819,22,151816508483,2469000,1
151.821,18,151818975483,2469000,1
151.821,4,151818975483,2469000,1
151.824,3,151821442483,2496006,0
151.826,1,151823965489,2496006,0
151.829,1,151826497495,2496006,0
151.831,10,151829020501,2469000,1
151.831,19,151829020501,2469000,1
151.831,18,151829020501,2469000,1
151.834,5,151831809507,2469000,1
151.834,17,151831809507,2469000,1
151.837,3,151834294507,2496006,0
151.839,2,151836826513,2496006,0
151.842,1,151839349519,2496006,0
151.844,1,151841872525,2496006,0
151.847,1,151844449531,2496006,0
151.849,14,151846990537,2469000,1
151.849,3,151846990537,2469000,1
151.852,2,151849466537,2496006,0
151.854,20,151851989543,2496006,0
151.857,4,151854512549,2469000,1
151.857,10,151854512549,2469000,1
151.859,1,151856988549,2469000,1
151.862,2,151859482549,2496006,0
151.864,20,151862023555,2469000,1
151.864,2,151862023555,2469000,1
151.867,2,151864492555,2496006,0
151.87,14,151867033561,2496006,0
151.872,15,151869574567,2496006,0
151.875,11,151872097573,2496006,0
151.877,4,151874629579,2469000,1
151.877,11,151874629579,2469000,1
151.88,15,151877105579,2496006,0
151.882,2,151879628585,2469000,1
151.882,15,151879628585,2469000,1
151.885,3,151882113585,2496006,0
151.887,18,151884636591,2496006,0
151.89,19,151887159597,2496006,0
151.892,19,151889682603,2496006,0
151.895,1,151892205609,2469000,1
151.895,14,151892205609,2469000,1
151.897,3,151894672609,2496006,0
151.9,14,151897195615,2496006,0
151.902,19,151899736621,2496006,0
151.905,22,151902259627,2496006,0
151.908,3,151905095633,2496006,0
151.91,11,151907627639,2469000,1
151.91,3,151907627639,2469000,1
151.913,15,151910094639,2469000,1
151.913,18,151910094639,2469000,1
151.915,5,151912561639,2496006,0
151.918,20,151915084645,2496006,0
151.92,19,151917607651,2469000,1
151.92,2,151917607651,2469000,1
151.923,5,151920083651,2469000,1
151.923,20,151920083651,2469000,1
151.925,22,151922559651,2496006,0
151.928,1,151925082657,2469000,1
151.928,14,151925082657,2469000,1
151.93,19,151927549657,2469000,1
151.93,20,151927549657,2469000,1
151.935,1,151932548663,2496006,0
151.938,13,151935384669,2469000,1
151.938,14,151935384669,2469000,1
151.94,7,151937878669,2469000,1
151.94,3,151937878669,2469000,1
151.94,22,151937878669,2469000,1
151.94,13,151937878669,2469000,1
151.943,18,151940381669,2496006,0
151.945,1,151942931675,2496006,0
151.948,9,151945454681,2496006,0
151.95,18,151947986687,2496006,0
151.953,11,151950509693,2496006,0
151.956,5,151953059699,2496006,0
151.958,18,151955591705,2469000,1
151.958,19,151955591705,2469000,1
151.958,5,151955591705,2469000,1
151.961,13,151958058705,2469000,1
151.961,18,151958060705,2469000,1
151.963,22,151960536705,2496006,0
151.966,19,151963059711,2496006,0
151.968,1,151965582717,2496006,0
151.971,2,151968105723,2469000,1
151.971,9,151968105723,2469000,1
151.971,19,151968105723,2469000,1
151.973,14,151970572723,2496006,0
151.976,11,151973104729,2496006,0
151.978,13,151975627735,2496006,0
151.981,1,151978150741,2496006,0
151.983,14,151980700747,2496006,0
151.986,5,151983223753,2469000,1
151.986,22,151983223753,2469000,1
151.988,14,151985690753,2496006,0
151.991,13,151988213759,2496006,0
151.993,14,151990745765,2496006,0
151.996,15,151993295771,2496006,0
151.998,1,151995818777,2469000,1
151.998,11,151995818777,2469000,1
151.998,22,151995818777,2469000,1
152.003,14,152000808783,2496006,0
152.006,13,152003331789,2496006,0
152.008,15,152005854795,2469000,1
152.008,18,152005854795,2469000,1
152.011,20,152008634801,2469000,1
152.011,22,152008634801,2469000,1
152.014,10,152011110801,2469000,1
152.014,19,152011110801,2469000,1
152.016,19,152013586801,2496006,0
152.019,9,152016118807,2496006,0
152.021,13,152018641813,2496006,0
152.024,13,152021164819,2496006,0
152.026,14,152023696825,2496006,0
152.029,14,152026228831,2496006,0
152.031,3,152028751837,2496006,0
152.034,19,152031274843,2496006,0
152.036,13,152033806849,2469000,1
152.036,14,152033806849,2469000,1
152.039,11,152036595855,2496006,0
152.042,5,152039118861,2469000,1
152.042,9,152039118861,2469000,1
152.044,22,152041585861,2496006,0
152.047,1,152044117867,2496006,0
152.049,11,152046640873,2469000,1
152.049,14,152046640873,2469000,1
152.052,3,152049107873,2469000,1
152.052,15,152049107873,2469000,1
152.052,19,152049107873,2469000,1
152.054,3,152051628873,2496006,0
152.057,22,152054151879,2469000,1
152.057,11,152054151879,2469000,1
152.059,9,152056618879,2496006,0
152.062,3,152059150885,2469000,1
152.062,9,152059150885,2469000,1
152.064,19,152061626885,2496006,0
152.067,1,152064149891,2496006,0
152.069,20,152066672897,2496006,0
152.072,13,152069204903,2496006,0
152.074,20,152071745909,2469000,1
152.077,13,152074221909,2469000,1
152.077,1,152074221909,2469000,1
152.079,1,152076715909,2496006,0
152.082,22,152079256915,2469000,1
152.082,11,152079256915,2469000,1
152.082,19,152079256915,2469000,1
152.084,14,152081723915,2496006,0
152.087,3,152084255921,2469000,1
152.087,22,152084255921,2469000,1
152.089,12,152086722921,2469000,1
152.089,9,152086722921,2469000,1
152.092,19,152089198921,2496006,0
152.094,1,152091721927,2496006,0
152.097,1,152094280933,2469000,1
152.097,19,152094280933,2469000,1
152.097,14,152094280933,2469000,1
152.099,20,152096756933,2469000,1
152.099,19,152096756933,2469000,1
152.102,15,152099223933,2496006,0
152.104,13,152101800939,2496006,0
152.107,9,152104332945,2496006,0
152.109,14,152106855951,2496006,0
152.112,15,152109691957,2469000,1
152.112,1,152109691957,2469000,1
152.112,14,152109691957,2469000,1
152.115,23,152112167957,2496006,0
152.117,9,152114699963,2469000,1
152.117,14,152114699963,2469000,1
152.12,15,152117166963,2469000,1
152.12,23,152117166963,2469000,1
152.122,3,152119651963,2469000,1
152.122,14,152119651963,2469000,1
152.125,16,152122118963,2496006,0
152.127,13,152124659969,2496006,0
152.132,13,152129741981,2496006,0
152.135,23,152132273987,2496006,0
152.137,2,152134796993,2496006,0
152.14,16,152137337999,2496006,0
152.143,20,152140174005,2496006,0
152.145,22,152142697011,2496006,0
152.148,16,152145220017,2469000,1
152.148,22,152145220017,2469000,1
152.15,2,152147714017,2469000,1
152.15,23,152147714017,2469000,1
152.153,20,152150190017,2469000,1
152.153,9,152150190017,2469000,1
152.153,22,152150190017,2469000,1
152.155,13,152152657017,2496006,0
152.158,22,152155189023,2496006,0
152.16,18,152157730029,2469000,1
152.16,20,152157730029,2469000,1
152.163,23,152160215029,2496006,0
152.165,23,152162738035,2496006,0
152.168,1,152165261041,2496006,0
152.17,13,152167784047,2469000,1
152.17,15,152167784047,2469000,1
152.17,2,152167784047,2469000,1
152.173,19,152170251047,2496006,0
152.175,23,152172783053,2469000,1
152.175,1,152172783053,2469000,1
152.175,15,152172783053,2469000,1
152.178,22,152175268053,2496006,0
152.18,16,152177791059,2496006,0
152.183,13,152180323065,2469000,1
152.183,1,152180323065,2469000,1
152.188,19,152185349071,2496006,0
152.19,22,152187908077,2496006,0
152.193,5,152190431083,2496006,0
152.195,16,152192954089,2469000,1
152.195,1,152192954089,2469000,1
152.198,19,152195421089,2469000,1
152.198,9,152195421089,2469000,1
152.2,23,152197888089,2496006,0
152.203,23,152200429095,2496006,0
152.205,16,152202961101,2469000,1
152.205,23,152202961101,2469000,1
152.208,17,152205428101,2469000,1
152.208,5,152205428101,2469000,1
152.21,22,152207922101,2496006,0
152.213,20,152210517107,2469000,1
152.213,2,152210517107,2469000,1
152.216,16,152213297113,2496006,0
152.218,5,152215820119,2496006,0
152.221,19,152218361125,2496006,0
152.223,22,152220884131,2469000,1
152.223,5,152220884131,2469000,1
152.226,16,152223351131,2469000,1
152.226,15,152223351131,2469000,1
152.228,19,152225818131,2469000,1
152.231,22,152228285131,2496006,0
152.233,2,152230808137,2496006,0
152.236,13,152233331143,2496006,0
152.238,7,152235854149,2469000,1
152.238,11,152235854149,2469000,1
152.241,18,152238321149,2469000,1
152.241,23,152238321149,2469000,1
152.241,19,152238321149,2469000,1
152.244,13,152241119155,2469000,1
152.244,22,152241119155,2469000,1
152.246,6,152243595155,2496006,0
152.249,5,152246136161,2496006,0
152.251,8,152248677167,2469000,1
152.251,9,152248677167,2469000,1
152.251,2,152248677167,2469000,1
152.254,8,152251153167,2496006,0
152.256,16,152253676173,2496006,0
152.259,14,152256226179,2496006,0
152.261,22,152258749185,2469000,1
152.261,14,152258749185,2469000,1
152.264,16,152261216185,2469000,1
152.264,19,152261216185,2469000,1
152.266,8,152263683185,2469000,1
152.266,3,152263683185,2469000,1
152.266,6,152263683185,2469000,1
152.269,5,152266150185,2496006,0
152.271,5,152268700191,2496006,0
152.274,10,152271223197,2469000,1
152.274,14,152271223197,2469000,1
152.276,2,152273690197,2469000,1
152.276,22,152273690197,2469000,1
152.279,13,152276166197,2496006,0
152.281,16,152278698203,2469000,1
152.281,8,152278698203,2469000,1
152.284,5,152281174203,2496006,0
152.286,16,152283706209,2496006,0
152.289,6,152286229215,2469000,1
152.289,5,152286229215,2469000,1
152.291,13,152288705215,2496006,0
152.294,13,152291246221,2496006,0
152.296,16,152293769227,2469000,1
152.296,23,152293769227,2469000,1
152.299,16,152296254227,2496006,0
152.301,19,152298795233,2469000,1
152.301,3,152298795233,2469000,1
152.304,22,152301280233,2496006,0
152.306,22,152303803239,2496006,0
152.309,1,152306335245,2469000,1
152.309,5,152306335245,2469000,1
152.311,22,152308802245,2496006,0
152.314,13,152311325251,2496006,0
152.317,16,152314197257,2496006,0
152.322,22,152319252269,2496006,0
152.324,14,152321775275,2496006,0
152.327,20,152324298281,2496006,0
152.329,14,152326848287,2496006,0
152.332,22,152329371293,2469000,1
152.332,13,152329371293,2469000,1
152.334,16,152331847293,2496006,0
152.337,14,152334379299,2496006,0
152.339,11,152336902305,2496006,0
152.342,5,152339434311,2469000,1
152.342,13,152339434311,2469000,1
152.344,2,152341910311,2496006,0
152.347,16,152344746317,2469000,1
152.347,8,152344746317,2469000,1
152.35,20,152347213317,2496006,0
152.352,6,152349736323,2496006,0
152.355,14,152352259329,2496006,0
152.357,20,152354791335,2496006,0
152.36,11,152357314341,2496006,0
152.362,22,152359837347,2496006,0
152.365,16,152362360353,2496006,0
152.367,14,152364883359,2469000,1
152.367,2,152364883359,2469000,1
152.37,22,152367359359,2496006,0
152.372,20,152369882365,2496006,0
152.377,11,152374946377,2469000,1
152.377,2,152374946377,2469000,1
152.38,20,152377422377,2469000,1
152.38,6,152377422377,2469000,1
152.38,2,152377422377,2469000,1
152.382,16,152379889377,2496006,0
152.385,8,152382412383,2496006,0
152.387,22,152384935389,2496006,0
152.39,8,152387458395,2496006,0
152.392,21,152389999401,2496006,0
152.395,16,152392522407,2496006,0
152.398,11,152395063413,2496006,0
152.4,13,152397586419,2469000,1
152.4,6,152397586419,2469000,1
152.403,22,152400071419,2469000,1
152.403,14,152400071419,2469000,1
152.405,11,152402538419,2496006,0
152.408,8,152405061425,2496006,0
152.41,9,152407593431,2469000,1
152.41,11,152407593431,2469000,1
152.413,11,152410062431,2496006,0
152.415,16,152412594437,2469000,1
152.415,21,152412594437,2469000,1
152.418,20,152415088437,2469000,1
152.418,8,152415088437,2469000,1
152.42,6,152417868443,2496006,0
152.423,11,152420409449,2496006,0
152.425,22,152422950455,2496006,0
152.431,11,152428023467,2496006,0
152.433,6,152430546473,2496006,0
152.436,14,152433069479,2469000,1
152.436,21,152433069479,2469000,1
152.438,6,152435545479,2496006,0
152.441,11,152438077485,2496006,0
152.443,6,152440618491,2496006,0
152.446,22,152443150497,2496006,0
152.448,8,152445986503,2496006,0
152.451,4,152448509509,2469000,1
152.451,16,152448509509,2469000,1
152.453,23,152450985509,2469000,1
152.453,16,152450985509,2469000,1
152.456,11,152453470509,2496006,0
152.459,6,152456011515,2496006,0
152.461,22,152458579521,2469000,1
152.461,8,152458579521,2469000,1
152.464,22,152461048521,2496006,0
152.466,8,152463580527,2496006,0
152.469,11,152466103533,2496006,0
152.471,22,152468644539,2496006,0
152.474,8,152471176545,2469000,1
152.474,6,152471176545,2469000,1
152.479,6,152476193551,2496006,0
152.481,7,152478716557,2496006,0
152.484,11,152481248563,2469000,1
152.484,8,152481248563,2469000,1
152.486,22,152483724563,2469000,1
152.486,7,152483724563,2469000,1
152.489,20,152486200563,2496006,0
152.491,6,152488750569,2496006,0
152.494,20,152491318575,2496006,0
152.496,6,152493850581,2496006,0
152.499,2,152496382587,2469000,1
152.499,21,152496382587,2469000,1
152.501,5,152498858587,2496006,0
152.504,7,152501426593,2496006,0
152.506,6,152503958599,2496006,0
152.509,5,152506490605,2469000,1
152.509,8,152506490605,2469000,1
152.509,20,152506490605,2469000,1
152.509,7,152506490605,2469000,1
152.511,6,152508957605,2469000,1
152.511,7,152508959605,2469000,1
152.514,11,152511426605,2496006,0
152.516,22,152513958611,2496006,0
152.519,13,152516490617,2496006,0
152.522,5,152519335623,2496006,0
152.524,22,152521858629,2496006,0
152.527,11,152524390635,2496006,0
152.529,13,152526913641,2496006,0
152.532,13,152529436647,2496006,0
152.534,22,152531959653,2496006,0
152.537,5,152534491659,2496006,0
152.54,14,152537014665,2496006,0
152.542,5,152539546671,2496006,0
152.545,20,152542078677,2496006,0
152.547,5,152544601683,2496006,0
152.55,11,152547133689,2469000,1
152.55,20,152547133689,2469000,1
152.552,22,152549931695,2469000,1
152.552,13,152549931695,2469000,1
152.555,5,152552416695,2469000,1
152.555,6,152552416695,2469000,1
152.557,14,152554883695,2496006,0
152.56,22,152557406701,2496006,0
152.562,14,152559938707,2496006,0
152.565,14,152562461713,2496006,0
152.567,7,152565002719,2496006,0
152.57,6,152567534725,2496006,0
152.573,14,152570066731,2496006,0
152.575,22,152572607737,2469000,1
152.575,21,152572607737,2469000,1
152.578,20,152575083737,2496006,0
152.58,13,152577633743,2469000,1
152.58,5,152577633743,2469000,1
152.58,20,152577633743,2469000,1
152.583,6,152580100743,2469000,1
152.583,19,152580100743,2469000,1
152.583,7,152580100743,2469000,1
152.585,14,152582567743,2496006,0
152.588,1,152585090749,2469000,1
152.588,6,152585090749,2469000,1
152.59,11,152587557749,2496006,0
152.593,16,152590080755,2469000,1
152.593,22,152590080755,2469000,1
152.595,4,152592556755,2496006,0
152.6,6,152597611767,2496006,0
152.603,14,152600143773,2496006,0
152.605,11,152602666779,2496006,0
152.608,14,152605225785,2469000,1
152.608,4,152605225785,2469000,1
152.61,7,152607692785,2496006,0
152.613,20,152610233791,2496006,0
152.615,6,152612756797,2496006,0
152.618,11,152615288803,2496006,0
152.62,7,152617829809,2496006,0
152.623,14,152620397815,2496006,0
152.626,6,152623233821,2469000,1
152.626,4,152623233821,2469000,1
152.628,20,152625700821,2496006,0
152.631,11,152628223827,2496006,0
152.633,7,152630746833,2469000,1
152.633,14,152630746833,2469000,1
152.636,5,152633231833,2496006,0
152.638,11,152635763839,2469000,1
152.641,20,152638230839,2469000,1
152.641,6,152638230839,2469000,1
152.643,13,152640724839,2496006,0
152.646,20,152643247845,2496006,0
152.648,6,152645779851,2469000,1
152.648,13,152645779851,2469000,1
152.651,20,152648264851,2469000,1
152.651,7,152648264851,2469000,1
152.654,14,152651053857,2496006,0
152.656,5,152653576863,2469000,1
152.656,11,152653576863,2469000,1
152.659,22,152656043863,2469000,1
152.659,5,152656045863,2469000,1
152.661,13,152658512863,2496006,0
152.664,13,152661035869,2496006,0
152.666,14,152663594875,2496006,0
152.669,13,152666117881,2496006,0
152.671,14,152668685887,2496006,0
152.674,15,152671217893,2469000,1
152.676,8,152673693893,2496006,0
152.679,13,152676216899,2496006,0
152.681,7,152678748905,2496006,0
152.684,20,152681280911,2496006,0
152.686,14,152683803917,2496006,0
152.689,14,152686326923,2496006,0
152.691,5,152688858929,2496006,0
152.694,16,152691381935,2496006,0
152.696,13,152693904941,2496006,0
152.699,11,152696445947,2496006,0
152.701,5,152698968953,2469000,1
152.701,8,152698968953,2469000,1
152.704,7,152701444953,2496006,0
152.706,16,152703976959,2469000,1
152.706,20,152703976959,2469000,1
152.709,4,152706443959,2469000,1
152.709,8,152706443959,2469000,1
152.711,7,152708919959,2469000,1
152.711,14,152708919959,2469000,1
152.714,13,152711395959,2469000,1
152.714,11,152711395959,2469000,1
152.716,14,152713862959,2496006,0
152.721,7,152718953971,2469000,1
152.721,13,152718953971,2469000,1
152.724,5,152721429971,2496006,0
152.727,13,152724283977,2496006,0
152.729,14,152726815983,2496006,0
152.732,14,152729338989,2496006,0
152.734,2,152731870995,2469000,1
152.734,5,152731870995,2469000,1
152.737,13,152734337995,2496006,0
152.739,5,152736861001,2496006,0
152.742,23,152739402007,2469000,1
152.742,20,152739402007,2469000,1
152.744,16,152741878007,2496006,0
152.747,8,152744401013,2469000,1
152.747,14,152744401013,2469000,1
152.749,5,152746886013,2469000,1
152.749,13,152746886013,2469000,1
152.752,11,152749353013,2496006,0
152.757,7,152754757025,2469000,1
152.757,13,152754757025,2469000,1
152.76,16,152757224025,2496006,0
152.762,11,152759756031,2496006,0
152.765,18,152762279037,2496006,0
152.767,16,152764811043,2496006,0
152.77,19,152767334049,2496006,0
152.772,20,152769875055,2496006,0
152.775,16,152772407061,2469000,1
152.775,14,152772407061,2469000,1
152.777,11,152774874061,2469000,1
152.777,6,152774874061,2469000,1
152.78,6,152777368061,2496006,0
152.782,18,152779891067,2496006,0
152.785,5,152782423073,2469000,1
152.785,16,152782423073,2469000,1
152.787,19,152784890073,2469000,1
152.787,22,152784890073,2469000,1
152.79,18,152787366073,2469000,1
152.79,6,152787366073,2469000,1
152.79,20,152787366073,2469000,1
152.79,19,152787366073,2469000,1
152.795,7,152792392079,2496006,0
152.797,6,152794924085,2496006,0
152.8,7,152797474091,2496006,0
152.802,7,152799997097,2496006,0
152.805,7,152802556103,2469000,1
152.805,6,152802556103,2469000,1
152.808,11,152805023103,2496006,0
152.81,16,152807546109,2469000,1
152.81,18,152807546109,2469000,1
152.812,20,152810022109,2469000,1
152.812,11,152810022109,2469000,1
152.815,11,152812516109,2496006,0
152.818,7,152815039115,2469000,1
152.818,6,152815039115,2469000,1
152.82,21,152817533115,2469000,1
152.82,16,152817533115,2469000,1
152.825,14,152822541121,2469000,1
152.825,11,152822541121,2469000,1
152.828,18,152825035121,2496006,0
152.83,13,152827880127,2496006,0
152.833,4,152830439133,2496006,0
152.835,11,152832962139,2496006,0
152.838,5,152835494145,2469000,1
152.838,18,152835494145,2469000,1
152.84,4,152837979145,2469000,1
152.84,13,152837979145,2469000,1
152.843,11,152840446145,2469000,1
152.843,19,152840446145,2469000,1
152.845,7,152842922145,2496006,0
152.848,8,152845445151,2496006,0
152.853,8,152850536163,2469000,1
152.853,7,152850536163,2469000,1
152.856,4,152853012163,2496006,0
152.858,11,152855848169,2496006,0
152.861,4,152858389175,2496006,0
152.863,11,152860921181,2496006,0
152.866,11,152863489187,2496006,0
152.869,19,152866021193,2496006,0
152.871,11,152868544199,2496006,0
152.874,6,152871067205,2469000,1
152.874,18,152871067205,2469000,1
152.874,11,152871067205,2469000,1
152.876,8,152873534205,2496006,0
152.879,13,152876057211,2469000,1
152.881,4,152878533211,2496006,0
152.884,20,152881056217,2469000,1
152.884,7,152881056217,2469000,1
152.886,7,152883525217,2496006,0
152.889,18,152886066223,2469000,1
152.889,7,152886066223,2469000,1
152.891,3,152888542223,2469000,1
152.891,6,152888542223,2469000,1
152.893,19,152891009223,2469000,1
152.893,7,152891009223,2469000,1
152.896,8,152893512223,2469000,1
152.896,4,152893512223,2469000,1
152.898,8,152895988223,2496006,0
152.901,22,152898511229,2496006,0
152.904,11,152901052235,2496006,0
152.906,18,152903584241,2469000,1
152.906,11,152903584241,2469000,1
152.909,8,152906051241,2469000,1
152.911,11,152908527241,2496006,0
152.914,22,152911059247,2496006,0
152.916,9,152913582253,2496006,0
152.919,4,152916132259,2496006,0
152.921,22,152918655265,2496006,0
152.924,2,152921178271,2496006,0
152.926,9,152923719277,2496006,0
152.929,11,152926242283,2496006,0
152.932,19,152929087289,2469000,1
152.932,11,152929087289,2469000,1
152.934,4,152931563289,2469000,1
152.934,10,152931563289,2469000,1
152.936,2,152934030289,2469000,1
152.936,8,152934030289,2469000,1
152.939,7,152936497289,2496006,0
152.942,17,152939029295,2496006,0
152.944,16,152941552301,2469000,1
152.944,2,152941552301,2469000,1
152.949,22,152946542307,2496006,0
152.952,9,152949074313,2496006,0
152.954,19,152951615319,2469000,1
152.954,4,152951615319,2469000,1
152.954,10,152951615319,2469000,1
152.957,9,152954091319,2469000,1
152.957,23,152954091319,2469000,1
152.959,14,152956558319,2496006,0
152.962,13,152959394325,2496006,0
152.964,22,152961926331,2469000,1
152.964,11,152961926331,2469000,1
152.964,7,152961926331,2469000,1
152.964,10,152961926331,2469000,1
152.967,17,152964402331,2496006,0
152.969,19,152966943337,2496006,0
152.972,2,152969502343,2496006,0
152.975,13,152972034349,2469000,1
152.975,7,152972034349,2469000,1
152.975,2,152972034349,2469000,1
152.977,14,152974501349,2496006,0
152.98,19,152977033355,2496006,0
152.982,8,152979556361,2496006,0
152.985,9,152982079367,2469000,1
152.985,17,152982079367,2469000,1
152.987,8,152984546367,2469000,1
152.99,13,152987013367,2496006,0
152.992,10,152989545373,2496006,0
152.995,21,152992095379,2469000,1
152.995,4,152992095379,2469000,1
152.997,19,152994571379,2469000,1
152.997,14,152994571379,2469000,1
152.997,9,152994571379,2469000,1
152.997,8,152994571379,2469000,1
153,5,152997038379,2469000,1
153,22,152997038379,2469000,1
153.002,7,152999523379,2496006,0
153.005,6,153002055385,2469000,1
153.005,10,153002055385,2469000,1
153.007,2,153004522385,2469000,1
153.007,13,153004522385,2469000,1
153.009,11,153006998385,2469000,1
153.009,19,153006998385,2469000,1
153.012,8,153009474385,2496006,0
153.014,14,153011997391,2496006,0
153.017,9,153014529397,2469000,1
153.017,22,153014529397,2469000,1
153.019,8,153017014397,2469000,1
153.019,7,153017014397,2469000,1
153.022,4,153019481397,2469000,1
153.022,7,153019483397,2469000,1
153.024,17,153021950397,2496006,0
153.027,10,153024491403,2469000,1
153.029,22,153026958403,2496006,0
153.032,20,153029481409,2496006,0
153.035,14,153032326415,2496006,0
153.037,14,153034849421,2496006,0
153.04,15,153037372427,2496006,0
153.042,20,153039904433,2469000,1
153.042,8,153039904433,2469000,1
153.042,15,153039904433,2469000,1
153.045,14,153042371433,2496006,0
153.047,12,153044903439,2469000,1
153.047,17,153044903439,2469000,1
153.05,8,153047370439,2496006,0
153.052,13,153049893445,2469000,1
153.052,11,153049893445,2469000,1
153.055,11,153052362445,2496006,0
153.057,19,153054885451,2496006,0
153.06,14,153057408457,2496006,0
153.063,8,153060244463,2469000,1
153.063,22,153060244463,2469000,1
153.063,17,153060244463,2469000,1
153.065,15,153062738463,2496006,0
153.068,14,153065261469,2496006,0
153.07,11,153067784475,2496006,0
153.073,17,153070307481,2496006,0
153.075,20,153072830487,2469000,1
153.075,12,153072830487,2469000,1
153.078,2,153075306487,2469000,1
153.078,10,153075306487,2469000,1
153.08,19,153077773487,2496006,0
153.083,19,153080305493,2496006,0
153.088,14,153085351505,2469000,1
153.088,7,153085351505,2469000,1
153.09,17,153087818505,2496006,0
153.093,11,153090341511,2496006,0
153.095,15,153092864517,2496006,0
153.098,15,153095387523,2496006,0
153.1,12,153097910529,2496006,0
153.103,13,153100433535,2496006,0
153.105,19,153102965541,2496006,0
153.108,20,153105488547,2469000,1
153.108,12,153105488547,2469000,1
153.11,17,153107955547,2469000,1
153.11,12,153107957547,2469000,1
153.113,15,153110424547,2496006,0
153.115,8,153112947553,2496006,0
153.118,19,153115470559,2496006,0
153.12,15,153117993565,2496006,0
153.123,22,153120516571,2496006,0
153.126,8,153123057577,2469000,1
153.126,11,153123057577,2469000,1
153.128,13,153125524577,2496006,0
153.131,15,153128056583,2496006,0
153.133,8,153130579589,2496006,0
153.136,19,153133433595,2496006,0
153.138,17,153135956601,2496006,0
153.141,17,153138497607,2496006,0
153.143,13,153141020613,2469000,1
153.143,22,153141020613,2469000,1
153.146,14,153143496613,2496006,0
153.149,8,153146019619,2496006,0
153.151,11,153148542625,2496006,0
153.154,15,153151065631,2496006,0
153.156,14,153153615637,2496006,0
153.159,11,153156138643,2496006,0
153.161,19,153158661649,2469000,1
153.164,18,153161128649,2469000,1
153.164,19,153161130649,2469000,1
153.166,17,153163910655,2496006,0
153.169,14,153166442661,2496006,0
153.171,8,153168965667,2469000,1
153.171,17,153168965667,2469000,1
153.174,11,153171432667,2469000,1
153.174,13,153171432667,2469000,1
153.174,22,153171432667,2469000,1
153.176,14,153173899667,2496006,0
153.179,15,153176431673,2496006,0
153.181,14,153178972679,2496006,0
153.184,11,153181504685,2496006,0
153.187,14,153184045691,2496006,0
153.189,11,153186577697,2469000,1
153.189,15,153186577697,2469000,1
153.189,9,153186577697,2469000,1
153.192,10,153189062697,2496006,0
153.194,12,153191639703,2496006,0
153.197,12,153194162709,2496006,0
153.199,14,153196685715,2496006,0
153.202,12,153199208721,2496006,0
153.204,10,153201740727,2496006,0
153.207,8,153204263733,2469000,1
153.207,17,153204263733,2469000,1
153.209,15,153206739733,2496006,0
153.212,14,153209262739,2496006,0
153.214,12,153211785745,2496006,0
153.217,14,153214326751,2496006,0
153.219,19,153216849757,2469000,1
153.219,10,153216849757,2469000,1
153.222,15,153219316757,2496006,0
153.224,20,153221839763,2469000,1
153.224,14,153221839763,2469000,1
153.227,11,153224306763,2469000,1
153.227,15,153224306763,2469000,1
153.229,14,153226800763,2496006,0
153.234,22,153231864775,2496006,0
153.237,12,153234387781,2496006,0
153.24,10,153237250787,2496006,0
153.242,12,153239773793,2496006,0
153.245,10,153242305799,2496006,0
153.247,14,153244828805,2469000,1
153.247,11,153244828805,2469000,1
153.25,13,153247313805,2496006,0
153.252,2,153249836811,2496006,0
153.255,15,153252359817,2496006,0
153.257,22,153254882823,2496006,0
153.26,2,153257405829,2469000,1
153.26,15,153257405829,2469000,1
153.262,12,153259890829,2496006,0
153.265,15,153262413835,2496006,0
153.268,5,153265249841,2469000,1
153.268,7,153265249841,2469000,1
153.27,13,153267716841,2469000,1
153.27,10,153267716841,2469000,1
153.273,1,153270183841,2469000,1
153.273,5,153270183841,2469000,1
153.275,12,153272650841,2469000,1
153.275,22,153272650841,2469000,1
153.275,15,153272650841,2469000,1
153.278,14,153275117841,2496006,0
153.28,2,153277658847,2496006,0
153.283,14,153280181853,2496006,0
153.285,2,153282722859,2496006,0
153.288,8,153285245865,2469000,1
153.288,22,153285245865,2469000,1
153.29,12,153287712865,2496006,0
153.293,12,153290235871,2496006,0
153.295,12,153292785877,2496006,0
153.298,13,153295317883,2496006,0
153.3,17,153297840889,2469000,1
153.3,2,153297840889,2469000,1
153.3,12,153297840889,2469000,1
153.303,14,153300325889,2496006,0
153.308,11,153305398901,2469000,1
153.308,2,153305398901,2469000,1
153.31,22,153307865901,2469000,1
153.31,12,153307865901,2469000,1
153.313,19,153310350901,2469000,1
153.313,10,153310350901,2469000,1
153.315,15,153312817901,2496006,0
153.318,13,153315340907,2496006,0
153.32,20,153317872913,2496006,0
153.323,14,153320395919,2496006,0
153.325,13,153322936925,2469000,1
153.325,14,153322936925,2469000,1
153.328,20,153325412925,2496006,0
153.33,4,153327962931,2496006,0
153.333,15,153330494937,2496006,0
153.336,15,153333026943,2496006,0
153.338,20,153335567949,2469000,1
153.338,10,153335567949,2469000,1
153.341,22,153338347955,2496006,0
153.343,14,153340870961,2469000,1
153.343,20,153340870961,2469000,1
153.346,1,153343337961,2496006,0
153.348,15,153345869967,2469000,1
153.348,1,153345869967,2469000,1
153.351,4,153348345967,2496006,0
153.353,1,153350868973,2469000,1
153.353,4,153350868973,2469000,1
153.356,9,153353353973,2469000,1
153.356,22,153353353973,2469000,1
153.358,13,153355820973,2496006,0
153.361,13,153358343979,2496006,0
153.363,1,153360884985,2469000,1
153.363,13,153360884985,2469000,1
153.366,15,153363378985,2496006,0
153.368,2,153365919991,2469000,1
153.371,12,153368699997,2496006,0
153.374,10,153371250003,2496006,0
153.376,4,153373800009,2496006,0
153.379,22,153376323015,2496006,0
153.381,15,153378855021,2496006,0
153.384,12,153381396027,2496006,0
153.386,4,153383928033,2496006,0
153.389,15,153386460039,2469000,1
153.389,22,153386460039,2469000,1
153.389,14,153386460039,2469000,1
153.391,6,153388927039,2496006,0
153.394,10,153391450045,2496006,0
153.396,12,153393982051,2469000,1
153.396,13,153393982051,2469000,1
153.396,15,153393982051,2469000,1
153.396,10,153393982051,2469000,1
153.399,12,153396476051,2496006,0
153.401,20,153398999057,2496006,0
153.404,4,153401531063,2496006,0
153.407,6,153404054069,2496006,0
153.409,20,153406586075,2496006,0
153.412,22,153409109081,2496006,0
153.414,4,153411641087,2496006,0
153.417,13,153414173093,2496006,0
153.419,13,153416696099,2496006,0
153.422,8,153419219105,2469000,1
153.422,4,153419219105,2469000,1
153.424,12,153421686105,2496006,0
153.427,17,153424227111,2469000,1
153.427,10,153424227111,2469000,1
153.429,6,153426694111,2469000,1
153.432,20,153429161111,2496006,0
153.434,10,153431684117,2496006,0
153.437,6,153434207123,2496006,0
153.439,22,153436739129,2496006,0
153.442,20,153439262135,2469000,1
153.442,13,153439262135,2469000,1
153.445,14,153442042141,2496006,0
153.447,22,153444574147,2496006,0
153.45,12,153447097153,2496006,0
153.452,6,153449620159,2496006,0
153.455,14,153452143165,2496006,0
153.457,14,153454702171,2469000,1
153.457,23,153454702171,2469000,1
153.457,2,153454702171,2469000,1
153.46,10,153457169171,2469000,1
153.46,13,153457169171,2469000,1
153.462,4,153459636171,2496006,0
153.465,22,153462186177,2496006,0
153.467,4,153464709183,2469000,1
153.467,12,153464709183,2469000,1
153.47,6,153467176183,2496006,0
153.473,20,153470012189,2496006,0
153.475,3,153472562195,2496006,0
153.478,10,153475094201,2496006,0
153.48,20,153477617207,2469000,1
153.48,3,153477617207,2469000,1
153.483,22,153480102207,2469000,1
153.483,4,153480102207,2469000,1
153.485,15,153482578207,2469000,1
153.485,12,153482578207,2469000,1
153.488,6,153485045207,2496006,0
153.49,10,153487577213,2496006,0
153.493,2,153490100219,2496006,0
153.498,3,153495146231,2496006,0
153.5,14,153497696237,2496006,0
153.503,10,153500228243,2496006,0
153.505,6,153502751249,2496006,0
153.508,2,153505274255,2496006,0
153.51,10,153507797261,2496006,0
153.513,14,153510347267,2496006,0
153.515,10,153512879273,2469000,1
153.515,3,153512879273,2469000,1
153.515,20,153512879273,2469000,1
153.518,16,153515346273,2496006,0
153.52,16,153517878279,2496006,0
153.523,16,153520401285,2496006,0
153.525,13,153522924291,2496006,0
153.528,2,153525447297,2496006,0
153.53,1,153527979303,2469000,1
153.53,6,153527979303,2469000,1
153.533,22,153530446303,2496006,0
153.535,12,153532996309,2469000,1
153.535,14,153532996309,2469000,1
153.538,7,153535463309,2469000,1
153.538,4,153535463309,2469000,1
153.54,3,153537930309,2496006,0
153.543,14,153540453315,2496006,0
153.546,2,153543289321,2496006,0
153.548,14,153545812327,2496006,0
153.551,3,153548335333,2496006,0
153.553,16,153550858339,2469000,1
153.553,13,153550858339,2469000,1
153.553,22,153550858339,2469000,1
153.556,3,153553325339,2496006,0
153.558,6,153555866345,2469000,1
153.558,3,153555866345,2469000,1
153.561,16,153558342345,2496006,0
153.563,10,153560874351,2496006,0
153.566,13,153563397357,2496006,0
153.568,14,153565920363,2469000,1
153.568,3,153565920363,2469000,1
153.571,2,153568387363,2469000,1
153.571,6,153568387363,2469000,1
153.573,14,153570872363,2496006,0
153.576,11,153573735369,2469000,1
153.576,14,153573735369,2469000,1
153.579,16,153576202369,2469000,1
153.579,14,153576204369,2469000,1
153.581,10,153578671369,2469000,1
153.581,13,153578671369,2469000,1
153.584,15,153581147369,2469000,1
153.584,20,153581147369,2469000,1
153.586,13,153583677369,2496006,0
153.589,22,153586209375,2496006,0
153.591,2,153588777381,2469000,1
153.591,16,153588777381,2469000,1
153.594,10,153591262381,2496006,0
153.596,13,153593812387,2496006,0
153.599,22,153596335393,2496006,0
153.601,14,153598858399,2496006,0
153.604,4,153601381405,2496006,0
153.606,16,153603940411,2496006,0
153.609,14,153606472417,2469000,1
153.609,10,153606472417,2469000,1
153.611,19,153608939417,2496006,0
153.614,22,153611471423,2469000,1
153.614,12,153611471423,2469000,1
153.616,3,153613938423,2469000,1
153.616,13,153613938423,2469000,1
153.619,4,153616405423,2469000,1
153.619,3,153616407423,2469000,1
153.621,19,153618874423,2469000,1
153.624,19,153621368423,2496006,0
153.626,16,153623891429,2469000,1
153.626,13,153623891429,2469000,1
153.629,10,153626367429,2469000,1
153.629,19,153626367429,2469000,1
153.631,14,153628843429,2496006,0
153.634,13,153631384435,2496006,0
153.636,22,153633916441,2496006,0
153.639,16,153636439447,2496006,0
153.641,21,153638962453,2469000,1
153.641,8,153638962453,2469000,1
153.644,14,153641483453,2496006,0
153.647,16,153644006459,2496006,0
153.649,22,153646842465,2496006,0
153.652,4,153649365471,2496006,0
153.654,13,153651888477,2496006,0
153.657,4,153654420483,2496006,0
153.659,19,153656961489,2496006,0
153.662,22,153659484495,2469000,1
153.662,14,153659484495,2469000,1
153.662,16,153659484495,2469000,1
153.664,2,153661951495,2496006,0
153.667,19,153664483501,2496006,0
153.67,14,153667006507,2496006,0
153.675,1,153672061519,2496006,0
153.677,19,153674906525,2469000,1
153.677,13,153674906525,2469000,1
153.68,22,153677382525,2496006,0
153.682,4,153679905531,2496006,0
153.685,14,153682437537,2496006,0
153.687,22,153684969543,2469000,1
153.687,2,153684969543,2469000,1
153.687,4,153684969543,2469000,1
153.69,1,153687454543,2496006,0
153.693,18,153690004549,2496006,0
153.695,20,153692527555,2496006,0
153.698,1,153695059561,2496006,0
153.7,18,153697582567,2496006,0
153.703,10,153700105573,2469000,1
153.703,4,153700105573,2469000,1
153.705,6,153702572573,2469000,1
153.705,16,153702572573,2469000,1
153.705,14,153702572573,2469000,1
153.708,4,153705057573,2496006,0
153.71,18,153707589579,2496006,0
153.713,4,153710112585,2496006,0
153.715,20,153712653591,2496006,0
153.718,13,153715176597,2496006,0
153.72,18,153717708603,2469000,1
153.72,19,153717708603,2469000,1
153.723,1,153720175603,2496006,0
153.728,2,153725221615,2496006,0
153.73,22,153727753621,2496006,0
153.733,18,153730276627,2496006,0
153.735,4,153732799633,2496006,0
153.738,20,153735322639,2469000,1
153.738,13,153735322639,2469000,1
153.74,1,153737789639,2496006,0
153.743,22,153740312645,2469000,1
153.743,10,153740312645,2469000,1
153.745,17,153742788645,2496006,0
153.748,4,153745311651,2496006,0
153.751,13,153748147657,2496006,0
153.753,22,153750670663,2496006,0
153.756,14,153753193669,2496006,0
153.758,2,153755716675,2496006,0
153.761,14,153758248681,2496006,0
153.763,2,153760771687,2496006,0
153.766,22,153763294693,2496006,0
153.768,18,153765817699,2496006,0
153.771,19,153768340705,2469000,1
153.771,1,153768340705,2469000,1
153.773,4,153770816705,2496006,0
153.776,22,153773339711,2469000,1
153.776,1,153773339711,2469000,1
153.778,18,153775806711,2469000,1
153.778,13,153775806711,2469000,1
153.781,3,153778586717,2469000,1
153.781,17,153778586717,2469000,1
153.784,14,153781062717,2469000,1
153.784,20,153781062717,2469000,1
153.786,12,153783538717,2496006,0
153.789,4,153786061723,2496006,0
153.791,4,153788584729,2496006,0
153.794,2,153791107735,2496006,0
153.796,20,153793630741,2496006,0
153.799,13,153796153747,2496006,0
153.801,18,153798676753,2469000,1
153.801,13,153798676753,2469000,1
153.804,2,153801143753,2496006,0
153.806,20,153803675759,2469000,1
153.806,4,153803675759,2469000,1
153.809,1,153806142759,2496006,0
153.811,10,153808665765,2469000,1
153.811,20,153808665765,2469000,1
153.814,2,153811132765,2496006,0
153.816,12,153813655771,2496006,0
153.819,12,153816205777,2496006,0
153.821,2,153818746783,2469000,1
153.821,16,153818746783,2469000,1
153.824,14,153821213783,2496006,0
153.826,1,153823736789,2496006,0
153.829,22,153826259795,2469000,1
153.829,17,153826259795,2469000,1
153.831,17,153828728795,2496006,0
153.834,17,153831260801,2496006,0
153.836,13,153833783807,2496006,0
153.839,14,153836315813,2469000,1
153.839,12,153836315813,2469000,1
153.839,17,153836315813,2469000,1
153.841,4,153838782813,2496006,0
153.844,1,153841305819,2496006,0
153.846,2,153843828825,2496006,0
153.849,2,153846369831,2496006,0
153.851,20,153848892837,2496006,0
153.854,19,153851728843,2496006,0
153.857,18,153854251849,2496006,0
153.859,20,153856774855,2496006,0
153.862,13,153859297861,2469000,1
153.862,18,153859297861,2469000,1
153.864,4,153861764861,2469000,1
153.864,15,153861764861,2469000,1
153.867,1,153864240861,2496006,0
153.869,20,153866781867,2469000,1
153.869,2,153866781867,2469000,1
153.869,12,153866781867,2469000,1
153.872,4,153869257867,2496006,0
153.874,13,153871780873,2496006,0
153.877,7,153874312879,2496006,0
153.879,19,153876844885,2496006,0
153.882,14,153879689891,2496006,0
153.885,7,153882212897,2469000,1
153.885,3,153882212897,2469000,1
153.887,4,153884679897,2496006,0
153.89,17,153887202903,2496006,0
153.892,1,153889725909,2496006,0
153.895,22,153892248915,2496006,0
153.897,13,153894771921,2496006,0
153.9,14,153897294927,2496006,0
153.902,4,153899826933,2469000,1
153.905,18,153902293933,2496006,0
153.907,1,153904825939,2469000,1
153.907,2,153904825939,2469000,1
153.907,4,153904825939,2469000,1
153.91,20,153907292939,2496006,0
153.912,13,153909815945,2469000,1
153.912,22,153909815945,2469000,1
153.912,19,153909815945,2469000,1
153.915,22,153912284945,2496006,0
153.917,14,153914816951,2496006,0
153.92,20,153917339957,2469000,1
153.92,17,153917339957,2469000,1
153.922,22,153919815957,2469000,1
153.922,18,153919815957,2469000,1
153.925,12,153922282957,2469000,1
153.925,14,153922282957,2469000,1
153.927,19,153924776957,2496006,0
153.93,2,153927299963,2496006,0
153.932,7,153929831969,2496006,0
153.935,2,153932363975,2496006,0
153.937,18,153934886981,2496006,0
153.94,14,153937436987,2496006,0
153.942,1,153939959993,2469000,1
153.942,4,153939959993,2469000,1
153.945,19,153942426993,2496006,0
153.947,2,153944958999,2469000,1
153.947,13,153944958999,2469000,1
153.95,7,153947425999,2496006,0
153.952,20,153949949005,2496006,0
153.955,14,153952803011,2496006,0
153.958,10,153955326017,2469000,1
153.958,22,153955326017,2469000,1
153.96,18,153957793017,2469000,1
153.96,17,153957793017,2469000,1
153.963,14,153960296017,2469000,1
153.963,19,153960296017,2469000,1
153.965,20,153962763017,2469000,1
153.965,18,153962763017,2469000,1
153.968,2,153965230017,2496006,0
153.97,7,153967762023,2496006,0
153.973,15,153970312029,2469000,1
153.973,14,153970312029,2469000,1
153.975,1,153972806029,2496006,0
153.978,19,153975329035,2496006,0
153.98,16,153977852041,2496006,0
153.983,2,153980375047,2469000,1
153.983,22,153980375047,2469000,1
153.983,7,153980375047,2469000,1
153.983,16,153980375047,2469000,1
153.986,19,153983164053,2496006,0
153.988,6,153985687059,2496006,0
153.991,11,153988210065,2469000,1
153.991,17,153988210065,2469000,1
153.996,1,153993218071,2496006,0
153.998,20,153995759077,2496006,0
154.001,6,153998309083,2496006,0
154.003,1,154000832089,2496006,0
154.006,19,154003355095,2496006,0
154.008,20,154005878101,2469000,1
154.008,5,154005878101,2469000,1
154.008,1,154005878101,2469000,1
154.011,16,154008354101,2496006,0
154.013,6,154010877107,2496006,0
154.016,13,154013400113,2496006,0
154.018,2,154015923119,2496006,0
154.021,16,154018473125,2496006,0
154.023,13,154020996131,2496006,0
154.026,19,154023519137,2496006,0
154.029,18,154026042143,2469000,1
154.029,20,154026042143,2469000,1
154.029,13,154026042143,2469000,1
154.031,7,154028509143,2496006,0
154.034,19,154031032149,2496006,0
154.036,2,154033555155,2469000,1
154.036,7,154033555155,2469000,1
154.038,6,154036022155,2469000,1
154.038,13,154036022155,2469000,1
154.041,16,154038507155,2496006,0
154.044,7,154041030161,2496006,0
154.046,6,154043589167,2496006,0
154.049,1,154046112173,2469000,1
154.049,19,154046112173,2469000,1
154.051,7,154048579173,2496006,0
154.054,16,154051102179,2469000,1
154.054,6,154051102179,2469000,1
154.056,14,154053596179,2496006,0
154.059,2,154056441185,2496006,0
154.061,7,154058964191,2496006,0
154.064,16,154061487197,2496006,0
154.067,7,154064037203,2496006,0
154.069,14,154066560209,2496006,0
154.072,1,154069137215,2496006,0
154.074,2,154071660221,2469000,1
154.074,1,154071660221,2469000,1
154.079,14,154076650227,2496006,0
154.082,16,154079173233,2496006,0
154.084,6,154081723239,2469000,1
154.084,7,154081723239,2469000,1
154.087,19,154084512245,2496006,0
154.09,12,154087035251,2496006,0
154.092,14,154089558257,2469000,1
154.092,13,154089558257,2469000,1
154.095,14,154092027257,2496006,0
154.097,6,154094559263,2496006,0
154.1,16,154097082269,2496006,0
154.102,20,154099614275,2496006,0
154.105,2,154102137281,2496006,0
154.107,14,154104660287,2469000,1
154.107,4,154104660287,2469000,1
154.11,12,154107136287,2496006,0
154.112,18,154109668293,2496006,0
154.115,19,154112200299,2496006,0
154.117,20,154114723305,2496006,0
154.12,18,154117255311,2469000,1
154.12,1,154117255311,2469000,1
154.122,6,154119722311,2469000,1
154.122,16,154119722311,2469000,1
154.122,2,154119722311,2469000,1
154.125,12,154122198311,2469000,1
154.125,22,154122198311,2469000,1
154.125,5,154122198311,2469000,1
154.127,7,154124665311,2496006,0
154.13,19,154127197317,2469000,1
154.13,7,154127197317,2469000,1
154.132,5,154129664317,2469000,1
154.132,19,154129666317,2469000,1
154.135,14,154132133317,2496006,0
154.137,1,154134683323,2496006,0
154.14,20,154137206329,2496006,0
154.142,6,154139729335,2496006,0
154.145,14,154142261341,2496006,0
154.147,17,154144784347,2496006,0
154.15,16,154147307353,2469000,1
154.15,17,154147307353,2469000,1
154.152,6,154149801353,2469000,1
154.152,1,154149801353,2469000,1
154.152,12,154149801353,2469000,1
154.155,2,154152277353,2469000,1
154.155,6,154152277353,2469000,1
154.157,7,154154744353,2496006,0
154.16,18,154157580359,2496006,0
154.163,18,154160103365,2496006,0
154.165,20,154162635371,2496006,0
154.168,5,154165158377,2469000,1
154.168,20,154165158377,2469000,1
154.17,14,154167625377,2469000,1
154.17,12,154167625377,2469000,1
154.173,7,154170128377,2496006,0
154.175,1,154172660383,2469000,1
154.175,5,154172660383,2469000,1
154.178,18,154175136383,2496006,0
154.18,7,154177695389,2496006,0
154.183,17,154180245395,2496006,0
154.185,7,154182768401,2496006,0
154.188,18,154185300407,2469000,1
154.188,20,154185300407,2469000,1
154.191,17,154188080413,2496006,0
154.193,14,154190612419,2496006,0
154.196,7,154193171425,2496006,0
154.198,17,154195703431,2469000,1
154.198,6,154195703431,2469000,1
154.201,19,154198170431,2496006,0
154.203,19,154200693437,2496006,0
154.206,16,154203216443,2496006,0
154.208,7,154205766449,2469000,1
154.208,16,154205766449,2469000,1
154.211,14,154208233449,2496006,0
154.213,7,154210756455,2496006,0
154.216,2,154213288461,2496006,0
154.218,19,154215829467,2496006,0
154.221,14,154218370473,2496006,0
154.223,19,154220920479,2469000,1
154.223,7,154220920479,2469000,1
154.226,18,154223387479,2469000,1
154.226,16,154223387479,2469000,1
154.228,1,154225854479,2496006,0
154.231,2,154228395485,2496006,0
154.233,14,154230927491,2496006,0
154.236,17,154233450497,2469000,1
154.238,13,154235935497,2496006,0
154.241,20,154238458503,2496006,0
154.243,4,154240999509,2496006,0
154.246,14,154243522515,2496006,0
154.249,7,154246045521,2469000,1
154.249,1,154246045521,2469000,1
154.251,2,154248512521,2496006,0
154.254,21,154251035527,2469000,1
154.254,2,154251035527,2469000,1
154.256,16,154253502527,2496006,0
154.258,12,154256025533,2469000,1
154.258,2,154256025533,2469000,1
154.261,14,154258492533,2469000,1
154.261,19,154258492533,2469000,1
154.264,4,154261290539,2496006,0
154.266,20,154263813545,2469000,1
154.266,13,154263813545,2469000,1
154.269,18,154266280545,2496006,0
154.271,14,154268803551,2496006,0
154.274,17,154271344557,2496006,0
154.276,21,154273867563,2469000,1
154.276,20,154273867563,2469000,1
154.279,16,154276334563,2496006,0
154.281,14,154278866569,2469000,1
154.281,17,154278866569,2469000,1
154.284,9,154281342569,2496006,0
154.286,16,154283892575,2469000,1
154.286,4,154283892575,2469000,1
154.286,18,154283892575,2469000,1
154.289,9,154286368575,2469000,1
154.289,1,154286368575,2469000,1
154.292,9,154289157581,2496006,0
154.294,4,154291689587,2496006,0
154.297,14,154294212593,2496006,0
154.299,9,154296735599,2496006,0
154.302,21,154299276605,2496006,0
154.304,13,154301817611,2469000,1
154.304,16,154301817611,2469000,1
154.307,14,154304284611,2469000,1
154.307,2,154304284611,2469000,1
154.309,5,154306760611,2469000,1
154.309,17,154306760611,2469000,1
154.312,9,154309227611,2469000,1
154.312,4,154309227611,2469000,1
154.312,16,154309227611,2469000,1
154.314,6,154311694611,2496006,0
154.317,6,154314226617,2496006,0
154.322,20,154319281629,2469000,1
154.322,1,154319281629,2469000,1
154.324,21,154321748629,2496006,0
154.327,19,154324298635,2469000,1
154.327,4,154324298635,2469000,1
154.329,18,154326765635,2496006,0
154.332,9,154329288641,2496006,0
154.334,7,154331820647,2496006,0
154.337,21,154334361653,2496006,0
154.339,9,154336884659,2469000,1
154.339,6,154336884659,2469000,1
154.342,14,154339360659,2469000,1
154.342,9,154339360659,2469000,1
154.344,6,154341845659,2496006,0
154.347,23,154344368665,2469000,1
154.347,18,154344368665,2469000,1
154.349,21,154346844665,2496006,0
154.352,13,154349394671,2469000,1
154.352,7,154349394671,2469000,1
154.352,21,154349394671,2469000,1
154.354,9,154351861671,2469000,1
154.354,23,154351861671,2469000,1
154.357,18,154354337671,2496006,0
154.359,6,154356896677,2496006,0
154.362,8,154359419683,2496006,0
154.365,7,154362255689,2469000,1
154.365,23,154362255689,2469000,1
154.367,20,154364740689,2496006,0
154.37,20,154367263695,2496006,0
154.372,17,154369786701,2496006,0
154.375,8,154372309707,2469000,1
154.375,9,154372309707,2469000,1
154.377,6,154374776707,2496006,0
154.38,18,154377308713,2469000,1
154.38,17,154377308713,2469000,1
154.382,20,154379793713,2469000,1
154.385,21,154382278713,2496006,0
154.387,7,154384828719,2469000,1
154.387,18,154384828719,2469000,1
154.387,20,154384828719,2469000,1
154.39,6,154387322719,2496006,0
154.392,4,154389854725,2496006,0
154.395,8,154392690731,2496006,0
154.398,6,154395213737,2496006,0
154.4,14,154397736743,2469000,1
154.4,21,154397736743,2469000,1
154.403,8,154400212743,2496006,0
154.405,12,154402762749,2469000,1
154.405,4,154402762749,2469000,1
154.408,18,154405229749,2469000,1
154.408,6,154405229749,2469000,1
154.41,17,154407714749,2496006,0
154.413,16,154410237755,2469000,1
154.413,20,154410237755,2469000,1
154.415,4,154412722755,2496006,0
154.418,7,154415245761,2496006,0
154.42,17,154417768767,2496006,0
154.423,8,154420300773,2469000,1
154.423,17,154420300773,2469000,1
154.425,19,154422767773,2496006,0
154.428,21,154425290779,2496006,0
154.43,23,154427840785,2496006,0
154.433,21,154430363791,2469000,1
154.433,19,154430363791,2469000,1
154.435,14,154432848791,2496006,0
154.438,2,154435371797,2469000,1
154.438,8,154435371797,2469000,1
154.44,6,154437838797,2469000,1
154.44,4,154437838797,2469000,1
154.443,23,154440305797,2469000,1
154.443,7,154440305797,2469000,1
154.445,19,154442781797,2496006,0
154.448,5,154445313803,2496006,0
154.45,5,154447845809,2496006,0
154.453,6,154450368815,2496006,0
154.455,14,154452891821,2496006,0
154.458,1,154455423827,2496006,0
154.46,19,154457946833,2496006,0
154.463,19,154460478839,2496006,0
154.465,22,154463010845,2469000,1
154.465,23,154463010845,2469000,1
154.468,7,154465790851,2496006,0
154.471,19,154468322857,2469000,1
154.471,14,154468322857,2469000,1
154.473,6,154470789857,2469000,1
154.473,17,154470789857,2469000,1
154.476,21,154473256857,2496006,0
154.478,1,154475779863,2469000,1
154.478,5,154475779863,2469000,1
154.481,4,154478273863,2469000,1
154.481,5,154478273863,2469000,1
154.483,8,154480749863,2496006,0
154.486,4,154483272869,2469000,1
154.486,8,154483272869,2469000,1
154.488,7,154485739869,2469000,1
154.488,21,154485739869,2469000,1
154.491,1,154488233869,2496006,0
154.493,6,154490765875,2496006,0
154.499,6,154496142887,2496006,0
154.501,6,154498674893,2496006,0
154.504,6,154501224899,2496006,0
154.506,1,154503747905,2496006,0
154.509,18,154506270911,2469000,1
154.509,14,154506270911,2469000,1
154.511,19,154508737911,2496006,0
154.514,6,154511260917,2496006,0
154.516,8,154513783923,2469000,1
154.516,21,154513783923,2469000,1
154.519,16,154516259923,2496006,0
154.521,1,154518782929,2496006,0
154.524,7,154521305935,2496006,0
154.526,13,154523855941,2496006,0
154.529,7,154526378947,2496006,0
154.531,1,154528919953,2469000,1
154.531,11,154528919953,2469000,1
154.531,19,154528919953,2469000,1
154.534,16,154531386953,2469000,1
154.534,6,154531386953,2469000,1
154.536,21,154533871953,2496006,0
154.539,16,154536403959,2469000,1
154.539,21,154536403959,2469000,1
154.541,23,154538870959,2469000,1
154.541,8,154538870959,2469000,1
154.541,7,154538870959,2469000,1
154.544,17,154541364959,2469000,1
154.544,13,154541364959,2469000,1
154.546,21,154543858959,2496006,0
154.549,14,154546390965,2469000,1
154.549,1,154546390965,2469000,1
154.554,5,154551407971,2496006,0
154.556,19,154553930977,2469000,1
154.556,13,154553930977,2469000,1
154.556,5,154553930977,2469000,1
154.559,21,154556397977,2496006,0
154.561,13,154558929983,2496006,0
154.564,4,154561479989,2496006,0
154.566,6,154564002995,2496006,0
154.569,6,154566839001,2496006,0
154.572,5,154569389007,2469000,1
154.572,6,154569389007,2469000,1
154.574,13,154571856007,2469000,1
154.574,21,154571856007,2469000,1
154.577,7,154574323007,2496006,0
154.579,10,154576855013,2496006,0
154.582,16,154579378019,2496006,0
154.584,20,154581901025,2469000,1
154.584,5,154581901025,2469000,1
154.587,4,154584386025,2496006,0
154.589,16,154586909031,2496006,0
154.592,13,154589450037,2496006,0
154.594,1,154591973043,2496006,0
154.597,4,154594505049,2469000,1
154.597,6,154594505049,2469000,1
154.597,7,154594505049,2469000,1
154.6,10,154597294055,2496006,0
154.602,1,154599826061,2469000,1
154.602,7,154599826061,2469000,1
154.605,13,154602302061,2469000,1
154.607,16,154604769061,2469000,1
154.607,12,154604769061,2469000,1
154.61,21,154607236061,2496006,0
154.612,10,154609786067,2496006,0
154.615,22,154612309073,2469000,1
154.615,19,154612309073,2469000,1
154.617,8,154614776073,2496006,0
154.62,20,154617299079,2469000,1
154.62,4,154617299079,2469000,1
154.62,16,154617299079,2469000,1
154.622,17,154619766079,2496006,0
154.625,21,154622307085,2496006,0
154.627,17,154624839091,2496006,0
154.63,21,154627380097,2469000,1
154.63,10,154627380097,2469000,1
154.632,17,154629847097,2496006,0
154.635,8,154632397103,2496006,0
154.637,1,154634947109,2496006,0
154.64,8,154637470115,2496006,0
154.642,13,154640002121,2496006,0
154.645,17,154642552127,2496006,0
154.648,21,154645075133,2496006,0
154.65,8,154647607139,2469000,1
154.65,9,154647607139,2469000,1
154.65,6,154647607139,2469000,1
154.65,21,154647607139,2469000,1
154.653,8,154650076139,2496006,0
154.658,1,154655131151,2496006,0
154.66,17,154657663157,2496006,0
154.663,13,154660204163,2496006,0
154.665,17,154662727169,2496006,0
154.668,1,154665259175,2469000,1
154.668,16,154665259175,2469000,1
154.67,10,154667726175,2496006,0
154.673,21,154670562181,2469000,1
154.673,17,154670562181,2469000,1
154.676,13,154673038181,2496006,0
154.678,7,154675561187,2469000,1
154.678,8,154675561187,2469000,1
154.68,10,154678028187,2469000,1
154.68,4,154678028187,2469000,1
154.683,8,154680513187,2496006,0
154.686,14,154683045193,2469000,1
154.686,8,154683045193,2469000,1
154.688,23,154685530193,2496006,0
154.691,14,154688053199,2496006,0
154.693,13,154690585205,2496006,0
154.696,6,154693108211,2469000,1
154.696,23,154693108211,2469000,1
154.698,14,154695575211,2496006,0
154.701,7,154698411217,2496006,0
154.703,17,154700970223,2469000,1
154.703,13,154700970223,2469000,1
154.706,1,154703446223,2469000,1
154.708,2,154705913223,2469000,1
154.708,5,154705913223,2469000,1
154.708,23,154705913223,2469000,1
154.708,17,154705913223,2469000,1
154.711,7,154708380223,2469000,1
154.711,14,154708380223,2469000,1
154.713,8,154710856223,2469000,1
154.713,13,154710856223,2469000,1
154.716,19,154713323223,2496006,0
154.718,14,154715855229,2496006,0
154.721,7,154718378235,2496006,0
154.723,10,154720901241,2469000,1
154.723,7,154720901241,2469000,1
154.726,21,154723368241,2496006,0
154.728,9,154725918247,2496006,0
154.731,14,154728441253,2496006,0
154.733,23,154730991259,2469000,1
154.733,19,154730991259,2469000,1
154.736,21,154733458259,2496006,0
154.738,14,154735981265,2469000,1
154.738,7,154735981265,2469000,1
154.741,13,154738457265,2469000,1
154.741,21,154738457265,2469000,1
154.743,7,154740924265,2496006,0
154.746,9,154743465271,2496006,0
154.749,16,154746042277,2496006,0
154.751,7,154748565283,2496006,0
154.754,1,154751097289,2469000,1
154.756,14,154753564289,2496006,0
154.759,9,154756096295,2469000,1
154.759,21,154756096295,2469000,1
154.761,16,154758572295,2496006,0
154.764,1,154761095301,2496006,0
154.766,14,154763618307,2496006,0
154.769,7,154766150313,2469000,1
154.769,14,154766150313,2469000,1
154.771,4,154768617313,2469000,1
154.771,19,154768617313,2469000,1
154.774,14,154771406319,2496006,0
154.776,1,154773938325,2496006,0
154.779,16,154776497331,2496006,0
154.782,14,154779056337,2469000,1
154.782,10,154779056337,2469000,1
154.782,7,154779056337,2469000,1
154.784,1,154781523337,2496006,0
154.787,9,154784046343,2496006,0
154.789,16,154786596349,2469000,1
154.789,17,154786596349,2469000,1
154.792,8,154789063349,2496006,0
154.794,9,154791613355,2469000,1
154.794,14,154791613355,2469000,1
154.799,21,154796603361,2496006,0
154.802,1,154799126367,2469000,1
154.802,9,154799126367,2469000,1
154.804,8,154801924373,2469000,1
154.804,5,154801924373,2469000,1
154.807,21,154804427373,2496006,0
154.809,19,154806977379,2496006,0
154.812,23,154809527385,2469000,1
154.812,1,154809527385,2469000,1
154.812,8,154809527385,2469000,1
154.814,19,154811994385,2496006,0
154.817,21,154814535391,2496006,0
154.82,16,154817058397,2496006,0
154.822,8,154819581403,2469000,1
154.822,16,154819581403,2469000,1
154.825,18,154822048403,2496006,0
154.827,18,154824571409,2496006,0
154.83,19,154827139415,2496006,0
154.832,16,154829662421,2469000,1
154.835,21,154832138421,2496006,0
154.837,18,154834670427,2469000,1
154.837,9,154834670427,2469000,1
154.84,7,154837155427,2496006,0
154.842,7,154839687433,2496006,0
154.845,19,154842219439,2469000,1
154.845,18,154842219439,2469000,1
154.847,19,154844695439,2496006,0
154.85,21,154847227445,2496006,0
154.852,7,154849768451,2496006,0
154.855,21,154852300457,2496006,0
154.857,14,154854841463,2496006,0
154.86,7,154857364469,2469000,1
154.86,1,154857364469,2469000,1
154.86,21,154857364469,2469000,1
154.862,19,154859858469,2469000,1
154.865,14,154862334469,2496006,0
154.867,18,154864866475,2496006,0
154.87,7,154867389481,2496006,0
154.872,13,154869921487,2496006,0
154.875,7,154872453493,2496006,0
154.878,1,154875289499,2496006,0
154.88,7,154877830505,2496006,0
154.883,1,154880353511,2496006,0
154.885,7,154882876517,2496006,0
154.888,10,154885408523,2469000,1
154.888,14,154885408523,2469000,1
154.888,18,154885408523,2469000,1
154.89,9,154887893523,2496006,0
154.893,21,154890425529,2469000,1
154.893,13,154890425529,2469000,1
154.895,19,154892892529,2496006,0
154.898,16,154895415535,2496006,0
154.9,19,154897938541,2469000,1
154.903,9,154900405541,2496006,0
154.906,16,154903241547,2496006,0
154.908,1,154905764553,2469000,1
154.908,7,154905764553,2469000,1
154.911,14,154908231553,2496006,0
154.913,14,154910754559,2469000,1
154.918,16,154915753565,2496006,0
154.921,7,154918312571,2496006,0
154.923,15,154920835577,2469000,1
154.923,9,154920835577,2469000,1
154.926,1,154923302577,2496006,0
154.928,16,154925825583,2469000,1
154.928,1,154925825583,2469000,1
154.931,18,154928301583,2496006,0
154.933,8,154930860589,2469000,1
154.933,13,154930860589,2469000,1
154.936,7,154933327589,2496006,0
154.938,14,154935850595,2496006,0
154.941,17,154938409601,2469000,1
154.941,19,154938409601,2469000,1
154.943,14,154940876601,2469000,1
154.943,7,154940876601,2469000,1
154.946,6,154943343601,2496006,0
154.948,21,154945866607,2496006,0
154.951,18,154948389613,2496006,0
154.953,16,154950912619,2496006,0
154.956,7,154953435625,2496006,0
154.958,1,154955958631,2469000,1
154.961,21,154958434631,2469000,1
154.961,2,154958434631,2469000,1
154.963,7,154960901631,2496006,0
154.966,18,154963424637,2496006,0
154.968,14,154965956643,2496006,0
154.971,9,154968479649,2496006,0
154.973,16,154971011655,2469000,1
154.973,6,154971011655,2469000,1
154.976,14,154973496655,2496006,0
154.979,14,154976341661,2496006,0
154.981,1,154978864667,2496006,0
154.984,7,154981387673,2469000,1
154.984,9,154981387673,2469000,1
154.986,14,154983863673,2496006,0
154.989,18,154986386679,2469000,1
154.989,16,154986386679,2469000,1
154.991,1,154988853679,2496006,0
154.994,21,154991385685,2496006,0
154.996,7,154993917691,2496006,0
154.999,20,154996440697,2496006,0
155.001,1,154998972703,2496006,0
155.004,21,155001495709,2469000,1
155.004,7,155001495709,2469000,1
155.006,14,155003971709,2496006,0
155.009,1,155006807715,2496006,0
155.014,13,155011871727,2496006,0
155.017,20,155014394733,2469000,1
155.017,9,155014394733,2469000,1
155.019,1,155016861733,2496006,0
155.022,16,155019384739,2496006,0
155.024,13,155021907745,2496006,0
155.027,14,155024430751,2496006,0
155.029,6,155026953757,2469000,1
155.029,20,155026953757,2469000,1
155.029,14,155026953757,2469000,1
155.032,16,155029438757,2496006,0
155.034,7,155031970763,2496006,0
155.037,13,155034493769,2469000,1
155.037,1,155034493769,2469000,1
155.037,19,155034493769,2469000,1
155.037,14,155034493769,2469000,1
155.039,18,155036978769,2469000,1
155.039,7,155036978769,2469000,1
155.042,14,155039463769,2496006,0
155.044,14,155041986775,2496006,0
155.047,16,155044518781,2496006,0
155.05,21,155047059787,2496006,0
155.052,13,155049582793,2496006,0
155.055,7,155052114799,2496006,0
155.057,21,155054637805,2496006,0
155.06,7,155057169811,2496006,0
155.062,7,155059692817,2496006,0
155.065,13,155062215823,2469000,1
155.065,16,155062215823,2469000,1
155.065,4,155062215823,2469000,1
155.067,21,155064682823,2496006,0
155.07,14,155067205829,2496006,0
155.072,6,155069728835,2469000,1
155.072,13,155069728835,2469000,1
155.075,7,155072195835,2469000,1
155.075,16,155072195835,2469000,1
155.08,1,155077185841,2496006,0
155.083,21,155080021847,2496006,0
155.085,14,155082553853,2496006,0
155.088,7,155085076859,2469000,1
155.088,21,155085076859,2469000,1
155.09,12,155087552859,2496006,0
155.093,7,155090093865,2496006,0
155.095,12,155092625871,2496006,0
155.098,9,155095148877,2496006,0
155.1,1,155097680883,2496006,0
155.103,20,155100203889,2496006,0
155.105,12,155102726895,2469000,1
155.105,21,155102726895,2469000,1
155.108,14,155105193895,2496006,0
155.111,14,155108029901,2496006,0
155.113,7,155110561907,2496006,0
155.116,16,155113084913,2496006,0
155.118,21,155115607919,2496006,0
155.121,1,155118130925,2469000,1
155.121,20,155118130925,2469000,1
155.123,14,155120615925,2469000,1
155.123,9,155120615925,2469000,1
155.126,18,155123082925,2496006,0
155.128,16,155125614931,2496006,0
155.131,7,155128164937,2469000,1
155.131,21,155128164937,2469000,1
155.133,21,155130633937,2496006,0
155.136,18,155133183943,2496006,0
155.138,8,155135715949,2469000,1
155.138,18,155135715949,2469000,1
155.141,23,155138182949,2496006,0
155.143,21,155140714955,2496006,0
155.146,1,155143237961,2469000,1
155.146,20,155143237961,2469000,1
155.146,16,155143237961,2469000,1
155.151,14,155148227967,2496006,0
155.153,12,155150750973,2496006,0
155.156,19,155153273979,2496006,0
155.158,14,155155796985,2496006,0
155.161,18,155158337991,2496006,0
155.163,9,155160860997,2469000,1
155.163,20,155160860997,2469000,1
155.166,23,155163336997,2469000,1
155.166,21,155163336997,2469000,1
155.168,19,155165803997,2469000,1
155.168,18,155165803997,2469000,1
155.171,13,155168270997,2496006,0
155.173,12,155170794003,2469000,1
155.173,18,155170794003,2469000,1
155.176,19,155173270003,2496006,0
155.178,13,155175793009,2496006,0
155.181,7,155178316015,2469000,1
155.181,16,155178316015,2469000,1
155.181,19,155178316015,2469000,1
155.184,14,155181105021,2496006,0
155.186,23,155183664027,2496006,0
155.189,16,155186232033,2496006,0
155.191,13,155188764039,2469000,1
155.191,16,155188764039,2469000,1
155.194,23,155191231039,2496006,0
155.196,14,155193754045,2496006,0
155.199,1,155196286051,2496006,0
155.201,23,155198818057,2496006,0
155.204,21,155201341063,2496006,0
155.206,20,155203864069,2496006,0
155.209,21,155206387075,2496006,0
155.211,12,155208928081,2496006,0
155.214,5,155211764087,2469000,1
155.214,6,155211764087,2469000,1
155.217,14,155214231087,2496006,0
155.219,15,155216754093,2496006,0
155.222,19,155219277099,2496006,0
155.224,20,155221800105,2469000,1
155.227,21,155224267105,2496006,0
155.229,1,155226790111,2496006,0
155.232,14,155229313117,2469000,1
155.232,21,155229313117,2469000,1
155.234,16,155231789117,2469000,1
155.234,23,155231789117,2469000,1
155.237,16,155234258117,2496006,0
155.239,21,155236781123,2496006,0
155.242,12,155239322129,2469000,1
155.242,21,155239322129,2469000,1
155.244,7,155241798129,2469000,1
155.244,19,155241798129,2469000,1
155.247,16,155244265129,2469000,1
155.247,10,155244265129,2469000,1
155.247,13,155244265129,2469000,1
155.247,15,155244265129,2469000,1
155.247,1,155244265129,2469000,1
155.249,9,155246732129,2469000,1
155.249,14,155246732129,2469000,1
155.252,13,155249235129,2496006,0
155.254,16,155251758135,2496006,0
155.257,20,155254290141,2496006,0
155.259,13,155256813147,2496006,0
155.262,18,155259363153,2496006,0
155.264,1,155261895159,2496006,0
155.267,21,155264418165,2496006,0
155.269,18,155266959171,2469000,1
155.269,23,155266959171,2469000,1
155.269,19,155266959171,2469000,1
155.272,20,155269426171,2469000,1
155.272,12,155269426171,2469000,1
155.274,16,155271893171,2496006,0
155.277,21,155274416177,2496006,0
155.279,13,155276939183,2469000,1
155.279,21,155276939183,2469000,1
155.282,10,155279406183,2496006,0
155.284,1,155281938189,2496006,0
155.287,15,155284774195,2496006,0
155.29,14,155287297201,2469000,1
155.29,10,155287297201,2469000,1
155.292,1,155289791201,2496006,0
155.295,16,155292314207,2496006,0
155.297,18,155294855213,2469000,1
155.297,16,155294855213,2469000,1
155.3,10,155297322213,2496006,0
155.305,21,155302377225,2496006,0
155.307,15,155304909231,2496006,0
155.31,1,155307432237,2496006,0
155.312,13,155309955243,2496006,0
155.315,3,155312800249,2496006,0
155.318,15,155315323255,2469000,1
155.318,5,155315323255,2469000,1
155.318,20,155315323255,2469000,1
155.32,13,155317817255,2469000,1
155.32,21,155317817255,2469000,1
155.323,1,155320284255,2496006,0
155.325,10,155322807261,2496006,0
155.328,3,155325330267,2496006,0
155.33,16,155327871273,2496006,0
155.333,18,155330394279,2496006,0
155.335,15,155332926285,2496006,0
155.338,18,155335449291,2496006,0
155.34,1,155337981297,2469000,1
155.34,12,155337981297,2469000,1
155.34,13,155337981297,2469000,1
155.343,3,155340448297,2469000,1
155.343,19,155340448297,2469000,1
155.345,18,155342915297,2496006,0
155.348,21,155345438303,2496006,0
155.35,10,155347970309,2469000,1
155.35,21,155347970309,2469000,1
155.353,15,155350455309,2469000,1
155.353,16,155350455309,2469000,1
155.355,10,155352949309,2496006,0
155.358,7,155355481315,2496006,0
155.361,18,155358004321,2496006,0
155.363,16,155360536327,2496006,0
155.366,23,155363077333,2496006,0
155.368,7,155365618339,2469000,1
155.368,10,155365618339,2469000,1
155.371,23,155368094339,2469000,1
155.371,16,155368094339,2469000,1
155.373,18,155370561339,2496006,0
155.376,1,155373093345,2496006,0
155.378,3,155375616351,2469000,1
155.378,18,155375616351,2469000,1
155.381,9,155378101351,2469000,1
155.381,16,155378101351,2469000,1
155.383,15,155380568351,2496006,0
155.386,21,155383091357,2496006,0
155.388,13,155385936363,2469000,1
155.388,23,155385936363,2469000,1
155.391,18,155388457363,2496006,0
155.393,1,155390980369,2496006,0
155.396,15,155393503375,2496006,0
155.399,20,155396026381,2496006,0
155.401,21,155398549387,2496006,0
155.404,7,155401072393,2496006,0
155.406,10,155403604399,2496006,0
155.409,20,155406136405,2469000,1
155.409,1,155406136405,2469000,1
155.409,18,155406136405,2469000,1
155.411,23,155408603405,2496006,0
155.414,10,155411126411,2469000,1
155.414,18,155411126411,2469000,1
155.416,14,155413593411,2469000,1
155.416,1,155413593411,2469000,1
155.419,7,155416373417,2469000,1
155.419,21,155416373417,2469000,1
155.419,19,155416373417,2469000,1
155.421,15,155418840417,2496006,0
155.424,6,155421381423,2496006,0
155.426,20,155423922429,2496006,0
155.429,6,155426472435,2469000,1
155.429,9,155426472435,2469000,1
155.429,23,155426472435,2469000,1
155.429,10,155426472435,2469000,1
155.429,21,155426472435,2469000,1
155.431,3,155428939435,2496006,0
155.434,15,155431480441,2496006,0
155.437,20,155434012447,2496006,0
155.439,4,155436535453,2496006,0
155.442,7,155439058459,2496006,0
155.444,23,155441581465,2496006,0
155.447,16,155444104471,2469000,1
155.447,7,155444104471,2469000,1
155.449,4,155446589471,2469000,1
155.449,6,155446589471,2469000,1
155.454,16,155451579477,2496006,0
155.457,3,155454111483,2469000,1
155.457,23,155454111483,2469000,1
155.459,5,155456578483,2469000,1
155.459,15,155456578483,2469000,1
155.462,20,155459072483,2496006,0
155.464,15,155461595489,2496006,0
155.467,3,155464118495,2496006,0
155.469,6,155466641501,2496006,0
155.472,23,155469182507,2469000,1
155.472,5,155469182507,2469000,1
155.474,18,155471649507,2469000,1
155.474,6,155471649507,2469000,1
155.477,16,155474116507,2496006,0
155.479,3,155476639513,2496006,0
155.482,5,155479162519,2496006,0
155.484,1,155481703525,2496006,0
155.487,15,155484226531,2496006,0
155.489,16,155486749537,2469000,1
155.489,19,155486749537,2469000,1
155.492,20,155489529543,2496006,0
155.495,7,155492052549,2469000,1
155.495,4,155492052549,2469000,1
155.497,3,155494519549,2496006,0
155.5,5,155497078555,2496006,0
155.502,10,155499601561,2496006,0
155.505,3,155502133567,2496006,0
155.507,1,155504656573,2469000,1
155.507,20,155504656573,2469000,1
155.51,17,155507123573,2469000,1
155.51,12,155507123573,2469000,1
155.512,15,155509599573,2496006,0
155.515,3,155512122579,2469000,1
155.515,5,155512122579,2469000,1
155.517,15,155514589579,2496006,0
155.52,13,155517443585,2469000,1
155.52,6,155517443585,2469000,1
155.522,10,155519910585,2496006,0
155.525,16,155522433591,2496006,0
155.527,21,155524974597,2469000,1
155.527,4,155524974597,2469000,1
155.53,15,155527441597,2496006,0
155.532,5,155529973603,2469000,1
155.535,20,155532440603,2496006,0
155.537,3,155534972609,2496006,0
155.54,16,155537495615,2469000,1
155.54,3,155537495615,2469000,1
155.542,10,155539980615,2469000,1
155.542,5,155539980615,2469000,1
155.545,15,155542456615,2496006,0
155.547,14,155544979621,2496006,0
155.55,23,155547511627,2496006,0
155.553,1,155550034633,2496006,0
155.555,1,155552557639,2496006,0
155.558,14,155555089645,2496006,0
155.56,20,155557612651,2469000,1
155.56,3,155557612651,2469000,1
155.563,10,155560079651,2496006,0
155.565,7,155562602657,2496006,0
155.568,1,155565125663,2496006,0
155.57,15,155567657669,2496006,0
155.573,6,155570198675,2496006,0
155.575,12,155572721681,2469000,1
155.575,23,155572721681,2469000,1
155.578,4,155575188681,2496006,0
155.58,14,155577720687,2496006,0
155.583,6,155580243693,2469000,1
155.583,10,155580243693,2469000,1
155.583,16,155580243693,2469000,1
155.583,23,155580243693,2469000,1
155.585,7,155582710693,2469000,1
155.585,14,155582710693,2469000,1
155.588,1,155585177693,2496006,0
155.59,7,155587700699,2496006,0
155.593,20,155590536705,2496006,0
155.596,4,155593059711,2469000,1
155.596,18,155593059711,2469000,1
155.598,15,155595535711,2496006,0
155.601,6,155598058717,2496006,0
155.603,1,155600581723,2496006,0
155.606,16,155603113729,2469000,1
155.606,7,155603113729,2469000,1
155.606,1,155603113729,2469000,1
155.608,3,155605589729,2469000,1
155.608,14,155605589729,2469000,1
155.608,1,155605589729,2469000,1
155.611,15,155608065729,2496006,0
155.613,10,155610588735,2496006,0
155.616,15,155613111741,2496006,0
155.618,20,155615643747,2496006,0
155.621,10,155618166753,2469000,1
155.621,15,155618166753,2469000,1
155.623,6,155620964759,2496006,0
155.626,4,155623487765,2496006,0
155.628,4,155626010771,2469000,1
155.631,6,155628477771,2496006,0
155.634,6,155631054777,2469000,1
155.634,20,155631054777,2469000,1
155.636,3,155633521777,2496006,0
155.639,7,155636044783,2496006,0
155.641,16,155638594789,2469000,1
155.641,6,155638594789,2469000,1
155.641,7,155638594789,2469000,1
155.644,10,155641079789,2496006,0
155.646,21,155643629795,2469000,1
155.646,15,155643629795,2469000,1
155.649,10,155646096795,2469000,1
155.649,7,155646096795,2469000,1
155.651,7,155648565795,2496006,0
155.654,3,155651088801,2496006,0
155.656,7,155653620807,2496006,0
155.659,5,155656152813,2469000,1
155.659,4,155656152813,2469000,1
155.661,20,155658655813,2496006,0
155.664,23,155661178819,2469000,1
155.664,15,155661178819,2469000,1
155.666,7,155663654819,2496006,0
155.669,20,155666177825,2496006,0
155.671,14,155668700831,2496006,0
155.674,3,155671223837,2496006,0
155.676,20,155673746843,2496006,0
155.679,14,155676269849,2496006,0
155.681,7,155678810855,2496006,0
155.684,10,155681342861,2496006,0
155.686,20,155683865867,2496006,0
155.689,3,155686388873,2496006,0
155.691,1,155688920879,2496006,0
155.694,6,155691452885,2496006,0
155.697,20,155694288891,2496006,0
155.699,1,155696811897,2469000,1
155.699,6,155696811897,2469000,1
155.702,3,155699278897,2469000,1
155.702,7,155699278897,2469000,1
155.702,14,155699278897,2469000,1
155.704,22,155701754897,2469000,1
155.704,6,155701754897,2469000,1
155.707,3,155704221897,2496006,0
155.709,15,155706744903,2496006,0
155.712,14,155709267909,2496006,0
155.714,10,155711790915,2469000,1
155.714,20,155711790915,2469000,1
155.714,1,155711790915,2469000,1
155.719,3,155716816921,2496006,0
155.722,14,155719375927,2496006,0
155.725,5,155722220933,2496006,0
155.727,3,155724743939,2469000,1
155.727,15,155724743939,2469000,1
155.73,7,155727237939,2496006,0
155.732,5,155729760945,2469000,1
155.732,6,155729760945,2469000,1
155.735,14,155732227945,2496006,0
155.737,7,155734750951,2469000,1
155.737,14,155734750951,2469000,1
155.74,8,155737235951,2496006,0
155.742,15,155739758957,2496006,0
155.745,1,155742281963,2496006,0
155.747,4,155744804969,2496006,0
155.75,10,155747327975,2496006,0
155.752,20,155749850981,2469000,1
155.752,1,155749850981,2469000,1
155.755,23,155752317981,2469000,1
155.755,7,155752317981,2469000,1
155.757,4,155754802981,2496006,0
155.76,14,155757325987,2496006,0
155.762,10,155759848993,2469000,1
155.762,16,155759848993,2469000,1
155.765,3,155762324993,2469000,1
155.765,8,155762324993,2469000,1
155.765,4,155762324993,2469000,1
155.767,6,155764791993,2496006,0
155.77,15,155767323999,2469000,1
155.77,7,155767323999,2469000,1
155.772,14,155769799999,2496006,0
155.775,1,155772341005,2496006,0
155.777,5,155774873011,2496006,0
155.78,6,155777396017,2496006,0
155.782,1,155779928023,2469000,1
155.782,10,155779928023,2469000,1
155.785,15,155782404023,2496006,0
155.787,15,155784927029,2496006,0
155.79,14,155787468035,2469000,1
155.79,3,155787468035,2469000,1
155.792,14,155789937035,2496006,0
155.795,8,155792460041,2469000,1
155.795,14,155792460041,2469000,1
155.798,15,155795249047,2469000,1
155.798,6,155795249047,2469000,1
155.798,8,155795249047,2469000,1
155.798,14,155795249047,2469000,1
155.8,5,155797716047,2496006,0
155.805,20,155802771059,2496006,0
155.808,20,155805303065,2496006,0
155.81,4,155807835071,2496006,0
155.813,5,155810358077,2496006,0
155.815,1,155812917083,2496006,0
155.818,15,155815440089,2496006,0
155.82,5,155817972095,2469000,1
155.82,4,155817972095,2469000,1
155.82,20,155817972095,2469000,1
155.82,13,155817972095,2469000,1
155.823,21,155820502095,2496006,0
155.826,15,155823025101,2496006,0
155.828,1,155825861107,2496006,0
155.831,6,155828402113,2496006,0
155.833,20,155830934119,2496006,0
155.836,21,155833466125,2496006,0
155.839,1,155836007131,2496006,0
155.841,20,155838539137,2469000,1
155.841,4,155838539137,2469000,1
155.843,18,155841015137,2469000,1
155.843,15,155841015137,2469000,1
155.846,6,155843491137,2469000,1
155.846,4,155843491137,2469000,1
155.848,10,155845958137,2469000,1
155.848,5,155845958137,2469000,1
155.851,21,155848434137,2469000,1
155.851,6,155848434137,2469000,1
155.853,12,155850946137,2469000,1
155.853,1,155850946137,2469000,1
155.856,14,155853422137,2496006,0
155.858,10,155855945143,2496006,0
155.861,15,155858486149,2469000,1
155.861,6,155858486149,2469000,1
155.863,11,155860971149,2469000,1
155.866,11,155863447149,2496006,0
155.868,14,155865970155,2496006,0
155.871,20,155868511161,2496006,0
155.874,10,155871034167,2496006,0
155.876,11,155873557173,2469000,1
155.876,17,155873557173,2469000,1
155.879,20,155876024173,2496006,0
155.881,14,155878547179,2496006,0
155.884,20,155881079185,2496006,0
155.886,21,155883602191,2469000,1
155.886,20,155883602191,2469000,1
155.889,23,155886069191,2469000,1
155.889,14,155886069191,2469000,1
155.891,10,155888536191,2496006,0
155.894,1,155891068197,2496006,0
155.896,10,155893609203,2496006,0
155.899,4,155896132209,2496006,0
155.901,10,155898995215,2496006,0
155.904,20,155901518221,2496006,0
155.907,3,155904041227,2496006,0
155.909,1,155906573233,2469000,1
155.909,4,155906573233,2469000,1
155.912,1,155909042233,2496006,0
155.914,7,155911565239,2469000,1
155.914,11,155911565239,2469000,1
155.914,1,155911565239,2469000,1
155.917,21,155914041239,2496006,0
155.919,20,155916564245,2496006,0
155.922,6,155919087251,2496006,0
155.924,20,155921610257,2496006,0
155.927,10,155924133263,2496006,0
155.929,3,155926996269,2496006,0
155.932,11,155929519275,2496006,0
155.935,6,155932042281,2469000,1
155.935,14,155932042281,2469000,1
155.935,3,155932042281,2469000,1
155.937,21,155934509281,2496006,0
155.94,10,155937032287,2496006,0
155.942,5,155939564293,2496006,0
155.945,20,155942096299,2496006,0
155.947,15,155944628305,2469000,1
155.947,4,155944628305,2469000,1
155.947,1,155944628305,2469000,1
155.95,11,155947122305,2496006,0
155.952,10,155949645311,2496006,0
155.955,20,155952168317,2496006,0
155.957,20,155954691323,2496006,0
155.96,8,155957214329,2496006,0
155.962,21,155959737335,2496006,0
155.965,6,155962260341,2496006,0
155.967,6,155964783347,2496006,0
155.97,5,155967306353,2496006,0
155.972,11,155969829359,2469000,1
155.972,3,155969829359,2469000,1
155.972,21,155969829359,2469000,1
155.975,5,155972323359,2496006,0
155.977,23,155974846365,2469000,1
155.977,14,155974846365,2469000,1
155.98,8,155977313365,2469000,1
155.98,10,155977313365,2469000,1
155.982,6,155979780365,2469000,1
155.982,14,155979780365,2469000,1
155.985,20,155982247365,2496006,0
155.987,20,155984770371,2496006,0
155.99,20,155987302377,2496006,0
155.992,6,155989825383,2496006,0
155.995,1,155992366389,2496006,0
155.997,21,155994889395,2469000,1
155.997,6,155994889395,2469000,1
156,5,155997356395,2496006,0
156.003,1,156000210401,2496006,0
156.005,11,156002751407,2496006,0
156.008,1,156005292413,2469000,1
156.008,3,156005292413,2469000,1
156.008,21,156005292413,2469000,1
156.01,20,156007759413,2496006,0
156.015,4,156012823425,2469000,1
156.015,5,156012823425,2469000,1
156.018,11,156015290425,2469000,1
156.018,10,156015290425,2469000,1
156.02,4,156017757425,2469000,1
156.02,11,156017759425,2469000,1
156.023,8,156020262425,2469000,1
156.023,5,156020262425,2469000,1
156.025,20,156022738425,2496006,0
156.028,6,156025288431,2496006,0
156.03,15,156027811437,2496006,0
156.033,1,156030656443,2496006,0
156.036,15,156033197449,2496006,0
156.038,18,156035720455,2496006,0
156.041,20,156038279461,2496006,0
156.043,1,156040802467,2496006,0
156.046,6,156043325473,2496006,0
156.048,5,156045848479,2496006,0
156.051,15,156048389485,2496006,0
156.053,8,156050930491,2496006,0
156.056,5,156053462497,2469000,1
156.056,18,156053462497,2469000,1
156.056,9,156053462497,2469000,1
156.058,6,156055938497,2496006,0
156.061,20,156058470503,2496006,0
156.063,1,156060993509,2469000,1
156.063,6,156060993509,2469000,1
156.066,20,156063478509,2469000,1
156.066,6,156063478509,2469000,1
156.068,8,156065945509,2496006,0
156.071,15,156068468515,2496006,0
156.073,11,156071000521,2496006,0
156.076,1,156073532527,2496006,0
156.081,15,156078578539,2496006,0
156.084,5,156081101545,2496006,0
156.086,1,156083642551,2496006,0
156.089,10,156086165557,2496006,0
156.091,15,156088688563,2469000,1
156.091,10,156088688563,2469000,1
156.094,18,156091164563,2469000,1
156.094,8,156091164563,2469000,1
156.094,1,156091164563,2469000,1
156.096,20,156093640563,2496006,0
156.099,11,156096172569,2496006,0
156.101,1,156098695575,2496006,0
156.104,5,156101227581,2469000,1
156.104,3,156101227581,2469000,1
156.104,10,156101227581,2469000,1
156.107,20,156104007587,2496006,0
156.109,1,156106539593,2469000,1
156.109,11,156106539593,2469000,1
156.109,19,156106539593,2469000,1
156.112,5,156109042593,2496006,0
156.114,6,156111574599,2469000,1
156.114,8,156111574599,2469000,1
156.117,21,156114041599,2469000,1
156.117,20,156114041599,2469000,1
156.119,15,156116544599,2496006,0
156.122,10,156119076605,2496006,0
156.124,5,156121644611,2496006,0
156.127,15,156124185617,2496006,0
156.129,11,156126708623,2496006,0
156.132,1,156129240629,2469000,1
156.132,20,156129240629,2469000,1
156.134,10,156132029635,2469000,1
156.134,13,156132029635,2469000,1
156.137,11,156134505635,2496006,0
156.139,15,156137028641,2469000,1
156.139,18,156137028641,2469000,1
156.142,11,156139522641,2469000,1
156.142,20,156139522641,2469000,1
156.144,5,156141989641,2469000,1
156.144,10,156141989641,2469000,1
156.147,20,156144456641,2496006,0
156.149,15,156146988647,2496006,0
156.152,15,156149529653,2496006,0
156.155,18,156152106659,2496006,0
156.157,3,156154629665,2496006,0
156.16,20,156157152671,2496006,0
156.162,20,156159702677,2496006,0
156.165,15,156162225683,2469000,1
156.165,20,156162225683,2469000,1
156.167,3,156164692683,2469000,1
156.167,11,156164692683,2469000,1
156.17,10,156167159683,2496006,0
156.172,8,156169691689,2496006,0
156.175,14,156172223695,2469000,1
156.175,18,156172223695,2469000,1
156.175,8,156172223695,2469000,1
156.177,3,156174708695,2469000,1
156.18,5,156177175695,2496006,0
156.182,4,156179707701,2496006,0
156.185,10,156182230707,2469000,1
156.185,11,156182230707,2469000,1
156.187,5,156184751707,2496006,0
156.19,1,156187274713,2496006,0
156.192,4,156189806719,2496006,0
156.195,1,156192329725,2496006,0
156.197,15,156194852731,2469000,1
156.197,20,156194852731,2469000,1
156.2,5,156197319731,2496006,0
156.202,7,156199842737,2469000,1
156.202,4,156199842737,2469000,1
156.205,20,156202309737,2496006,0
156.208,18,156205154743,2496006,0
156.21,1,156207677749,2496006,0
156.213,18,156210227755,2469000,1
156.213,8,156210227755,2469000,1
156.215,20,156212694755,2496006,0
156.218,3,156215217761,2469000,1
156.218,20,156215217761,2469000,1
156.22,10,156217711761,2496006,0
156.223,5,156220234767,2496006,0
156.228,4,156225280779,2496006,0
156.23,20,156227803785,2496006,0
156.233,1,156230335791,2496006,0
156.235,7,156232858797,2496006,0
156.238,20,156235694803,2496006,0
156.241,4,156238244809,2496006,0
156.243,5,156240767815,2496006,0
156.246,7,156243290821,2496006,0
156.248,10,156245822827,2496006,0
156.251,5,156248354833,2496006,0
156.253,4,156250886839,2469000,1
156.253,20,156250886839,2469000,1
156.253,3,156250886839,2469000,1
156.256,18,156253353839,2469000,1
156.256,5,156253353839,2469000,1
156.258,1,156255820839,2496006,0
156.261,10,156258343845,2496006,0
156.263,7,156260866851,2469000,1
156.263,15,156260866851,2469000,1
156.263,10,156260866851,2469000,1
156.266,18,156263333851,2469000,1
156.266,7,156263335851,2469000,1
156.268,1,156265802851,2496006,0
156.271,6,156268379857,2469000,1
156.271,4,156268379857,2469000,1
156.276,20,156273414863,2496006,0
156.278,5,156275937869,2496006,0
156.281,1,156278460875,2496006,0
156.283,5,156280992881,2496006,0
156.286,10,156283533887,2496006,0
156.289,7,156286056893,2496006,0
156.291,7,156288588899,2496006,0
156.294,4,156291120905,2496006,0
156.296,15,156293643911,2469000,1
156.296,20,156293643911,2469000,1
156.299,7,156296128911,2496006,0
156.301,8,156298660917,2469000,1
156.301,1,156298660917,2469000,1
156.304,5,156301127917,2496006,0
156.306,7,156303650923,2496006,0
156.309,4,156306173929,2496006,0
156.312,10,156309018935,2496006,0
156.314,5,156311541941,2496006,0
156.317,4,156314100947,2496006,0
156.319,5,156316623953,2469000,1
156.319,10,156316623953,2469000,1
156.319,20,156316623953,2469000,1
156.322,18,156319090953,2496006,0
156.324,20,156321613959,2496006,0
156.327,4,156324136965,2496006,0
156.329,7,156326659971,2469000,1
156.332,1,156329126971,2469000,1
156.332,4,156329126971,2469000,1
156.334,10,156331602971,2496006,0
156.337,5,156334125977,2496006,0
156.339,18,156336970983,2496006,0
156.342,10,156339511989,2469000,1
156.342,4,156339511989,2469000,1
156.344,2,156341996989,2496006,0
156.347,20,156344528995,2496006,0
156.35,5,156347052001,2496006,0
156.352,2,156349602007,2469000,1
156.352,18,156349602007,2469000,1
156.355,2,156352071007,2496006,0
156.357,16,156354594013,2469000,1
156.357,18,156354594013,2469000,1
156.36,5,156357061013,2496006,0
156.362,11,156359584019,2496006,0
156.365,7,156362107025,2496006,0
156.367,20,156364630031,2496006,0
156.37,10,156367162037,2496006,0
156.372,1,156369694043,2496006,0
156.375,20,156372217049,2469000,1
156.375,11,156372217049,2469000,1
156.375,6,156372217049,2469000,1
156.375,2,156372217049,2469000,1
156.377,1,156374684049,2496006,0
156.38,7,156377207055,2496006,0
156.382,5,156379757061,2496006,0
156.385,10,156382289067,2469000,1
156.385,18,156382289067,2469000,1
156.387,10,156384758067,2496006,0
156.392,2,156389804079,2496006,0
156.395,10,156392345085,2469000,1
156.395,1,156392345085,2469000,1
156.397,10,156394814085,2496006,0
156.4,7,156397337091,2496006,0
156.402,2,156399860097,2496006,0
156.405,11,156402383103,2496006,0
156.407,2,156404906109,2496006,0
156.41,10,156407438115,2496006,0
156.413,5,156410274121,2496006,0
156.415,2,156412797127,2469000,1
156.415,5,156412797127,2469000,1
156.418,20,156415264127,2496006,0
156.42,7,156417787133,2469000,1
156.42,5,156417787133,2469000,1
156.423,10,156420263133,2469000,1
156.423,11,156420263133,2469000,1
156.423,15,156420263133,2469000,1
156.425,20,156422730133,2496006,0
156.428,11,156425271139,2496006,0
156.43,16,156427794145,2496006,0
156.433,20,156430317151,2496006,0
156.435,11,156432867157,2496006,0
156.438,16,156435390163,2469000,1
156.438,1,156435390163,2469000,1
156.44,10,156437875163,2496006,0
156.443,4,156440711169,2469000,1
156.443,16,156440711169,2469000,1
156.446,7,156443178169,2496006,0
156.448,20,156445728175,2469000,1
156.448,21,156445728175,2469000,1
156.451,5,156448195175,2496006,0
156.453,11,156450736181,2496006,0
156.456,2,156453259187,2496006,0
156.458,10,156455782193,2469000,1
156.461,11,156458267193,2469000,1
156.461,7,156458267193,2469000,1
156.463,10,156460752193,2496006,0
156.466,5,156463284199,2469000,1
156.466,10,156463284199,2469000,1
156.468,20,156465769199,2496006,0
156.471,18,156468292205,2496006,0
156.473,8,156470824211,2469000,1
156.473,2,156470824211,2469000,1
156.473,11,156470824211,2469000,1
156.476,5,156473291211,2496006,0
156.478,7,156475814217,2496006,0
156.481,10,156478337223,2496006,0
156.483,10,156480887229,2496006,0
156.486,18,156483410235,2496006,0
156.488,10,156485942241,2496006,0
156.491,7,156488474247,2496006,0
156.493,20,156490997253,2496006,0
156.496,10,156493520259,2496006,0
156.499,5,156496052265,2496006,0
156.501,7,156498575271,2496006,0
156.504,18,156501116277,2496006,0
156.506,3,156503657283,2496006,0
156.509,5,156506189289,2496006,0
156.511,10,156508712295,2496006,0
156.514,2,156511244301,2496006,0
156.517,20,156514080307,2469000,1
156.517,10,156514080307,2469000,1
156.519,5,156516556307,2469000,1
156.519,1,156516556307,2469000,1
156.519,2,156516556307,2469000,1
156.521,18,156519023307,2469000,1
156.521,11,156519023307,2469000,1
156.524,7,156521490307,2496006,0
156.529,16,156526536319,2469000,1
156.529,20,156526536319,2469000,1
156.531,3,156529003319,2496006,0
156.534,1,156531526325,2496006,0
156.537,1,156534049331,2496006,0
156.539,3,156536581337,2496006,0
156.542,10,156539122343,2496006,0
156.544,7,156541967349,2496006,0
156.547,7,156544508355,2496006,0
156.55,3,156547031361,2496006,0
156.552,3,156549554367,2496006,0
156.555,1,156552086373,2469000,1
156.555,3,156552086373,2469000,1
156.557,8,156554553373,2496006,0
156.56,18,156557094379,2496006,0
156.562,2,156559617385,2469000,1
156.562,10,156559617385,2469000,1
156.565,5,156562084385,2496006,0
156.567,7,156564634391,2496006,0
156.57,5,156567157397,2496006,0
156.572,20,156569680403,2496006,0
156.575,5,156572203409,2496006,0
156.577,16,156574726415,2496006,0
156.58,20,156577249421,2496006,0
156.582,8,156579772427,2469000,1
156.582,18,156579772427,2469000,1
156.582,5,156579772427,2469000,1
156.585,16,156582239427,2496006,0
156.587,1,156584762433,2469000,1
156.587,18,156584762433,2469000,1
156.587,16,156584762433,2469000,1
156.59,10,156587238433,2496006,0
156.592,7,156589779439,2469000,1
156.592,10,156589779439,2469000,1
156.595,10,156592248439,2496006,0
156.597,16,156594789445,2496006,0
156.6,3,156597330451,2469000,1
156.6,2,156597330451,2469000,1
156.602,20,156599797451,2496006,0
156.605,16,156602320457,2469000,1
156.605,8,156602320457,2469000,1
156.607,16,156604796457,2496006,0
156.61,4,156607337463,2496006,0
156.612,10,156609869469,2496006,0
156.615,20,156612392475,2496006,0
156.618,16,156615228481,2496006,0
156.62,7,156617751487,2496006,0
156.623,7,156620274493,2496006,0
156.625,4,156622797499,2496006,0
156.628,5,156625338505,2496006,0
156.63,12,156627879511,2469000,1
156.63,20,156627879511,2469000,1
156.633,7,156630346511,2496006,0
156.635,17,156632869517,2469000,1
156.635,10,156632869517,2469000,1
156.638,4,156635354517,2469000,1
156.638,17,156635354517,2469000,1
156.64,16,156637830517,2469000,1
156.64,5,156637830517,2469000,1
156.643,20,156640297517,2496006,0
156.645,8,156642829523,2496006,0
156.648,7,156645665529,2496006,0
156.651,20,156648224535,2496006,0
156.653,18,156650756541,2496006,0
156.656,1,156653288547,2496006,0
156.658,10,156655811553,2469000,1
156.658,16,156655811553,2469000,1
156.661,20,156658296553,2469000,1
156.661,7,156658296553,2469000,1
156.663,1,156660763553,2469000,1
156.663,8,156660763553,2469000,1
156.666,18,156663230553,2469000,1
156.666,4,156663230553,2469000,1
156.668,3,156665715553,2496006,0
156.671,17,156668247559,2469000,1
156.671,20,156668247559,2469000,1
156.671,4,156668247559,2469000,1
156.673,5,156670714559,2496006,0
156.676,10,156673237565,2496006,0
156.678,8,156675778571,2469000,1
156.678,5,156675778571,2469000,1
156.681,8,156678247571,2496006,0
156.683,7,156680770577,2469000,1
156.683,8,156680770577,2469000,1
156.686,3,156683273577,2496006,0
156.688,10,156685823583,2496006,0
156.691,1,156688346589,2496006,0
156.693,10,156690896595,2469000,1
156.693,18,156690896595,2469000,1
156.696,11,156693363595,2496006,0
156.698,20,156695904601,2469000,1
156.698,5,156695904601,2469000,1
156.701,3,156698380601,2496006,0
156.703,11,156700912607,2469000,1
156.703,1,156700912607,2469000,1
156.706,18,156703388607,2496006,0
156.708,8,156705911613,2496006,0
156.711,18,156708443619,2496006,0
156.713,4,156710966625,2496006,0
156.716,16,156713489631,2496006,0
156.718,17,156716012637,2469000,1
156.718,3,156716012637,2469000,1
156.718,1,156716012637,2469000,1
156.721,16,156718801643,2496006,0
156.724,4,156721333649,2469000,1
156.724,16,156721333649,2469000,1
156.726,7,156723800649,2496006,0
156.729,18,156726341655,2469000,1
156.729,10,156726341655,2469000,1
156.731,8,156728808655,2469000,1
156.731,16,156728808655,2469000,1
156.734,7,156731275655,2496006,0
156.736,11,156733807661,2469000,1
156.739,4,156736301661,2496006,0
156.741,11,156738833667,2496006,0
156.744,4,156741356673,2469000,1
156.746,2,156743823673,2496006,0
156.752,11,156749209685,2496006,0
156.754,17,156751732691,2469000,1
156.754,7,156751732691,2469000,1
156.757,2,156754199691,2496006,0
156.759,10,156756722697,2496006,0
156.762,5,156759245703,2496006,0
156.764,3,156761768709,2496006,0
156.767,5,156764291715,2496006,0
156.769,1,156766832721,2469000,1
156.769,18,156766832721,2469000,1
156.769,5,156766832721,2469000,1
156.772,4,156769299721,2496006,0
156.774,8,156771822727,2496006,0
156.777,5,156774345733,2496006,0
156.779,10,156776877739,2496006,0
156.782,2,156779400745,2496006,0
156.784,8,156781923751,2469000,1
156.784,11,156781923751,2469000,1
156.787,4,156784390751,2469000,1
156.787,20,156784390751,2469000,1
156.787,18,156784390751,2469000,1
156.789,10,156786866751,2469000,1
156.789,2,156786866751,2469000,1
156.789,11,156786866751,2469000,1
156.792,7,156789333751,2469000,1
156.792,3,156789333751,2469000,1
156.794,5,156791827751,2469000,1
156.794,2,156791827751,2469000,1
156.797,16,156794294751,2496006,0
156.799,11,156796835757,2496006,0
156.802,4,156799367763,2496006,0
156.804,7,156801899769,2496006,0
156.807,16,156804431775,2496006,0
156.809,16,156806954781,2496006,0
156.812,11,156809486787,2469000,1
156.812,8,156809486787,2469000,1
156.812,3,156809486787,2469000,1
156.814,11,156811971787,2496006,0
156.817,11,156814503793,2496006,0
156.819,4,156817026799,2469000,1
156.822,16,156819815805,2496006,0
156.825,10,156822338811,2496006,0
156.827,7,156824870817,2496006,0
156.83,18,156827393823,2496006,0
156.832,4,156829934829,2496006,0
156.835,10,156832457835,2496006,0
156.837,5,156834989841,2469000,1
156.837,11,156834989841,2469000,1
156.84,2,156837465841,2496006,0
156.842,16,156839997847,2496006,0
156.845,18,156842529853,2496006,0
156.848,7,156845052859,2496006,0
156.85,16,156847593865,2496006,0
156.853,4,156850429871,2496006,0
156.855,3,156852970877,2469000,1
156.855,10,156852970877,2469000,1
156.858,7,156855437877,2469000,1
156.858,18,156855437877,2469000,1
156.86,2,156857913877,2496006,0
156.863,11,156860454883,2496006,0
156.865,11,156862977889,2496006,0
156.868,4,156865500895,2496006,0
156.871,16,156868023901,2496006,0
156.873,7,156870546907,2496006,0
156.876,5,156873087913,2496006,0
156.878,2,156875619919,2496006,0
156.881,11,156878142925,2469000,1
156.881,8,156878142925,2469000,1
156.883,16,156880618925,2496006,0
156.886,7,156883141931,2496006,0
156.888,10,156885673937,2469000,1
156.888,4,156885673937,2469000,1
156.891,14,156888140937,2496006,0
156.896,5,156893195949,2469000,1
156.896,4,156893195949,2469000,1
156.898,5,156895680949,2496006,0
156.901,7,156898203955,2496006,0
156.903,16,156900726961,2469000,1
156.903,3,156900726961,2469000,1
156.903,2,156900726961,2469000,1
156.903,5,156900726961,2469000,1
156.906,5,156903195961,2496006,0
156.908,18,156905718967,2496006,0
156.911,5,156908250973,2496006,0
156.913,14,156910773979,2496006,0
156.916,7,156913341985,2496006,0
156.918,11,156915864991,2469000,1
156.918,4,156915864991,2469000,1
156.921,1,156918331991,2496006,0
156.923,20,156920854997,2496006,0
156.926,5,156923700003,2469000,1
156.926,18,156923700003,2469000,1
156.926,1,156923700003,2469000,1
156.929,14,156926176003,2496006,0
156.931,16,156928708009,2496006,0
156.934,1,156931231015,2496006,0
156.936,10,156933754021,2496006,0
156.939,17,156936286027,2496006,0
156.941,7,156938809033,2496006,0
156.944,17,156941332039,2496006,0
156.946,1,156943864045,2469000,1
156.946,20,156943864045,2469000,1
156.949,2,156946331045,2469000,1
156.949,18,156946331045,2469000,1
156.951,10,156948798045,2496006,0
156.954,14,156951634051,2496006,0
156.957,5,156954157057,2496006,0
156.959,17,156956680063,2496006,0
156.962,20,156959203069,2496006,0
156.964,10,156961735075,2469000,1
156.964,16,156961735075,2469000,1
156.967,20,156964202075,2496006,0
156.969,14,156966725081,2496006,0
156.972,5,156969248087,2469000,1
156.972,1,156969248087,2469000,1
156.974,20,156971715087,2496006,0
156.977,7,156974238093,2496006,0
156.979,20,156976770099,2496006,0
156.984,2,156981816111,2496006,0
156.987,17,156984348117,2496006,0
156.989,16,156986871123,2496006,0
156.992,7,156989394129,2469000,1
156.992,14,156989394129,2469000,1
156.992,17,156989394129,2469000,1
156.994,5,156991879129,2496006,0
156.997,20,156994402135,2496006,0
156.999,10,156996925141,2496006,0
157.002,10,156999457147,2496006,0
157.004,2,157001980153,2496006,0
157.007,16,157004503159,2496006,0
157.009,5,157007026165,2469000,1
157.009,10,157007026165,2469000,1
157.009,16,157007026165,2469000,1
157.012,7,157009511165,2496006,0
157.015,11,157012034171,2496006,0
157.017,7,157014557177,2496006,0
157.02,2,157017089183,2469000,1
157.02,20,157017089183,2469000,1
157.022,7,157019574183,2469000,1
157.022,11,157019574183,2469000,1
157.025,17,157022041183,2496006,0
157.027,4,157024904189,2496006,0
157.03,1,157027427195,2496006,0
157.032,14,157029959201,2496006,0
157.035,17,157032482207,2496006,0
157.038,14,157035023213,2496006,0
157.04,16,157037546219,2496006,0
157.043,1,157040087225,2469000,1
157.043,4,157040087225,2469000,1
157.043,18,157040087225,2469000,1
157.043,5,157040087225,2469000,1
157.045,10,157042554225,2496006,0
157.048,6,157045077231,2496006,0
157.05,14,157047600237,2469000,1
157.05,17,157047600237,2469000,1
157.053,11,157050067237,2496006,0
157.055,2,157052599243,2496006,0
157.058,7,157055435249,2496006,0
157.06,18,157057958255,2496006,0
157.063,14,157060481261,2496006,0
157.065,22,157063004267,2469000,1
157.065,16,157063004267,2469000,1
157.065,2,157063004267,2469000,1
157.065,18,157063004267,2469000,1
157.068,10,157065471267,2469000,1
157.068,20,157065471267,2469000,1
157.068,18,157065473267,2469000,1
157.07,11,157067940267,2496006,0
157.073,6,157070463273,2496006,0
157.075,11,157072986279,2496006,0
157.078,6,157075527285,2496006,0
157.081,5,157078050291,2496006,0
157.083,7,157080573297,2469000,1
157.083,4,157080573297,2469000,1
157.083,6,157080573297,2469000,1
157.086,1,157083058297,2469000,1
157.086,14,157083058297,2469000,1
157.086,22,157083058297,2469000,1
157.086,10,157083058297,2469000,1
157.088,3,157085525297,2469000,1
157.088,7,157085525297,2469000,1
157.088,22,157085527297,2469000,1
157.09,7,157088012297,2469000,1
157.09,22,157088012297,2469000,1
157.093,8,157090479297,2469000,1
157.093,4,157090479297,2469000,1
157.095,11,157092955297,2496006,0
157.098,17,157095496303,2469000,1
157.098,5,157095496303,2469000,1
157.1,16,157097972303,2496006,0
157.103,1,157100495309,2469000,1
157.103,3,157100495309,2469000,1
157.105,14,157102980309,2496006,0
157.108,2,157105512315,2469000,1
157.108,11,157105512315,2469000,1
157.11,8,157107997315,2469000,1
157.11,11,157107997315,2469000,1
157.113,6,157110464315,2496006,0
157.115,14,157112987321,2469000,1
157.115,22,157112987321,2469000,1
157.115,5,157112987321,2469000,1
157.118,20,157115454321,2469000,1
157.118,16,157115454321,2469000,1
157.12,10,157117930321,2496006,0
157.123,15,157120462327,2496006,0
157.125,21,157122985333,2496006,0
157.128,15,157125526339,2496006,0
157.131,10,157128380345,2469000,1
157.131,11,157128380345,2469000,1
157.133,6,157130847345,2496006,0
157.136,16,157133370351,2496006,0
157.138,15,157135902357,2496006,0
157.141,21,157138425363,2496006,0
157.143,17,157140948369,2496006,0
157.146,16,157143480375,2496006,0
157.148,21,157146003381,2469000,1
157.148,16,157146003381,2469000,1
157.151,10,157148470381,2469000,1
157.151,17,157148470381,2469000,1
157.153,18,157150964381,2469000,1
157.153,21,157150964381,2469000,1
157.156,6,157153431381,2496006,0
157.159,15,157156276387,2496006,0
157.161,14,157158817393,2496006,0
157.164,1,157161340399,2469000,1
157.164,5,157161340399,2469000,1
157.166,17,157163816399,2496006,0
157.169,16,157166339405,2496006,0
157.171,16,157168871411,2496006,0
157.174,2,157171412417,2469000,1
157.176,14,157173879417,2496006,0
157.179,16,157176402423,2469000,1
157.179,6,157176402423,2469000,1
157.181,15,157178878423,2496006,0
157.184,17,157181401429,2496006,0
157.186,14,157183924435,2496006,0
157.189,1,157186447441,2469000,1
157.189,15,157186447441,2469000,1
157.191,17,157188941441,2496006,0
157.194,7,157191464447,2496006,0
157.196,22,157193987453,2496006,0
157.199,22,157196519459,2496006,0
157.202,14,157199087465,2496006,0
157.204,10,157201610471,2469000,1
157.204,15,157201610471,2469000,1
157.207,17,157204095471,2496006,0
157.209,7,157206618477,2469000,1
157.209,17,157206618477,2469000,1
157.212,16,157209085477,2496006,0
157.214,22,157211608483,2496006,0
157.217,14,157214149489,2496006,0
157.219,2,157216672495,2469000,1
157.219,7,157216672495,2469000,1
157.222,21,157219139495,2496006,0
157.224,4,157221662501,2469000,1
157.224,6,157221662501,2469000,1
157.227,16,157224156501,2496006,0
157.229,14,157226688507,2496006,0
157.232,22,157229533513,2469000,1
157.232,16,157229533513,2469000,1
157.234,17,157232000513,2469000,1
157.234,21,157232000513,2469000,1
157.234,14,157232000513,2469000,1
157.237,14,157234476513,2496006,0
157.24,14,157237008519,2496006,0
157.242,22,157239567525,2496006,0
157.245,2,157242144531,2496006,0
157.247,14,157244667537,2496006,0
157.25,11,157247190543,2469000,1
157.25,2,157247190543,2469000,1
157.252,7,157249666543,2496006,0
157.255,22,157252189549,2469000,1
157.255,5,157252189549,2469000,1
157.26,16,157257197555,2496006,0
157.263,2,157260069561,2469000,1
157.263,7,157260069561,2469000,1
157.265,15,157262536561,2496006,0
157.268,21,157265059567,2496006,0
157.27,14,157267582573,2496006,0
157.273,20,157270123579,2469000,1
157.273,16,157270123579,2469000,1
157.275,21,157272590579,2469000,1
157.275,14,157272590579,2469000,1
157.278,15,157275066579,2496006,0
157.28,17,157277589585,2469000,1
157.28,16,157277589585,2469000,1
157.283,6,157280056585,2496006,0
157.285,22,157282579591,2496006,0
157.288,15,157285111597,2496006,0
157.29,18,157287643603,2496006,0
157.293,18,157290166609,2496006,0
157.295,14,157292716615,2496006,0
157.298,18,157295248621,2496006,0
157.3,15,157297771627,2469000,1
157.3,21,157297771627,2469000,1
157.303,22,157300247627,2496006,0
157.305,6,157302770633,2496006,0
157.308,18,157305311639,2496006,0
157.31,14,157307834645,2469000,1
157.31,7,157307834645,2469000,1
157.31,18,157307834645,2469000,1
157.313,18,157310310645,2496006,0
157.315,6,157312833651,2496006,0
157.318,18,157315383657,2469000,1
157.318,15,157315383657,2469000,1
157.32,22,157317850657,2496006,0
157.323,6,157320391663,2469000,1
157.323,10,157320391663,2469000,1
157.325,22,157322885663,2469000,1
157.328,2,157325352663,2496006,0
157.33,16,157327884669,2496006,0
157.333,18,157330416675,2496006,0
157.336,21,157333261681,2496006,0
157.338,22,157335784687,2496006,0
157.341,18,157338316693,2496006,0
157.343,2,157340848699,2496006,0
157.346,22,157343380705,2496006,0
157.348,16,157345903711,2469000,1
157.348,15,157345903711,2469000,1
157.351,7,157348370711,2496006,0
157.353,14,157350893717,2496006,0
157.356,6,157353434723,2496006,0
157.358,21,157355966729,2496006,0
157.361,23,157358489735,2496006,0
157.364,7,157361325741,2496006,0
157.366,18,157363848747,2496006,0
157.369,6,157366371753,2496006,0
157.371,6,157368894759,2496006,0
157.374,2,157371417765,2496006,0
157.376,21,157373940771,2469000,1
157.376,18,157373940771,2469000,1
157.379,22,157376407771,2496006,0
157.381,23,157378939777,2469000,1
157.381,2,157378939777,2469000,1
157.384,6,157381406777,2469000,1
157.384,14,157381406777,2469000,1
157.386,6,157383900777,2496006,0
157.389,7,157386423783,2496006,0
157.391,21,157388946789,2496006,0
157.394,22,157391505795,2496006,0
157.397,6,157394037801,2496006,0
157.399,16,157396560807,2496006,0
157.404,21,157401615819,2469000,1
157.404,7,157401615819,2469000,1
157.407,22,157404091819,2469000,1
157.407,23,157404091819,2469000,1
157.409,18,157406567819,2496006,0
157.412,14,157409090825,2496006,0
157.414,16,157411613831,2496006,0
157.417,21,157414145837,2496006,0
157.419,6,157416668843,2496006,0
157.422,18,157419191849,2496006,0
157.424,2,157421714855,2469000,1
157.424,21,157421714855,2469000,1
157.427,16,157424181855,2469000,1
157.427,18,157424181855,2469000,1
157.429,6,157426648855,2496006,0
157.432,14,157429180861,2469000,1
157.432,6,157429180861,2469000,1
157.434,6,157431674861,2496006,0
157.437,16,157434546867,2496006,0
157.44,14,157437087873,2469000,1
157.44,6,157437087873,2469000,1
157.442,16,157439563873,2469000,1
157.442,6,157439563873,2469000,1
157.444,5,157442030873,2469000,1
157.444,7,157442030873,2469000,1
157.447,22,157444515873,2496006,0
157.45,17,157447056879,2469000,1
157.45,16,157447056879,2469000,1
157.452,9,157449532879,2496006,0
157.455,18,157452064885,2496006,0
157.457,21,157454587891,2496006,0
157.46,9,157457155897,2469000,1
157.46,6,157457155897,2469000,1
157.46,22,157457155897,2469000,1
157.46,16,157457155897,2469000,1
157.465,21,157462163903,2469000,1
157.465,2,157462163903,2469000,1
157.467,18,157464970909,2496006,0
157.47,16,157467502915,2496006,0
157.473,2,157470025921,2496006,0
157.475,15,157472548927,2496006,0
157.478,23,157475089933,2496006,0
157.48,9,157477621939,2496006,0
157.483,2,157480153945,2496006,0
157.485,2,157482694951,2496006,0
157.488,15,157485217957,2469000,1
157.488,16,157485217957,2469000,1
157.49,18,157487684957,2496006,0
157.493,14,157490216963,2469000,1
157.493,22,157490216963,2469000,1
157.495,23,157492683963,2496006,0
157.498,18,157495215969,2469000,1
157.498,9,157495215969,2469000,1
157.498,23,157495215969,2469000,1
157.5,21,157497691969,2496006,0
157.503,2,157500232975,2496006,0
157.505,2,157502773981,2496006,0
157.508,7,157505296987,2496006,0
157.51,4,157507819993,2496006,0
157.513,18,157510369999,2496006,0
157.515,4,157512893005,2496006,0
157.518,21,157515416011,2496006,0
157.52,7,157517939017,2469000,1
157.52,15,157517939017,2469000,1
157.523,2,157520406017,2496006,0
157.525,18,157522929023,2496006,0
157.528,4,157525452029,2469000,1
157.528,16,157525452029,2469000,1
157.528,18,157525452029,2469000,1
157.53,9,157527946029,2469000,1
157.53,18,157527946029,2469000,1
157.533,13,157530422029,2469000,1
157.533,22,157530422029,2469000,1
157.535,2,157532898029,2469000,1
157.535,23,157532898029,2469000,1
157.538,21,157535383029,2496006,0
157.541,19,157538228035,2469000,1
157.541,18,157538228035,2469000,1
157.543,4,157540740035,2496006,0
157.546,7,157543263041,2496006,0
157.548,7,157545786047,2496006,0
157.551,22,157548327053,2496006,0
157.553,8,157550850059,2496006,0
157.556,21,157553373065,2496006,0
157.558,1,157555896071,2496006,0
157.561,7,157558419077,2469000,1
157.561,21,157558419077,2469000,1
157.563,22,157560886077,2496006,0
157.566,11,157563409083,2469000,1
157.566,17,157563409083,2469000,1
157.569,2,157566198089,2496006,0
157.571,8,157568721095,2496006,0
157.574,14,157571244101,2469000,1
157.574,9,157571244101,2469000,1
157.576,4,157573711101,2469000,1
157.576,1,157573711101,2469000,1
157.579,7,157576196101,2496006,0
157.584,15,157581242113,2469000,1
157.584,22,157581242113,2469000,1
157.586,6,157583718113,2469000,1
157.586,8,157583718113,2469000,1
157.589,2,157586185113,2496006,0
157.591,8,157588708119,2496006,0
157.594,4,157591249125,2469000,1
157.594,1,157591249125,2469000,1
157.596,8,157593725125,2496006,0
157.599,4,157596248131,2496006,0
157.601,21,157598771137,2496006,0
157.604,20,157601312143,2469000,1
157.604,16,157601312143,2469000,1
157.604,7,157601312143,2469000,1
157.604,1,157601312143,2469000,1
157.606,8,157603788143,2496006,0
157.609,2,157606329149,2496006,0
157.611,21,157608861155,2496006,0
157.614,21,157611402161,2496006,0
157.616,8,157613934167,2469000,1
157.616,4,157613934167,2469000,1
157.619,4,157616403167,2496006,0
157.621,23,157618935173,2496006,0
157.624,10,157621458179,2469000,1
157.624,22,157621458179,2469000,1
157.626,4,157623925179,2496006,0
157.629,2,157626448185,2496006,0
157.631,2,157629016191,2469000,1
157.631,22,157629016191,2469000,1
157.634,21,157631483191,2496006,0
157.636,4,157634015197,2469000,1
157.636,18,157634015197,2469000,1
157.636,7,157634015197,2469000,1
157.642,23,157639336203,2469000,1
157.642,22,157639336203,2469000,1
157.644,23,157641812203,2496006,0
157.647,23,157644335209,2496006,0
157.649,8,157646876215,2469000,1
157.649,21,157646876215,2469000,1
157.649,23,157646876215,2469000,1
157.652,9,157649343215,2496006,0
157.654,4,157651911221,2496006,0
157.657,9,157654443227,2469000,1
157.657,16,157654443227,2469000,1
157.657,2,157654443227,2469000,1
157.659,4,157656946227,2496006,0
157.662,21,157659469233,2496006,0
157.665,5,157662019239,2496006,0
157.667,5,157664542245,2496006,0
157.67,4,157667092251,2496006,0
157.672,21,157669928257,2496006,0
157.675,2,157672478263,2469000,1
157.675,21,157672478263,2469000,1
157.677,5,157674954263,2469000,1
157.677,23,157674954263,2469000,1
157.68,4,157677421263,2496006,0
157.685,18,157682467275,2496006,0
157.688,14,157685017281,2496006,0
157.69,4,157687549287,2496006,0
157.693,13,157690072293,2469000,1
157.693,8,157690072293,2469000,1
157.693,9,157690072293,2469000,1
157.693,23,157690072293,2469000,1
157.695,14,157692593293,2469000,1
157.695,21,157692593293,2469000,1
157.698,18,157695060293,2469000,1
157.698,4,157695060293,2469000,1
157.7,7,157697527293,2496006,0
157.703,13,157700059299,2496006,0
157.705,7,157702600305,2469000,1
157.705,5,157702600305,2469000,1
157.708,21,157705076305,2496006,0
157.71,14,157707608311,2496006,0
157.713,13,157710131317,2469000,1
157.713,12,157710131317,2469000,1
157.715,22,157712598317,2469000,1
157.715,14,157712598317,2469000,1
157.715,13,157712600317,2469000,1
157.715,12,157712600317,2469000,1
157.718,21,157715085317,2469000,1
157.718,14,157715085317,2469000,1
157.723,9,157720102323,2469000,1
157.723,18,157720102323,2469000,1
157.725,1,157722569323,2496006,0
157.728,4,157725101329,2496006,0
157.73,15,157727624335,2496006,0
157.733,14,157730147341,2496006,0
157.735,18,157732670347,2496006,0
157.738,23,157735211353,2496006,0
157.74,1,157737734359,2469000,1
157.74,12,157737734359,2469000,1
157.743,23,157740201359,2496006,0
157.746,18,157743037365,2469000,1
157.746,15,157743037365,2469000,1
157.746,7,157743037365,2469000,1
157.748,14,157745504365,2469000,1
157.748,21,157745504365,2469000,1
157.751,4,157748007365,2496006,0
157.753,23,157750548371,2496006,0
157.756,14,157753071377,2496006,0
157.758,5,157755594383,2496006,0
157.761,14,157758135389,2469000,1
157.761,5,157758135389,2469000,1
157.763,23,157760602389,2469000,1
157.766,21,157763069389,2496006,0
157.768,4,157765637395,2496006,0
157.771,15,157768160401,2469000,1
157.771,5,157768160401,2469000,1
157.771,23,157768160401,2469000,1
157.773,21,157770976407,2469000,1
157.773,12,157770976407,2469000,1
157.773,14,157770976407,2469000,1
157.776,1,157773452407,2469000,1
157.776,18,157773452407,2469000,1
157.778,4,157775928407,2496006,0
157.781,8,157778469413,2469000,1
157.781,7,157778469413,2469000,1
157.783,13,157780972413,2496006,0
157.786,21,157783513419,2496006,0
157.789,8,157786036425,2496006,0
157.791,21,157788568431,2496006,0
157.794,4,157791091437,2496006,0
157.796,8,157793614443,2469000,1
157.799,8,157796090443,2496006,0
157.801,13,157798613449,2496006,0
157.804,23,157801145455,2496006,0
157.806,2,157803722461,2496006,0
157.809,8,157806245467,2496006,0
157.811,21,157808768473,2469000,1
157.811,4,157808768473,2469000,1
157.814,2,157811235473,2496006,0
157.816,21,157813758479,2496006,0
157.819,5,157816281485,2469000,1
157.819,13,157816281485,2469000,1
157.819,21,157816281485,2469000,1
157.821,23,157818766485,2496006,0
157.824,6,157821298491,2496006,0
157.826,18,157823839497,2496006,0
157.829,23,157826362503,2469000,1
157.829,21,157826362503,2469000,1
157.831,18,157828829503,2469000,1
157.831,23,157828831503,2469000,1
157.834,2,157831298503,2496006,0
157.836,1,157833821509,2469000,1
157.836,8,157833821509,2469000,1
157.839,21,157836288509,2496006,0
157.841,12,157838811515,2469000,1
157.841,14,157838811515,2469000,1
157.844,15,157841287515,2496006,0
157.847,15,157844123521,2469000,1
157.849,6,157846590521,2496006,0
157.852,2,157849113527,2469000,1
157.852,15,157849113527,2469000,1
157.854,4,157851580527,2496006,0
157.857,6,157854103533,2496006,0
157.859,16,157856635539,2469000,1
157.859,6,157856635539,2469000,1
157.862,14,157859102539,2469000,1
157.864,2,157861569539,2496006,0
157.867,4,157864092545,2469000,1
157.867,6,157864092545,2469000,1
157.869,8,157866559545,2496006,0
157.872,7,157869082551,2469000,1
157.872,18,157869082551,2469000,1
157.872,8,157869082551,2469000,1
157.874,5,157871549551,2469000,1
157.874,13,157871549551,2469000,1
157.874,21,157871549551,2469000,1
157.879,21,157876852563,2496006,0
157.882,8,157879384569,2496006,0
157.884,2,157881916575,2496006,0
157.887,21,157884439581,2496006,0
157.889,13,157886962587,2496006,0
157.892,9,157889485593,2496006,0
157.895,9,157892008599,2496006,0
157.897,21,157894540605,2496006,0
157.9,6,157897063611,2496006,0
157.902,13,157899604617,2496006,0
157.905,8,157902154623,2496006,0
157.907,21,157904677629,2469000,1
157.907,18,157904677629,2469000,1
157.91,2,157907144629,2496006,0
157.912,9,157909667635,2496006,0
157.915,2,157912190641,2496006,0
157.917,6,157914713647,2496006,0
157.92,8,157917236653,2469000,1
157.92,4,157917236653,2469000,1
157.92,21,157917236653,2469000,1
157.922,6,157919712653,2496006,0
157.925,6,157922235659,2469000,1
157.927,13,157924702659,2496006,0
157.93,2,157927225665,2496006,0
157.932,2,157929757671,2496006,0
157.935,13,157932289677,2496006,0
157.937,15,157934830683,2469000,1
157.937,9,157934830683,2469000,1
157.94,2,157937297683,2496006,0
157.942,3,157939820689,2496006,0
157.945,23,157942343695,2469000,1
157.945,6,157942343695,2469000,1
157.945,2,157942343695,2469000,1
157.947,13,157944837695,2496006,0
157.95,7,157947709701,2496006,0
157.953,6,157950232707,2469000,1
157.953,7,157950232707,2469000,1
157.955,21,157952708707,2496006,0
157.958,8,157955231713,2496006,0
157.96,3,157957763719,2469000,1
157.96,13,157957763719,2469000,1
157.963,21,157960230719,2496006,0
157.965,1,157962753725,2469000,1
157.965,2,157962753725,2469000,1
157.968,21,157965220725,2496006,0
157.97,15,157967761731,2469000,1
157.97,13,157967761731,2469000,1
157.973,8,157970246731,2469000,1
157.975,3,157972713731,2496006,0
157.978,20,157975549737,2496006,0
157.981,9,157978072743,2496006,0
157.983,20,157980595749,2496006,0
157.986,7,157983118755,2469000,1
157.986,3,157983118755,2469000,1
157.988,2,157985594755,2496006,0
157.991,9,157988117761,2469000,1
157.991,21,157988117761,2469000,1
157.993,9,157990586761,2496006,0
157.996,20,157993109767,2496006,0
157.998,3,157995632773,2496006,0
158.001,18,157998164779,2469000,1
158.001,20,157998164779,2469000,1
158.003,7,158000658779,2496006,0
158.006,2,158003181785,2496006,0
158.008,20,158005713791,2496006,0
158.011,7,158008245797,2469000,1
158.011,20,158008245797,2469000,1
158.013,8,158010721797,2469000,1
158.013,9,158010721797,2469000,1
158.013,3,158010721797,2469000,1
158.016,4,158013188797,2469000,1
158.016,7,158013188797,2469000,1
158.018,2,158015673797,2469000,1
158.018,20,158015673797,2469000,1
158.021,21,158018149797,2496006,0
158.023,9,158020672803,2496006,0
158.026,21,158023204809,2496006,0
158.028,3,158025727815,2469000,1
158.028,21,158025727815,2469000,1
158.033,8,158030744821,2496006,0
158.036,5,158033267827,2496006,0
158.038,9,158035799833,2496006,0
158.041,2,158038340839,2496006,0
158.043,2,158040872845,2496006,0
158.046,3,158043395851,2496006,0
158.048,9,158045918857,2496006,0
158.051,7,158048754863,2469000,1
158.051,2,158048754863,2469000,1
158.054,2,158051230863,2496006,0
158.056,8,158053771869,2496006,0
158.059,5,158056294875,2496006,0
158.061,3,158058826881,2496006,0
158.064,9,158061349887,2496006,0
158.066,2,158063872893,2469000,1
158.066,17,158063872893,2469000,1
158.066,13,158063872893,2469000,1
158.069,21,158066357893,2496006,0
158.071,9,158068880899,2469000,1
158.071,3,158068880899,2469000,1
158.074,21,158071374899,2469000,1
158.074,8,158071374899,2469000,1
158.076,21,158073850899,2496006,0
158.079,9,158076373905,2469000,1
158.079,21,158076373905,2469000,1
158.082,5,158079153911,2496006,0
158.084,12,158081676917,2469000,1
158.084,23,158081676917,2469000,1
158.087,20,158084161917,2496006,0
158.089,23,158086684923,2496006,0
158.094,8,158091739935,2496006,0
158.097,9,158094289941,2496006,0
158.099,20,158096812947,2469000,1
158.099,13,158096812947,2469000,1
158.099,5,158096812947,2469000,1
158.102,9,158099279947,2496006,0
158.104,6,158101802953,2496006,0
158.107,3,158104334959,2496006,0
158.109,2,158106857965,2469000,1
158.109,21,158106857965,2469000,1
158.112,23,158109324965,2469000,1
158.112,6,158109324965,2469000,1
158.114,8,158111791965,2496006,0
158.117,9,158114314971,2496006,0
158.119,3,158116846977,2469000,1
158.119,4,158116846977,2469000,1
158.122,1,158119313977,2469000,1
158.122,15,158119313977,2469000,1
158.124,9,158121807977,2496006,0
158.127,7,158124348983,2469000,1
158.127,23,158124348983,2469000,1
158.129,20,158126851983,2469000,1
158.129,8,158126851983,2469000,1
158.132,5,158129327983,2469000,1
158.132,20,158129327983,2469000,1
158.134,9,158131839983,2496006,0
158.137,6,158134371989,2496006,0
158.139,5,158136903995,2496006,0
158.142,6,158139427001,2469000,1
158.144,9,158141930001,2469000,1
158.144,3,158141930001,2469000,1
158.147,18,158144406001,2496006,0
158.149,23,158146929007,2496006,0
158.152,16,158149461013,2496006,0
158.155,2,158152297019,2469000,1
158.155,6,158152297019,2469000,1
158.157,18,158154764019,2469000,1
158.157,20,158154764019,2469000,1
158.157,5,158154764019,2469000,1
158.157,3,158154764019,2469000,1
158.157,23,158154764019,2469000,1
158.16,11,158157231019,2496006,0
158.162,8,158159754025,2496006,0
158.165,5,158162277031,2496006,0
158.167,16,158164809037,2469000,1
158.167,8,158164809037,2469000,1
158.17,5,158167285037,2496006,0
158.172,22,158169835043,2496006,0
158.175,11,158172367049,2496006,0
158.177,11,158174908055,2496006,0
158.18,5,158177440061,2496006,0
158.183,21,158180294067,2496006,0
158.185,4,158182826073,2469000,1
158.185,18,158182826073,2469000,1
158.188,23,158185293073,2496006,0
158.19,5,158187816079,2469000,1
158.19,9,158187816079,2469000,1
158.193,11,158190283079,2469000,1
158.193,6,158190283079,2469000,1
158.193,22,158190283079,2469000,1
158.195,20,158192768079,2496006,0
158.198,23,158195300085,2496006,0
158.2,23,158197823091,2496006,0
158.203,16,158200346097,2469000,1
158.203,8,158200346097,2469000,1
158.205,21,158202813097,2496006,0
158.208,5,158205336103,2496006,0
158.21,20,158207868109,2496006,0
158.213,21,158210418115,2496006,0
158.215,5,158212950121,2496006,0
158.218,20,158215473127,2469000,1
158.218,11,158215473127,2469000,1
158.22,23,158217940127,2496006,0
158.223,14,158220481133,2496006,0
158.226,11,158223004139,2496006,0
158.228,21,158225527145,2496006,0
158.231,9,158228050151,2469000,1
158.231,22,158228050151,2469000,1
158.231,5,158228050151,2469000,1
158.233,20,158230517151,2496006,0
158.236,21,158233040157,2496006,0
158.238,14,158235563163,2496006,0
158.241,10,158238086169,2469000,1
158.241,3,158238086169,2469000,1
158.243,23,158240553169,2469000,1
158.243,21,158240553169,2469000,1
158.248,11,158245588175,2496006,0
158.251,23,158248120181,2496006,0
158.253,22,158250652187,2469000,1
158.253,20,158250652187,2469000,1
158.256,14,158253441193,2496006,0
158.258,8,158255964199,2496006,0
158.261,9,158258487205,2496006,0
158.263,23,158261010211,2469000,1
158.263,9,158261010211,2469000,1
158.266,20,158263477211,2496006,0
158.269,11,158266009217,2496006,0
158.271,5,158268541223,2496006,0
158.274,11,158271082229,2496006,0
158.276,8,158273605235,2469000,1
158.276,21,158273605235,2469000,1
158.279,11,158276099235,2469000,1
158.279,20,158276099235,2469000,1
158.279,14,158276099235,2469000,1
158.281,18,158278566235,2469000,1
158.281,21,158278566235,2469000,1
158.284,16,158281042235,2496006,0
158.286,15,158283887241,2469000,1
158.286,9,158283887241,2469000,1
158.289,23,158286363241,2496006,0
158.291,5,158288886247,2469000,1
158.291,11,158288886247,2469000,1
158.296,16,158293939253,2496006,0
158.299,14,158296462259,2496006,0
158.301,8,158298985265,2496006,0
158.304,2,158301535271,2469000,1
158.304,23,158301535271,2469000,1
158.306,8,158304002271,2469000,1
158.306,16,158304002271,2469000,1
158.309,14,158306487271,2469000,1
158.309,11,158306487271,2469000,1
158.309,23,158306487271,2469000,1
158.311,20,158308963271,2496006,0
158.314,20,158311486277,2496006,0
158.317,7,158314045283,2469000,1
158.317,5,158314045283,2469000,1
158.319,9,158316539283,2496006,0
158.322,20,158319071289,2469000,1
158.322,14,158319071289,2469000,1
158.322,5,158319071289,2469000,1
158.324,8,158321556289,2496006,0
158.327,22,158324079295,2469000,1
158.327,18,158324079295,2469000,1
158.329,13,158326564295,2469000,1
158.329,20,158326564295,2469000,1
158.329,8,158326564295,2469000,1
158.332,9,158329031295,2496006,0
158.337,16,158334095307,2496006,0
158.339,9,158336645313,2496006,0
158.342,6,158339168319,2496006,0
158.344,8,158341718325,2469000,1
158.344,6,158341718325,2469000,1
158.347,20,158344194325,2496006,0
158.349,9,158346717331,2496006,0
158.352,13,158349240337,2469000,1
158.352,20,158349240337,2469000,1
158.354,8,158351707337,2496006,0
158.357,16,158354230343,2496006,0
158.36,9,158357093349,2496006,0
158.362,9,158359625355,2496006,0
158.365,16,158362148361,2496006,0
158.367,9,158364671367,2496006,0
158.37,9,158367203373,2496006,0
158.372,5,158369735379,2496006,0
158.375,23,158372258385,2496006,0
158.377,6,158374781391,2469000,1
158.377,8,158374781391,2469000,1
158.382,23,158379807397,2469000,1
158.382,14,158379807397,2469000,1
158.382,20,158379807397,2469000,1
158.382,16,158379807397,2469000,1
158.385,9,158382283397,2469000,1
158.385,6,158382283397,2469000,1
158.388,5,158385081403,2496006,0
158.39,16,158387613409,2496006,0
158.393,11,158390136415,2469000,1
158.393,5,158390136415,2469000,1
158.395,5,158392630415,2496006,0
158.398,9,158395153421,2496006,0
158.4,16,158397739427,2496006,0
158.403,21,158400262433,2496006,0
158.405,23,158402785439,2496006,0
158.408,5,158405308445,2496006,0
158.41,8,158407831451,2469000,1
158.41,5,158407831451,2469000,1
158.413,9,158410307451,2496006,0
158.415,21,158412830457,2496006,0
158.42,4,158417894469,2469000,1
158.42,14,158417894469,2469000,1
158.423,23,158420370469,2469000,1
158.423,20,158420370469,2469000,1
158.423,16,158420370469,2469000,1
158.425,21,158422837469,2496006,0
158.428,9,158425405475,2496006,0
158.43,6,158427928481,2496006,0
158.433,9,158430478487,2469000,1
158.433,23,158430478487,2469000,1
158.435,21,158432945487,2496006,0
158.438,20,158435477493,2469000,1
158.438,21,158435477493,2469000,1
158.44,6,158437944493,2496006,0
158.443,18,158440485499,2496006,0
158.445,5,158443008505,2469000,1
158.445,6,158443008505,2469000,1
158.448,10,158445475505,2496006,0
158.45,16,158447998511,2469000,1
158.45,5,158447998511,2469000,1
158.453,18,158450465511,2496006,0
158.458,4,158455529523,2496006,0
158.461,6,158458365529,2496006,0
158.463,18,158460897535,2496006,0
158.466,9,158463420541,2496006,0
158.468,10,158465952547,2496006,0
158.471,18,158468475553,2496006,0
158.473,23,158471025559,2469000,1
158.473,4,158471025559,2469000,1
158.476,6,158473492559,2496006,0
158.479,2,158476024565,2496006,0
158.481,10,158478556571,2496006,0
158.484,21,158481079577,2496006,0
158.486,21,158483602583,2496006,0
158.489,2,158486125589,2496006,0
158.491,8,158488961595,2469000,1
158.491,9,158488961595,2469000,1
158.494,6,158491437595,2496006,0
158.496,18,158493960601,2496006,0
158.499,2,158496492607,2496006,0
158.502,9,158499024613,2496006,0
158.504,2,158501547619,2469000,1
158.504,9,158501547619,2469000,1
158.507,21,158504023619,2496006,0
158.509,6,158506546625,2469000,1
158.509,10,158506546625,2469000,1
158.512,16,158509013625,2496006,0
158.514,4,158511536631,2496006,0
158.517,18,158514059637,2496006,0
158.519,16,158516609643,2496006,0
158.522,4,158519132649,2496006,0
158.524,10,158521664655,2469000,1
158.524,4,158521664655,2469000,1
158.527,18,158524131655,2496006,0
158.529,2,158526654661,2496006,0
158.532,9,158529186667,2469000,1
158.532,4,158529186667,2469000,1
158.534,21,158531653667,2469000,1
158.534,2,158531653667,2469000,1
158.537,16,158534129667,2496006,0
158.539,18,158536652673,2469000,1
158.539,20,158536652673,2469000,1
158.542,18,158539173673,2496006,0
158.544,9,158541723679,2469000,1
158.544,2,158541723679,2469000,1
158.547,6,158544190679,2496006,0
158.549,5,158546722685,2496006,0
158.552,16,158549245691,2469000,1
158.554,22,158551712691,2469000,1
158.554,6,158551712691,2469000,1
158.557,5,158554179691,2496006,0
158.559,12,158556702697,2469000,1
158.559,16,158556702697,2469000,1
158.562,1,158559178697,2469000,1
158.562,14,158559178697,2469000,1
158.562,6,158559178697,2469000,1
158.564,11,158561967703,2496006,0
158.567,18,158564490709,2496006,0
158.569,10,158567013715,2469000,1
158.569,18,158567013715,2469000,1
158.572,5,158569480715,2496006,0
158.574,11,158572003721,2496006,0
158.577,3,158574526727,2496006,0
158.58,21,158577058733,2469000,1
158.58,5,158577058733,2469000,1
158.582,21,158579570733,2496006,0
158.585,6,158582093739,2496006,0
158.587,3,158584625745,2496006,0
158.59,18,158587148751,2469000,1
158.59,11,158587148751,2469000,1
158.59,6,158587148751,2469000,1
158.592,6,158589937757,2496006,0
158.595,7,158592460763,2469000,1
158.595,4,158592460763,2469000,1
158.597,21,158594927763,2469000,1
158.597,2,158594927763,2469000,1
158.6,23,158597394763,2469000,1
158.6,16,158597394763,2469000,1
158.602,3,158599879763,2496006,0
158.605,5,158602411769,2496006,0
158.607,5,158604943775,2469000,1
158.61,6,158607428775,2469000,1
158.61,2,158607428775,2469000,1
158.612,3,158609904775,2469000,1
158.615,21,158612380775,2496006,0
158.62,21,158617444787,2496006,0
158.622,6,158619967793,2496006,0
158.625,3,158622517799,2496006,0
158.628,11,158625049805,2496006,0
158.63,8,158627590811,2469000,1
158.63,10,158627590811,2469000,1
158.633,11,158630075811,2469000,1
158.633,6,158630075811,2469000,1
158.635,4,158632551811,2469000,1
158.635,21,158632551811,2469000,1
158.637,3,158635018811,2469000,1
158.637,5,158635018811,2469000,1
158.64,21,158637503811,2496006,0
158.643,10,158640089817,2496006,0
158.645,3,158642612823,2496006,0
158.648,21,158645135829,2496006,0
158.65,11,158647667835,2469000,1
158.65,6,158647667835,2469000,1
158.653,16,158650134835,2496006,0
158.655,18,158652657841,2496006,0
158.658,18,158655189847,2496006,0
158.66,21,158657712853,2469000,1
158.66,16,158657712853,2469000,1
158.666,3,158663015859,2496006,0
158.668,5,158665574865,2469000,1
158.668,10,158665574865,2469000,1
158.671,1,158668041865,2496006,0
158.673,10,158670573871,2496006,0
158.676,18,158673096877,2496006,0
158.678,18,158675655883,2469000,1
158.678,10,158675655883,2469000,1
158.681,1,158678131883,2469000,1
158.681,15,158678131883,2469000,1
158.681,3,158678131883,2469000,1
158.683,2,158680616883,2496006,0
158.686,21,158683184889,2496006,0
158.688,2,158685707895,2496006,0
158.691,16,158688239901,2469000,1
158.691,3,158688239901,2469000,1
158.693,9,158690706901,2496006,0
158.696,21,158693560907,2496006,0
158.699,9,158696083913,2469000,1
158.701,5,158698550913,2496006,0
158.704,5,158701082919,2496006,0
158.706,2,158703605925,2496006,0
158.709,1,158706128931,2496006,0
158.711,21,158708651937,2469000,1
158.711,11,158708651937,2469000,1
158.711,10,158708651937,2469000,1
158.714,1,158711127937,2496006,0
158.716,6,158713650943,2496006,0
158.719,6,158716173949,2496006,0
158.721,22,158718696955,2496006,0
158.724,18,158721219961,2469000,1
158.724,22,158721219961,2469000,1
158.726,2,158723686961,2469000,1
158.726,3,158723686961,2469000,1
158.729,16,158726153961,2496006,0
158.731,20,158728694967,2496006,0
158.734,1,158731217973,2496006,0
158.736,5,158733740979,2496006,0
158.739,6,158736263985,2469000,1
158.739,20,158736263985,2469000,1
158.741,21,158738730985,2469000,1
158.741,5,158738730985,2469000,1
158.744,16,158741206985,2496006,0
158.746,10,158743738991,2496006,0
158.749,11,158746270997,2469000,1
158.749,2,158746270997,2469000,1
158.749,16,158746270997,2469000,1
158.754,9,158751261003,2496006,0
158.756,1,158753784009,2496006,0
158.759,18,158756334015,2469000,1
158.759,6,158756334015,2469000,1
158.759,10,158756334015,2469000,1
158.759,1,158756334015,2469000,1
158.761,22,158758810015,2496006,0
158.764,19,158761360021,2496006,0
158.766,9,158763901027,2496006,0
158.769,19,158766755033,2469000,1
158.769,20,158766755033,2469000,1
158.772,22,158769249033,2496006,0
158.774,22,158771772039,2496006,0
158.777,5,158774295045,2469000,1
158.777,1,158774295045,2469000,1
158.779,16,158776798045,2469000,1
158.779,9,158776798045,2469000,1
158.782,10,158779265045,2469000,1
158.782,1,158779265045,2469000,1
158.784,22,158781741045,2496006,0
158.787,9,158784291051,2496006,0
158.789,9,158786823057,2496006,0
158.794,2,158791869069,2469000,1
158.794,6,158791869069,2469000,1
158.794,9,158791869069,2469000,1
158.797,18,158794649075,2496006,0
158.8,19,158797181081,2496006,0
158.802,22,158799704087,2496006,0
158.805,21,158802254093,2496006,0
158.807,10,158804777099,2496006,0
158.81,19,158807300105,2469000,1
158.81,20,158807300105,2469000,1
158.81,10,158807300105,2469000,1
158.812,18,158809785105,2496006,0
158.815,21,158812326111,2496006,0
158.817,22,158814858117,2496006,0
158.82,10,158817381123,2496006,0
158.822,5,158819922129,2496006,0
158.825,19,158822445135,2496006,0
158.827,21,158824986141,2496006,0
158.83,9,158827509147,2496006,0
158.833,9,158830032153,2496006,0
158.835,10,158832555159,2469000,1
158.835,18,158832555159,2469000,1
158.837,21,158835022159,2469000,1
158.84,22,158837489159,2496006,0
158.843,19,158840021165,2496006,0
158.845,1,158842553171,2469000,1
158.845,19,158842553171,2469000,1
158.848,22,158845029171,2496006,0
158.85,5,158847552177,2496006,0
158.853,19,158850075183,2496006,0
158.855,22,158852607189,2496006,0
158.858,14,158855139195,2469000,1
158.858,9,158855139195,2469000,1
158.86,22,158857633195,2469000,1
158.86,16,158857633195,2469000,1
158.863,18,158860100195,2496006,0
158.865,21,158862632201,2496006,0
158.868,5,158865164207,2496006,0
158.87,7,158868009213,2469000,1
158.87,19,158868009213,2469000,1
158.873,9,158870485213,2496006,0
158.875,5,158873017219,2469000,1
158.875,3,158873017219,2469000,1
158.878,21,158875484219,2469000,1
158.878,10,158875484219,2469000,1
158.88,18,158877951219,2496006,0
158.886,11,158883024231,2496006,0
158.888,4,158885565237,2469000,1
158.888,22,158885565237,2469000,1
158.888,9,158885565237,2469000,1
158.891,18,158888068237,2496006,0
158.893,18,158890591243,2496006,0
158.896,5,158893114249,2469000,1
158.896,18,158893114249,2469000,1
158.898,19,158895599249,2469000,1
158.898,21,158895599249,2469000,1
158.901,11,158898397255,2496006,0
158.903,3,158900938261,2496006,0
158.906,9,158903461267,2496006,0
158.908,9,158905984273,2496006,0
158.911,11,158908507279,2469000,1
158.911,2,158908507279,2469000,1
158.913,20,158910983279,2496006,0
158.916,23,158913560285,2496006,0
158.919,20,158916083291,2469000,1
158.919,18,158916083291,2469000,1
158.919,23,158916083291,2469000,1
158.924,9,158921073297,2496006,0
158.926,3,158923596303,2496006,0
158.929,11,158926119309,2496006,0
158.931,9,158928660315,2496006,0
158.934,3,158931192321,2469000,1
158.934,20,158931192321,2469000,1
158.934,23,158931192321,2469000,1
158.934,9,158931192321,2469000,1
158.936,11,158933704321,2469000,1
158.936,8,158933704321,2469000,1
158.936,20,158933704321,2469000,1
158.939,22,158936171321,2469000,1
158.939,3,158936171321,2469000,1
158.941,11,158938647321,2496006,0
158.944,6,158941170327,2496006,0
158.946,10,158943693333,2469000,1
158.946,9,158943693333,2469000,1
158.949,3,158946160333,2496006,0
158.951,5,158948683339,2496006,0
158.954,21,158951215345,2496006,0
158.956,11,158953738351,2496006,0
158.959,6,158956261357,2469000,1
158.959,5,158956261357,2469000,1
158.961,3,158958764357,2469000,1
158.964,21,158961231357,2496006,0
158.966,17,158963763363,2496006,0
158.969,3,158966286369,2496006,0
158.971,21,158968827375,2496006,0
158.974,11,158971663381,2496006,0
158.977,3,158974213387,2496006,0
158.979,11,158976745393,2469000,1
158.979,19,158976745393,2469000,1
158.979,6,158976745393,2469000,1
158.982,21,158979212393,2496006,0
158.984,3,158981735399,2496006,0
158.987,20,158984267405,2496006,0
158.989,17,158986790411,2496006,0
158.992,5,158989331417,2496006,0
158.994,20,158991854423,2496006,0
158.997,3,158994377429,2496006,0
158.999,16,158996900435,2469000,1
158.999,22,158996900435,2469000,1
159.002,3,158999689441,2496006,0
159.005,5,159002212447,2496006,0
159.007,18,159004735453,2469000,1
159.007,3,159004735453,2469000,1
159.01,20,159007202453,2469000,1
159.01,23,159007202453,2469000,1
159.01,21,159007202453,2469000,1
159.012,17,159009669453,2469000,1
159.012,10,159009669453,2469000,1
159.015,5,159012172453,2496006,0
159.017,9,159014695459,2496006,0
159.02,3,159017218465,2496006,0
159.022,20,159019741471,2496006,0
159.025,11,159022264477,2496006,0
159.027,6,159024787483,2496006,0
159.03,5,159027319489,2496006,0
159.032,18,159029860495,2496006,0
159.035,20,159032383501,2469000,1
159.035,9,159032383501,2469000,1
159.037,5,159034850501,2469000,1
159.037,9,159034852501,2469000,1
159.04,18,159037319501,2496006,0
159.042,3,159039860507,2496006,0
159.045,6,159042392513,2496006,0
159.047,11,159044915519,2496006,0
159.05,21,159047447525,2496006,0
159.052,9,159049979531,2496006,0
159.055,18,159052502537,2496006,0
159.058,17,159055025543,2496006,0
159.06,21,159057575549,2469000,1
159.06,3,159057575549,2469000,1
159.063,6,159060042549,2496006,0
159.068,11,159065097561,2496006,0
159.07,18,159067629567,2496006,0
159.073,6,159070161573,2496006,0
159.075,5,159072997579,2496006,0
159.078,9,159075520585,2469000,1
159.078,17,159075520585,2469000,1
159.078,21,159075520585,2469000,1
159.08,17,159077996585,2496006,0
159.083,18,159080519591,2469000,1
159.083,20,159080519591,2469000,1
159.085,6,159082986591,2496006,0
159.088,17,159085527597,2469000,1
159.088,11,159085527597,2469000,1
159.091,19,159088012597,2496006,0
159.093,5,159090544603,2496006,0
159.096,6,159093076609,2496006,0
159.098,11,159095599615,2496006,0
159.101,3,159098122621,2496006,0
159.103,5,159100645627,2469000,1
159.103,17,159100645627,2469000,1
159.106,20,159103425633,2469000,1
159.106,11,159103425633,2469000,1
159.108,19,159105910633,2496006,0
159.111,9,159108442639,2469000,1
159.111,11,159108442639,2469000,1
159.113,6,159110909639,2469000,1
159.113,19,159110909639,2469000,1
159.116,18,159113403639,2469000,1
159.116,9,159113403639,2469000,1
159.118,3,159115888639,2469000,1
159.118,11,159115888639,2469000,1
159.123,11,159120878645,2496006,0
159.126,19,159123401651,2496006,0
159.128,9,159125924657,2469000,1
159.128,11,159125924657,2469000,1
159.131,5,159128409657,2496006,0
159.133,11,159130941663,2496006,0
159.136,19,159133464669,2496006,0
159.138,19,159135996675,2496006,0
159.141,18,159138555681,2496006,0
159.144,11,159141078687,2496006,0
159.146,20,159143601693,2496006,0
159.149,18,159146133699,2496006,0
159.151,19,159148656705,2469000,1
159.151,23,159148656705,2469000,1
159.154,5,159151123705,2496006,0
159.156,21,159153646711,2469000,1
159.156,6,159153646711,2469000,1
159.159,20,159156122711,2469000,1
159.159,3,159156122711,2469000,1
159.161,17,159158598711,2496006,0
159.164,5,159161130717,2469000,1
159.164,11,159161130717,2469000,1
159.166,17,159163615717,2469000,1
159.166,11,159163615717,2469000,1
159.169,18,159166100717,2496006,0
159.171,11,159168650723,2496006,0
159.174,18,159171173729,2469000,1
159.176,5,159173658729,2496006,0
159.179,5,159176512735,2496006,0
159.182,11,159179053741,2469000,1
159.182,18,159179053741,2469000,1
159.184,19,159181529741,2496006,0
159.187,13,159184052747,2469000,1
159.187,11,159184052747,2469000,1
159.189,1,159186519747,2496006,0
159.192,20,159189042753,2496006,0
159.194,17,159191565759,2469000,1
159.194,1,159191565759,2469000,1
159.197,19,159194050759,2469000,1
159.197,3,159194050759,2469000,1
159.197,20,159194050759,2469000,1
159.199,5,159196544759,2496006,0
159.202,21,159199121765,2496006,0
159.204,1,159201644771,2496006,0
159.207,19,159204489777,2496006,0
159.209,5,159207012783,2469000,1
159.209,18,159207012783,2469000,1
159.212,5,159209488783,2496006,0
159.215,6,159212011789,2496006,0
159.217,21,159214543795,2469000,1
159.217,16,159214543795,2469000,1
159.222,20,159219533801,2496006,0
159.225,1,159222065807,2496006,0
159.227,2,159224588813,2496006,0
159.23,19,159227111819,2469000,1
159.23,20,159227111819,2469000,1
159.23,1,159227111819,2469000,1
159.232,5,159229623819,2496006,0
159.235,6,159232146825,2496006,0
159.237,11,159234678831,2496006,0
159.24,5,159237237837,2469000,1
159.24,21,159237237837,2469000,1
159.24,2,159237237837,2469000,1
159.242,6,159239713837,2496006,0
159.245,11,159242236843,2469000,1
159.245,10,159242236843,2469000,1
159.247,20,159244703843,2496006,0
159.25,6,159247235849,2496006,0
159.252,19,159249758855,2496006,0
159.255,11,159252281861,2496006,0
159.257,20,159254804867,2496006,0
159.26,17,159257336873,2469000,1
159.26,19,159257336873,2469000,1
159.262,1,159259812873,2496006,0
159.267,11,159264876885,2496006,0
159.27,3,159267399891,2496006,0
159.272,18,159269940897,2469000,1
159.272,2,159269940897,2469000,1
159.272,6,159269940897,2469000,1
159.272,20,159269940897,2469000,1
159.275,3,159272407897,2496006,0
159.277,6,159274939903,2496006,0
159.28,21,159277784909,2496006,0
159.283,3,159280307915,2496006,0
159.285,19,159282830921,2469000,1
159.285,1,159282830921,2469000,1
159.288,5,159285315921,2496006,0
159.29,11,159287838927,2496006,0
159.293,1,159290397933,2496006,0
159.295,11,159292938939,2469000,1
159.295,8,159292938939,2469000,1
159.295,6,159292938939,2469000,1
159.295,21,159292938939,2469000,1
159.298,3,159295405939,2496006,0
159.3,3,159297928945,2496006,0
159.303,5,159300460951,2496006,0
159.305,1,159302983957,2496006,0
159.311,22,159308378969,2496006,0
159.313,20,159310901975,2496006,0
159.316,1,159313424981,2496006,0
159.318,21,159315947987,2496006,0
159.321,3,159318470993,2469000,1
159.321,22,159318470993,2469000,1
159.323,20,159320946993,2469000,1
159.323,23,159320946993,2469000,1
159.326,11,159323422993,2469000,1
159.326,5,159323422993,2469000,1
159.328,6,159325898993,2496006,0
159.331,5,159328421999,2496006,0
159.333,1,159330963005,2496006,0
159.336,6,159333495011,2496006,0
159.339,2,159336018017,2496006,0
159.341,21,159338541023,2496006,0
159.344,1,159341064029,2496006,0
159.346,5,159343587035,2469000,1
159.346,6,159343587035,2469000,1
159.349,22,159346054035,2469000,1
159.349,2,159346054035,2469000,1
159.351,20,159348530035,2496006,0
159.354,21,159351053041,2496006,0
159.356,5,159353594047,2469000,1
159.356,21,159353594047,2469000,1
159.361,1,159358620053,2496006,0
159.364,20,159361152059,2496006,0
159.366,15,159363675065,2469000,1
159.366,3,159363675065,2469000,1
159.369,15,159366144065,2496006,0
159.371,1,159368667071,2496006,0
159.374,19,159371190077,2496006,0
159.376,1,159373722083,2496006,0
159.379,3,159376263089,2496006,0
159.381,15,159378786095,2469000,1
159.381,6,159378786095,2469000,1
159.381,20,159378786095,2469000,1
159.384,6,159381566101,2496006,0
159.387,21,159384107107,2496006,0
159.389,11,159386630113,2469000,1
159.389,2,159386630113,2469000,1
159.389,21,159386630113,2469000,1
159.392,3,159389097113,2496006,0
159.394,6,159391620119,2469000,1
159.394,1,159391620119,2469000,1
159.397,22,159394096119,2469000,1
159.397,19,159394096119,2469000,1
159.399,15,159396590119,2496006,0
159.402,3,159399131125,2496006,0
159.404,20,159401654131,2496006,0
159.407,21,159404186137,2496006,0
159.409,15,159406718143,2496006,0
159.412,11,159409563149,2469000,1
159.415,6,159412030149,2496006,0
159.417,20,159414553155,2469000,1
159.417,15,159414553155,2469000,1
159.42,17,159417029155,2496006,0
159.422,21,159419561161,2469000,1
159.422,3,159419561161,2469000,1
159.425,5,159422046161,2496006,0
159.427,17,159424569167,2496006,0
159.43,19,159427101173,2496006,0
159.432,8,159429624179,2496006,0
159.435,20,159432147185,2469000,1
159.435,8,159432147185,2469000,1
159.437,9,159434614185,2469000,1
159.437,1,159434614185,2469000,1
159.437,6,159434614185,2469000,1
159.437,19,159434614185,2469000,1
159.44,21,159437126185,2496006,0
159.442,21,159439649191,2496006,0
159.445,5,159442181197,2496006,0
159.447,5,159444704203,2496006,0
159.45,17,159447227209,2496006,0
159.452,6,159449777215,2496006,0
159.455,15,159452300221,2469000,1
159.455,20,159452300221,2469000,1
159.457,2,159454785221,2496006,0
159.46,19,159457308227,2496006,0
159.462,23,159459831233,2496006,0
159.465,3,159462354239,2469000,1
159.465,15,159462354239,2469000,1
159.465,23,159462354239,2469000,1
159.467,17,159464821239,2469000,1
159.467,21,159464821239,2469000,1
159.467,5,159464821239,2469000,1
159.467,2,159464821239,2469000,1
159.47,6,159467288239,2469000,1
159.472,8,159469764239,2469000,1
159.472,5,159469764239,2469000,1
159.475,8,159472233239,2496006,0
159.477,23,159474765245,2469000,1
159.477,2,159474765245,2469000,1
159.48,19,159477232245,2496006,0
159.482,9,159479764251,2496006,0
159.485,1,159482609257,2496006,0
159.488,22,159485132263,2469000,1
159.488,3,159485132263,2469000,1
159.488,1,159485132263,2469000,1
159.49,8,159487617263,2496006,0
159.493,6,159490140269,2496006,0
159.495,17,159492681275,2496006,0
159.498,21,159495204281,2496006,0
159.5,8,159497745287,2469000,1
159.5,19,159497745287,2469000,1
159.503,17,159500212287,2496006,0
159.505,21,159502735293,2469000,1
159.505,9,159502735293,2469000,1
159.505,1,159502735293,2469000,1
159.508,9,159505204293,2496006,0
159.51,17,159507727299,2496006,0
159.513,6,159510259305,2496006,0
159.516,9,159513113311,2496006,0
159.518,6,159515645317,2496006,0
159.521,17,159518177323,2496006,0
159.523,8,159520700329,2496006,0
159.526,9,159523250335,2469000,1
159.526,21,159523250335,2469000,1
159.528,19,159525717335,2496006,0
159.531,10,159528240341,2469000,1
159.531,23,159528240341,2469000,1
159.531,19,159528240341,2469000,1
159.533,17,159530716341,2469000,1
159.533,6,159530716341,2469000,1
159.538,2,159535715347,2496006,0
159.541,8,159538238353,2496006,0
159.543,8,159540806359,2496006,0
159.546,8,159543329365,2496006,0
159.548,5,159545852371,2496006,0
159.551,2,159548375377,2496006,0
159.553,21,159550952383,2496006,0
159.556,5,159553475389,2496006,0
159.558,9,159555998395,2496006,0
159.561,8,159558521401,2496006,0
159.564,23,159561053407,2496006,0
159.566,2,159563585413,2496006,0
159.569,19,159566126419,2496006,0
159.571,5,159568658425,2469000,1
159.571,17,159568658425,2469000,1
159.571,6,159568658425,2469000,1
159.574,8,159571125425,2496006,0
159.576,2,159573648431,2496006,0
159.579,21,159576171437,2496006,0
159.581,1,159578694443,2469000,1
159.581,9,159578694443,2469000,1
159.584,23,159581161443,2496006,0
159.587,20,159584006449,2496006,0
159.589,4,159586529455,2496006,0
159.592,19,159589079461,2469000,1
159.592,21,159589079461,2469000,1
159.597,2,159594069467,2469000,1
159.597,8,159594069467,2469000,1
159.599,21,159596545467,2496006,0
159.602,15,159599068473,2496006,0
159.604,23,159601609479,2496006,0
159.607,20,159604132485,2496006,0
159.609,21,159606655491,2469000,1
159.609,4,159606655491,2469000,1
159.612,4,159609124491,2496006,0
159.614,5,159611647497,2496006,0
159.617,9,159614483503,2496006,0
159.62,23,159617024509,2496006,0
159.622,20,159619547515,2496006,0
159.625,15,159622079521,2469000,1
159.625,18,159622079521,2469000,1
159.625,2,159622079521,2469000,1
159.625,21,159622079521,2469000,1
159.627,9,159624546521,2469000,1
159.627,17,159624546521,2469000,1
159.63,3,159627031521,2496006,0
159.632,11,159629563527,2496006,0
159.635,4,159632086533,2469000,1
159.635,5,159632086533,2469000,1
159.637,19,159634580533,2496006,0
159.64,23,159637112539,2469000,1
159.64,20,159637112539,2469000,1
159.642,8,159639579539,2469000,1
159.642,15,159639579539,2469000,1
159.642,5,159639579539,2469000,1
159.645,3,159642064539,2496006,0
159.647,19,159644587545,2469000,1
159.647,7,159644587545,2469000,1
159.65,6,159647054545,2469000,1
159.65,11,159647054545,2469000,1
159.652,7,159649530545,2496006,0
159.655,9,159652053551,2496006,0
159.657,20,159654576557,2496006,0
159.662,3,159659631569,2469000,1
159.662,9,159659631569,2469000,1
159.665,1,159662107569,2469000,1
159.665,2,159662107569,2469000,1
159.667,7,159664574569,2469000,1
159.667,11,159664574569,2469000,1
159.67,20,159667050569,2496006,0
159.672,23,159669573575,2496006,0
159.675,14,159672096581,2496006,0
159.677,22,159674619587,2496006,0
159.68,14,159677151593,2496006,0
159.682,23,159679683599,2469000,1
159.682,1,159679683599,2469000,1
159.685,4,159682150599,2469000,1
159.685,11,159682150599,2469000,1
159.687,20,159684635599,2496006,0
159.69,21,159687471605,2469000,1
159.69,3,159687471605,2469000,1
159.69,9,159687471605,2469000,1
159.692,19,159689965605,2496006,0
159.695,22,159692488611,2496006,0
159.698,7,159695011617,2496006,0
159.7,7,159697534623,2496006,0
159.703,14,159700057629,2496006,0
159.705,23,159702589635,2496006,0
159.708,3,159705112641,2496006,0
159.71,5,159707644647,2469000,1
159.71,20,159707644647,2469000,1
159.713,19,159710111647,2469000,1
159.713,3,159710111647,2469000,1
159.715,23,159712578647,2469000,1
159.715,8,159712578647,2469000,1
159.718,14,159715045647,2496006,0
159.72,21,159717890653,2496006,0
159.723,22,159720413659,2496006,0
159.725,12,159722945665,2496006,0
159.728,15,159725468671,2469000,1
159.728,23,159725468671,2469000,1
159.73,21,159727935671,2469000,1
159.73,7,159727935671,2469000,1
159.733,12,159730429671,2469000,1
159.733,22,159730429671,2469000,1
159.733,8,159730429671,2469000,1
159.733,14,159730429671,2469000,1
159.735,2,159732905671,2496006,0
159.738,3,159735428677,2496006,0
159.74,2,159737951683,2496006,0
159.743,22,159740474689,2496006,0
159.745,17,159742997695,2469000,1
159.745,15,159742997695,2469000,1
159.748,20,159745464695,2496006,0
159.75,6,159747996701,2496006,0
159.753,21,159750519707,2496006,0
159.756,19,159753051713,2496006,0
159.758,20,159755574719,2469000,1
159.758,7,159755574719,2469000,1
159.761,2,159758041719,2496006,0
159.763,14,159760564725,2496006,0
159.766,3,159763087731,2496006,0
159.768,14,159765610737,2496006,0
159.771,22,159768133743,2496006,0
159.773,21,159770674749,2469000,1
159.773,6,159770674749,2469000,1
159.776,12,159773150749,2469000,1
159.776,19,159773150749,2469000,1
159.778,23,159775635749,2496006,0
159.781,14,159778167755,2469000,1
159.781,9,159778167755,2469000,1
159.783,2,159780634755,2496006,0
159.786,4,159783166761,2469000,1
159.786,6,159783166761,2469000,1
159.788,3,159785633761,2496006,0
159.791,22,159788156767,2496006,0
159.793,23,159790992773,2496006,0
159.796,16,159793542779,2469000,1
159.796,20,159793542779,2469000,1
159.796,9,159793542779,2469000,1
159.799,3,159796036779,2496006,0
159.801,2,159798568785,2496006,0
159.804,21,159801091791,2469000,1
159.804,4,159801091791,2469000,1
159.806,23,159803567791,2469000,1
159.806,2,159803567791,2469000,1
159.809,22,159806034791,2496006,0
159.811,22,159808566797,2496006,0
159.814,11,159811089803,2469000,1
159.816,19,159813565803,2496006,0
159.819,14,159816088809,2496006,0
159.821,18,159818924815,2496006,0
159.824,23,159821456821,2496006,0
159.826,3,159823979827,2469000,1
159.826,22,159823979827,2469000,1
159.826,18,159823979827,2469000,1
159.829,14,159826464827,2496006,0
159.831,18,159828996833,2496006,0
159.834,7,159831519839,2496006,0
159.837,6,159834042845,2496006,0
159.839,18,159836574851,2469000,1
159.839,7,159836574851,2469000,1
159.842,14,159839041851,2469000,1
159.842,19,159839041851,2469000,1
159.844,23,159841508851,2496006,0
159.847,18,159844040857,2496006,0
159.849,12,159846563863,2496006,0
159.852,2,159849104869,2469000,1
159.852,6,159849104869,2469000,1
159.854,12,159851589869,2496006,0
159.857,21,159854112875,2496006,0
159.859,18,159856635881,2469000,1
159.859,23,159856635881,2469000,1
159.859,20,159856635881,2469000,1
159.862,22,159859129881,2496006,0
159.864,19,159861670887,2496006,0
159.867,3,159864193893,2496006,0
159.869,7,159866725899,2496006,0
159.872,23,159869248905,2496006,0
159.874,14,159871771911,2469000,1
159.874,12,159871771911,2469000,1
159.877,3,159874238911,2469000,1
159.877,5,159874238911,2469000,1
159.877,23,159874238911,2469000,1
159.879,21,159876714911,2496006,0
159.882,22,159879246917,2496006,0
159.884,6,159881769923,2496006,0
159.887,3,159884292929,2469000,1
159.887,22,159884292929,2469000,1
159.889,19,159886786929,2496006,0
159.892,7,159889309935,2496006,0
159.895,6,159892145941,2496006,0
159.897,7,159894668947,2469000,1
159.9,18,159897153947,2469000,1
159.9,21,159897153947,2469000,1
159.902,12,159899620947,2496006,0
159.905,14,159902143953,2496006,0
159.91,6,159907207965,2496006,0
159.912,12,159909730971,2469000,1
159.912,19,159909730971,2469000,1
159.915,3,159912206971,2496006,0
159.917,6,159914738977,2496006,0
159.92,22,159917261983,2496006,0
159.922,23,159919784989,2496006,0
159.925,14,159922638995,2496006,0
159.928,22,159925162001,2469000,1
159.928,12,159925162001,2469000,1
159.93,6,159927629001,2469000,1
159.93,3,159927629001,2469000,1
159.933,2,159930096001,2496006,0
159.935,14,159932628007,2469000,1
159.935,21,159932628007,2469000,1
159.935,23,159932628007,2469000,1
159.938,19,159935095007,2496006,0
159.94,7,159937627013,2469000,1
159.94,6,159937627013,2469000,1
159.943,9,159940094013,2496006,0
159.945,19,159942626019,2496006,0
159.948,2,159945149025,2469000,1
159.948,14,159945149025,2469000,1
159.95,16,159947616025,2496006,0
159.953,3,159950184031,2469000,1
159.953,23,159950184031,2469000,1
159.955,3,159952660031,2496006,0
159.958,12,159955183037,2496006,0
159.96,22,159957706043,2496006,0
159.963,21,159960229049,2496006,0
159.965,9,159962752055,2469000,1
159.965,19,159962752055,2469000,1
159.965,3,159962752055,2469000,1
159.965,12,159962752055,2469000,1
159.968,22,159965219055,2496006,0
159.97,16,159967751061,2496006,0
159.973,14,159970274067,2469000,1
159.973,22,159970274067,2469000,1
159.975,2,159972759067,2496006,0
159.978,19,159975282073,2496006,0
159.98,16,159977805079,2469000,1
159.98,18,159977805079,2469000,1
159.983,19,159980272079,2496006,0
159.985,5,159982813085,2469000,1
159.985,21,159982813085,2469000,1
159.988,2,159985298085,2496006,0
159.99,7,159987821091,2496006,0
159.993,23,159990344097,2469000,1
159.993,7,159990344097,2469000,1
159.995,22,159992811097,2496006,0
159.998,8,159995647103,2469000,1
159.998,6,159995647103,2469000,1
160.001,9,159998114103,2469000,1
160.003,21,160000590103,2496006,0
160.006,19,160003113109,2496006,0
160.008,3,160005645115,2469000,1
160.008,16,160005645115,2469000,1
160.011,12,160008112115,2496006,0
160.013,21,160010635121,2469000,1
160.013,12,160010635121,2469000,1
160.016,22,160013102121,2496006,0
160.018,2,160015643127,2496006,0
160.021,7,160018166133,2496006,0
160.023,19,160020707139,2496006,0
160.026,2,160023561145,2496006,0
160.029,7,160026084151,2469000,1
160.029,12,160026084151,2469000,1
160.031,9,160028551151,2496006,0
160.034,22,160031083157,2496006,0
160.036,21,160033615163,2496006,0
160.039,15,160036147169,2469000,1
160.039,20,160036147169,2469000,1
160.041,7,160038614169,2496006,0
160.044,9,160041137175,2469000,1
160.044,19,160041137175,2469000,1
160.044,2,160041137175,2469000,1
160.046,21,160043604175,2469000,1
160.046,7,160043604175,2469000,1
160.049,22,160046071175,2496006,0
160.051,6,160048639181,2496006,0
160.054,19,160051180187,2496006,0
160.056,22,160053703193,2496006,0
160.059,9,160056235199,2496006,0
160.061,19,160058776205,2496006,0
160.064,22,160061299211,2469000,1
160.064,16,160061299211,2469000,1
160.064,9,160061299211,2469000,1
160.066,6,160063775211,2469000,1
160.066,9,160063775211,2469000,1
160.069,4,160066278211,2496006,0
160.071,21,160068801217,2469000,1
160.071,22,160068801217,2469000,1
160.074,6,160071268217,2469000,1
160.074,21,160071270217,2469000,1
160.076,20,160073737217,2469000,1
160.076,2,160073737217,2469000,1
160.076,7,160073737217,2469000,1
160.079,4,160076213217,2496006,0
160.081,19,160078754223,2469000,1
160.081,4,160078754223,2469000,1
160.084,3,160081230223,2469000,1
160.086,6,160083697223,2469000,1
160.086,4,160083697223,2469000,1
160.089,2,160086173223,2496006,0
160.091,22,160088696229,2496006,0
160.094,22,160091219235,2496006,0
160.096,12,160093778241,2496006,0
160.099,17,160096650247,2496006,0
160.102,18,160099173253,2496006,0
160.104,2,160101714259,2496006,0
160.107,17,160104246265,2469000,1
160.107,22,160104246265,2469000,1
160.109,4,160106713265,2496006,0
160.112,12,160109236271,2496006,0
160.114,2,160111768277,2469000,1
160.114,4,160111768277,2469000,1
160.117,19,160114235277,2496006,0
160.119,18,160116767283,2496006,0
160.122,19,160119290289,2496006,0
160.124,12,160121813295,2469000,1
160.124,6,160121813295,2469000,1
160.127,4,160124280295,2496006,0
160.13,14,160127125301,2469000,1
160.13,9,160127125301,2469000,1
160.132,17,160129592301,2496006,0
160.135,4,160132151307,2496006,0
160.137,18,160134674313,2469000,1
160.137,7,160134674313,2469000,1
160.14,17,160137150313,2469000,1
160.14,19,160137150313,2469000,1
160.142,2,160139617313,2496006,0
160.145,4,160142176319,2496006,0
160.147,22,160144717325,2496006,0
160.15,18,160147249331,2496006,0
160.152,4,160149772337,2496006,0
160.155,13,160152295343,2469000,1
160.155,12,160152295343,2469000,1
160.157,2,160154771343,2469000,1
160.157,13,160154771343,2469000,1
160.16,18,160157256343,2469000,1
160.16,23,160157256343,2469000,1
160.162,22,160159741343,2469000,1
160.162,4,160159741343,2469000,1
160.165,13,160162208343,2469000,1
160.167,2,160164675343,2496006,0
160.17,14,160167198349,2469000,1
160.17,19,160167198349,2469000,1
160.172,11,160169674349,2496006,0
160.175,17,160172197355,2496006,0
160.18,22,160177288367,2496006,0
160.182,8,160179820373,2469000,1
160.182,19,160179820373,2469000,1
160.185,11,160182296373,2496006,0
160.187,21,160184819379,2469000,1
160.187,2,160184819379,2469000,1
160.19,17,160187304379,2496006,0
160.192,22,160189827385,2496006,0
160.195,11,160192359391,2496006,0
160.197,18,160194891397,2469000,1
160.197,4,160194891397,2469000,1
160.2,17,160197385397,2496006,0
160.203,16,160200239403,2496006,0
160.205,22,160202762409,2469000,1
160.205,17,160202762409,2469000,1
160.208,2,160205229409,2496006,0
160.21,18,160207752415,2496006,0
160.213,3,160210284421,2469000,1
160.213,11,160210284421,2469000,1
160.215,16,160212769421,2496006,0
160.218,18,160215292427,2469000,1
160.218,13,160215292427,2469000,1
160.22,19,160217804427,2496006,0
160.223,2,160220327433,2496006,0
160.225,20,160222859439,2469000,1
160.225,16,160222859439,2469000,1
160.228,12,160225335439,2496006,0
160.231,11,160228198445,2496006,0
160.233,17,160230721451,2496006,0
160.236,19,160233244457,2469000,1
160.236,18,160233244457,2469000,1
160.238,12,160235711457,2469000,1
160.241,11,160238178457,2496006,0
160.243,2,160240719463,2496006,0
160.246,1,160243242469,2469000,1
160.246,22,160243242469,2469000,1
160.248,2,160245754469,2469000,1
160.248,9,160245754469,2469000,1
160.251,11,160248230469,2496006,0
160.253,17,160250753475,2469000,1
160.253,11,160250753475,2469000,1
160.256,2,160253229475,2496006,0
160.258,19,160255770481,2496006,0
160.261,9,160258293487,2496006,0
160.263,16,160260816493,2496006,0
160.266,17,160263339499,2469000,1
160.266,16,160263339499,2469000,1
160.268,9,160265833499,2469000,1
160.268,4,160265833499,2469000,1
160.271,7,160268300499,2469000,1
160.271,9,160268302499,2469000,1
160.273,2,160270778499,2496006,0
160.276,19,160273301505,2469000,1
160.276,5,160273301505,2469000,1
160.276,12,160273301505,2469000,1
160.278,13,160275768505,2496006,0
160.281,16,160278300511,2469000,1
160.281,13,160278300511,2469000,1
160.283,11,160280794511,2496006,0
160.286,9,160283335517,2496006,0
160.288,2,160285858523,2496006,0
160.293,11,160290931535,2496006,0
160.296,19,160293463541,2496006,0
160.298,9,160295986547,2496006,0
160.301,11,160298518553,2469000,1
160.301,2,160298518553,2469000,1
160.304,19,160301298559,2496006,0
160.306,18,160303839565,2496006,0
160.309,13,160306380571,2496006,0
160.311,22,160308903577,2496006,0
160.314,18,160311426583,2496006,0
160.316,2,160313949589,2496006,0
160.319,9,160316472595,2496006,0
160.321,13,160318995601,2469000,1
160.321,18,160318995601,2469000,1
160.324,19,160321462601,2496006,0
160.326,22,160323994607,2496006,0
160.329,9,160326526613,2469000,1
160.329,18,160326526613,2469000,1
160.329,19,160326526613,2469000,1
160.331,22,160329002613,2496006,0
160.334,2,160331838619,2496006,0
160.337,9,160334388625,2496006,0
160.339,2,160336965631,2469000,1
160.342,17,160339432631,2469000,1
160.342,11,160339432631,2469000,1
160.344,22,160341899631,2496006,0
160.347,19,160344422637,2496006,0
160.349,16,160346945643,2496006,0
160.352,13,160349468649,2496006,0
160.354,12,160352000655,2469000,1
160.354,9,160352000655,2469000,1
160.357,16,160354503655,2469000,1
160.357,22,160354503655,2469000,1
160.36,19,160357006655,2496006,0
160.362,13,160359538661,2469000,1
160.362,9,160359538661,2469000,1
160.365,19,160362032661,2496006,0
160.367,21,160364573667,2496006,0
160.37,19,160367105673,2469000,1
160.37,22,160367105673,2469000,1
160.372,21,160369572673,2496006,0
160.375,21,160372104679,2496006,0
160.377,2,160374627685,2496006,0
160.38,16,160377150691,2496006,0
160.382,21,160379682697,2496006,0
160.387,4,160384728709,2496006,0
160.39,21,160387251715,2496006,0
160.392,2,160389783721,2469000,1
160.392,19,160389783721,2469000,1
160.392,4,160389783721,2469000,1
160.395,18,160392268721,2496006,0
160.397,21,160394809727,2469000,1
160.397,16,160394809727,2469000,1
160.4,2,160397276727,2496006,0
160.402,10,160399799733,2469000,1
160.402,17,160399799733,2469000,1
160.405,18,160402266733,2496006,0
160.408,2,160405102739,2496006,0
160.41,13,160407625745,2469000,1
160.41,21,160407625745,2469000,1
160.413,18,160410092745,2496006,0
160.415,9,160412642751,2496006,0
160.418,9,160415165757,2496006,0
160.42,23,160417697763,2496006,0
160.423,11,160420247769,2469000,1
160.423,4,160420247769,2469000,1
160.425,18,160422714769,2469000,1
160.425,2,160422714769,2469000,1
160.428,19,160425190769,2496006,0
160.43,19,160427722775,2496006,0
160.433,9,160430254781,2469000,1
160.436,16,160433052787,2469000,1
160.436,18,160433052787,2469000,1
160.438,9,160435519787,2496006,0
160.441,6,160438042793,2469000,1
160.441,23,160438042793,2469000,1
160.443,16,160440536793,2496006,0
160.446,16,160443059799,2496006,0
160.448,23,160445582805,2496006,0
160.451,19,160448105811,2469000,1
160.451,23,160448105811,2469000,1
160.453,3,160450572811,2469000,1
160.453,21,160450572811,2469000,1
160.456,23,160453048811,2496006,0
160.458,16,160455571817,2469000,1
160.458,22,160455571817,2469000,1
160.461,12,160458047817,2469000,1
160.461,4,160458047817,2469000,1
160.461,9,160458047817,2469000,1
160.463,23,160460514817,2469000,1
160.463,4,160460516817,2469000,1
160.465,22,160462983817,2496006,0
160.468,18,160465506823,2496006,0
160.471,19,160468038829,2496006,0
160.473,18,160470561835,2496006,0
160.476,2,160473084841,2496006,0
160.478,16,160475634847,2496006,0
160.481,22,160478157853,2496006,0
160.483,13,160480680859,2496006,0
160.486,16,160483230865,2469000,1
160.486,18,160483230865,2469000,1
160.488,19,160485697865,2469000,1
160.491,2,160488164865,2496006,0
160.493,21,160490696871,2496006,0
160.496,22,160493228877,2469000,1
160.496,2,160493228877,2469000,1
160.498,23,160495713877,2469000,1
160.498,13,160495713877,2469000,1
160.501,21,160498180877,2469000,1
160.501,9,160498180877,2469000,1
160.503,23,160500656877,2496006,0
160.506,19,160503188883,2496006,0
160.509,23,160506069889,2469000,1
160.509,5,160506069889,2469000,1
160.509,18,160506069889,2469000,1
160.509,13,160506069889,2469000,1
160.511,19,160508536889,2496006,0
160.514,16,160511122895,2496006,0
160.516,19,160513663901,2469000,1
160.516,7,160513663901,2469000,1
160.519,16,160516130901,2496006,0
160.521,22,160518653907,2496006,0
160.524,2,160521176913,2496006,0
160.526,21,160523708919,2469000,1
160.526,16,160523708919,2469000,1
160.529,15,160526175919,2496006,0
160.531,18,160528698925,2496006,0
160.536,11,160533753937,2496006,0
160.539,2,160536589943,2496006,0
160.542,18,160539112949,2469000,1
160.542,16,160539112949,2469000,1
160.544,22,160541588949,2469000,1
160.544,2,160541588949,2469000,1
160.547,15,160544055949,2469000,1
160.547,9,160544055949,2469000,1
160.549,23,160546522949,2496006,0
160.552,11,160549054955,2496006,0
160.554,18,160551604961,2496006,0
160.557,19,160554127967,2496006,0
160.559,10,160556650973,2496006,0
160.562,18,160559200979,2496006,0
160.564,16,160561723985,2496006,0
160.567,23,160564246991,2469000,1
160.567,18,160564246991,2469000,1
160.569,11,160566722991,2496006,0
160.572,21,160569254997,2469000,1
160.572,11,160569254997,2469000,1
160.574,19,160571721997,2469000,1
160.574,9,160571721997,2469000,1
160.577,13,160574197997,2469000,1
160.577,2,160574197997,2469000,1
160.579,10,160576673997,2469000,1
160.579,16,160576673997,2469000,1
160.582,19,160579140997,2496006,0
160.584,22,160581664003,2496006,0
160.587,15,160584187009,2469000,1
160.587,11,160584187009,2469000,1
160.587,22,160584187009,2469000,1
160.589,19,160586654009,2469000,1
160.592,10,160589121009,2469000,1
160.592,16,160589121009,2469000,1
160.594,18,160591705009,2496006,0
160.597,23,160594246015,2496006,0
160.599,10,160596769021,2496006,0
160.602,10,160599292027,2496006,0
160.604,18,160601833033,2496006,0
160.607,23,160604356039,2496006,0
160.609,19,160606879045,2496006,0
160.612,19,160609715051,2496006,0
160.615,22,160612238057,2496006,0
160.617,23,160614770063,2496006,0
160.62,10,160617293069,2469000,1
160.62,11,160617293069,2469000,1
160.62,19,160617293069,2469000,1
160.622,11,160619762069,2496006,0
160.625,18,160622303075,2496006,0
160.627,22,160624835081,2469000,1
160.627,4,160624835081,2469000,1
160.63,11,160627311081,2496006,0
160.632,18,160629843087,2469000,1
160.635,23,160632319087,2469000,1
160.635,19,160632319087,2469000,1
160.637,12,160634786087,2469000,1
160.637,18,160634786087,2469000,1
160.64,23,160637566093,2496006,0
160.643,2,160640089099,2496006,0
160.645,18,160642612105,2496006,0
160.648,19,160645162111,2496006,0
160.65,23,160647703117,2496006,0
160.653,11,160650226123,2469000,1
160.653,19,160650226123,2469000,1
160.655,20,160652711123,2496006,0
160.658,10,160655234129,2469000,1
160.658,2,160655234129,2469000,1
160.658,20,160655234129,2469000,1
160.66,17,160657701129,2469000,1
160.66,20,160657703129,2469000,1
160.663,18,160660170129,2496006,0
160.665,16,160662702135,2469000,1
160.665,19,160662702135,2469000,1
160.668,15,160665169135,2496006,0
160.67,22,160667701141,2496006,0
160.673,23,160670224147,2469000,1
160.673,15,160670224147,2469000,1
160.675,3,160672691147,2469000,1
160.675,21,160672691147,2469000,1
160.678,11,160675194147,2469000,1
160.678,18,160675194147,2469000,1
160.683,22,160680202153,2469000,1
160.683,15,160680202153,2469000,1
160.685,22,160682671153,2496006,0
160.688,23,160685212159,2496006,0
160.69,22,160687735165,2496006,0
160.693,2,160690294171,2469000,1
160.693,19,160690294171,2469000,1
160.695,13,160692788171,2469000,1
160.695,10,160692788171,2469000,1
160.698,23,160695255171,2496006,0
160.7,22,160697778177,2496006,0
160.703,23,160700301183,2496006,0
160.705,18,160702851189,2496006,0
160.708,23,160705428195,2469000,1
160.708,22,160705428195,2469000,1
160.71,20,160707913195,2496006,0
160.716,15,160713290207,2496006,0
160.718,18,160715822213,2469000,1
160.718,15,160715822213,2469000,1
160.721,11,160718289213,2469000,1
160.721,18,160718291213,2469000,1
160.723,23,160720785213,2496006,0
160.726,20,160723344219,2496006,0
160.728,15,160725867225,2496006,0
160.731,23,160728390231,2496006,0
160.733,22,160730922237,2496006,0
160.736,22,160733499243,2469000,1
160.736,2,160733499243,2469000,1
160.738,15,160735975243,2469000,1
160.738,20,160735975243,2469000,1
160.741,10,160738460243,2496006,0
160.744,23,160741296249,2496006,0
160.746,22,160743828255,2496006,0
160.749,22,160746351261,2496006,0
160.751,6,160748874267,2496006,0
160.754,10,160751415273,2496006,0
160.756,23,160753938279,2496006,0
160.759,20,160756470285,2469000,1
160.759,10,160756470285,2469000,1
160.761,19,160758964285,2496006,0
160.764,19,160761487291,2496006,0
160.767,18,160764010297,2496006,0
160.769,6,160766542303,2469000,1
160.769,15,160766542303,2469000,1
160.769,18,160766542303,2469000,1
160.772,22,160769009303,2496006,0
160.774,23,160771550309,2496006,0
160.777,23,160774091315,2496006,0
160.779,22,160776632321,2496006,0
160.782,16,160779155327,2496006,0
160.784,19,160781678333,2469000,1
160.784,16,160781678333,2469000,1
160.787,23,160784145333,2496006,0
160.789,14,160786677339,2496006,0
160.792,6,160789200345,2496006,0
160.794,17,160791732351,2496006,0
160.797,10,160794255357,2496006,0
160.799,14,160796778363,2496006,0
160.802,18,160799301369,2469000,1
160.802,10,160799301369,2469000,1
160.807,17,160804318375,2469000,1
160.807,6,160804318375,2469000,1
160.807,23,160804318375,2469000,1
160.807,22,160804318375,2469000,1
160.809,16,160806803375,2496006,0
160.812,6,160809326381,2496006,0
160.814,19,160811867387,2469000,1
160.814,14,160811867387,2469000,1
160.817,20,160814674393,2469000,1
160.817,15,160814674393,2469000,1
160.817,22,160814674393,2469000,1
160.82,16,160817141393,2496006,0
160.822,16,160819673399,2496006,0
160.825,6,160822196405,2496006,0
160.827,19,160824728411,2496006,0
160.83,14,160827260417,2496006,0
160.832,16,160829783423,2469000,1
160.832,10,160829783423,2469000,1
160.832,23,160829783423,2469000,1
160.835,18,160832250423,2496006,0
160.837,19,160834773429,2469000,1
160.837,10,160834773429,2469000,1
160.837,23,160834773429,2469000,1
160.84,9,160837249429,2496006,0
160.845,6,160842626441,2469000,1
160.845,17,160842626441,2469000,1
160.848,18,160845093441,2469000,1
160.848,19,160845093441,2469000,1
160.85,14,160847560441,2496006,0
160.853,6,160850083447,2496006,0
160.855,17,160852615453,2496006,0
160.858,20,160855138459,2469000,1
160.858,22,160855138459,2469000,1
160.858,16,160855138459,2469000,1
160.86,14,160857605459,2469000,1
160.86,10,160857605459,2469000,1
160.86,17,160857605459,2469000,1
160.863,9,160860099459,2469000,1
160.863,22,160860099459,2469000,1
160.865,11,160862566459,2469000,1
160.865,16,160862566459,2469000,1
160.868,6,160865033459,2496006,0
160.87,21,160867574465,2496006,0
160.873,19,160870097471,2496006,0
160.875,19,160872620477,2496006,0
160.878,18,160875143483,2496006,0
160.88,6,160877720489,2496006,0
160.883,2,160880243495,2469000,1
160.883,9,160880243495,2469000,1
160.885,18,160882710495,2469000,1
160.885,6,160882710495,2469000,1
160.89,21,160887718501,2469000,1
160.89,19,160887718501,2469000,1
160.893,6,160890185501,2496006,0
160.895,17,160892708507,2469000,1
160.895,9,160892708507,2469000,1
160.898,14,160895193507,2496006,0
160.9,14,160897761513,2496006,0
160.903,21,160900284519,2469000,1
160.903,6,160900284519,2469000,1
160.905,13,160902751519,2496006,0
160.908,7,160905328525,2469000,1
160.908,18,160905328525,2469000,1
160.91,13,160907804525,2496006,0
160.913,14,160910327531,2496006,0
160.915,6,160912859537,2496006,0
160.918,19,160915713543,2496006,0
160.923,17,160920804555,2469000,1
160.923,13,160920804555,2469000,1
160.926,19,160923271555,2496006,0
160.928,14,160925794561,2496006,0
160.931,19,160928317567,2496006,0
160.933,6,160930840573,2496006,0
160.936,6,160933381579,2496006,0
160.938,19,160935904585,2496006,0
160.941,13,160938436591,2496006,0
160.943,19,160940959597,2496006,0
160.946,19,160943500603,2496006,0
160.949,21,160946336609,2496006,0
160.951,6,160948859615,2469000,1
160.951,14,160948859615,2469000,1
160.954,13,160951353615,2496006,0
160.956,15,160953885621,2496006,0
160.961,22,160958931633,2496006,0
160.964,13,160961454639,2469000,1
160.964,19,160961454639,2469000,1
160.964,22,160961454639,2469000,1
160.966,6,160963930639,2496006,0
160.969,21,160966453645,2496006,0
160.971,15,160968976651,2496006,0
160.974,19,160971535657,2496006,0
160.977,6,160974085663,2496006,0
160.979,16,160976608669,2496006,0
160.982,15,160979131675,2496006,0
160.984,21,160981654681,2496006,0
160.987,15,160984177687,2496006,0
160.989,6,160986709693,2469000,1
160.989,18,160986709693,2469000,1
160.989,22,160986709693,2469000,1
160.992,19,160989185693,2469000,1
160.992,15,160989185693,2469000,1
160.994,14,160991652693,2469000,1
160.994,13,160991652693,2469000,1
160.997,19,160994146693,2496006,0
160.999,23,160996678699,2469000,1
160.999,16,160996678699,2469000,1
161.002,21,160999154699,2496006,0
161.004,19,161001686705,2496006,0
161.007,21,161004245711,2496006,0
161.009,19,161006777717,2496006,0
161.012,10,161009309723,2496006,0
161.014,15,161011832729,2496006,0
161.017,16,161014373735,2496006,0
161.019,19,161016896741,2496006,0
161.022,6,161019750747,2496006,0
161.025,10,161022282753,2496006,0
161.027,21,161024805759,2496006,0
161.03,16,161027328765,2469000,1
161.03,15,161027328765,2469000,1
161.032,21,161029822765,2496006,0
161.035,6,161032345771,2496006,0
161.04,19,161037400783,2469000,1
161.04,21,161037400783,2469000,1
161.042,10,161039867783,2496006,0
161.045,2,161042417789,2496006,0
161.047,6,161044949795,2496006,0
161.05,12,161047785801,2496006,0
161.053,9,161050308807,2469000,1
161.053,16,161050308807,2469000,1
161.053,2,161050308807,2469000,1
161.055,2,161052777807,2496006,0
161.058,6,161055300813,2469000,1
161.058,2,161055300813,2469000,1
161.06,10,161057767813,2496006,0
161.063,17,161060290819,2496006,0
161.065,13,161062813825,2469000,1
161.065,15,161062813825,2469000,1
161.065,6,161062813825,2469000,1
161.068,2,161065280825,2496006,0
161.07,14,161067803831,2496006,0
161.073,10,161070344837,2496006,0
161.075,22,161072876843,2469000,1
161.075,12,161072876843,2469000,1
161.078,19,161075343843,2469000,1
161.078,17,161075343843,2469000,1
161.08,2,161077810843,2469000,1
161.08,15,161077810843,2469000,1
161.083,10,161080277843,2496006,0
161.085,14,161082827849,2469000,1
161.088,21,161085294849,2496006,0
161.09,10,161087826855,2496006,0
161.093,18,161090367861,2496006,0
161.095,22,161092890867,2469000,1
161.095,17,161092890867,2469000,1
161.098,14,161095357867,2496006,0
161.1,14,161097916873,2469000,1
161.1,12,161097916873,2469000,1
161.103,10,161100383873,2469000,1
161.103,23,161100383873,2469000,1
161.105,21,161102868873,2496006,0
161.108,16,161105391879,2469000,1
161.108,19,161105391879,2469000,1
161.11,2,161107867879,2496006,0
161.113,18,161110390885,2496006,0
161.115,2,161112940891,2469000,1
161.115,21,161112940891,2469000,1
161.118,16,161115407891,2496006,0
161.12,6,161117930897,2496006,0
161.123,18,161120793903,2496006,0
161.126,10,161123316909,2496006,0
161.128,14,161125848915,2469000,1
161.128,18,161125848915,2469000,1
161.131,13,161128324915,2469000,1
161.131,2,161128324915,2469000,1
161.133,6,161130791915,2496006,0
161.136,21,161133314921,2496006,0
161.138,10,161135837927,2469000,1
161.138,16,161135837927,2469000,1
161.141,6,161138322927,2496006,0
161.143,6,161140845933,2496006,0
161.146,17,161143368939,2496006,0
161.148,18,161145900945,2496006,0
161.151,15,161148432951,2496006,0
161.154,17,161151277957,2496006,0
161.156,21,161153800963,2496006,0
161.159,11,161156323969,2496006,0
161.161,12,161158846975,2496006,0
161.164,15,161161369981,2496006,0
161.166,18,161163901987,2496006,0
161.169,6,161166433993,2496006,0
161.171,12,161168965999,2469000,1
161.171,10,161168965999,2469000,1
161.174,11,161171432999,2496006,0
161.176,6,161173956005,2469000,1
161.176,11,161173956005,2469000,1
161.179,17,161176441005,2496006,0
161.181,17,161178964011,2496006,0
161.184,15,161181487017,2469000,1
161.184,21,161181487017,2469000,1
161.186,21,161183956017,2496006,0
161.191,4,161189011029,2469000,1
161.191,19,161189011029,2469000,1
161.191,16,161189011029,2469000,1
161.191,18,161189011029,2469000,1
161.194,21,161191487029,2469000,1
161.194,17,161191487029,2469000,1
161.196,14,161193954029,2496006,0
161.199,15,161196486035,2496006,0
161.201,6,161199009041,2469000,1
161.201,18,161199009041,2469000,1
161.204,20,161201485041,2496006,0
161.207,6,161204026047,2496006,0
161.209,16,161206549053,2469000,1
161.209,6,161206549053,2469000,1
161.212,20,161209034053,2496006,0
161.214,14,161211557059,2469000,1
161.214,10,161211557059,2469000,1
161.216,21,161214024059,2469000,1
161.216,17,161214024059,2469000,1
161.216,15,161214024059,2469000,1
161.219,11,161216491059,2496006,0
161.222,12,161219014065,2496006,0
161.224,11,161221537071,2496006,0
161.227,2,161224382077,2469000,1
161.227,12,161224382077,2469000,1
161.229,11,161226885077,2496006,0
161.232,20,161229408083,2496006,0
161.234,22,161231931089,2496006,0
161.237,21,161234472095,2496006,0
161.24,21,161237013101,2496006,0
161.242,12,161239536107,2496006,0
161.245,11,161242068113,2496006,0
161.247,20,161244600119,2469000,1
161.247,14,161244600119,2469000,1
161.25,6,161247067119,2469000,1
161.252,22,161249561119,2496006,0
161.255,14,161252397125,2496006,0
161.257,11,161254920131,2469000,1
161.257,20,161254920131,2469000,1
161.257,22,161254920131,2469000,1
161.26,15,161257387131,2469000,1
161.26,14,161257387131,2469000,1
161.262,21,161259854131,2469000,1
161.262,14,161259856131,2469000,1
161.265,21,161262323131,2496006,0
161.267,12,161264846137,2496006,0
161.27,15,161267414143,2496006,0
161.272,19,161269946149,2469000,1
161.272,16,161269946149,2469000,1
161.275,12,161272422149,2469000,1
161.275,21,161272422149,2469000,1
161.275,17,161272422149,2469000,1
161.277,18,161274889149,2496006,0
161.28,11,161277412155,2496006,0
161.282,6,161279944161,2496006,0
161.285,10,161282467167,2469000,1
161.285,22,161282467167,2469000,1
161.287,12,161284934167,2496006,0
161.29,9,161287475173,2496006,0
161.292,11,161289998179,2496006,0
161.295,18,161292521185,2496006,0
161.298,15,161295044191,2496006,0
161.3,21,161297567197,2496006,0
161.303,2,161300090203,2496006,0
161.305,6,161302613209,2496006,0
161.308,21,161305136215,2496006,0
161.31,11,161307668221,2469000,1
161.31,9,161307668221,2469000,1
161.31,17,161307668221,2469000,1
161.313,2,161310144221,2469000,1
161.313,12,161310144221,2469000,1
161.315,22,161312620221,2496006,0
161.318,2,161315143227,2469000,1
161.32,15,161317610227,2496006,0
161.323,18,161320133233,2496006,0
161.325,21,161322656239,2469000,1
161.325,15,161322656239,2469000,1
161.328,9,161325436245,2496006,0
161.33,1,161327977251,2469000,1
161.33,6,161327977251,2469000,1
161.333,9,161330471251,2496006,0
161.336,22,161333012257,2496006,0
161.338,22,161335544263,2496006,0
161.341,9,161338067269,2469000,1
161.341,20,161338067269,2469000,1
161.341,18,161338067269,2469000,1
161.343,22,161340534269,2496006,0
161.346,11,161343057275,2469000,1
161.346,22,161343057275,2469000,1
161.348,12,161345533275,2496006,0
161.351,6,161348056281,2469000,1
161.351,22,161348056281,2469000,1
161.351,12,161348056281,2469000,1
161.353,12,161350532281,2496006,0
161.356,14,161353064287,2496006,0
161.358,9,161355918293,2496006,0
161.361,6,161358441299,2496006,0
161.363,15,161360964305,2496006,0
161.366,21,161363487311,2469000,1
161.366,6,161363487311,2469000,1
161.368,11,161365954311,2496006,0
161.371,9,161368504317,2496006,0
161.374,14,161371036323,2496006,0
161.376,12,161373559329,2496006,0
161.379,19,161376082335,2496006,0
161.381,2,161378632341,2496006,0
161.384,18,161381164347,2469000,1
161.384,15,161381164347,2469000,1
161.386,14,161383631347,2469000,1
161.386,2,161383631347,2469000,1
161.389,11,161386098347,2496006,0
161.391,6,161388621353,2469000,1
161.394,12,161391088353,2496006,0
161.396,19,161393611359,2469000,1
161.396,9,161393611359,2469000,1
161.399,20,161396078359,2496006,0
161.401,18,161398601365,2496006,0
161.404,11,161401133371,2496006,0
161.406,17,161403656377,2469000,1
161.409,20,161406132377,2469000,1
161.409,12,161406132377,2469000,1
161.411,22,161408617377,2496006,0
161.416,18,161413672389,2469000,1
161.416,19,161413672389,2469000,1
161.419,13,161416139389,2496006,0
161.421,11,161418662395,2496006,0
161.424,13,161421185401,2496006,0
161.426,6,161423708407,2496006,0
161.429,20,161426249413,2496006,0
161.432,11,161429103419,2496006,0
161.434,2,161431626425,2469000,1
161.434,22,161431626425,2469000,1
161.437,9,161434093425,2496006,0
161.439,15,161436616431,2469000,1
161.439,14,161436616431,2469000,1
161.442,14,161439085431,2496006,0
161.444,13,161441617437,2496006,0
161.447,21,161444149443,2496006,0
161.449,14,161446672449,2496006,0
161.452,6,161449195455,2496006,0
161.454,11,161451718461,2496006,0
161.457,12,161454250467,2469000,1
161.457,20,161454250467,2469000,1
161.46,20,161457030473,2496006,0
161.462,20,161459553479,2496006,0
161.465,9,161462076485,2496006,0
161.467,13,161464608491,2496006,0
161.47,21,161467140497,2496006,0
161.472,18,161469663503,2469000,1
161.472,19,161469663503,2469000,1
161.472,11,161469663503,2469000,1
161.475,14,161472139503,2496006,0
161.477,20,161474662509,2469000,1
161.477,6,161474662509,2469000,1
161.48,21,161477129509,2496006,0
161.482,22,161479652515,2496006,0
161.485,9,161482184521,2469000,1
161.485,21,161482184521,2469000,1
161.487,13,161484669521,2469000,1
161.487,8,161484669521,2469000,1
161.49,6,161487136521,2496006,0
161.492,14,161489677527,2496006,0
161.497,22,161494741539,2496006,0
161.5,22,161497264545,2496006,0
161.502,20,161499805551,2496006,0
161.505,14,161502328557,2469000,1
161.505,11,161502328557,2469000,1
161.507,22,161504804557,2469000,1
161.507,6,161504804557,2469000,1
161.507,2,161504804557,2469000,1
161.51,6,161507273557,2496006,0
161.512,9,161509805563,2469000,1
161.512,21,161509805563,2469000,1
161.515,20,161512281563,2496006,0
161.517,6,161514831569,2496006,0
161.52,16,161517354575,2469000,1
161.52,15,161517354575,2469000,1
161.522,20,161519839575,2469000,1
161.522,13,161519839575,2469000,1
161.525,14,161522324575,2496006,0
161.527,12,161524874581,2469000,1
161.527,19,161524874581,2469000,1
161.527,6,161524874581,2469000,1
161.53,18,161527359581,2496006,0
161.533,14,161530222587,2496006,0
161.535,22,161532745593,2496006,0
161.538,22,161535277599,2496006,0
161.54,22,161537818605,2496006,0
161.543,22,161540377611,2469000,1
161.543,18,161540377611,2469000,1
161.545,20,161542853611,2496006,0
161.548,14,161545376617,2496006,0
161.55,10,161547899623,2469000,1
161.55,18,161547899623,2469000,1
161.553,20,161550366623,2496006,0
161.555,5,161552889629,2496006,0
161.558,6,161555412635,2469000,1
161.558,14,161555412635,2469000,1
161.558,20,161555412635,2469000,1
161.56,5,161557879635,2469000,1
161.563,11,161560686641,2496006,0
161.566,9,161563227647,2469000,1
161.566,22,161563227647,2469000,1
161.568,11,161565712647,2496006,0
161.571,5,161568244653,2496006,0
161.573,21,161570776659,2496006,0
161.576,20,161573299665,2496006,0
161.578,18,161575831671,2496006,0
161.581,11,161578354677,2496006,0
161.583,6,161580886683,2496006,0
161.586,14,161583409689,2496006,0
161.588,11,161585941695,2469000,1
161.588,21,161585941695,2469000,1
161.591,5,161588408695,2496006,0
161.593,14,161590958701,2469000,1
161.593,6,161590958701,2469000,1
161.593,13,161590958701,2469000,1
161.596,20,161593425701,2496006,0
161.598,18,161595957707,2469000,1
161.598,21,161595957707,2469000,1
161.601,9,161598424707,2496006,0
161.603,11,161600947713,2496006,0
161.606,6,161603470719,2496006,0
161.608,6,161605993725,2496006,0
161.611,20,161608516731,2469000,1
161.611,14,161608516731,2469000,1
161.613,2,161611001731,2496006,0
161.616,5,161613524737,2469000,1
161.616,18,161613524737,2469000,1
161.618,6,161615991737,2496006,0
161.621,9,161618514743,2496006,0
161.624,22,161621037749,2469000,1
161.624,2,161621037749,2469000,1
161.626,11,161623504749,2469000,1
161.626,6,161623504749,2469000,1
161.631,9,161628530755,2496006,0
161.634,2,161631089761,2496006,0
161.636,6,161633952767,2496006,0
161.639,5,161636475773,2496006,0
161.642,9,161639025779,2496006,0
161.644,12,161641548785,2496006,0
161.647,13,161644071791,2469000,1
161.647,11,161644071791,2469000,1
161.647,2,161644071791,2469000,1
161.649,9,161646538791,2469000,1
161.649,12,161646538791,2469000,1
161.651,21,161649005791,2469000,1
161.651,20,161649005791,2469000,1
161.654,6,161651472791,2469000,1
161.654,15,161651472791,2469000,1
161.656,2,161653948791,2496006,0
161.659,5,161656480797,2496006,0
161.661,14,161659003803,2496006,0
161.664,5,161661866809,2469000,1
161.664,3,161661866809,2469000,1
161.667,14,161664351809,2469000,1
161.667,18,161664351809,2469000,1
161.669,5,161666827809,2496006,0
161.672,12,161669359815,2469000,1
161.672,2,161669359815,2469000,1
161.674,23,161671835815,2469000,1
161.674,10,161671835815,2469000,1
161.674,6,161671835815,2469000,1
161.677,2,161674338815,2496006,0
161.682,20,161679402827,2469000,1
161.682,5,161679402827,2469000,1
161.684,2,161681869827,2496006,0
161.687,9,161684401833,2496006,0
161.689,12,161686924839,2469000,1
161.689,2,161686924839,2469000,1
161.692,11,161689400839,2469000,1
161.692,14,161689400839,2469000,1
161.694,9,161691867839,2496006,0
161.697,5,161694390845,2469000,1
161.697,11,161694390845,2469000,1
161.699,5,161696866845,2496006,0
161.702,9,161699407851,2496006,0
161.704,21,161701939857,2469000,1
161.704,18,161701939857,2469000,1
161.707,9,161704406857,2496006,0
161.709,5,161706947863,2496006,0
161.712,9,161709497869,2469000,1
161.712,10,161709497869,2469000,1
161.714,9,161711966869,2496006,0
161.717,5,161714489875,2496006,0
161.72,5,161717021881,2496006,0
161.722,5,161719544887,2496006,0
161.725,11,161722076893,2496006,0
161.727,9,161724599899,2496006,0
161.73,2,161727122905,2496006,0
161.732,6,161729645911,2496006,0
161.737,11,161735022923,2469000,1
161.737,5,161735022923,2469000,1
161.737,22,161735022923,2469000,1
161.74,16,161737525923,2496006,0
161.743,2,161740057929,2496006,0
161.745,9,161742580935,2496006,0
161.748,6,161745121941,2469000,1
161.748,5,161745121941,2469000,1
161.75,14,161747615941,2496006,0
161.753,12,161750138947,2496006,0
161.755,16,161752661953,2496006,0
161.758,12,161755184959,2496006,0
161.76,11,161757716965,2469000,1
161.76,5,161757716965,2469000,1
161.763,2,161760183965,2496006,0
161.765,9,161762724971,2496006,0
161.768,16,161765560977,2469000,1
161.768,14,161765560977,2469000,1
161.771,12,161768036977,2469000,1
161.771,11,161768036977,2469000,1
161.773,11,161770530977,2496006,0
161.776,22,161773062983,2469000,1
161.776,6,161773062983,2469000,1
161.776,9,161773062983,2469000,1
161.778,11,161775547983,2469000,1
161.778,9,161775547983,2469000,1
161.781,2,161778014983,2496006,0
161.783,12,161780537989,2469000,1
161.786,21,161783085989,2496006,0
161.788,2,161785626995,2496006,0
161.791,14,161788159001,2496006,0
161.793,14,161790700007,2496006,0
161.796,16,161793223013,2496006,0
161.798,21,161795746019,2496006,0
161.801,2,161798278025,2496006,0
161.803,14,161800810031,2469000,1
161.803,2,161800810031,2469000,1
161.806,21,161803295031,2496006,0
161.808,11,161805818037,2496006,0
161.811,16,161808368043,2496006,0
161.813,20,161810891049,2469000,1
161.813,6,161810891049,2469000,1
161.816,9,161813367049,2496006,0
161.818,21,161815890055,2469000,1
161.821,9,161818366055,2496006,0
161.823,7,161820907061,2469000,1
161.823,16,161820907061,2469000,1
161.826,11,161823383061,2496006,0
161.828,21,161825906067,2496006,0
161.831,2,161828438073,2496006,0
161.833,9,161830979079,2496006,0
161.836,21,161833511085,2496006,0
161.839,11,161836034091,2496006,0
161.841,19,161838870097,2469000,1
161.841,12,161838870097,2469000,1
161.841,14,161838870097,2469000,1
161.844,11,161841346097,2496006,0
161.846,9,161843869103,2469000,1
161.846,2,161843869103,2469000,1
161.846,20,161843869103,2469000,1
161.849,16,161846336103,2469000,1
161.849,12,161846336103,2469000,1
161.851,16,161848821103,2496006,0
161.854,2,161851353109,2496006,0
161.856,21,161853885115,2469000,1
161.861,11,161858920121,2496006,0
161.864,2,161861461127,2496006,0
161.866,16,161863993133,2469000,1
161.866,21,161863993133,2469000,1
161.869,16,161866773139,2496006,0
161.872,2,161869305145,2496006,0
161.874,14,161871855151,2496006,0
161.877,11,161874405157,2496006,0
161.879,16,161876928163,2469000,1
161.879,9,161876928163,2469000,1
161.882,18,161879395163,2496006,0
161.884,18,161881945169,2496006,0
161.887,2,161884468175,2496006,0
161.89,14,161887009181,2496006,0
161.892,11,161889532187,2496006,0
161.897,16,161894578199,2496006,0
161.9,14,161897110205,2469000,1
161.9,2,161897110205,2469000,1
161.9,15,161897110205,2469000,1
161.9,16,161897110205,2469000,1
161.902,18,161899577205,2469000,1
161.902,5,161899577205,2469000,1
161.905,18,161902080205,2496006,0
161.907,16,161904603211,2496006,0
161.91,18,161907153217,2469000,1
161.91,11,161907153217,2469000,1
161.912,18,161909622217,2496006,0
161.915,14,161912163223,2496006,0
161.917,18,161914686229,2496006,0
161.92,2,161917209235,2496006,0
161.922,9,161919732241,2469000,1
161.922,11,161919732241,2469000,1
161.925,18,161922217241,2496006,0
161.927,16,161924740247,2496006,0
161.93,6,161927272253,2496006,0
161.932,14,161929795259,2469000,1
161.932,11,161929795259,2469000,1
161.935,16,161932262259,2496006,0
161.937,18,161934785265,2496006,0
161.94,2,161937308271,2469000,1
161.94,6,161937308271,2469000,1
161.943,18,161940088277,2496006,0
161.945,21,161942620283,2496006,0
161.948,16,161945143289,2496006,0
161.95,18,161947693295,2496006,0
161.953,13,161950234301,2496006,0
161.955,6,161952766307,2496006,0
161.958,16,161955289313,2496006,0
161.96,2,161957812319,2496006,0
161.963,21,161960344325,2496006,0
161.965,21,161962903331,2469000,1
161.965,6,161962903331,2469000,1
161.965,18,161962903331,2469000,1
161.968,1,161965370331,2496006,0
161.97,16,161967902337,2469000,1
161.97,14,161967902337,2469000,1
161.973,13,161970691343,2469000,1
161.976,2,161973158343,2496006,0
161.978,1,161975681349,2496006,0
161.981,21,161978222355,2496006,0
161.983,1,161980763361,2496006,0
161.986,2,161983286367,2496006,0
161.988,6,161985818373,2496006,0
161.991,9,161988341379,2496006,0
161.993,2,161990873385,2496006,0
161.996,9,161993414391,2496006,0
161.998,21,161995937397,2469000,1
161.998,9,161995937397,2469000,1
162.001,1,161998404397,2496006,0
162.003,14,162000927403,2496006,0
162.006,2,162003459409,2496006,0
162.008,18,162006000415,2469000,1
162.008,6,162006000415,2469000,1
162.011,16,162008485415,2496006,0
162.014,21,162011008421,2496006,0
162.016,16,162013531427,2496006,0
162.019,14,162016054433,2469000,1
162.019,9,162016054433,2469000,1
162.021,13,162018521433,2469000,1
162.021,1,162018521433,2469000,1
162.023,17,162020988433,2496006,0
162.026,18,162023520439,2469000,1
162.028,2,162025987439,2496006,0
162.034,16,162031042451,2496006,0
162.036,21,162033574457,2496006,0
162.039,6,162036106463,2496006,0
162.041,2,162038629469,2469000,1
162.041,1,162038629469,2469000,1
162.044,14,162041096469,2496006,0
162.046,6,162043932475,2496006,0
162.049,17,162046464481,2496006,0
162.051,21,162048996487,2469000,1
162.051,16,162048996487,2469000,1
162.051,11,162048996487,2469000,1
162.054,14,162051463487,2496006,0
162.056,17,162053986493,2496006,0
162.059,14,162056509499,2496006,0
162.062,17,162059059505,2496006,0
162.064,21,162061582511,2496006,0
162.067,6,162064123517,2496006,0
162.069,17,162066646523,2469000,1
162.069,21,162066646523,2469000,1
162.072,14,162069122523,2496006,0
162.074,2,162071976529,2496006,0
162.077,14,162074517535,2496006,0
162.08,14,162077040541,2496006,0
162.085,2,162082086553,2496006,0
162.087,18,162084609559,2469000,1
162.087,16,162084609559,2469000,1
162.087,21,162084609559,2469000,1
162.09,9,162087085559,2496006,0
162.092,6,162089608565,2496006,0
162.095,14,162092149571,2469000,1
162.095,9,162092149571,2469000,1
162.097,1,162094652571,2496006,0
162.1,2,162097175577,2496006,0
162.102,11,162099698583,2496006,0
162.105,6,162102221589,2496006,0
162.107,11,162104744595,2496006,0
162.11,9,162107267601,2496006,0
162.112,2,162109799607,2469000,1
162.112,11,162109799607,2469000,1
162.115,13,162112266607,2496006,0
162.117,17,162114789613,2469000,1
162.117,21,162114789613,2469000,1
162.12,9,162117256613,2496006,0
162.122,1,162119779619,2496006,0
162.125,9,162122356625,2469000,1
162.125,6,162122356625,2469000,1
162.127,13,162124832625,2496006,0
162.13,19,162127364631,2469000,1
162.13,14,162127364631,2469000,1
162.132,16,162129831631,2496006,0
162.137,1,162134886643,2496006,0
162.14,12,162137409649,2496006,0
162.142,1,162139941655,2496006,0
162.145,18,162142464661,2469000,1
162.145,13,162142464661,2469000,1
162.148,15,162145244667,2496006,0
162.15,2,162147767673,2496006,0
162.153,11,162150290679,2469000,1
162.153,17,162150290679,2469000,1
162.155,2,162152757679,2496006,0
162.158,16,162155280685,2496006,0
162.16,15,162157812691,2469000,1
162.16,12,162157812691,2469000,1
162.16,5,162157812691,2469000,1
162.163,16,162160288691,2496006,0
162.165,16,162162811697,2496006,0
162.168,13,162165334703,2496006,0
162.17,13,162167857709,2496006,0
162.173,21,162170380715,2496006,0
162.176,1,162173216721,2496006,0
162.178,15,162175739727,2496006,0
162.181,2,162178262733,2496006,0
162.183,6,162180794739,2496006,0
162.186,21,162183317745,2496006,0
162.188,1,162185840751,2469000,1
162.188,9,162185840751,2469000,1
162.191,2,162188307751,2469000,1
162.191,13,162188307751,2469000,1
162.191,16,162188307751,2469000,1
162.191,1,162188309751,2469000,1
162.193,21,162190776751,2496006,0
162.196,6,162193317757,2496006,0
162.198,21,162195840763,2496006,0
162.201,13,162198363769,2496006,0
162.203,16,162200886775,2496006,0
162.206,11,162203409781,2496006,0
162.208,15,162205941787,2469000,1
162.208,13,162205941787,2469000,1
162.208,11,162205941787,2469000,1
162.213,12,162210949793,2496006,0
162.216,6,162213481799,2496006,0
162.219,21,162216004805,2496006,0
162.221,14,162218536811,2496006,0
162.224,15,162221068817,2496006,0
162.226,14,162223591823,2496006,0
162.229,16,162226114829,2496006,0
162.231,6,162228637835,2469000,1
162.231,10,162228637835,2469000,1
162.234,13,162231104835,2469000,1
162.234,14,162231104835,2469000,1
162.236,15,162233571835,2496006,0
162.239,12,162236103841,2496006,0
162.241,16,162238626847,2469000,1
162.241,21,162238626847,2469000,1
162.241,8,162238626847,2469000,1
162.241,12,162238626847,2469000,1
162.244,2,162241102847,2496006,0
162.246,10,162243625853,2496006,0
162.249,16,162246470859,2469000,1
162.249,8,162246470859,2469000,1
162.251,6,162248937859,2469000,1
162.251,12,162248937859,2469000,1
162.251,16,162248939859,2469000,1
162.254,14,162251406859,2496006,0
162.256,21,162253929865,2469000,1
162.256,8,162253929865,2469000,1
162.259,1,162256405865,2496006,0
162.261,15,162258928871,2496006,0
162.264,22,162261460877,2469000,1
162.264,11,162261460877,2469000,1
162.266,15,162263927877,2496006,0
162.269,2,162266450883,2469000,1
162.269,10,162266450883,2469000,1
162.271,13,162268917883,2469000,1
162.271,15,162268917883,2469000,1
162.274,2,162271393883,2496006,0
162.276,1,162273934889,2469000,1
162.276,11,162273934889,2469000,1
162.279,18,162276714895,2496006,0
162.282,16,162279237901,2469000,1
162.282,14,162279237901,2469000,1
162.284,9,162281713901,2469000,1
162.284,12,162281713901,2469000,1
162.284,18,162281713901,2469000,1
162.287,23,162284207901,2496006,0
162.289,17,162286748907,2496006,0
162.292,23,162289271913,2496006,0
162.294,2,162291794919,2469000,1
162.294,1,162291794919,2469000,1
162.297,23,162294261919,2469000,1
162.299,17,162296728919,2496006,0
162.302,10,162299269925,2496006,0
162.304,8,162301792931,2496006,0
162.307,18,162304315937,2469000,1
162.307,8,162304315937,2469000,1
162.309,17,162306827937,2496006,0
162.312,15,162309350943,2469000,1
162.312,12,162309350943,2469000,1
162.314,17,162311817943,2496006,0
162.317,10,162314340949,2496006,0
162.319,23,162316881955,2496006,0
162.322,6,162319404961,2469000,1
162.322,14,162319404961,2469000,1
162.324,21,162321880961,2496006,0
162.327,13,162324403967,2496006,0
162.329,2,162326935973,2496006,0
162.332,2,162329458979,2496006,0
162.334,23,162331990985,2496006,0
162.337,10,162334513991,2496006,0
162.34,23,162337036997,2496006,0
162.342,17,162339560003,2496006,0
162.345,13,162342101009,2496006,0
162.347,21,162344624015,2469000,1
162.347,17,162344624015,2469000,1
162.35,8,162347091015,2496006,0
162.352,2,162349927021,2496006,0
162.355,17,162352450027,2496006,0
162.357,8,162354982033,2496006,0
162.36,23,162357505039,2496006,0
162.363,2,162360046045,2469000,1
162.363,10,162360046045,2469000,1
162.365,8,162362531045,2469000,1
162.365,13,162362531045,2469000,1
162.367,23,162364998045,2496006,0
162.37,15,162367521051,2469000,1
162.37,21,162367521051,2469000,1
162.372,17,162369997051,2496006,0
162.375,17,162372538057,2496006,0
162.378,18,162375061063,2496006,0
162.38,23,162377584069,2469000,1
162.38,18,162377584069,2469000,1
162.383,15,162380364075,2496006,0
162.385,1,162382887081,2469000,1
162.385,17,162382887081,2469000,1
162.39,13,162387886087,2496006,0
162.393,10,162390454093,2496006,0
162.396,13,162393004099,2496006,0
162.398,15,162395536105,2496006,0
162.401,10,162398059111,2469000,1
162.401,2,162398059111,2469000,1
162.403,8,162400544111,2496006,0
162.406,14,162403067117,2469000,1
162.406,1,162403067117,2469000,1
162.408,8,162405543117,2496006,0
162.411,10,162408066123,2496006,0
162.413,13,162410598129,2469000,1
162.413,10,162410598129,2469000,1
162.416,23,162413074129,2469000,1
162.416,18,162413074129,2469000,1
162.418,20,162415541129,2496006,0
162.421,15,162418064135,2496006,0
162.423,2,162420587141,2496006,0
162.426,17,162423119147,2469000,1
162.426,2,162423119147,2469000,1
162.428,9,162425595147,2469000,1
162.428,10,162425595147,2469000,1
162.431,8,162428071147,2496006,0
162.433,15,162430603153,2469000,1
162.433,8,162430603153,2469000,1
162.436,21,162433079153,2469000,1
162.436,13,162433079153,2469000,1
162.438,20,162435546153,2496006,0
162.441,20,162438078159,2496006,0
162.443,13,162440601165,2496006,0
162.446,8,162443124171,2496006,0
162.448,2,162445656177,2469000,1
162.448,15,162445656177,2469000,1
162.451,13,162448123177,2496006,0
162.453,20,162450664183,2496006,0
162.456,6,162453500189,2469000,1
162.456,18,162453500189,2469000,1
162.458,10,162455967189,2496006,0
162.461,8,162458490195,2469000,1
162.461,15,162458490195,2469000,1
162.463,8,162460959195,2496006,0
162.466,13,162463482201,2496006,0
162.468,20,162466005207,2469000,1
162.468,11,162466005207,2469000,1
162.468,8,162466005207,2469000,1
162.471,13,162468472207,2496006,0
162.473,23,162470995213,2469000,1
162.473,11,162470995213,2469000,1
162.476,10,162473480213,2469000,1
162.476,13,162473480213,2469000,1
162.478,16,162475983213,2469000,1
162.478,17,162475983213,2469000,1
162.481,20,162478468213,2496006,0
162.484,8,162481322219,2496006,0
162.486,13,162483845225,2469000,1
162.486,20,162483845225,2469000,1
162.489,13,162486330225,2496006,0
162.491,18,162488853231,2496006,0
162.494,8,162491376237,2469000,1
162.494,18,162491376237,2469000,1
162.496,10,162493852237,2496006,0
162.499,10,162496384243,2496006,0
162.501,13,162498943249,2496006,0
162.504,10,162501466255,2496006,0
162.506,10,162503989261,2496006,0
162.509,20,162506521267,2496006,0
162.512,20,162509044273,2496006,0
162.514,10,162511585279,2469000,1
162.514,8,162511585279,2469000,1
162.517,20,162514061279,2469000,1
162.517,13,162514061279,2469000,1
162.519,18,162516546279,2496006,0
162.522,13,162519069285,2496006,0
162.524,2,162521628291,2496006,0
162.527,18,162524160297,2496006,0
162.529,14,162526692303,2469000,1
162.529,20,162526692303,2469000,1
162.532,13,162529186303,2496006,0
162.534,2,162531736309,2469000,1
162.534,10,162531736309,2469000,1
162.534,18,162531736309,2469000,1
162.534,13,162531736309,2469000,1
162.537,8,162534203309,2496006,0
162.542,8,162539276321,2496006,0
162.544,21,162541817327,2469000,1
162.544,23,162541817327,2469000,1
162.547,17,162544311327,2496006,0
162.549,15,162546843333,2496006,0
162.552,18,162549366339,2496006,0
162.554,2,162551889345,2469000,1
162.554,8,162551889345,2469000,1
162.557,17,162554705351,2469000,1
162.557,10,162554705351,2469000,1
162.56,9,162557172351,2469000,1
162.56,13,162557172351,2469000,1
162.562,15,162559657351,2496006,0
162.565,8,162562180357,2496006,0
162.567,17,162564712363,2496006,0
162.57,18,162567244369,2496006,0
162.572,15,162569794375,2496006,0
162.575,8,162572335381,2496006,0
162.577,15,162574858387,2496006,0
162.58,17,162577381393,2496006,0
162.582,17,162579904399,2496006,0
162.585,15,162582427405,2469000,1
162.587,8,162584903405,2496006,0
162.59,17,162587435411,2469000,1
162.59,18,162587435411,2469000,1
162.592,5,162589911411,2469000,1
162.595,4,162592378411,2469000,1
162.595,10,162592378411,2469000,1
162.597,18,162594872411,2496006,0
162.6,20,162597395417,2469000,1
162.6,8,162597395417,2469000,1
162.602,12,162599862417,2496006,0
162.605,3,162602394423,2496006,0
162.607,17,162604953429,2496006,0
162.61,3,162607476435,2469000,1
162.61,8,162607476435,2469000,1
162.612,15,162609943435,2496006,0
162.615,12,162612466441,2496006,0
162.617,18,162614989447,2496006,0
162.62,15,162617530453,2469000,1
162.62,12,162617530453,2469000,1
162.623,13,162620006453,2496006,0
162.625,16,162622538459,2496006,0
162.628,21,162625070465,2496006,0
162.63,13,162627593471,2496006,0
162.633,17,162630116477,2469000,1
162.633,18,162630116477,2469000,1
162.635,3,162632583477,2496006,0
162.638,2,162635106483,2496006,0
162.64,12,162637629489,2496006,0
162.643,16,162640152495,2496006,0
162.645,16,162642684501,2496006,0
162.648,6,162645216507,2496006,0
162.65,1,162647739513,2496006,0
162.653,15,162650262519,2469000,1
162.655,6,162652729519,2496006,0
162.658,2,162655261525,2496006,0
162.661,21,162658097531,2469000,1
162.661,13,162658097531,2469000,1
162.661,18,162658097531,2469000,1
162.663,16,162660582531,2469000,1
162.663,3,162660582531,2469000,1
162.663,12,162660582531,2469000,1
162.663,18,162660582531,2469000,1
162.666,2,162663049531,2496006,0
162.668,23,162665572537,2469000,1
162.668,3,162665572537,2469000,1
162.671,2,162668039537,2496006,0
162.673,13,162670562543,2496006,0
162.676,6,162673085549,2469000,1
162.676,1,162673085549,2469000,1
162.678,13,162675561549,2469000,1
162.678,6,162675561549,2469000,1
162.681,17,162678046549,2496006,0
162.683,15,162680569555,2496006,0
162.686,16,162683092561,2469000,1
162.686,17,162683092561,2469000,1
162.688,21,162685872567,2496006,0
162.691,2,162688395573,2469000,1
162.691,8,162688395573,2469000,1
162.691,12,162688395573,2469000,1
162.693,17,162690862573,2496006,0
162.696,15,162693412579,2496006,0
162.698,15,162695935585,2496006,0
162.701,21,162698458591,2469000,1
162.701,15,162698458591,2469000,1
162.703,17,162700952591,2496006,0
162.706,21,162703475597,2496006,0
162.709,2,162706016603,2496006,0
162.711,17,162708539609,2496006,0
162.714,3,162711071615,2496006,0
162.716,13,162713603621,2496006,0
162.719,21,162716135627,2469000,1
162.719,1,162716135627,2469000,1
162.721,3,162718602627,2469000,1
162.721,17,162718602627,2469000,1
162.724,13,162721080627,2496006,0
162.726,15,162723603633,2496006,0
162.729,2,162726126639,2496006,0
162.731,2,162728649645,2469000,1
162.734,15,162731125645,2469000,1
162.739,1,162736124651,2496006,0
162.741,16,162738647657,2496006,0
162.744,13,162741206663,2496006,0
162.746,16,162743747669,2469000,1
162.746,1,162743747669,2469000,1
162.749,21,162746214669,2496006,0
162.751,2,162748737675,2496006,0
162.754,8,162751260681,2496006,0
162.756,13,162753783687,2496006,0
162.759,20,162756306693,2469000,1
162.759,6,162756306693,2469000,1
162.762,17,162759122699,2496006,0
162.764,8,162761645705,2496006,0
162.767,6,162764168711,2496006,0
162.769,3,162766691717,2469000,1
162.769,15,162766691717,2469000,1
162.772,21,162769167717,2496006,0
162.774,12,162771690723,2469000,1
162.774,2,162771690723,2469000,1
162.777,3,162774157723,2496006,0
162.779,1,162776680729,2469000,1
162.779,13,162776680729,2469000,1
162.782,6,162779156729,2496006,0
162.784,21,162781679735,2469000,1
162.784,8,162781679735,2469000,1
162.787,14,162784164735,2496006,0
162.789,17,162786687741,2469000,1
162.789,3,162786687741,2469000,1
162.792,16,162789476747,2496006,0
162.794,19,162791999753,2496006,0
162.797,6,162794540759,2496006,0
162.8,19,162797099765,2469000,1
162.802,2,162799575765,2496006,0
162.805,14,162802107771,2496006,0
162.807,8,162804630777,2496006,0
162.81,16,162807153783,2496006,0
162.812,17,162809685789,2469000,1
162.812,6,162809685789,2469000,1
162.815,13,162812161789,2496006,0
162.817,20,162814684795,2496006,0
162.82,3,162817207801,2496006,0
162.822,21,162819730807,2496006,0
162.825,21,162822253813,2496006,0
162.827,2,162824794819,2496006,0
162.83,14,162827317825,2469000,1
162.83,8,162827317825,2469000,1
162.832,21,162829784825,2469000,1
162.832,19,162829784825,2469000,1
162.832,6,162829784825,2469000,1
162.835,3,162832260825,2469000,1
162.835,16,162832260825,2469000,1
162.837,18,162834736825,2469000,1
162.837,13,162834736825,2469000,1
162.837,14,162834736825,2469000,1
162.84,20,162837212825,2496006,0
162.842,15,162839744831,2496006,0
162.845,20,162842267837,2496006,0
162.847,13,162844790843,2496006,0
162.85,10,162847313849,2496006,0
162.852,8,162849845855,2469000,1
162.852,20,162849845855,2469000,1
162.855,2,162852312855,2496006,0
162.857,10,162854844861,2496006,0
162.86,15,162857376867,2496006,0
162.862,15,162859899873,2496006,0
162.865,10,162862744879,2469000,1
162.865,20,162862744879,2469000,1
162.868,21,162865211879,2496006,0
162.87,19,162867734885,2469000,1
162.87,21,162867734885,2469000,1
162.873,16,162870201885,2496006,0
162.875,1,162872724891,2469000,1
162.875,13,162872724891,2469000,1
162.878,21,162875191891,2469000,1
162.88,17,162877667891,2469000,1
162.88,2,162877667891,2469000,1
162.883,21,162880152891,2496006,0
162.885,16,162882684897,2496006,0
162.888,3,162885207903,2469000,1
162.888,15,162885207903,2469000,1
162.89,13,162887719903,2496006,0
162.893,21,162890555909,2469000,1
162.893,16,162890555909,2469000,1
162.896,8,162893031909,2469000,1
162.896,13,162893031909,2469000,1
162.898,15,162895507909,2496006,0
162.901,10,162898039915,2496006,0
162.903,12,162900562921,2496006,0
162.906,15,162903094927,2469000,1
162.906,6,162903094927,2469000,1
162.908,14,162905570927,2496006,0
162.911,2,162908102933,2496006,0
162.913,12,162910625939,2469000,1
162.913,10,162910625939,2469000,1
162.913,14,162910625939,2469000,1
162.916,16,162913101939,2496006,0
162.918,21,162915642945,2496006,0
162.921,13,162918174951,2496006,0
162.923,2,162920715957,2496006,0
162.926,21,162923265963,2469000,1
162.926,16,162923265963,2469000,1
162.928,1,162925732963,2496006,0
162.931,20,162928264969,2496006,0
162.933,2,162930805975,2496006,0
162.936,15,162933328981,2496006,0
162.938,19,162935860987,2469000,1
162.938,13,162935860987,2469000,1
162.941,15,162938327987,2496006,0
162.943,10,162940850993,2469000,1
162.946,20,162943326993,2496006,0
162.948,23,162945849999,2469000,1
162.948,3,162945849999,2469000,1
162.951,12,162948316999,2469000,1
162.951,14,162948316999,2469000,1
162.953,15,162950783999,2469000,1
162.953,14,162950785999,2469000,1
162.956,2,162953252999,2469000,1
162.956,1,162953252999,2469000,1
162.958,16,162955737999,2496006,0
162.961,20,162958270005,2469000,1
162.966,6,162963582011,2469000,1
162.966,1,162963582011,2469000,1
162.969,13,162966049011,2496006,0
162.971,9,162968599017,2469000,1
162.971,17,162968599017,2469000,1
162.971,21,162968599017,2469000,1
162.971,15,162968599017,2469000,1
162.971,16,162968599017,2469000,1
162.974,13,162971066017,2469000,1
162.974,20,162971066017,2469000,1
162.976,21,162973551017,2469000,1
162.976,16,162973551017,2469000,1
162.979,13,162976027017,2496006,0
162.981,14,162978586023,2496006,0
162.984,11,162981136029,2469000,1
162.984,10,162981136029,2469000,1
162.986,2,162983612029,2496006,0
162.989,14,162986135035,2496006,0
162.991,13,162988667041,2496006,0
162.994,12,162991190047,2469000,1
162.994,13,162991190047,2469000,1
162.996,14,162993970053,2496006,0
162.999,7,162996511059,2496006,0
163.002,14,162999043065,2469000,1
163.002,15,162999043065,2469000,1
163.004,8,163001510065,2496006,0
163.007,13,163004033071,2496006,0
163.009,2,163006583077,2496006,0
163.012,13,163009115083,2469000,1
163.012,7,163009115083,2469000,1
163.012,2,163009115083,2469000,1
163.017,8,163014168089,2496006,0
163.019,21,163016718095,2469000,1
163.019,12,163016718095,2469000,1
163.022,20,163019185095,2469000,1
163.022,16,163019185095,2469000,1
163.024,14,163021652095,2496006,0
163.027,20,163024193101,2496006,0
163.029,1,163026752107,2496006,0
163.032,20,163029275113,2469000,1
163.032,8,163029275113,2469000,1
163.034,7,163031751113,2496006,0
163.037,13,163034274119,2469000,1
163.037,1,163034274119,2469000,1
163.039,2,163036741119,2496006,0
163.042,14,163039264125,2496006,0
163.044,8,163041796131,2496006,0
163.047,7,163044364137,2496006,0
163.049,16,163046896143,2496006,0
163.054,14,163051960155,2496006,0
163.057,8,163054483161,2469000,1
163.057,2,163054483161,2469000,1
163.059,18,163056959161,2496006,0
163.062,3,163059482167,2469000,1
163.062,1,163059482167,2469000,1
163.064,20,163061949167,2496006,0
163.067,7,163064481173,2496006,0
163.07,18,163067317179,2469000,1
163.07,16,163067317179,2469000,1
163.072,8,163069811179,2496006,0
163.075,20,163072334185,2496006,0
163.077,5,163074875191,2469000,1
163.077,14,163074875191,2469000,1
163.08,7,163077342191,2496006,0
163.082,7,163079874197,2496006,0
163.085,20,163082397203,2469000,1
163.085,7,163082397203,2469000,1
163.087,10,163084864203,2469000,1
163.087,21,163084864203,2469000,1
163.09,18,163087331203,2496006,0
163.092,12,163089854209,2469000,1
163.092,13,163089854209,2469000,1
163.095,8,163092330209,2496006,0
163.098,8,163095166215,2496006,0
163.1,2,163097689221,2496006,0
163.105,15,163102744233,2469000,1
163.105,7,163102744233,2469000,1
163.108,14,163105211233,2496006,0
163.11,18,163107734239,2496006,0
163.113,8,163110257245,2469000,1
163.113,14,163110257245,2469000,1
163.115,16,163112742245,2496006,0
163.118,1,163115265251,2469000,1
163.118,15,163115265251,2469000,1
163.118,16,163115265251,2469000,1
163.12,2,163117750251,2496006,0
163.123,18,163120273257,2496006,0
163.125,17,163122850263,2496006,0
163.128,8,163125373269,2496006,0
163.13,20,163127905275,2469000,1
163.13,13,163127905275,2469000,1
163.133,14,163130381275,2496006,0
163.135,16,163132913281,2469000,1
163.135,2,163132913281,2469000,1
163.138,8,163135389281,2469000,1
163.138,17,163135389281,2469000,1
163.138,18,163135389281,2469000,1
163.14,14,163137865281,2496006,0
163.145,14,163142974293,2496006,0
163.148,17,163145497299,2496006,0
163.151,10,163148029305,2496006,0
163.153,8,163150552311,2469000,1
163.153,17,163150552311,2469000,1
163.156,19,163153019311,2496006,0
163.158,20,163155542317,2469000,1
163.158,18,163155542317,2469000,1
163.16,2,163158018317,2469000,1
163.16,20,163158018317,2469000,1
163.163,14,163160503317,2496006,0
163.166,14,163163062323,2496006,0
163.168,5,163165585329,2496006,0
163.171,7,163168421335,2469000,1
163.171,1,163168421335,2469000,1
163.171,10,163168421335,2469000,1
163.173,19,163170888335,2469000,1
163.173,10,163170890335,2469000,1
163.176,14,163173357335,2496006,0
163.178,17,163175889341,2496006,0
163.181,14,163178430347,2496006,0
163.183,2,163180962353,2496006,0
163.186,17,163183485359,2496006,0
163.191,5,163188549371,2469000,1
163.191,17,163188549371,2469000,1
163.194,8,163191034371,2496006,0
163.196,14,163193584377,2496006,0
163.199,5,163196116383,2496006,0
163.201,14,163198952389,2496006,0
163.204,2,163201475395,2496006,0
163.206,19,163203998401,2496006,0
163.209,16,163206521407,2496006,0
163.212,8,163209044413,2469000,1
163.212,16,163209044413,2469000,1
163.214,5,163211511413,2469000,1
163.214,2,163211511413,2469000,1
163.214,16,163211513413,2469000,1
163.216,19,163213989413,2496006,0
163.219,14,163216539419,2496006,0
163.222,2,163219071425,2496006,0
163.224,2,163221612431,2496006,0
163.227,7,163224135437,2469000,1
163.227,17,163224135437,2469000,1
163.229,6,163226602437,2469000,1
163.229,18,163226602437,2469000,1
163.232,14,163229078437,2469000,1
163.232,19,163229078437,2469000,1
163.232,2,163229078437,2469000,1
163.237,5,163234086443,2496006,0
163.239,8,163236627449,2496006,0
163.242,10,163239150455,2496006,0
163.244,6,163241682461,2496006,0
163.247,10,163244205467,2496006,0
163.249,5,163246755473,2496006,0
163.252,6,163249278479,2496006,0
163.254,8,163251819485,2496006,0
163.257,19,163254342491,2496006,0
163.259,10,163256901497,2469000,1
163.259,2,163256901497,2469000,1
163.262,14,163259368497,2496006,0
163.264,6,163261891503,2469000,1
163.264,5,163261891503,2469000,1
163.267,19,163264385503,2496006,0
163.269,8,163266917509,2496006,0
163.272,14,163269440515,2496006,0
163.277,16,163274799527,2496006,0
163.28,6,163277322533,2496006,0
163.282,17,163279845539,2469000,1
163.282,10,163279845539,2469000,1
163.285,19,163282339539,2469000,1
163.285,15,163282339539,2469000,1
163.287,19,163284833539,2496006,0
163.29,16,163287356545,2469000,1
163.29,13,163287356545,2469000,1
163.292,8,163289823545,2496006,0
163.295,6,163292346551,2496006,0
163.297,14,163294869557,2469000,1
163.297,16,163294869557,2469000,1
163.3,19,163297336557,2469000,1
163.3,6,163297336557,2469000,1
163.303,5,163300152563,2469000,1
163.303,6,163300152563,2469000,1
163.305,8,163302619563,2496006,0
163.308,8,163305151569,2496006,0
163.31,2,163307683575,2496006,0
163.313,8,163310215581,2496006,0
163.315,19,163312747587,2496006,0
163.32,2,163317793599,2496006,0
163.323,8,163320316605,2496006,0
163.325,14,163322839611,2496006,0
163.328,8,163325407617,2469000,1
163.328,2,163325407617,2469000,1
163.33,19,163327883617,2496006,0
163.333,10,163330415623,2496006,0
163.335,14,163332947629,2496006,0
163.338,19,163335479635,2496006,0
163.341,3,163338065641,2496006,0
163.343,12,163340597647,2469000,1
163.343,17,163340597647,2469000,1
163.343,16,163340597647,2469000,1
163.343,10,163340597647,2469000,1
163.346,19,163343064647,2496006,0
163.348,14,163345596653,2496006,0
163.353,7,163350660665,2469000,1
163.353,3,163350660665,2469000,1
163.356,14,163353145665,2496006,0
163.358,8,163355677671,2469000,1
163.358,2,163355677671,2469000,1
163.361,5,163358162671,2469000,1
163.361,19,163358162671,2469000,1
163.363,18,163360629671,2496006,0
163.366,6,163363170677,2496006,0
163.368,10,163365702683,2496006,0
163.371,20,163368261689,2469000,1
163.371,3,163368261689,2469000,1
163.371,14,163368261689,2469000,1
163.373,10,163370746689,2496006,0
163.376,18,163373600695,2496006,0
163.379,19,163376123701,2469000,1
163.381,6,163378590701,2496006,0
163.384,18,163381140707,2496006,0
163.386,18,163383681713,2496006,0
163.389,6,163386231719,2469000,1
163.389,10,163386231719,2469000,1
163.391,18,163388716719,2496006,0
163.394,8,163391248725,2496006,0
163.396,14,163393798731,2496006,0
163.399,14,163396321737,2496006,0
163.401,6,163398844743,2496006,0
163.404,6,163401367749,2469000,1
163.407,18,163404156755,2469000,1
163.407,2,163404156755,2469000,1
163.407,10,163404156755,2469000,1
163.409,10,163406650755,2496006,0
163.412,8,163409173761,2496006,0
163.414,3,163411705767,2496006,0
163.417,8,163414228773,2496006,0
163.419,22,163416769779,2496006,0
163.422,14,163419292785,2496006,0
163.424,22,163421824791,2496006,0
163.427,3,163424347797,2496006,0
163.429,8,163426879803,2496006,0
163.432,10,163429402809,2496006,0
163.434,14,163431925815,2469000,1
163.434,19,163431925815,2469000,1
163.434,6,163431925815,2469000,1
163.439,18,163436933821,2496006,0
163.442,18,163439456827,2496006,0
163.444,22,163441979833,2496006,0
163.447,8,163444511839,2469000,1
163.447,3,163444511839,2469000,1
163.449,12,163446978839,2496006,0
163.452,14,163449501845,2469000,1
163.452,12,163449501845,2469000,1
163.454,14,163451970845,2496006,0
163.457,18,163454493851,2496006,0
163.46,10,163457016857,2496006,0
163.462,12,163459548863,2496006,0
163.465,14,163462080869,2496006,0
163.467,18,163464603875,2496006,0
163.47,22,163467126881,2496006,0
163.472,10,163469649887,2469000,1
163.472,3,163469649887,2469000,1
163.475,12,163472134887,2496006,0
163.477,12,163474657893,2496006,0
163.48,18,163477502899,2496006,0
163.483,10,163480025905,2496006,0
163.488,8,163485071917,2496006,0
163.49,22,163487603923,2496006,0
163.493,18,163490126929,2469000,1
163.493,1,163490126929,2469000,1
163.493,14,163490126929,2469000,1
163.495,16,163492602929,2496006,0
163.498,8,163495134935,2496006,0
163.5,10,163497657941,2496006,0
163.503,12,163500180947,2496006,0
163.505,16,163502703953,2469000,1
163.505,8,163502703953,2469000,1
163.505,10,163502703953,2469000,1
163.508,22,163505501959,2496006,0
163.51,12,163508024965,2469000,1
163.51,18,163508024965,2469000,1
163.513,3,163510491965,2469000,1
163.513,16,163510491965,2469000,1
163.515,22,163512967965,2496006,0
163.518,5,163515490971,2496006,0
163.521,6,163518013977,2496006,0
163.523,4,163520536983,2496006,0
163.526,8,163523059989,2496006,0
163.528,22,163525591995,2496006,0
163.531,3,163528124001,2496006,0
163.533,8,163530647007,2469000,1
163.533,6,163530647007,2469000,1
163.533,14,163530647007,2469000,1
163.536,17,163533132007,2469000,1
163.536,2,163533132007,2469000,1
163.538,21,163535599007,2496006,0
163.541,5,163538122013,2496006,0
163.543,22,163540663019,2496006,0
163.546,10,163543186025,2469000,1
163.546,18,163543186025,2469000,1
163.546,4,163543186025,2469000,1
163.548,5,163545653025,2469000,1
163.548,12,163545653025,2469000,1
163.548,6,163545653025,2469000,1
163.551,3,163548147025,2496006,0
163.553,22,163550670031,2496006,0
163.556,4,163553193037,2469000,1
163.556,3,163553193037,2469000,1
163.558,21,163555678037,2469000,1
163.558,5,163555678037,2469000,1
163.561,8,163558163037,2496006,0
163.563,16,163560704043,2496006,0
163.566,21,163563245049,2496006,0
163.568,22,163565777055,2496006,0
163.571,16,163568300061,2469000,1
163.571,8,163568300061,2469000,1
163.571,3,163568300061,2469000,1
163.573,21,163570767061,2496006,0
163.576,19,163573299067,2496006,0
163.578,16,163575822073,2496006,0
163.581,21,163578658079,2496006,0
163.584,19,163581190085,2496006,0
163.586,16,163583713091,2496006,0
163.589,20,163586236097,2496006,0
163.591,22,163588759103,2469000,1
163.591,16,163588759103,2469000,1
163.594,21,163591226103,2469000,1
163.594,3,163591226103,2469000,1
163.596,6,163593693103,2469000,1
163.596,5,163593693103,2469000,1
163.599,23,163596160103,2469000,1
163.599,22,163596160103,2469000,1
163.599,21,163596160103,2469000,1
163.601,20,163598636103,2496006,0
163.604,14,163601159109,2469000,1
163.604,20,163601159109,2469000,1
163.606,8,163603626109,2496006,0
163.609,8,163606176115,2469000,1
163.611,19,163608956121,2496006,0
163.614,12,163611515127,2496006,0
163.617,19,163614047133,2496006,0
163.619,19,163616579139,2496006,0
163.622,10,163619138145,2496006,0
163.624,10,163621661151,2496006,0
163.627,12,163624184157,2496006,0
163.629,19,163626716163,2469000,1
163.629,16,163626716163,2469000,1
163.629,10,163626716163,2469000,1
163.632,4,163629219163,2496006,0
163.634,12,163631742169,2496006,0
163.637,20,163634265175,2496006,0
163.639,8,163636797181,2469000,1
163.639,4,163636797181,2469000,1
163.642,21,163639273181,2496006,0
163.644,12,163641814187,2496006,0
163.647,20,163644373193,2496006,0
163.649,21,163646896199,2496006,0
163.652,20,163649437205,2469000,1
163.652,21,163649437205,2469000,1
163.654,20,163651906205,2496006,0
163.657,12,163654429211,2469000,1
163.657,10,163654429211,2469000,1
163.662,19,163659428217,2469000,1
163.662,12,163659428217,2469000,1
163.664,19,163661897217,2496006,0
163.667,5,163664420223,2496006,0
163.669,19,163666952229,2496006,0
163.672,8,163669475235,2496006,0
163.674,22,163671998241,2469000,1
163.674,4,163671998241,2469000,1
163.674,5,163671998241,2469000,1
163.677,18,163674474241,2469000,1
163.677,20,163674474241,2469000,1
163.679,16,163676968241,2496006,0
163.682,21,163679500247,2496006,0
163.685,8,163682336253,2496006,0
163.687,21,163684877259,2496006,0
163.69,19,163687400265,2496006,0
163.692,8,163689932271,2496006,0
163.695,19,163692455277,2496006,0
163.698,21,163695014283,2496006,0
163.7,8,163697537289,2469000,1
163.7,16,163697537289,2469000,1
163.703,19,163700022289,2496006,0
163.705,5,163702545295,2496006,0
163.708,21,163705077301,2496006,0
163.71,18,163707600307,2469000,1
163.71,20,163707600307,2469000,1
163.713,8,163710380313,2496006,0
163.715,16,163712912319,2469000,1
163.715,21,163712912319,2469000,1
163.715,8,163712912319,2469000,1
163.718,5,163715379319,2496006,0
163.72,3,163717902325,2496006,0
163.723,3,163720425331,2496006,0
163.725,14,163722948337,2469000,1
163.725,12,163722948337,2469000,1
163.728,19,163725415337,2469000,1
163.728,20,163725415337,2469000,1
163.73,21,163727909337,2496006,0
163.733,3,163730432343,2496006,0
163.735,20,163732964349,2469000,1
163.735,21,163732964349,2469000,1
163.738,5,163735431349,2496006,0
163.74,5,163737963355,2496006,0
163.743,8,163740495361,2469000,1
163.743,5,163740495361,2469000,1
163.745,10,163742962361,2469000,1
163.745,19,163742962361,2469000,1
163.748,3,163745429361,2496006,0
163.75,6,163747961367,2496006,0
163.753,21,163750493373,2496006,0
163.756,4,163753016379,2496006,0
163.758,6,163755539385,2496006,0
163.761,13,163758071391,2496006,0
163.763,5,163760612397,2496006,0
163.766,3,163763135403,2496006,0
163.768,3,163765676409,2469000,1
163.771,4,163768143409,2496006,0
163.773,5,163770675415,2469000,1
163.773,6,163770675415,2469000,1
163.773,21,163770675415,2469000,1
163.776,13,163773160415,2496006,0
163.778,4,163775701421,2496006,0
163.781,7,163778224427,2469000,1
163.781,4,163778224427,2469000,1
163.783,8,163780691427,2496006,0
163.786,4,163783545433,2496006,0
163.789,13,163786131439,2496006,0
163.791,4,163788663445,2496006,0
163.794,21,163791186451,2469000,1
163.794,8,163791186451,2469000,1
163.796,16,163793653451,2496006,0
163.799,6,163796185457,2496006,0
163.801,5,163798708463,2496006,0
163.804,3,163801240469,2496006,0
163.806,19,163803772475,2496006,0
163.809,4,163806295481,2496006,0
163.811,5,163808827487,2469000,1
163.811,16,163808827487,2469000,1
163.811,13,163808827487,2469000,1
163.814,6,163811607493,2496006,0
163.817,19,163814139499,2496006,0
163.819,3,163816671505,2496006,0
163.822,19,163819194511,2469000,1
163.824,4,163821661511,2469000,1
163.824,16,163821661511,2469000,1
163.827,3,163824137511,2496006,0
163.829,6,163826669517,2469000,1
163.829,5,163826669517,2469000,1
163.832,10,163829136517,2496006,0
163.834,4,163831659523,2496006,0
163.837,3,163834182529,2469000,1
163.837,8,163834182529,2469000,1
163.842,13,163839172535,2496006,0
163.844,6,163841695541,2496006,0
163.847,21,163844227547,2469000,1
163.847,19,163844227547,2469000,1
163.849,6,163846721547,2469000,1
163.849,22,163846721547,2469000,1
163.849,21,163846721547,2469000,1
163.852,10,163849188547,2469000,1
163.852,4,163849188547,2469000,1
163.854,13,163851664547,2496006,0
163.857,2,163854187553,2496006,0
163.859,13,163856710559,2496006,0
163.862,13,163859242565,2496006,0
163.864,6,163861765571,2496006,0
163.867,2,163864306577,2496006,0
163.869,18,163866829583,2496006,0
163.872,4,163869361589,2496006,0
163.874,3,163871884595,2469000,1
163.874,8,163871884595,2469000,1
163.877,18,163874351595,2496006,0
163.879,2,163876883601,2469000,1
163.879,6,163876883601,2469000,1
163.879,13,163876883601,2469000,1
163.879,4,163876883601,2469000,1
163.882,20,163879377601,2469000,1
163.882,10,163879377601,2469000,1
163.884,2,163881862601,2496006,0
163.887,5,163884412607,2469000,1
163.887,13,163884412607,2469000,1
163.89,12,163887201613,2469000,1
163.89,8,163887201613,2469000,1
163.89,18,163887201613,2469000,1
163.892,18,163889686613,2496006,0
163.895,2,163892236619,2496006,0
163.897,6,163894759625,2469000,1
163.897,13,163894759625,2469000,1
163.9,18,163897235625,2496006,0
163.902,2,163899767631,2496006,0
163.905,6,163902290637,2496006,0
163.907,16,163904822643,2496006,0
163.91,18,163907363649,2469000,1
163.91,4,163907363649,2469000,1
163.912,6,163909857649,2496006,0
163.915,18,163912380655,2496006,0
163.918,2,163915225661,2496006,0
163.92,16,163917748667,2469000,1
163.92,6,163917748667,2469000,1
163.923,19,163920224667,2496006,0
163.925,18,163922747673,2496006,0
163.928,2,163925288679,2496006,0
163.93,22,163927829685,2496006,0
163.935,19,163932893697,2496006,0
163.938,2,163935416703,2469000,1
163.938,15,163935416703,2469000,1
163.94,19,163937919703,2469000,1
163.94,18,163937919703,2469000,1
163.943,3,163940386703,2496006,0
163.945,18,163942918709,2496006,0
163.948,6,163945450715,2469000,1
163.948,22,163945450715,2469000,1
163.948,18,163945450715,2469000,1
163.95,10,163947944715,2496006,0
163.953,18,163950467721,2496006,0
163.955,16,163952999727,2496006,0
163.958,2,163955540733,2496006,0
163.961,18,163958063739,2469000,1
163.961,21,163958063739,2469000,1
163.963,3,163960530739,2469000,1
163.963,2,163960530739,2469000,1
163.966,18,163963015739,2496006,0
163.968,10,163965556745,2496006,0
163.971,11,163968079751,2469000,1
163.971,4,163968079751,2469000,1
163.971,18,163968079751,2469000,1
163.976,16,163973069757,2496006,0
163.978,19,163975601763,2469000,1
163.978,22,163975601763,2469000,1
163.981,3,163978077763,2496006,0
163.983,10,163980600769,2496006,0
163.986,17,163983123775,2496006,0
163.988,10,163985700781,2496006,0
163.991,3,163988545787,2469000,1
163.991,6,163988545787,2469000,1
163.991,16,163988545787,2469000,1
163.994,22,163991021787,2496006,0
163.996,2,163993553793,2496006,0
163.999,17,163996076799,2469000,1
163.999,5,163996076799,2469000,1
164.001,18,163998552799,2496006,0
164.004,1,164001075805,2469000,1
164.004,10,164001075805,2469000,1
164.006,13,164003542805,2469000,1
164.006,3,164003542805,2469000,1
164.009,14,164006009805,2496006,0
164.011,22,164008550811,2496006,0
164.014,18,164011082817,2469000,1
164.016,14,164013567817,2496006,0
164.019,2,164016403823,2496006,0
164.021,4,164018953829,2496006,0
164.024,2,164021494835,2469000,1
164.024,16,164021494835,2469000,1
164.024,22,164021494835,2469000,1
164.026,14,164023970835,2496006,0
164.029,17,164026493841,2469000,1
164.029,14,164026493841,2469000,1
164.031,10,164028960841,2496006,0
164.034,10,164031483847,2496006,0
164.037,18,164034006853,2496006,0
164.039,4,164036529859,2496006,0
164.042,19,164039052865,2496006,0
164.044,10,164041575871,2469000,1
164.044,18,164041575871,2469000,1
164.047,3,164044069871,2469000,1
164.047,22,164044069871,2469000,1
164.049,10,164046572871,2496006,0
164.052,4,164049095877,2469000,1
164.052,14,164049095877,2469000,1
164.057,19,164054085883,2496006,0
164.059,4,164056635889,2496006,0
164.062,2,164059167895,2496006,0
164.064,10,164061690901,2496006,0
164.067,6,164064213907,2469000,1
164.067,10,164064213907,2469000,1
164.069,2,164066689907,2496006,0
164.072,19,164069239913,2469000,1
164.072,2,164069239913,2469000,1
164.074,4,164071724913,2496006,0
164.077,18,164074256919,2496006,0
164.079,18,164076806925,2496006,0
164.082,3,164079356931,2496006,0
164.084,16,164081879937,2496006,0
164.087,18,164084411943,2469000,1
164.089,4,164086887943,2496006,0
164.092,4,164089732949,2496006,0
164.095,16,164092264955,2496006,0
164.097,12,164094787961,2469000,1
164.097,22,164094787961,2469000,1
164.097,10,164094787961,2469000,1
164.097,18,164094787961,2469000,1
164.097,4,164094787961,2469000,1
164.1,21,164097272961,2496006,0
164.102,19,164099795967,2469000,1
164.102,3,164099795967,2469000,1
164.105,2,164102262967,2496006,0
164.107,17,164104785973,2496006,0
164.11,7,164107317979,2496006,0
164.112,18,164109849985,2496006,0
164.115,16,164112372991,2469000,1
164.115,4,164112372991,2469000,1
164.117,2,164114848991,2496006,0
164.12,21,164117371997,2496006,0
164.123,10,164120226003,2496006,0
164.125,17,164122749009,2496006,0
164.128,14,164125272015,2496006,0
164.13,6,164127795021,2469000,1
164.13,16,164127795021,2469000,1
164.133,19,164130262021,2496006,0
164.135,21,164132785027,2496006,0
164.138,7,164135308033,2469000,1
164.138,14,164135308033,2469000,1
164.14,2,164137775033,2496006,0
164.143,18,164140298039,2496006,0
164.145,5,164142821045,2496006,0
164.148,14,164145344051,2496006,0
164.15,21,164147867057,2469000,1
164.15,10,164147867057,2469000,1
164.153,14,164150334057,2496006,0
164.155,18,164152884063,2469000,1
164.155,7,164152884063,2469000,1
164.155,21,164152884063,2469000,1
164.158,14,164155351063,2469000,1
164.158,3,164155351063,2469000,1
164.158,17,164155351063,2469000,1
164.158,19,164155351063,2469000,1
164.16,2,164157836063,2496006,0
164.163,23,164160359069,2469000,1
164.163,2,164160359069,2469000,1
164.165,21,164162826069,2469000,1
164.165,19,164162826069,2469000,1
164.168,18,164165302069,2469000,1
164.168,23,164165302069,2469000,1
164.17,5,164167769069,2496006,0
164.173,9,164170292075,2496006,0
164.175,4,164172824081,2496006,0
164.178,9,164175365087,2469000,1
164.178,18,164175365087,2469000,1
164.18,6,164177868087,2469000,1
164.18,3,164177868087,2469000,1
164.183,5,164180335087,2469000,1
164.185,10,164182804087,2496006,0
164.188,14,164185327093,2469000,1
164.188,5,164185327093,2469000,1
164.19,17,164187812093,2496006,0
164.193,23,164190335099,2469000,1
164.193,4,164190335099,2469000,1
164.198,19,164195647111,2496006,0
164.201,2,164198188117,2496006,0
164.203,10,164200711123,2496006,0
164.206,17,164203243129,2496006,0
164.208,8,164205766135,2496006,0
164.211,19,164208289141,2496006,0
164.213,10,164210821147,2496006,0
164.216,14,164213344153,2496006,0
164.218,7,164215867159,2496006,0
164.221,8,164218399165,2469000,1
164.221,2,164218399165,2469000,1
164.221,9,164218399165,2469000,1
164.224,4,164221215171,2469000,1
164.224,17,164221215171,2469000,1
164.226,10,164223682171,2469000,1
164.226,16,164223682171,2469000,1
164.229,10,164226151171,2496006,0
164.231,19,164228683177,2496006,0
164.234,8,164231206183,2496006,0
164.236,14,164233738189,2469000,1
164.236,7,164233738189,2469000,1
164.236,19,164233738189,2469000,1
164.239,19,164236207189,2496006,0
164.241,21,164238757195,2496006,0
164.244,10,164241289201,2496006,0
164.246,22,164243812207,2469000,1
164.246,17,164243812207,2469000,1
164.249,23,164246279207,2469000,1
164.251,8,164248746207,2496006,0
164.254,2,164251269213,2496006,0
164.256,8,164253819219,2469000,1
164.256,21,164253819219,2469000,1
164.259,19,164256295219,2496006,0
164.261,10,164258818225,2469000,1
164.261,23,164258818225,2469000,1
164.264,9,164261294225,2469000,1
164.264,19,164261294225,2469000,1
164.266,2,164263761225,2496006,0
164.269,8,164266293231,2469000,1
164.269,21,164266293231,2469000,1
164.271,14,164268760231,2469000,1
164.271,7,164268760231,2469000,1
164.271,10,164268760231,2469000,1
164.274,5,164271227231,2496006,0
164.276,8,164273750237,2496006,0
164.279,2,164276273243,2469000,1
164.279,5,164276273243,2469000,1
164.281,3,164278740243,2496006,0
164.284,1,164281263249,2496006,0
164.286,19,164283786255,2496006,0
164.289,19,164286318261,2496006,0
164.291,10,164288841267,2496006,0
164.294,8,164291373273,2496006,0
164.296,17,164293896279,2496006,0
164.299,4,164296741285,2469000,1
164.299,17,164296741285,2469000,1
164.302,10,164299235285,2469000,1
164.302,1,164299235285,2469000,1
164.304,8,164301702285,2469000,1
164.304,10,164301704285,2469000,1
164.307,2,164304171285,2469000,1
164.307,3,164304171285,2469000,1
164.309,19,164306665285,2469000,1
164.312,14,164309141285,2496006,0
164.314,5,164311664291,2496006,0
164.317,18,164314196297,2496006,0
164.319,17,164316728303,2469000,1
164.319,8,164316728303,2469000,1
164.322,1,164319195303,2496006,0
164.324,3,164321718309,2496006,0
164.327,14,164324554315,2496006,0
164.33,21,164327131321,2469000,1
164.33,18,164327131321,2469000,1
164.332,14,164329598321,2469000,1
164.332,19,164329598321,2469000,1
164.332,17,164329598321,2469000,1
164.335,5,164332065321,2496006,0
164.337,1,164334597327,2496006,0
164.34,13,164337120333,2469000,1
164.34,19,164337120333,2469000,1
164.342,5,164339605333,2469000,1
164.342,3,164339605333,2469000,1
164.345,7,164342099333,2496006,0
164.347,8,164344640339,2496006,0
164.35,14,164347163345,2496006,0
164.352,2,164349686351,2469000,1
164.352,3,164349686351,2469000,1
164.355,10,164352162351,2496006,0
164.357,1,164354685357,2496006,0
164.36,5,164357208363,2469000,1
164.36,10,164357208363,2469000,1
164.362,8,164359675363,2496006,0
164.365,19,164362207369,2496006,0
164.367,2,164364730375,2496006,0
164.37,18,164367253381,2469000,1
164.372,7,164369720381,2496006,0
164.375,7,164372243387,2496006,0
164.377,14,164374766393,2496006,0
164.38,14,164377298399,2496006,0
164.382,19,164379821405,2496006,0
164.387,8,164384876417,2496006,0
164.39,1,164387399423,2496006,0
164.392,19,164389931429,2469000,1
164.392,2,164389931429,2469000,1
164.395,16,164392398429,2469000,1
164.395,9,164392398429,2469000,1
164.397,7,164394865429,2469000,1
164.397,12,164394865429,2469000,1
164.4,14,164397663435,2496006,0
164.403,19,164400195441,2496006,0
164.405,8,164402718447,2496006,0
164.408,10,164405241453,2469000,1
164.408,1,164405241453,2469000,1
164.41,3,164407717453,2469000,1
164.41,1,164407717453,2469000,1
164.413,8,164410184453,2496006,0
164.415,17,164412716459,2469000,1
164.415,7,164412716459,2469000,1
164.418,8,164415192459,2496006,0
164.42,19,164417742465,2469000,1
164.42,3,164417742465,2469000,1
164.423,14,164420209465,2496006,0
164.425,2,164422750471,2496006,0
164.428,1,164425282477,2469000,1
164.428,19,164425282477,2469000,1
164.431,8,164428080483,2496006,0
164.433,18,164430612489,2496006,0
164.436,14,164433153495,2496006,0
164.438,8,164435676501,2469000,1
164.438,16,164435676501,2469000,1
164.441,18,164438152501,2496006,0
164.443,5,164440675507,2469000,1
164.443,2,164440675507,2469000,1
164.446,8,164443169507,2496006,0
164.448,19,164445710513,2469000,1
164.448,18,164445710513,2469000,1
164.451,14,164448204513,2496006,0
164.453,3,164450727519,2496006,0
164.456,8,164453259525,2496006,0
164.458,3,164455791531,2496006,0
164.461,7,164458314537,2469000,1
164.461,18,164458314537,2469000,1
164.463,8,164460781537,2469000,1
164.463,7,164460783537,2469000,1
164.466,3,164463259537,2496006,0
164.468,10,164465782543,2496006,0
164.471,4,164468314549,2496006,0
164.473,14,164470837555,2496006,0
164.476,3,164473360561,2496006,0
164.478,10,164475919567,2469000,1
164.478,8,164475919567,2469000,1
164.481,2,164478386567,2496006,0
164.483,8,164480918573,2496006,0
164.486,14,164483450579,2496006,0
164.488,4,164485982585,2496006,0
164.491,21,164488505591,2469000,1
164.491,3,164488505591,2469000,1
164.491,10,164488505591,2469000,1
164.493,14,164490981591,2496006,0
164.499,2,164496036603,2496006,0
164.501,14,164498559609,2496006,0
164.504,3,164501395615,2469000,1
164.504,2,164501395615,2469000,1
164.506,4,164503862615,2496006,0
164.509,1,164506385621,2469000,1
164.509,8,164506385621,2469000,1
164.511,14,164508906621,2496006,0
164.514,8,164511429627,2496006,0
164.516,7,164513970633,2469000,1
164.516,10,164513970633,2469000,1
164.516,14,164513970633,2469000,1
164.519,3,164516437633,2496006,0
164.521,18,164518978639,2469000,1
164.521,4,164518978639,2469000,1
164.524,8,164521445639,2496006,0
164.526,3,164523986645,2469000,1
164.526,2,164523986645,2469000,1
164.529,8,164526471645,2469000,1
164.529,20,164526471645,2469000,1
164.532,22,164529251651,2496006,0
164.534,14,164531819657,2496006,0
164.537,21,164534360663,2496006,0
164.539,14,164536892669,2469000,1
164.539,19,164536892669,2469000,1
164.542,22,164539359669,2496006,0
164.544,22,164541918675,2469000,1
164.544,21,164541918675,2469000,1
164.544,4,164541918675,2469000,1
164.547,4,164544387675,2496006,0
164.549,21,164546919681,2496006,0
164.552,3,164549496687,2496006,0
164.555,3,164552019693,2496006,0
164.557,4,164554551699,2469000,1
164.557,3,164554551699,2469000,1
164.56,8,164557018699,2496006,0
164.562,14,164559541705,2496006,0
164.565,4,164562082711,2496006,0
164.567,21,164564605717,2496006,0
164.57,2,164567191723,2469000,1
164.57,22,164567191723,2469000,1
164.572,4,164569658723,2469000,1
164.572,9,164569658723,2469000,1
164.572,8,164569658723,2469000,1
164.575,21,164572134723,2469000,1
164.575,23,164572134723,2469000,1
164.577,5,164574601723,2469000,1
164.577,14,164574601723,2469000,1
164.58,8,164577068723,2469000,1
164.58,21,164577068723,2469000,1
164.582,8,164579544723,2496006,0
164.585,8,164582121729,2496006,0
164.587,3,164584671735,2496006,0
164.59,4,164587212741,2496006,0
164.595,3,164592285753,2496006,0
164.597,8,164594826759,2496006,0
164.6,3,164597367765,2469000,1
164.6,14,164597367765,2469000,1
164.602,4,164599852765,2496006,0
164.605,3,164602724771,2496006,0
164.608,8,164605247777,2496006,0
164.61,4,164607779783,2496006,0
164.613,4,164610311789,2496006,0
164.615,17,164612834795,2469000,1
164.618,3,164615301795,2496006,0
164.62,10,164617842801,2496006,0
164.623,14,164620365807,2496006,0
164.625,3,164622888813,2496006,0
164.628,10,164625429819,2469000,1
164.628,8,164625429819,2469000,1
164.63,9,164627896819,2496006,0
164.633,18,164630419825,2469000,1
164.633,4,164630419825,2469000,1
164.636,3,164633217831,2469000,1
164.636,10,164633217831,2469000,1
164.638,22,164635684831,2496006,0
164.641,14,164638207837,2496006,0
164.646,21,164643289849,2496006,0
164.648,10,164645821855,2496006,0
164.651,9,164648344861,2496006,0
164.653,8,164650867867,2496006,0
164.656,14,164653390873,2469000,1
164.656,3,164653390873,2469000,1
164.656,10,164653390873,2469000,1
164.658,22,164655857873,2469000,1
164.658,9,164655857873,2469000,1
164.661,14,164658333873,2469000,1
164.661,9,164658333873,2469000,1
164.663,8,164660809873,2469000,1
164.663,4,164660809873,2469000,1
164.666,21,164663285873,2496006,0
164.668,15,164665808879,2496006,0
164.671,15,164668331885,2496006,0
164.673,15,164670863891,2496006,0
164.676,21,164673386897,2496006,0
164.678,15,164675927903,2496006,0
164.681,23,164678459909,2469000,1
164.681,4,164678459909,2469000,1
164.686,22,164683449915,2496006,0
164.688,21,164685972921,2496006,0
164.691,21,164688504927,2496006,0
164.694,15,164691027933,2496006,0
164.696,10,164693559939,2496006,0
164.699,21,164696082945,2496006,0
164.701,2,164698605951,2496006,0
164.704,15,164701128957,2469000,1
164.704,8,164701128957,2469000,1
164.706,10,164703604957,2469000,1
164.706,4,164703604957,2469000,1
164.709,1,164706402963,2469000,1
164.709,23,164706402963,2469000,1
164.711,22,164708869963,2496006,0
164.714,2,164711392969,2496006,0
164.716,21,164713915975,2469000,1
164.716,10,164713915975,2469000,1
164.719,21,164716384975,2496006,0
164.721,9,164718907981,2496006,0
164.724,22,164721439987,2496006,0
164.726,9,164723998993,2469000,1
164.726,2,164723998993,2469000,1
164.729,9,164726474993,2496006,0
164.731,9,164728997999,2496006,0
164.734,9,164731521005,2469000,1
164.737,15,164734319011,2469000,1
164.737,22,164734319011,2469000,1
164.737,2,164734319011,2469000,1
164.739,21,164736786011,2496006,0
164.742,8,164739336017,2469000,1
164.742,21,164739336017,2469000,1
164.744,14,164741830017,2469000,1
164.744,9,164741830017,2469000,1
164.744,22,164741830017,2469000,1
164.747,3,164744297017,2496006,0
164.749,3,164746865023,2496006,0
164.752,10,164749397029,2469000,1
164.752,2,164749397029,2469000,1
164.754,16,164751882029,2496006,0
164.757,19,164754432035,2496006,0
164.759,3,164756955041,2496006,0
164.762,19,164759478047,2496006,0
164.764,13,164762001053,2496006,0
164.767,21,164764542059,2496006,0
164.772,21,164769615071,2496006,0
164.775,16,164772138077,2496006,0
164.777,19,164774670083,2496006,0
164.78,13,164777193089,2496006,0
164.782,16,164779725095,2469000,1
164.782,3,164779725095,2469000,1
164.785,16,164782194095,2496006,0
164.787,5,164784726101,2496006,0
164.79,8,164787258107,2496006,0
164.792,21,164789781113,2496006,0
164.795,19,164792313119,2496006,0
164.797,15,164794854125,2496006,0
164.8,8,164797377131,2469000,1
164.8,16,164797377131,2469000,1
164.802,13,164799844131,2496006,0
164.805,19,164802367137,2469000,1
164.805,21,164802367137,2469000,1
164.807,14,164804861137,2496006,0
164.81,5,164807697143,2469000,1
164.81,15,164807697143,2469000,1
164.813,5,164810166143,2469000,1
164.815,19,164812642143,2469000,1
164.815,14,164812642143,2469000,1
164.818,9,164815109143,2469000,1
164.818,3,164815109143,2469000,1
164.82,15,164817576143,2496006,0
164.823,22,164820099149,2496006,0
164.825,13,164822631155,2496006,0
164.828,3,164825154161,2496006,0
164.83,21,164827686167,2496006,0
164.833,22,164830218173,2469000,1
164.833,18,164830218173,2469000,1
164.833,14,164830218173,2469000,1
164.835,16,164832703173,2496006,0
164.838,21,164835556003,2469000,1
164.838,13,164835556003,2469000,1
164.841,15,164838023003,2496006,0
164.843,8,164840546009,2496006,0
164.846,15,164843069015,2496006,0
164.848,8,164845592021,2496006,0
164.851,15,164848115027,2496006,0
164.853,3,164850638033,2496006,0
164.856,8,164853197039,2496006,0
164.858,16,164855729045,2496006,0
164.861,5,164858252051,2469000,1
164.861,16,164858252051,2469000,1
164.863,3,164860719051,2469000,1
164.863,2,164860719051,2469000,1
164.868,22,164865718057,2469000,1
164.868,13,164865718057,2469000,1
164.871,8,164868185057,2496006,0
164.873,15,164870717063,2496006,0
164.876,5,164873249069,2496006,0
164.878,9,164875772075,2496006,0
164.881,19,164878295081,2496006,0
164.883,21,164880818087,2469000,1
164.883,5,164880818087,2469000,1
164.886,15,164883285087,2469000,1
164.886,3,164883285087,2469000,1
164.888,3,164885779087,2496006,0
164.891,8,164888320093,2469000,1
164.891,3,164888320093,2469000,1
164.893,21,164890796093,2469000,1
164.893,3,164890796093,2469000,1
164.896,16,164893281093,2496006,0
164.898,9,164895804099,2469000,1
164.898,19,164895804099,2469000,1
164.901,4,164898280099,2496006,0
164.903,15,164900803105,2469000,1
164.903,19,164900803105,2469000,1
164.906,8,164903297105,2496006,0
164.908,10,164905820111,2496006,0
164.911,15,164908352117,2496006,0
164.914,10,164911206123,2469000,1
164.914,16,164911206123,2469000,1
164.916,3,164913673123,2496006,0
164.919,14,164916205129,2469000,1
164.921,15,164918672129,2469000,1
164.921,5,164918672129,2469000,1
164.921,4,164918672129,2469000,1
164.924,22,164921139129,2469000,1
164.924,9,164921139129,2469000,1
164.926,8,164923642129,2496006,0
164.929,3,164926192135,2496006,0
164.931,15,164928715141,2496006,0
164.934,16,164931256147,2496006,0
164.936,19,164933806153,2496006,0
164.939,21,164936338159,2496006,0
164.942,13,164939174165,2469000,1
164.942,10,164939174165,2469000,1
164.944,3,164941641165,2469000,1
164.944,8,164941641165,2469000,1
164.944,21,164941641165,2469000,1
164.947,15,164944108165,2496006,0
164.949,4,164946640171,2496006,0
164.952,15,164949163177,2496006,0
164.954,16,164951686183,2496006,0
164.957,21,164954227189,2496006,0
164.959,21,164956759195,2496006,0
164.962,4,164959291201,2469000,1
164.962,19,164959291201,2469000,1
164.964,15,164961776201,2496006,0
164.969,21,164966822213,2469000,1
164.969,5,164966822213,2469000,1
164.972,16,164969307213,2469000,1
164.972,4,164969307213,2469000,1
164.974,7,164971783213,2469000,1
164.974,21,164971783213,2469000,1
164.977,13,164974250213,2469000,1
164.977,10,164974250213,2469000,1
164.979,16,164976717213,2496006,0
164.982,3,164979240219,2496006,0
164.984,16,164981763225,2496006,0
164.987,8,164984295231,2496006,0
164.989,8,164986818237,2496006,0
164.992,16,164989350243,2469000,1
164.992,15,164989350243,2469000,1
164.994,8,164991817243,2496006,0
164.997,2,164994349249,2496006,0
164.999,9,164996872255,2496006,0
165.002,8,164999413261,2469000,1
165.002,21,164999413261,2469000,1
165.002,9,164999413261,2469000,1
165.004,4,165001880261,2496006,0
165.007,19,165004403267,2496006,0
165.009,3,165006926273,2469000,1
165.009,4,165006926273,2469000,1
165.012,19,165009411273,2496006,0
165.015,2,165012256279,2496006,0
165.017,8,165014779285,2496006,0
165.02,2,165017329291,2496006,0
165.022,9,165019852297,2469000,1
165.025,16,165022328297,2496006,0
165.027,8,165024860303,2469000,1
165.027,19,165024860303,2469000,1
165.03,2,165027327303,2469000,1
165.03,3,165027327303,2469000,1
165.032,16,165029812303,2496006,0
165.035,22,165032344309,2496006,0
165.037,15,165034867315,2496006,0
165.04,1,165037390321,2469000,1
165.04,8,165037390321,2469000,1
165.042,16,165039857321,2469000,1
165.042,22,165039857321,2469000,1
165.045,19,165042655327,2496006,0
165.048,4,165045178333,2496006,0
165.05,12,165047719339,2469000,1
165.05,14,165047719339,2469000,1
165.053,15,165050195339,2496006,0
165.055,3,165052718345,2496006,0
165.058,3,165055250351,2496006,0
165.06,3,165057773357,2496006,0
165.063,1,165060296363,2496006,0
165.065,19,165062819369,2496006,0
165.068,4,165065360375,2469000,1
165.068,1,165065360375,2469000,1
165.07,4,165067836375,2496006,0
165.073,22,165070359381,2496006,0
165.075,9,165072882387,2496006,0
165.078,2,165075405393,2469000,1
165.078,16,165075405393,2469000,1
165.078,15,165075405393,2469000,1
165.08,19,165077872393,2469000,1
165.08,22,165077872393,2469000,1
165.083,2,165080339393,2496006,0
165.085,3,165082871399,2469000,1
165.088,4,165085356399,2469000,1
165.088,6,165085356399,2469000,1
165.088,19,165085356399,2469000,1
165.09,3,165087823399,2496006,0
165.093,9,165090346405,2496006,0
165.095,1,165092869411,2496006,0
165.098,10,165095392417,2469000,1
165.098,8,165095392417,2469000,1
165.1,2,165097886417,2496006,0
165.103,15,165100409423,2496006,0
165.105,9,165102941429,2496006,0
165.108,3,165105464435,2496006,0
165.11,2,165107996441,2469000,1
165.11,3,165107996441,2469000,1
165.113,22,165110463441,2496006,0
165.115,21,165112986447,2496006,0
165.118,9,165115822453,2496006,0
165.121,1,165118345459,2496006,0
165.123,1,165120886465,2496006,0
165.126,9,165123409471,2496006,0
165.128,16,165125941477,2469000,1
165.128,19,165125941477,2469000,1
165.128,15,165125941477,2469000,1
165.131,22,165128408477,2496006,0
165.133,1,165130931483,2469000,1
165.133,21,165130931483,2469000,1
165.136,5,165133398483,2469000,1
165.136,7,165133398483,2469000,1
165.138,4,165135865483,2469000,1
165.138,8,165135865483,2469000,1
165.141,22,165138350483,2469000,1
165.141,2,165138350483,2469000,1
165.143,21,165140817483,2496006,0
165.146,3,165143671489,2496006,0
165.149,2,165146194495,2496006,0
165.151,9,165148717501,2496006,0
165.154,15,165151240507,2496006,0
165.156,15,165153772513,2496006,0
165.159,1,165156295519,2496006,0
165.164,3,165161341531,2496006,0
165.166,21,165163891537,2496006,0
165.169,2,165166423543,2496006,0
165.171,15,165168946549,2496006,0
165.174,2,165171469555,2496006,0
165.176,1,165173992561,2469000,1
165.176,9,165173992561,2469000,1
165.176,2,165173992561,2469000,1
165.179,21,165176459561,2496006,0
165.182,3,165179009567,2496006,0
165.184,16,165181532573,2496006,0
165.187,21,165184073579,2496006,0
165.189,15,165186596585,2469000,1
165.189,22,165186596585,2469000,1
165.192,3,165189081585,2496006,0
165.194,9,165191631591,2469000,1
165.194,21,165191631591,2469000,1
165.194,3,165191631591,2469000,1
165.197,4,165194098591,2496006,0
165.199,13,165196621597,2496006,0
165.202,14,165199162603,2469000,1
165.202,16,165199162603,2469000,1
165.204,13,165201638603,2496006,0
165.207,4,165204170609,2496006,0
165.209,13,165206720615,2469000,1
165.209,2,165206720615,2469000,1
165.212,1,165209187615,2469000,1
165.212,9,165209187615,2469000,1
165.214,4,165211663615,2469000,1
165.214,16,165211663615,2469000,1
165.217,22,165214139615,2496006,0
165.219,3,165216993621,2496006,0
165.222,15,165219516627,2469000,1
165.222,4,165219516627,2469000,1
165.227,13,165224524633,2496006,0
165.23,22,165227047639,2496006,0
165.232,2,165229570645,2496006,0
165.235,21,165232093651,2469000,1
165.235,13,165232093651,2469000,1
165.237,3,165234596651,2496006,0
165.24,5,165237137657,2469000,1
165.24,13,165237137657,2469000,1
165.242,22,165239640657,2496006,0
165.245,17,165242172663,2469000,1
165.245,2,165242172663,2469000,1
165.247,3,165244639663,2496006,0
165.25,22,165247475669,2496006,0
165.253,21,165250016675,2496006,0
165.255,21,165252539681,2496006,0
165.258,19,165255080687,2496006,0
165.26,3,165257612693,2496006,0
165.263,22,165260135699,2496006,0
165.265,16,165262676705,2469000,1
165.265,13,165262676705,2469000,1
165.268,1,165265161705,2496006,0
165.27,21,165267693711,2496006,0
165.273,22,165270216717,2469000,1
165.273,2,165270216717,2469000,1
165.275,3,165272692717,2469000,1
165.275,19,165272692717,2469000,1
165.278,15,165275177717,2469000,1
165.28,1,165277644717,2496006,0
165.283,21,165280167723,2496006,0
165.285,21,165282708729,2496006,0
165.288,21,165285267735,2496006,0
165.29,2,165287790741,2496006,0
165.293,1,165290313747,2496006,0
165.295,4,165292863753,2496006,0
165.298,21,165295386759,2496006,0
165.3,2,165297909765,2469000,1
165.3,3,165297909765,2469000,1
165.303,21,165300376765,2496006,0
165.305,22,165302908771,2496006,0
165.308,4,165305431777,2469000,1
165.308,21,165305431777,2469000,1
165.31,21,165307916777,2496006,0
165.313,3,165310448783,2496006,0
165.315,19,165312971789,2469000,1
165.315,1,165312971789,2469000,1
165.318,3,165315447789,2496006,0
165.32,2,165317979795,2496006,0
165.323,22,165320815801,2496006,0
165.326,13,165323356807,2496006,0
165.331,21,165328420819,2496006,0
165.333,5,165330943825,2496006,0
165.336,9,165333475831,2496006,0
165.338,3,165335998837,2469000,1
165.338,2,165335998837,2469000,1
165.341,3,165338474837,2496006,0
165.343,5,165340997843,2469000,1
165.343,22,165340997843,2469000,1
165.346,21,165343464843,2469000,1
165.346,4,165343464843,2469000,1
165.346,19,165343464843,2469000,1
165.348,13,165345940843,2496006,0
165.351,11,165348794849,2496006,0
165.354,3,165351326855,2496006,0
165.356,9,165353849861,2469000,1
165.356,11,165353849861,2469000,1
165.359,7,165356325861,2496006,0
165.361,1,165358848867,2496006,0
165.364,21,165361380873,2496006,0
165.366,13,165363930879,2496006,0
165.369,5,165366462885,2496006,0
165.371,3,165368994891,2496006,0
165.374,21,165371526897,2469000,1
165.374,7,165371526897,2469000,1
165.374,3,165371526897,2469000,1
165.376,22,165374002897,2469000,1
165.376,7,165374002897,2469000,1
165.379,5,165376469897,2469000,1
165.379,2,165376469897,2469000,1
165.379,1,165376469897,2469000,1
165.381,13,165378936897,2469000,1
165.381,5,165378938897,2469000,1
165.386,17,165383928903,2496006,0
165.389,11,165386451909,2469000,1
165.389,1,165386451909,2469000,1
165.391,17,165388954909,2469000,1
165.391,21,165388954909,2469000,1
165.394,22,165391421909,2496006,0
165.396,10,165393944915,2496006,0
165.399,9,165396476921,2469000,1
165.399,11,165396476921,2469000,1
165.399,22,165396476921,2469000,1
165.401,22,165398945921,2496006,0
165.404,10,165401486927,2496006,0
165.407,3,165404027933,2496006,0
165.409,22,165406559939,2496006,0
165.412,10,165409118945,2469000,1
165.412,8,165409118945,2469000,1
165.412,13,165409118945,2469000,1
165.414,4,165411603945,2469000,1
165.414,17,165411603945,2469000,1
165.417,22,165414070945,2496006,0
165.419,22,165416593951,2496006,0
165.422,17,165419125957,2496006,0
165.424,3,165421961963,2496006,0
165.427,10,165424484969,2496006,0
165.43,10,165427025975,2496006,0
165.432,17,165429548981,2496006,0
165.435,16,165432080987,2469000,1
165.437,22,165434547987,2496006,0
165.44,15,165437070993,2496006,0
165.442,2,165439602999,2496006,0
165.445,1,165442126005,2469000,1
165.445,2,165442126005,2469000,1
165.447,3,165444593005,2496006,0
165.45,10,165447116011,2469000,1
165.45,2,165447116011,2469000,1
165.452,5,165449592011,2496006,0
165.455,11,165452428017,2469000,1
165.455,17,165452428017,2469000,1
165.457,3,165454895017,2496006,0
165.46,22,165457445023,2496006,0
165.462,7,165459968029,2496006,0
165.465,15,165462491035,2469000,1
165.465,10,165462491035,2469000,1
165.467,5,165464958035,2496006,0
165.47,17,165467490041,2469000,1
165.47,5,165467490041,2469000,1
165.472,7,165469966041,2496006,0
165.475,3,165472489047,2496006,0
165.477,22,165475012053,2469000,1
165.477,5,165475012053,2469000,1
165.48,4,165477488053,2496006,0
165.483,21,165480011059,2496006,0
165.485,7,165482552065,2496006,0
165.488,17,165485084071,2496006,0
165.49,9,165487607077,2469000,1
165.49,15,165487607077,2469000,1
165.493,20,165490083077,2496006,0
165.495,4,165492615083,2469000,1
165.498,21,165495091083,2469000,1
165.498,3,165495091083,2469000,1
165.5,11,165497567083,2496006,0
165.503,17,165500090089,2496006,0
165.505,13,165502613095,2496006,0
165.508,7,165505136101,2496006,0
165.51,13,165507659107,2469000,1
165.51,7,165507659107,2469000,1
165.513,21,165510126107,2496006,0
165.515,20,165512649113,2496006,0
165.518,10,165515172119,2469000,1
165.518,3,165515172119,2469000,1
165.52,22,165517639119,2496006,0
165.523,19,165520162125,2469000,1
165.523,2,165520162125,2469000,1
165.525,21,165522629125,2469000,1
165.525,11,165522629125,2469000,1
165.528,13,165525436131,2496006,0
165.53,20,165527959137,2496006,0
165.533,17,165530491143,2496006,0
165.536,18,165533014149,2496006,0
165.538,20,165535555155,2469000,1
165.538,4,165535555155,2469000,1
165.541,17,165538040155,2469000,1
165.541,22,165538040155,2469000,1
165.543,13,165540525155,2496006,0
165.546,5,165543048161,2496006,0
165.548,18,165545589167,2496006,0
165.551,13,165548112173,2496006,0
165.553,7,165550644179,2496006,0
165.556,17,165553480185,2496006,0
165.558,21,165556003191,2469000,1
165.558,13,165556003191,2469000,1
165.561,11,165558488191,2469000,1
165.563,5,165560955191,2496006,0
165.566,5,165563478197,2496006,0
165.568,20,165566001203,2496006,0
165.571,2,165568524209,2496006,0
165.576,18,165573579221,2496006,0
165.579,22,165576102227,2496006,0
165.581,2,165578625233,2469000,1
165.581,7,165578625233,2469000,1
165.581,17,165578625233,2469000,1
165.584,3,165581101233,2496006,0
165.586,15,165583624239,2469000,1
165.586,3,165583624239,2469000,1
165.589,9,165586100239,2469000,1
165.589,13,165586100239,2469000,1
165.589,15,165586100239,2469000,1
165.591,22,165588567239,2496006,0
165.594,18,165591090245,2469000,1
165.594,20,165591090245,2469000,1
165.596,5,165593566245,2469000,1
165.596,7,165593566245,2469000,1
165.596,22,165593566245,2469000,1
165.599,1,165596051245,2496006,0
165.601,4,165598601251,2469000,1
165.601,20,165598601251,2469000,1
165.604,17,165601068251,2496006,0
165.606,1,165603609257,2496006,0
165.609,3,165606150263,2496006,0
165.611,1,165608682269,2469000,1
165.611,17,165608682269,2469000,1
165.614,21,165611158269,2496006,0
165.616,3,165613681275,2496006,0
165.619,2,165616204281,2496006,0
165.621,11,165618745287,2469000,1
165.621,3,165618745287,2469000,1
165.624,18,165621221287,2496006,0
165.626,1,165623744293,2469000,1
165.626,3,165623744293,2469000,1
165.629,18,165626524299,2496006,0
165.632,13,165629047305,2469000,1
165.632,5,165629047305,2469000,1
165.632,22,165629047305,2469000,1
165.632,17,165629047305,2469000,1
165.634,2,165631523305,2496006,0
165.637,2,165634055311,2496006,0
165.639,2,165636578317,2469000,1
165.642,21,165639045317,2496006,0
165.644,17,165641586323,2469000,1
165.644,21,165641586323,2469000,1
165.647,18,165644053323,2496006,0
165.649,7,165646585329,2496006,0
165.652,18,165649117335,2496006,0
165.654,2,165651667341,2496006,0
165.657,10,165654190347,2469000,1
165.657,2,165654190347,2469000,1
165.659,1,165656997353,2496006,0
165.662,16,165659529359,2469000,1
165.662,22,165659529359,2469000,1
165.664,7,165661996359,2496006,0
165.667,18,165664519365,2469000,1
165.667,4,165664519365,2469000,1
165.667,1,165664519365,2469000,1
165.669,8,165667004365,2469000,1
165.669,3,165667004365,2469000,1
165.672,20,165669471365,2496006,0
165.674,7,165671994371,2496006,0
165.677,20,165674535377,2496006,0
165.68,21,165677085383,2469000,1
165.68,20,165677085383,2469000,1
165.682,19,165679579383,2496006,0
165.685,5,165682102389,2496006,0
165.687,7,165684643395,2496006,0
165.69,1,165687166401,2496006,0
165.692,2,165689707407,2469000,1
165.692,7,165689707407,2469000,1
165.695,9,165692183407,2496006,0
165.697,19,165694715413,2496006,0
165.7,5,165697238419,2496006,0
165.702,18,165699761425,2469000,1
165.702,5,165699761425,2469000,1
165.705,19,165702228425,2496006,0
165.707,13,165704751431,2496006,0
165.71,1,165707283437,2496006,0
165.712,21,165709806443,2496006,0
165.715,5,165712338449,2496006,0
165.717,9,165714870455,2469000,1
165.717,5,165714870455,2469000,1
165.72,2,165717337455,2469000,1
165.72,9,165717339455,2469000,1
165.722,13,165719833455,2469000,1
165.722,22,165719833455,2469000,1
165.722,20,165719833455,2469000,1
165.722,19,165719833455,2469000,1
165.725,21,165722300455,2469000,1
165.725,1,165722300455,2469000,1
165.725,22,165722302455,2469000,1
165.727,5,165724787455,2496006,0
165.73,5,165727310461,2496006,0
165.733,9,165730155467,2496006,0
165.735,7,165732696473,2496006,0
165.738,3,165735219479,2496006,0
165.74,9,165737742485,2469000,1
165.74,7,165737742485,2469000,1
165.743,18,165740209485,2469000,1
165.743,3,165740209485,2469000,1
165.745,11,165742676485,2469000,1
165.745,1,165742676485,2469000,1
165.745,5,165742676485,2469000,1
165.748,20,165745152485,2496006,0
165.753,20,165750216497,2496006,0
165.755,20,165752748503,2496006,0
165.758,17,165755316509,2469000,1
165.758,13,165755316509,2469000,1
165.761,20,165758096515,2496006,0
165.763,7,165760628521,2469000,1
165.763,20,165760628521,2469000,1
165.766,19,165763095521,2469000,1
165.766,21,165763095521,2469000,1
165.768,5,165765571521,2496006,0
165.771,9,165768094527,2469000,1
165.771,7,165768094527,2469000,1
165.773,21,165770561527,2496006,0
165.776,1,165773084533,2496006,0
165.778,21,165775607539,2496006,0
165.781,5,165778130545,2469000,1
165.781,7,165778130545,2469000,1
165.783,19,165780597545,2496006,0
165.786,3,165783156551,2496006,0
165.788,3,165785688557,2496006,0
165.791,21,165788220563,2496006,0
165.793,9,165790743569,2496006,0
165.796,1,165793275575,2496006,0
165.798,21,165795816581,2469000,1
165.798,3,165795816581,2469000,1
165.798,19,165795816581,2469000,1
165.801,9,165798310581,2469000,1
165.801,5,165798310581,2469000,1
165.803,5,165800786581,2469000,1
165.806,20,165803253581,2496006,0
165.808,6,165805803587,2469000,1
165.808,1,165805803587,2469000,1
165.811,6,165808272587,2496006,0
165.813,20,165810804593,2469000,1
165.813,6,165810804593,2469000,1
165.816,21,165813289593,2496006,0
165.818,15,165815812599,2469000,1
165.818,13,165815812599,2469000,1
165.821,21,165818279599,2496006,0
165.823,18,165820847605,2469000,1
165.823,17,165820847605,2469000,1
165.823,13,165820847605,2469000,1
165.826,19,165823332605,2469000,1
165.826,1,165823332605,2469000,1
165.828,7,165825808605,2496006,0
165.831,14,165828331611,2496006,0
165.834,2,165831167617,2469000,1
165.834,3,165831167617,2469000,1
165.834,21,165831167617,2469000,1
165.836,20,165833643617,2496006,0
165.839,9,165836175623,2496006,0
165.841,20,165838716629,2469000,1
165.841,7,165838716629,2469000,1
165.844,14,165841183629,2496006,0
165.846,6,165843724635,2469000,1
165.846,14,165843724635,2469000,1
165.849,9,165846200635,2469000,1
165.851,9,165848721635,2496006,0
165.854,16,165851307641,2469000,1
165.854,14,165851307641,2469000,1
165.856,9,165853774641,2496006,0
165.859,21,165856297647,2469000,1
165.859,20,165856297647,2469000,1
165.859,7,165856297647,2469000,1
165.861,6,165858764647,2496006,0
165.864,4,165861609653,2496006,0
165.867,1,165864150659,2496006,0
165.869,5,165866691665,2496006,0
165.872,4,165869214671,2469000,1
165.872,14,165869214671,2469000,1
165.872,9,165869214671,2469000,1
165.872,5,165869214671,2469000,1
165.874,6,165871708671,2496006,0
165.877,23,165874231677,2469000,1
165.877,12,165874231677,2469000,1
165.882,1,165879230683,2496006,0
165.884,6,165881780689,2496006,0
165.887,19,165884303695,2496006,0
165.889,4,165886835701,2496006,0
165.892,19,165889376707,2469000,1
165.892,10,165889376707,2469000,1
165.894,3,165891843707,2496006,0
165.897,4,165894366713,2469000,1
165.897,1,165894366713,2469000,1
165.897,21,165894366713,2469000,1
165.897,23,165894366713,2469000,1
165.897,12,165894366713,2469000,1
165.899,6,165896851713,2469000,1
165.899,12,165896851713,2469000,1
165.902,5,165899327713,2496006,0
165.904,23,165901850719,2469000,1
165.904,6,165901850719,2469000,1
165.907,9,165904317719,2496006,0
165.909,3,165906876725,2469000,1
165.909,23,165906876725,2469000,1
165.912,9,165909343725,2469000,1
165.912,19,165909343725,2469000,1
165.914,9,165911812725,2496006,0
165.917,5,165914335731,2496006,0
165.919,3,165916858737,2496006,0
165.922,20,165919399743,2496006,0
165.924,18,165921922749,2496006,0
165.927,3,165924445755,2496006,0
165.929,18,165926968761,2496006,0
165.932,4,165929500767,2496006,0
165.934,7,165932023773,2469000,1
165.934,4,165932023773,2469000,1
165.937,18,165934803779,2469000,1
165.937,4,165934803779,2469000,1
165.94,3,165937288779,2496006,0
165.942,10,165939811785,2469000,1
165.942,9,165939811785,2469000,1
165.942,5,165939811785,2469000,1
165.945,1,165942278785,2496006,0
165.947,20,165944819791,2496006,0
165.95,1,165947360797,2469000,1
165.952,21,165949827797,2469000,1
165.952,18,165949827797,2469000,1
165.955,3,165952312797,2496006,0
165.957,4,165954871803,2496006,0
165.96,23,165957394809,2496006,0
165.962,20,165959935815,2496006,0
165.965,5,165962780821,2496006,0
165.968,3,165965321827,2469000,1
165.968,9,165965321827,2469000,1
165.97,23,165967788827,2469000,1
165.97,19,165967788827,2469000,1
165.973,5,165970255827,2496006,0
165.975,1,165972787833,2496006,0
165.978,4,165975310839,2469000,1
165.978,20,165975310839,2469000,1
165.98,12,165977795839,2496006,0
165.983,6,165980327845,2496006,0
165.985,5,165982868851,2469000,1
165.985,4,165982868851,2469000,1
165.988,5,165985337851,2496006,0
165.99,3,165987869857,2496006,0
165.993,12,165990392863,2469000,1
165.993,1,165990392863,2469000,1
165.998,13,165995400869,2496006,0
166,3,165997923875,2496006,0
166.003,23,166000446881,2469000,1
166.003,6,166000446881,2469000,1
166.005,5,166002931881,2496006,0
166.008,3,166005490887,2496006,0
166.011,1,166008013893,2496006,0
166.013,13,166010545899,2496006,0
166.016,5,166013068905,2469000,1
166.016,12,166013068905,2469000,1
166.018,20,166015544905,2496006,0
166.021,1,166018085911,2469000,1
166.021,16,166018085911,2469000,1
166.023,13,166020561911,2496006,0
166.026,18,166023093917,2469000,1
166.026,13,166023093917,2469000,1
166.028,9,166025560917,2469000,1
166.028,3,166025560917,2469000,1
166.028,13,166025562917,2469000,1
166.033,14,166030588923,2469000,1
166.033,6,166030588923,2469000,1
166.036,20,166033055923,2496006,0
166.038,4,166035891929,2496006,0
166.041,20,166038459935,2469000,1
166.041,23,166038459935,2469000,1
166.041,13,166038459935,2469000,1
166.043,9,166040926935,2496006,0
166.046,4,166043449941,2496006,0
166.048,11,166045972947,2496006,0
166.051,11,166048495953,2496006,0
166.054,11,166051018959,2496006,0
166.056,9,166053541965,2469000,1
166.056,5,166053541965,2469000,1
166.059,1,166056035965,2496006,0
166.061,2,166058567971,2469000,1
166.061,1,166058567971,2469000,1
166.064,1,166061036971,2496006,0
166.066,4,166063568977,2496006,0
166.069,3,166066404983,2469000,1
166.069,1,166066404983,2469000,1
166.071,11,166068871983,2469000,1
166.071,9,166068871983,2469000,1
166.074,6,166071338983,2496006,0
166.076,6,166073870989,2496006,0
166.079,3,166076411995,2496006,0
166.081,20,166078953001,2469000,1
166.081,11,166078953001,2469000,1
166.084,7,166081420001,2496006,0
166.086,4,166083943007,2496006,0
166.089,6,166086475013,2469000,1
166.089,7,166086475013,2469000,1
166.091,18,166088951013,2496006,0
166.094,3,166091474019,2496006,0
166.096,13,166093997025,2469000,1
166.096,18,166093997025,2469000,1
166.099,12,166096464025,2496006,0
166.101,6,166099005031,2469000,1
166.101,18,166099005031,2469000,1
166.104,3,166101499031,2496006,0
166.106,4,166104022037,2469000,1
166.106,6,166104022037,2469000,1
166.109,3,166106489037,2496006,0
166.112,18,166109012043,2496006,0
166.114,1,166111535049,2469000,1
166.116,16,166114002049,2496006,0
166.119,19,166116525055,2496006,0
166.122,12,166119048061,2496006,0
166.124,18,166121580067,2469000,1
166.124,9,166121580067,2469000,1
166.124,20,166121580067,2469000,1
166.127,3,166124056067,2496006,0
166.129,3,166126588073,2496006,0
166.132,3,166129120079,2496006,0
166.134,16,166131652085,2469000,1
166.134,12,166131652085,2469000,1
166.137,7,166134119085,2496006,0
166.139,19,166136669091,2496006,0
166.142,4,166139505097,2469000,1
166.142,16,166139505097,2469000,1
166.144,5,166141972097,2496006,0
166.147,7,166144495103,2469000,1
166.147,18,166144495103,2469000,1
166.149,13,166146962103,2469000,1
166.149,3,166146962103,2469000,1
166.152,12,166149429103,2496006,0
166.154,5,166151952109,2496006,0
166.157,19,166154475115,2496006,0
166.159,12,166157016121,2469000,1
166.159,18,166157016121,2469000,1
166.162,23,166159492121,2469000,1
166.162,11,166159492121,2469000,1
166.162,7,166159492121,2469000,1
166.164,1,166161977121,2469000,1
166.164,7,166161977121,2469000,1
166.17,20,166167280127,2496006,0
166.172,5,166169803133,2469000,1
166.172,19,166169803133,2469000,1
166.175,20,166172270133,2496006,0
166.177,20,166174811139,2496006,0
166.18,12,166177343145,2496006,0
166.182,12,166179875151,2496006,0
166.185,12,166182398157,2496006,0
166.187,20,166184921163,2496006,0
166.19,12,166187444169,2496006,0
166.192,3,166189976175,2496006,0
166.195,6,166192499181,2496006,0
166.198,3,166195022187,2496006,0
166.2,20,166197545193,2496006,0
166.203,3,166200095199,2496006,0
166.205,22,166202627205,2469000,1
166.205,19,166202627205,2469000,1
166.208,12,166205094205,2469000,1
166.208,9,166205094205,2469000,1
166.21,5,166207561205,2496006,0
166.213,3,166210111211,2496006,0
166.215,6,166212643217,2496006,0
166.218,12,166215166223,2496006,0
166.22,1,166217689229,2469000,1
166.22,20,166217689229,2469000,1
166.223,6,166220174229,2496006,0
166.225,5,166222697235,2469000,1
166.225,4,166222697235,2469000,1
166.228,5,166225166235,2469000,1
166.23,3,166227651235,2496006,0
166.233,15,166230183241,2469000,1
166.233,12,166230183241,2469000,1
166.235,6,166232659241,2496006,0
166.238,7,166235182247,2496006,0
166.24,3,166237705253,2496006,0
166.243,16,166240541259,2496006,0
166.246,6,166243100265,2496006,0
166.248,6,166245632271,2496006,0
166.251,7,166248155277,2469000,1
166.251,20,166248155277,2469000,1
166.253,12,166250622277,2496006,0
166.256,4,166253163283,2469000,1
166.256,12,166253163283,2469000,1
166.258,3,166255639283,2496006,0
166.261,14,166258162289,2496006,0
166.263,16,166260685295,2496006,0
166.266,14,166263235301,2496006,0
166.268,6,166265767307,2496006,0
166.271,20,166268290313,2496006,0
166.274,12,166271126319,2496006,0
166.276,3,166273658325,2496006,0
166.279,7,166276190331,2469000,1
166.279,12,166276190331,2469000,1
166.281,19,166278657331,2496006,0
166.284,6,166281180337,2469000,1
166.284,14,166281180337,2469000,1
166.284,16,166281180337,2469000,1
166.286,3,166283665337,2469000,1
166.286,5,166283665337,2469000,1
166.289,7,166286132337,2496006,0
166.291,21,166288655343,2496006,0
166.294,19,166291187349,2496006,0
166.296,6,166293710355,2496006,0
166.299,20,166296233361,2496006,0
166.301,7,166298765367,2496006,0
166.304,16,166301297373,2469000,1
166.304,7,166301297373,2469000,1
166.306,21,166303764373,2469000,1
166.306,9,166303764373,2469000,1
166.306,3,166303764373,2469000,1
166.309,6,166306240373,2496006,0
166.311,19,166308763379,2469000,1
166.311,12,166308763379,2469000,1
166.314,20,166311230379,2496006,0
166.316,6,166313753385,2469000,1
166.316,20,166313753385,2469000,1
166.319,12,166316220385,2496006,0
166.321,23,166318761391,2496006,0
166.324,14,166321338397,2496006,0
166.326,14,166323861403,2496006,0
166.329,19,166326393409,2469000,1
166.329,6,166326393409,2469000,1
166.331,18,166328860409,2496006,0
166.334,12,166331383415,2496006,0
166.336,23,166333906421,2496006,0
166.339,14,166336429427,2469000,1
166.339,10,166336429427,2469000,1
166.341,7,166338896427,2496006,0
166.344,23,166341419433,2496006,0
166.347,11,166344255439,2496006,0
166.349,12,166346787445,2496006,0
166.352,4,166349310451,2469000,1
166.352,14,166349310451,2469000,1
166.354,18,166351777451,2496006,0
166.359,21,166356823463,2496006,0
166.362,14,166359355469,2496006,0
166.364,20,166361878475,2496006,0
166.367,11,166364410481,2469000,1
166.367,23,166364410481,2469000,1
166.369,18,166366877481,2469000,1
166.369,7,166366877481,2469000,1
166.369,14,166366877481,2469000,1
166.372,12,166369353481,2496006,0
166.375,16,166372198487,2496006,0
166.377,21,166374730493,2496006,0
166.38,12,166377262499,2496006,0
166.382,3,166379785505,2469000,1
166.382,10,166379785505,2469000,1
166.382,20,166379785505,2469000,1
166.382,12,166379785505,2469000,1
166.385,8,166382279505,2469000,1
166.385,20,166382279505,2469000,1
166.387,11,166384746505,2496006,0
166.39,1,166387269511,2469000,1
166.39,8,166387269511,2469000,1
166.392,8,166389754511,2496006,0
166.395,14,166392286517,2469000,1
166.395,16,166392286517,2469000,1
166.395,10,166392286517,2469000,1
166.397,18,166394753517,2469000,1
166.397,21,166394753517,2469000,1
166.4,12,166397229517,2496006,0
166.402,8,166399761523,2496006,0
166.405,12,166402311529,2469000,1
166.405,23,166402311529,2469000,1
166.405,7,166402311529,2469000,1
166.405,10,166402311529,2469000,1
166.407,11,166404778529,2496006,0
166.41,18,166407319535,2496006,0
166.412,6,166409842541,2469000,1
166.412,11,166409842541,2469000,1
166.415,16,166412318541,2469000,1
166.415,8,166412318541,2469000,1
166.417,21,166414803541,2496006,0
166.422,19,166419867553,2496006,0
166.425,20,166422426559,2496006,0
166.427,12,166424949565,2469000,1
166.427,18,166424949565,2469000,1
166.43,18,166427418565,2496006,0
166.432,21,166429950571,2496006,0
166.435,5,166432500577,2496006,0
166.437,19,166435023583,2469000,1
166.437,13,166435023583,2469000,1
166.44,18,166437490583,2496006,0
166.442,10,166440013589,2469000,1
166.442,8,166440013589,2469000,1
166.442,20,166440013589,2469000,1
166.442,18,166440013589,2469000,1
166.445,3,166442480589,2496006,0
166.448,5,166445316595,2496006,0
166.45,21,166447839601,2496006,0
166.453,11,166450389607,2469000,1
166.453,10,166450389607,2469000,1
166.455,18,166452856607,2496006,0
166.458,3,166455379613,2496006,0
166.46,3,166457902619,2496006,0
166.463,12,166460425625,2469000,1
166.463,18,166460425625,2469000,1
166.465,5,166462892625,2496006,0
166.468,11,166465415631,2496006,0
166.47,11,166467947637,2496006,0
166.473,20,166470479643,2469000,1
166.473,21,166470479643,2469000,1
166.475,21,166472948643,2496006,0
166.478,4,166475784649,2496006,0
166.481,7,166478307655,2496006,0
166.483,17,166480830661,2496006,0
166.486,14,166483362667,2496006,0
166.488,4,166485894673,2496006,0
166.491,3,166488417679,2496006,0
166.493,5,166490940685,2496006,0
166.496,23,166493463691,2469000,1
166.496,19,166493463691,2469000,1
166.498,14,166495930691,2496006,0
166.501,7,166498453697,2469000,1
166.501,11,166498453697,2469000,1
166.501,14,166498453697,2469000,1
166.503,16,166500920697,2496006,0
166.506,21,166503443703,2469000,1
166.506,16,166503443703,2469000,1
166.508,17,166505910703,2496006,0
166.511,4,166508442709,2469000,1
166.511,8,166508442709,2469000,1
166.511,14,166508442709,2469000,1
166.511,16,166508442709,2469000,1
166.513,3,166510927709,2469000,1
166.513,10,166510927709,2469000,1
166.513,5,166510927709,2469000,1
166.516,18,166513412709,2496006,0
166.518,14,166515935715,2496006,0
166.521,18,166518467721,2496006,0
166.523,3,166520999727,2496006,0
166.526,5,166523522733,2496006,0
166.529,17,166526054739,2496006,0
166.531,18,166528577745,2469000,1
166.531,3,166528577745,2469000,1
166.534,17,166531053745,2496006,0
166.536,14,166533576751,2496006,0
166.539,5,166536099757,2469000,1
166.539,11,166536099757,2469000,1
166.541,4,166538575757,2496006,0
166.544,14,166541098763,2496006,0
166.546,19,166543621769,2469000,1
166.546,14,166543621769,2469000,1
166.549,13,166546088769,2469000,1
166.549,7,166546088769,2469000,1
166.551,21,166548895775,2496006,0
166.554,19,166551427781,2496006,0
166.556,4,166553950787,2469000,1
166.556,17,166553950787,2469000,1
166.559,3,166556417787,2496006,0
166.561,20,166558958793,2496006,0
166.564,19,166561481799,2496006,0
166.566,21,166564004805,2469000,1
166.566,6,166564004805,2469000,1
166.569,3,166566498805,2469000,1
166.569,21,166566498805,2469000,1
166.571,20,166568965805,2496006,0
166.574,19,166571497811,2496006,0
166.576,19,166574020817,2469000,1
166.579,18,166576800823,2496006,0
166.582,12,166579323829,2469000,1
166.582,5,166579323829,2469000,1
166.582,14,166579323829,2469000,1
166.584,18,166581799829,2496006,0
166.587,17,166584340835,2469000,1
166.587,19,166584340835,2469000,1
166.589,16,166586816835,2496006,0
166.592,3,166589348841,2496006,0
166.594,20,166591880847,2496006,0
166.597,5,166594403853,2496006,0
166.599,18,166596935859,2496006,0
166.602,4,166599458865,2469000,1
166.602,20,166599458865,2469000,1
166.604,1,166601925865,2496006,0
166.607,1,166604448871,2496006,0
166.609,18,166606980877,2469000,1
166.609,16,166606980877,2469000,1
166.612,3,166609465877,2496006,0
166.614,12,166611997883,2496006,0
166.617,3,166614520889,2496006,0
166.62,11,166617043895,2469000,1
166.62,20,166617043895,2469000,1
166.622,16,166619510895,2496006,0
166.625,5,166622033901,2496006,0
166.627,3,166624556907,2469000,1
166.627,16,166624556907,2469000,1
166.627,5,166624556907,2469000,1
166.63,1,166627032907,2496006,0
166.632,12,166629555913,2496006,0
166.635,17,166632078919,2469000,1
166.635,5,166632078919,2469000,1
166.637,19,166634545919,2496006,0
166.64,18,166637068925,2496006,0
166.642,7,166639591931,2496006,0
166.645,1,166642114937,2496006,0
166.647,18,166644646943,2496006,0
166.65,12,166647169949,2496006,0
166.652,23,166650014955,2469000,1
166.652,20,166650014955,2469000,1
166.655,12,166652490955,2496006,0
166.657,18,166655013961,2469000,1
166.657,1,166655013961,2469000,1
166.66,8,166657480961,2496006,0
166.662,7,166660003967,2469000,1
166.662,14,166660003967,2469000,1
166.662,19,166660003967,2469000,1
166.665,12,166662470967,2496006,0
166.667,21,166665029973,2469000,1
166.67,11,166667505973,2496006,0
166.673,11,166670028979,2496006,0
166.678,2,166675083991,2469000,1
166.678,4,166675083991,2469000,1
166.678,3,166675083991,2469000,1
166.678,19,166675083991,2469000,1
166.68,8,166677550991,2496006,0
166.683,16,166680386997,2496006,0
166.685,5,166682910003,2469000,1
166.685,8,166682910003,2469000,1
166.688,11,166685386003,2469000,1
166.688,12,166685386003,2469000,1
166.69,12,166687862003,2496006,0
166.693,7,166690403009,2496006,0
166.695,18,166692953015,2496006,0
166.698,1,166695476021,2496006,0
166.7,4,166697999027,2496006,0
166.703,18,166700522033,2496006,0
166.706,16,166703045039,2469000,1
166.706,1,166703045039,2469000,1
166.708,12,166705548039,2496006,0
166.711,7,166708089045,2496006,0
166.713,8,166710621051,2469000,1
166.713,11,166710621051,2469000,1
166.716,4,166713106051,2469000,1
166.716,18,166713106051,2469000,1
166.718,21,166715582051,2496006,0
166.721,7,166718141057,2496006,0
166.723,12,166720664063,2496006,0
166.726,4,166723187069,2469000,1
166.726,18,166723187069,2469000,1
166.728,21,166725654069,2496006,0
166.731,16,166728186075,2496006,0
166.733,8,166730718081,2469000,1
166.733,21,166730718081,2469000,1
166.736,6,166733185081,2496006,0
166.738,1,166735717087,2469000,1
166.738,6,166735717087,2469000,1
166.741,1,166738186087,2496006,0
166.743,7,166740709093,2469000,1
166.743,18,166740709093,2469000,1
166.743,1,166740709093,2469000,1
166.746,12,166743185093,2469000,1
166.746,6,166743185093,2469000,1
166.748,14,166745652093,2496006,0
166.751,19,166748175099,2496006,0
166.753,11,166750698105,2469000,1
166.753,12,166750698105,2469000,1
166.756,3,166753496111,2496006,0
166.758,19,166756019117,2469000,1
166.758,16,166756019117,2469000,1
166.764,19,166761045123,2496006,0
166.766,14,166763586129,2496006,0
166.769,21,166766118135,2469000,1
166.769,7,166766118135,2469000,1
166.771,19,166768585135,2469000,1
166.771,17,166768585135,2469000,1
166.774,3,166771061135,2496006,0
166.776,11,166773593141,2496006,0
166.779,19,166776125147,2496006,0
166.781,3,166778657153,2469000,1
166.781,9,166778657153,2469000,1
166.781,1,166778657153,2469000,1
166.784,5,166781437159,2469000,1
166.784,19,166781437159,2469000,1
166.786,19,166783906159,2496006,0
166.789,14,166786429165,2496006,0
166.791,14,166788961171,2496006,0
166.794,19,166791493177,2496006,0
166.796,11,166794016183,2469000,1
166.796,16,166794016183,2469000,1
166.796,14,166794016183,2469000,1
166.799,18,166796483183,2496006,0
166.801,19,166799024189,2469000,1
166.801,15,166799024189,2469000,1
166.804,3,166801500189,2469000,1
166.804,5,166801500189,2469000,1
166.806,14,166803967189,2496006,0
166.809,21,166806508195,2496006,0
166.812,14,166809040201,2469000,1
166.812,19,166809040201,2469000,1
166.814,18,166811534201,2496006,0
166.817,4,166814057207,2496006,0
166.819,12,166816580213,2469000,1
166.819,18,166816580213,2469000,1
166.822,7,166819047213,2469000,1
166.822,4,166819047213,2469000,1
166.824,20,166821523213,2469000,1
166.824,21,166821523213,2469000,1
166.826,6,166823990213,2496006,0
166.829,11,166826513219,2469000,1
166.829,16,166826513219,2469000,1
166.831,1,166828989219,2496006,0
166.834,1,166831512225,2496006,0
166.837,14,166834035231,2469000,1
166.837,1,166834035231,2469000,1
166.839,6,166836502231,2496006,0
166.844,6,166841620243,2496006,0
166.847,6,166844152249,2496006,0
166.849,19,166846684255,2496006,0
166.852,21,166849207261,2496006,0
166.854,6,166851730267,2496006,0
166.857,19,166854575273,2469000,1
166.857,21,166854575273,2469000,1
166.86,18,166857051273,2496006,0
166.862,4,166859574279,2496006,0
166.865,6,166862097285,2496006,0
166.867,4,166864629291,2496006,0
166.87,18,166867170297,2469000,1
166.87,1,166867170297,2469000,1
166.872,19,166869664297,2496006,0
166.875,4,166872196303,2496006,0
166.877,1,166874737309,2496006,0
166.88,3,166877269315,2469000,1
166.88,6,166877269315,2469000,1
166.882,19,166879754315,2496006,0
166.885,4,166882277321,2469000,1
166.885,19,166882277321,2469000,1
166.888,21,166885075327,2469000,1
166.888,18,166885075327,2469000,1
166.89,8,166887542327,2496006,0
166.893,1,166890065333,2496006,0
166.895,19,166892588339,2496006,0
166.898,6,166895129345,2469000,1
166.898,4,166895129345,2469000,1
166.9,14,166897596345,2496006,0
166.903,8,166900119351,2496006,0
166.905,1,166902651357,2496006,0
166.908,11,166905183363,2496006,0
166.913,1,166910229375,2496006,0
166.915,14,166912761381,2496006,0
166.918,15,166915293387,2496006,0
166.92,19,166917816393,2496006,0
166.923,1,166920339399,2469000,1
166.923,11,166920339399,2469000,1
166.923,19,166920339399,2469000,1
166.925,8,166922824399,2496006,0
166.928,6,166925365405,2496006,0
166.93,14,166927888411,2469000,1
166.93,19,166927888411,2469000,1
166.933,8,166930364411,2496006,0
166.935,7,166932905417,2469000,1
166.935,15,166932905417,2469000,1
166.935,8,166932905417,2469000,1
166.938,11,166935372417,2469000,1
166.938,19,166935372417,2469000,1
166.94,14,166937839417,2496006,0
166.943,4,166940380423,2496006,0
166.945,17,166942903429,2496006,0
166.948,1,166945426435,2496006,0
166.95,6,166947967441,2496006,0
166.953,23,166950490447,2469000,1
166.953,6,166950490447,2469000,1
166.955,8,166952966447,2496006,0
166.958,1,166955489453,2469000,1
166.958,21,166955489453,2469000,1
166.961,14,166958269459,2496006,0
166.963,4,166960792465,2496006,0
166.966,17,166963324471,2469000,1
166.966,15,166963324471,2469000,1
166.966,1,166963324471,2469000,1
166.968,12,166965791471,2496006,0
166.971,4,166968332477,2469000,1
166.971,1,166968332477,2469000,1
166.973,10,166970817477,2496006,0
166.976,8,166973340483,2496006,0
166.978,14,166975881489,2469000,1
166.981,18,166978348489,2496006,0
166.983,21,166980880495,2469000,1
166.983,12,166980880495,2469000,1
166.986,10,166983356495,2469000,1
166.986,16,166983356495,2469000,1
166.989,8,166986145501,2496006,0
166.991,8,166988686507,2496006,0
166.994,16,166991209513,2496006,0
166.996,17,166993732519,2496006,0
166.999,6,166996255525,2496006,0
167.001,4,166998787531,2469000,1
167.001,18,166998787531,2469000,1
167.004,10,167001254531,2496006,0
167.006,17,167003777537,2496006,0
167.009,12,167006309543,2496006,0
167.011,20,167008832549,2469000,1
167.011,17,167008832549,2469000,1
167.014,8,167011308549,2496006,0
167.016,14,167013840555,2469000,1
167.016,16,167013840555,2469000,1
167.016,18,167013840555,2469000,1
167.016,17,167013840555,2469000,1
167.019,6,167016307555,2496006,0
167.021,15,167018830561,2469000,1
167.021,17,167018830561,2469000,1
167.024,12,167021306561,2496006,0
167.026,6,167023829567,2496006,0
167.029,10,167026361573,2496006,0
167.031,12,167028893579,2496006,0
167.034,6,167031416585,2469000,1
167.034,2,167031416585,2469000,1
167.034,11,167031416585,2469000,1
167.034,8,167031416585,2469000,1
167.036,12,167033919585,2469000,1
167.036,10,167033919585,2469000,1
167.039,8,167036404585,2496006,0
167.041,16,167038927591,2496006,0
167.044,16,167041450597,2496006,0
167.046,8,167043973603,2496006,0
167.049,6,167046514609,2469000,1
167.051,5,167048981609,2496006,0
167.054,12,167051513615,2496006,0
167.057,16,167054045621,2469000,1
167.057,10,167054045621,2469000,1
167.059,3,167056512621,2496006,0
167.062,14,167059348627,2496006,0
167.064,5,167061871633,2496006,0
167.067,8,167064403639,2469000,1
167.067,14,167064403639,2469000,1
167.069,4,167066906639,2496006,0
167.072,5,167069429645,2469000,1
167.072,6,167069429645,2469000,1
167.072,3,167069429645,2469000,1
167.074,6,167071898645,2496006,0
167.077,12,167074430651,2496006,0
167.079,14,167076962657,2469000,1
167.079,3,167076962657,2469000,1
167.082,12,167079429657,2469000,1
167.082,3,167079431657,2469000,1
167.084,5,167081916657,2496006,0
167.087,8,167084439663,2496006,0
167.089,19,167086962669,2496006,0
167.092,8,167089798675,2496006,0
167.095,15,167092321681,2496006,0
167.097,4,167094844687,2469000,1
167.097,12,167094844687,2469000,1
167.1,3,167097311687,2496006,0
167.102,6,167099834693,2496006,0
167.105,15,167102357699,2496006,0
167.107,18,167104880705,2496006,0
167.11,16,167107412711,2496006,0
167.112,5,167109935717,2469000,1
167.112,21,167109935717,2469000,1
167.115,18,167112411717,2496006,0
167.117,4,167114934723,2496006,0
167.12,8,167117457729,2496006,0
167.122,10,167119980735,2469000,1
167.122,19,167119980735,2469000,1
167.122,5,167119980735,2469000,1
167.125,16,167122447735,2469000,1
167.125,1,167122447735,2469000,1
167.127,15,167124914735,2496006,0
167.13,6,167127446741,2496006,0
167.132,3,167129969747,2496006,0
167.135,18,167132492753,2469000,1
167.135,15,167132492753,2469000,1
167.14,18,167137518759,2496006,0
167.143,4,167140050765,2469000,1
167.143,8,167140050765,2469000,1
167.143,18,167140050765,2469000,1
167.145,3,167142535765,2496006,0
167.148,19,167145058771,2469000,1
167.148,15,167145058771,2469000,1
167.15,6,167147525771,2496006,0
167.153,17,167150075777,2496006,0
167.155,18,167152598783,2496006,0
167.158,18,167155130789,2496006,0
167.16,18,167157653795,2496006,0
167.163,6,167160176801,2496006,0
167.165,14,167163012807,2469000,1
167.165,16,167163012807,2469000,1
167.168,3,167165479807,2496006,0
167.17,3,167168002813,2496006,0
167.173,5,167170534819,2496006,0
167.176,17,167173057825,2496006,0
167.178,3,167175589831,2469000,1
167.178,4,167175589831,2469000,1
167.181,18,167178056831,2496006,0
167.183,5,167180588837,2496006,0
167.186,8,167183129843,2496006,0
167.188,6,167185661849,2496006,0
167.191,5,167188184855,2469000,1
167.191,16,167188184855,2469000,1
167.191,17,167188184855,2469000,1
167.193,17,167190973861,2496006,0
167.196,12,167193505867,2496006,0
167.199,18,167196028873,2496006,0
167.201,11,167198551879,2496006,0
167.204,17,167201074885,2469000,1
167.204,4,167201074885,2469000,1
167.206,18,167203550885,2496006,0
167.209,8,167206073891,2469000,1
167.209,6,167206073891,2469000,1
167.211,16,167208540891,2496006,0
167.214,7,167211072897,2496006,0
167.216,15,167213595903,2496006,0
167.219,3,167216118909,2469000,1
167.219,7,167216118909,2469000,1
167.221,5,167218585909,2469000,1
167.221,11,167218585909,2469000,1
167.224,7,167221052909,2496006,0
167.226,12,167223584915,2496006,0
167.229,15,167226107921,2469000,1
167.229,16,167226107921,2469000,1
167.229,1,167226107921,2469000,1
167.229,19,167226107921,2469000,1
167.229,17,167226107921,2469000,1
167.234,12,167231115927,2469000,1
167.234,7,167231115927,2469000,1
167.236,18,167233582927,2496006,0
167.239,6,167236105933,2496006,0
167.241,7,167238646939,2496006,0
167.244,18,167241187945,2469000,1
167.244,8,167241187945,2469000,1
167.246,16,167243654945,2496006,0
167.249,6,167246177951,2496006,0
167.251,7,167248709957,2496006,0
167.254,6,167251277963,2469000,1
167.254,5,167251277963,2469000,1
167.256,18,167253744963,2496006,0
167.259,16,167256276969,2496006,0
167.261,11,167258799975,2469000,1
167.261,15,167258799975,2469000,1
167.264,14,167261266975,2469000,1
167.264,12,167261266975,2469000,1
167.267,3,167264046981,2496006,0
167.269,17,167266569987,2496006,0
167.272,3,167269101993,2496006,0
167.274,7,167271624999,2469000,1
167.274,6,167271624999,2469000,1
167.274,15,167271624999,2469000,1
167.277,18,167274091999,2469000,1
167.277,17,167274091999,2469000,1
167.279,18,167276560999,2496006,0
167.282,10,167279084005,2496006,0
167.284,16,167281607011,2496006,0
167.287,6,167284130017,2496006,0
167.289,6,167286662023,2496006,0
167.292,16,167289185029,2496006,0
167.294,16,167291708035,2496006,0
167.297,18,167294544041,2469000,1
167.297,12,167294544041,2469000,1
167.299,10,167297029041,2469000,1
167.299,8,167297029041,2469000,1
167.302,3,167299496041,2496006,0
167.305,16,167302028047,2496006,0
167.307,6,167304560053,2496006,0
167.31,6,167307083059,2496006,0
167.312,3,167309606065,2496006,0
167.315,6,167312129071,2496006,0
167.317,17,167314661077,2496006,0
167.32,10,167317202083,2496006,0
167.322,11,167319725089,2469000,1
167.322,8,167319725089,2469000,1
167.325,6,167322201089,2496006,0
167.327,3,167324724095,2469000,1
167.327,10,167324724095,2469000,1
167.33,13,167327200095,2469000,1
167.33,7,167327200095,2469000,1
167.33,16,167327200095,2469000,1
167.33,3,167327200095,2469000,1
167.332,18,167329667095,2469000,1
167.335,17,167332170095,2496006,0
167.337,6,167334702101,2496006,0
167.34,7,167337225107,2496006,0
167.342,8,167339748113,2496006,0
167.345,17,167342280119,2496006,0
167.347,7,167344821125,2469000,1
167.347,6,167344821125,2469000,1
167.35,13,167347288125,2496006,0
167.352,3,167349829131,2469000,1
167.352,13,167349829131,2469000,1
167.355,17,167352296131,2496006,0
167.357,3,167354819137,2496006,0
167.36,23,167357342143,2469000,1
167.36,17,167357342143,2469000,1
167.362,8,167359818143,2496006,0
167.365,2,167362359149,2469000,1
167.365,4,167362359149,2469000,1
167.367,8,167364844149,2469000,1
167.367,10,167364844149,2469000,1
167.367,16,167364844149,2469000,1
167.367,2,167364844149,2469000,1
167.37,3,167367642155,2496006,0
167.373,13,167370183161,2496006,0
167.375,13,167372751167,2496006,0
167.378,2,167375274173,2496006,0
167.38,8,167377806179,2496006,0
167.383,7,167380329185,2469000,1
167.383,6,167380329185,2469000,1
167.383,13,167380329185,2469000,1
167.385,17,167382814185,2469000,1
167.385,3,167382814185,2469000,1
167.388,8,167385299185,2469000,1
167.388,18,167385299185,2469000,1
167.39,16,167387766185,2496006,0
167.393,16,167390289191,2496006,0
167.395,2,167392821197,2469000,1
167.395,6,167392821197,2469000,1
167.398,19,167395601203,2496006,0
167.401,3,167398133209,2496006,0
167.403,5,167400674215,2496006,0
167.406,19,167403197221,2496006,0
167.408,17,167405729227,2469000,1
167.408,16,167405729227,2469000,1
167.411,13,167408196227,2496006,0
167.413,19,167410719233,2496006,0
167.416,5,167413242239,2469000,1
167.416,3,167413242239,2469000,1
167.418,8,167415736239,2496006,0
167.421,8,167418259245,2496006,0
167.423,7,167420791251,2496006,0
167.426,13,167423314257,2469000,1
167.426,7,167423314257,2469000,1
167.428,7,167425790257,2496006,0
167.431,3,167428322263,2496006,0
167.433,16,167430845269,2496006,0
167.436,10,167433368275,2496006,0
167.438,19,167435891281,2496006,0
167.441,7,167438414287,2496006,0
167.443,8,167440946293,2469000,1
167.443,2,167440946293,2469000,1
167.446,3,167443413293,2496006,0
167.448,19,167445936299,2469000,1
167.448,10,167445936299,2469000,1
167.451,17,167448403299,2496006,0
167.453,15,167450926305,2496006,0
167.456,5,167453449311,2496006,0
167.458,16,167455972317,2496006,0
167.461,12,167458495323,2496006,0
167.464,8,167461027329,2496006,0
167.466,15,167463550335,2469000,1
167.466,13,167463550335,2469000,1
167.468,16,167466017335,2469000,1
167.468,7,167466017335,2469000,1
167.468,15,167466019335,2469000,1
167.471,5,167468808341,2469000,1
167.471,19,167468808341,2469000,1
167.474,12,167471275341,2469000,1
167.474,16,167471275341,2469000,1
167.476,3,167473760341,2496006,0
167.479,17,167476283347,2496006,0
167.481,8,167478806353,2496006,0
167.484,3,167481329359,2496006,0
167.486,19,167483852365,2496006,0
167.489,3,167486411371,2469000,1
167.489,7,167486411371,2469000,1
167.491,19,167488887371,2469000,1
167.491,2,167488887371,2469000,1
167.491,10,167488887371,2469000,1
167.494,17,167491363371,2496006,0
167.496,8,167493895377,2496006,0
167.499,12,167496427383,2496006,0
167.502,11,167499272389,2496006,0
167.504,17,167501795395,2469000,1
167.504,5,167501795395,2469000,1
167.504,19,167501795395,2469000,1
167.507,16,167504262395,2469000,1
167.507,11,167504262395,2469000,1
167.512,19,167509252401,2496006,0
167.514,12,167511820407,2496006,0
167.517,19,167514352413,2469000,1
167.517,13,167514352413,2469000,1
167.517,8,167514352413,2469000,1
167.519,3,167516819413,2496006,0
167.522,11,167519351419,2496006,0
167.524,17,167521874425,2496006,0
167.527,5,167524397431,2496006,0
167.529,15,167526929437,2496006,0
167.532,20,167529452443,2469000,1
167.532,7,167529452443,2469000,1
167.534,15,167531946443,2469000,1
167.534,5,167531946443,2469000,1
167.534,17,167531946443,2469000,1
167.534,3,167531946443,2469000,1
167.534,6,167531946443,2469000,1
167.537,11,167534422443,2469000,1
167.537,10,167534422443,2469000,1
167.537,12,167534422443,2469000,1
167.539,6,167536907443,2496006,0
167.542,2,167539430449,2469000,1
167.542,17,167539430449,2469000,1
167.544,8,167541897449,2496006,0
167.547,8,167544438455,2496006,0
167.549,3,167546961461,2496006,0
167.552,5,167549493467,2496006,0
167.555,12,167552025473,2496006,0
167.557,8,167554548479,2469000,1
167.557,12,167554548479,2469000,1
167.56,19,167557015479,2496006,0
167.562,5,167559538485,2469000,1
167.562,15,167559538485,2469000,1
167.562,11,167559538485,2469000,1
167.562,12,167559538485,2469000,1
167.565,6,167562014485,2496006,0
167.567,3,167564564491,2496006,0
167.57,10,167567087497,2469000,1
167.57,3,167567087497,2469000,1
167.572,8,167569563497,2469000,1
167.572,19,167569563497,2469000,1
167.575,19,167572370503,2496006,0
167.577,3,167574893509,2496006,0
167.58,5,167577416515,2496006,0
167.582,6,167579939521,2469000,1
167.582,18,167579939521,2469000,1
167.582,7,167579939521,2469000,1
167.585,3,167582424521,2469000,1
167.585,16,167582424521,2469000,1
167.585,5,167582424521,2469000,1
167.587,12,167584918521,2496006,0
167.59,19,167587441527,2469000,1
167.592,6,167589917527,2496006,0
167.595,14,167592449533,2496006,0
167.597,3,167594999539,2496006,0
167.6,14,167597549545,2469000,1
167.6,17,167597549545,2469000,1
167.602,3,167600016545,2469000,1
167.602,12,167600016545,2469000,1
167.605,13,167602805551,2496006,0
167.608,6,167605328557,2496006,0
167.61,5,167607860563,2496006,0
167.613,14,167610383569,2469000,1
167.613,3,167610383569,2469000,1
167.615,6,167612859569,2496006,0
167.618,8,167615418575,2496006,0
167.62,11,167617950581,2496006,0
167.623,11,167620473587,2496006,0
167.625,17,167622996593,2469000,1
167.625,13,167622996593,2469000,1
167.628,6,167625463593,2496006,0
167.63,19,167627986599,2469000,1
167.63,5,167627986599,2469000,1
167.633,8,167630471599,2496006,0
167.636,15,167633030605,2496006,0
167.638,19,167635562611,2496006,0
167.641,12,167638085617,2496006,0
167.643,11,167640608623,2496006,0
167.646,13,167643131629,2469000,1
167.646,6,167643131629,2469000,1
167.648,18,167645616629,2469000,1
167.648,11,167645616629,2469000,1
167.648,6,167645616629,2469000,1
167.651,15,167648092629,2469000,1
167.651,8,167648092629,2469000,1
167.651,2,167648092629,2469000,1
167.653,12,167650559629,2469000,1
167.653,11,167650559629,2469000,1
167.656,15,167653026629,2496006,0
167.658,3,167655549635,2496006,0
167.661,11,167658081641,2469000,1
167.663,3,167660548641,2496006,0
167.666,19,167663071647,2496006,0
167.668,19,167665603653,2496006,0
167.671,15,167668126659,2496006,0
167.673,5,167670649665,2496006,0
167.676,3,167673172671,2496006,0
167.678,16,167676008677,2469000,1
167.678,14,167676008677,2469000,1
167.681,15,167678484677,2496006,0
167.683,19,167681007683,2469000,1
167.683,3,167681007683,2469000,1
167.686,12,167683474683,2469000,1
167.686,19,167683476683,2469000,1
167.688,4,167685943683,2469000,1
167.688,3,167685943683,2469000,1
167.691,21,167688410683,2496006,0
167.693,15,167690942689,2469000,1
167.693,13,167690942689,2469000,1
167.696,12,167693409689,2496006,0
167.698,21,167695950695,2469000,1
167.698,8,167695950695,2469000,1
167.701,22,167698417695,2496006,0
167.703,5,167700940701,2496006,0
167.706,12,167703776707,2469000,1
167.706,6,167703776707,2469000,1
167.709,12,167706261707,2496006,0
167.711,22,167708820713,2496006,0
167.714,5,167711352719,2496006,0
167.716,15,167713875725,2496006,0
167.719,22,167716434731,2496006,0
167.721,12,167718957737,2496006,0
167.724,21,167721489743,2496006,0
167.727,10,167724021749,2496006,0
167.729,12,167726544755,2496006,0
167.732,21,167729067761,2496006,0
167.734,5,167731599767,2469000,1
167.734,10,167731599767,2469000,1
167.737,15,167734066767,2469000,1
167.737,12,167734066767,2469000,1
167.739,21,167736569767,2469000,1
167.742,22,167739036767,2469000,1
167.744,13,167741505767,2469000,1
167.744,5,167741505767,2469000,1
167.746,21,167743972767,2496006,0
167.749,3,167746495773,2496006,0
167.752,3,167749027779,2496006,0
167.754,19,167751550785,2469000,1
167.754,21,167751550785,2469000,1
167.757,3,167754017785,2496006,0
167.762,6,167759117797,2469000,1
167.762,15,167759117797,2469000,1
167.764,3,167761584797,2469000,1
167.764,2,167761584797,2469000,1
167.764,21,167761584797,2469000,1
167.767,10,167764060797,2496006,0
167.769,12,167766583803,2496006,0
167.772,8,167769115809,2496006,0
167.774,22,167771638815,2496006,0
167.777,3,167774161821,2496006,0
167.779,5,167776997827,2469000,1
167.779,22,167776997827,2469000,1
167.782,8,167779473827,2496006,0
167.785,10,167782005833,2496006,0
167.787,8,167784555839,2496006,0
167.79,3,167787078845,2496006,0
167.792,12,167789610851,2496006,0
167.795,10,167792178857,2496006,0
167.797,8,167794719863,2469000,1
167.797,10,167794719863,2469000,1
167.8,22,167797186863,2496006,0
167.802,12,167799736869,2469000,1
167.802,3,167799736869,2469000,1
167.805,22,167802257869,2496006,0
167.807,15,167804780875,2496006,0
167.81,11,167807616881,2469000,1
167.81,12,167807616881,2469000,1
167.815,10,167812633887,2469000,1
167.815,3,167812633887,2469000,1
167.818,15,167815127887,2496006,0
167.82,22,167817668893,2496006,0
167.823,21,167820209899,2496006,0
167.825,22,167822750905,2469000,1
167.825,14,167822750905,2469000,1
167.825,8,167822750905,2469000,1
167.825,21,167822750905,2469000,1
167.828,15,167825244905,2469000,1
167.828,10,167825244905,2469000,1
167.83,19,167827738905,2469000,1
167.83,3,167827738905,2469000,1
167.83,22,167827738905,2469000,1
167.833,15,167830205905,2496006,0
167.835,7,167832800911,2469000,1
167.835,21,167832800911,2469000,1
167.838,3,167835276911,2496006,0
167.84,12,167837799917,2496006,0
167.843,15,167840331923,2469000,1
167.845,3,167842816923,2469000,1
167.845,21,167842816923,2469000,1
167.848,17,167845328923,2469000,1
167.848,12,167845328923,2469000,1
167.85,22,167847822923,2496006,0
167.853,3,167850354929,2496006,0
167.855,22,167852904935,2469000,1
167.855,15,167852904935,2469000,1
167.858,22,167855373935,2496006,0
167.86,3,167857896941,2496006,0
167.863,3,167860428947,2496006,0
167.865,22,167862951953,2496006,0
167.871,3,167868051965,2496006,0
167.873,22,167870583971,2469000,1
167.873,12,167870583971,2469000,1
167.876,22,167873086971,2496006,0
167.878,3,167875609977,2469000,1
167.878,8,167875609977,2469000,1
167.881,19,167878407983,2496006,0
167.883,1,167880930989,2496006,0
167.886,3,167883453995,2496006,0
167.888,19,167885986001,2469000,1
167.891,22,167888462001,2496006,0
167.893,5,167890994007,2496006,0
167.896,3,167893517013,2469000,1
167.896,19,167893517013,2469000,1
167.898,22,167896002013,2496006,0
167.901,1,167898543019,2496006,0
167.904,5,167901075025,2496006,0
167.906,3,167903598031,2496006,0
167.909,22,167906139037,2496006,0
167.911,6,167908975043,2496006,0
167.914,5,167911498049,2469000,1
167.914,15,167911498049,2469000,1
167.916,1,167913965049,2496006,0
167.919,22,167916506055,2496006,0
167.922,19,167919047061,2496006,0
167.924,19,167921570067,2496006,0
167.927,22,167924093073,2496006,0
167.929,3,167926625079,2496006,0
167.932,3,167929148085,2496006,0
167.934,6,167931680091,2496006,0
167.937,12,167934203097,2496006,0
167.939,1,167936726103,2469000,1
167.939,12,167936726103,2469000,1
167.942,5,167939193103,2469000,1
167.942,6,167939193103,2469000,1
167.944,22,167941660103,2496006,0
167.947,3,167944183109,2496006,0
167.949,19,167946706115,2496006,0
167.952,9,167949238121,2469000,1
167.954,10,167951714121,2469000,1
167.957,22,167954181121,2496006,0
167.959,22,167956704127,2496006,0
167.964,19,167961786139,2496006,0
167.967,12,167964309145,2496006,0
167.969,3,167966841151,2496006,0
167.972,22,167969400157,2496006,0
167.974,1,167971923163,2496006,0
167.977,19,167974446169,2496006,0
167.979,11,167976969175,2496006,0
167.982,19,167979492181,2496006,0
167.985,21,167982328187,2496006,0
167.987,22,167984851193,2496006,0
167.99,12,167987383199,2496006,0
167.992,3,167989906205,2469000,1
167.992,6,167989906205,2469000,1
167.995,13,167992391205,2496006,0
167.997,21,167994923211,2469000,1
167.997,19,167994923211,2469000,1
168,11,167997390211,2469000,1
168,1,167997390211,2469000,1
168.002,12,167999866211,2469000,1
168.002,6,167999866211,2469000,1
168.007,11,168004856217,2496006,0
168.01,22,168007379223,2496006,0
168.013,1,168010215229,2469000,1
168.013,12,168010215229,2469000,1
168.015,19,168012682229,2496006,0
168.018,14,168015241235,2469000,1
168.018,13,168015241235,2469000,1
168.02,12,168017708235,2496006,0
168.023,11,168020249241,2496006,0
168.025,15,168022772247,2469000,1
168.025,5,168022772247,2469000,1
168.025,3,168022772247,2469000,1
168.025,21,168022772247,2469000,1
168.028,13,168025248247,2496006,0
168.03,22,168027771253,2496006,0
168.033,19,168030303259,2496006,0
168.035,11,168032826265,2496006,0
168.038,3,168035349271,2496006,0
168.04,7,168037881277,2496006,0
168.043,13,168040404283,2496006,0
168.045,11,168042927289,2469000,1
168.045,19,168042927289,2469000,1
168.045,12,168042927289,2469000,1
168.048,3,168045403289,2469000,1
168.048,22,168045403289,2469000,1
168.05,7,168047870289,2496006,0
168.053,13,168050393295,2469000,1
168.053,3,168050393295,2469000,1
168.053,7,168050393295,2469000,1
168.055,13,168052869295,2496006,0
168.06,13,168057978307,2469000,1
168.06,12,168057978307,2469000,1
168.063,21,168060445307,2469000,1
168.063,7,168060445307,2469000,1
168.065,8,168062930307,2496006,0
168.068,8,168065453313,2496006,0
168.07,22,168067985319,2496006,0
168.073,1,168070526325,2496006,0
168.076,8,168073058331,2496006,0
168.078,19,168075581337,2496006,0
168.081,11,168078113343,2496006,0
168.083,19,168080636349,2496006,0
168.086,11,168083472355,2469000,1
168.086,19,168083472355,2469000,1
168.088,22,168085957355,2496006,0
168.091,1,168088480361,2496006,0
168.094,8,168091021367,2496006,0
168.096,18,168093544373,2469000,1
168.096,12,168093544373,2469000,1
168.099,8,168096011373,2496006,0
168.101,1,168098543379,2496006,0
168.104,3,168101066385,2496006,0
168.106,22,168103589391,2469000,1
168.106,12,168103589391,2469000,1
168.109,13,168106056391,2469000,1
168.109,7,168106056391,2469000,1
168.114,3,168111046397,2496006,0
168.116,3,168113891403,2496006,0
168.119,8,168116423409,2496006,0
168.121,19,168118964415,2496006,0
168.124,8,168121487421,2496006,0
168.127,1,168124028427,2496006,0
168.129,8,168126560433,2496006,0
168.132,6,168129083439,2496006,0
168.134,6,168131606445,2496006,0
168.137,11,168134129451,2496006,0
168.139,19,168136652457,2496006,0
168.142,3,168139175463,2469000,1
168.142,6,168139175463,2469000,1
168.144,11,168141660463,2469000,1
168.144,17,168141660463,2469000,1
168.147,22,168144127463,2496006,0
168.149,1,168146650469,2496006,0
168.152,22,168149173475,2496006,0
168.154,19,168151705481,2496006,0
168.157,1,168154228487,2496006,0
168.159,8,168156751493,2496006,0
168.162,1,168159283499,2496006,0
168.164,19,168161824505,2496006,0
168.167,13,168164365511,2496006,0
168.169,1,168166888517,2496006,0
168.172,22,168169411523,2469000,1
168.174,19,168171896523,2496006,0
168.177,10,168174419529,2496006,0
168.179,8,168176942535,2496006,0
168.182,6,168179465541,2496006,0
168.184,1,168181988547,2496006,0
168.187,8,168184511553,2496006,0
168.19,13,168187347559,2469000,1
168.19,5,168187347559,2469000,1
168.19,11,168187347559,2469000,1
168.192,1,168189814559,2496006,0
168.195,3,168192337565,2469000,1
168.195,1,168192337565,2469000,1
168.197,6,168194804565,2496006,0
168.2,8,168197327571,2469000,1
168.2,10,168197327571,2469000,1
168.202,19,168199803571,2496006,0
168.205,6,168202371577,2496006,0
168.207,7,168204903583,2496006,0
168.21,7,168207426589,2496006,0
168.212,22,168209949595,2496006,0
168.215,19,168212481601,2496006,0
168.218,13,168215326607,2496006,0
168.22,18,168217849613,2496006,0
168.223,7,168220381619,2469000,1
168.223,10,168220381619,2469000,1
168.225,2,168222857619,2496006,0
168.228,6,168225380625,2496006,0
168.23,3,168227912631,2469000,1
168.23,1,168227912631,2469000,1
168.233,13,168230379631,2469000,1
168.233,7,168230379631,2469000,1
168.235,22,168232855631,2496006,0
168.238,19,168235396637,2469000,1
168.24,2,168237863637,2469000,1
168.24,8,168237863637,2469000,1
168.24,18,168237863637,2469000,1
168.243,22,168240339637,2469000,1
168.243,6,168240339637,2469000,1
168.243,19,168240339637,2469000,1
168.245,21,168242806637,2469000,1
168.245,1,168242806637,2469000,1
168.245,2,168242806637,2469000,1
168.245,22,168242808637,2469000,1
168.248,4,168245311637,2496006,0
168.25,13,168247879643,2496006,0
168.253,11,168250411649,2496006,0
168.255,15,168252943655,2496006,0
168.258,2,168255466661,2496006,0
168.26,13,168258007667,2469000,1
168.26,7,168258007667,2469000,1
168.26,1,168258007667,2469000,1
168.263,4,168260474667,2469000,1
168.263,3,168260474667,2469000,1
168.265,15,168262941667,2496006,0
168.268,11,168265464673,2469000,1
168.268,23,168265464673,2469000,1
168.27,10,168267931673,2496006,0
168.273,16,168270463679,2496006,0
168.275,18,168272986685,2469000,1
168.275,6,168272986685,2469000,1
168.278,2,168275480685,2469000,1
168.278,4,168275480685,2469000,1
168.28,15,168277956685,2496006,0
168.283,13,168280506691,2496006,0
168.286,10,168283029697,2496006,0
168.288,16,168285579703,2496006,0
168.293,13,168290938715,2496006,0
168.296,8,168293479721,2496006,0
168.298,10,168296002727,2496006,0
168.301,15,168298525733,2496006,0
168.304,22,168301048739,2469000,1
168.304,15,168301048739,2469000,1
168.306,8,168303515739,2496006,0
168.309,11,168306047745,2496006,0
168.311,19,168308570751,2496006,0
168.314,4,168311093757,2469000,1
168.314,16,168311093757,2469000,1
168.316,22,168313569757,2496006,0
168.319,13,168316092763,2496006,0
168.321,10,168318946769,2496006,0
168.324,22,168321469775,2469000,1
168.324,2,168321469775,2469000,1
168.326,13,168323936775,2496006,0
168.329,19,168326459781,2496006,0
168.331,22,168328982787,2496006,0
168.334,11,168331505793,2496006,0
168.336,15,168334028799,2469000,1
168.336,8,168334028799,2469000,1
168.339,2,168336504799,2496006,0
168.342,22,168339027805,2496006,0
168.344,23,168341550811,2496006,0
168.347,2,168344082817,2496006,0
168.349,10,168346614823,2496006,0
168.352,6,168349155829,2469000,1
168.352,13,168349155829,2469000,1
168.354,19,168351622829,2469000,1
168.354,11,168351622829,2469000,1
168.357,18,168354089829,2496006,0
168.362,23,168359144841,2496006,0
168.364,10,168361667847,2496006,0
168.367,16,168364190853,2496006,0
168.369,22,168366713859,2496006,0
168.372,2,168369245865,2469000,1
168.372,11,168369245865,2469000,1
168.374,10,168371712865,2496006,0
168.377,17,168374253871,2469000,1
168.377,11,168374253871,2469000,1
168.379,22,168376729871,2469000,1
168.379,8,168376729871,2469000,1
168.379,18,168376729871,2469000,1
168.382,23,168379205871,2496006,0
168.384,19,168381728877,2496006,0
168.387,8,168384251883,2496006,0
168.389,8,168386774889,2496006,0
168.392,23,168389306895,2469000,1
168.392,16,168389306895,2469000,1
168.392,19,168389306895,2469000,1
168.395,10,168392095901,2496006,0
168.397,2,168394618907,2496006,0
168.4,4,168397150913,2496006,0
168.402,13,168399682919,2496006,0
168.405,8,168402214925,2496006,0
168.407,15,168404746931,2469000,1
168.407,8,168404746931,2469000,1
168.41,19,168407240931,2469000,1
168.41,10,168407240931,2469000,1
168.412,22,168409716931,2469000,1
168.412,2,168409716931,2469000,1
168.415,13,168412192931,2469000,1
168.415,23,168412192931,2469000,1
168.417,4,168414659931,2469000,1
168.417,19,168414659931,2469000,1
168.42,18,168417153931,2469000,1
168.42,8,168417153931,2469000,1
168.42,2,168417153931,2469000,1
168.422,2,168419960937,2496006,0
168.427,16,168425015949,2469000,1
168.427,2,168425015949,2469000,1
168.43,8,168427500949,2496006,0
168.433,13,168430041955,2496006,0
168.435,10,168432573961,2469000,1
168.435,2,168432573961,2469000,1
168.438,7,168435067961,2496006,0
168.44,4,168437608967,2496006,0
168.443,7,168440131973,2496006,0
168.445,8,168442672979,2469000,1
168.445,13,168442672979,2469000,1
168.445,2,168442672979,2469000,1
168.448,18,168445148979,2496006,0
168.45,18,168447680985,2496006,0
168.453,16,168450230991,2469000,1
168.453,13,168450230991,2469000,1
168.455,7,168452715991,2496006,0
168.458,18,168455238997,2469000,1
168.458,4,168455238997,2469000,1
168.46,12,168457705997,2496006,0
168.463,7,168460238003,2496006,0
168.465,23,168462761009,2496006,0
168.468,10,168465284015,2496006,0
168.47,5,168467816021,2469000,1
168.47,18,168467816021,2469000,1
168.473,8,168470292021,2496006,0
168.475,7,168472815027,2469000,1
168.475,11,168472815027,2469000,1
168.478,12,168475282027,2469000,1
168.478,7,168475284027,2469000,1
168.48,8,168477760027,2469000,1
168.483,23,168480227027,2469000,1
168.483,15,168480227027,2469000,1
168.485,8,168482694027,2496006,0
168.488,4,168485217033,2496006,0
168.49,10,168487740039,2496006,0
168.493,1,168490263045,2496006,0
168.496,22,168493099051,2496006,0
168.498,4,168495640057,2469000,1
168.498,1,168495640057,2469000,1
168.501,22,168498107057,2496006,0
168.503,8,168500657063,2496006,0
168.506,10,168503180069,2496006,0
168.508,8,168505703075,2496006,0
168.511,12,168508226081,2496006,0
168.513,20,168510749087,2469000,1
168.513,6,168510749087,2469000,1
168.516,23,168513216087,2496006,0
168.518,8,168515739093,2496006,0
168.521,13,168518262099,2496006,0
168.523,12,168520794105,2496006,0
168.526,10,168523639111,2496006,0
168.529,22,168526162117,2496006,0
168.531,18,168528694123,2496006,0
168.534,23,168531217129,2496006,0
168.536,15,168533749135,2496006,0
168.539,2,168536272141,2469000,1
168.539,15,168536272141,2469000,1
168.541,12,168538739141,2496006,0
168.544,13,168541262147,2469000,1
168.544,1,168541262147,2469000,1
168.544,8,168541262147,2469000,1
168.546,4,168543747147,2496006,0
168.549,22,168546270153,2496006,0
168.551,18,168548793159,2469000,1
168.551,10,168548793159,2469000,1
168.551,15,168548793159,2469000,1
168.551,8,168548793159,2469000,1
168.554,16,168551260159,2469000,1
168.556,21,168553727159,2469000,1
168.556,20,168553727159,2469000,1
168.556,12,168553727159,2469000,1
168.556,16,168553729159,2469000,1
168.559,23,168556196159,2469000,1
168.559,22,168556196159,2469000,1
168.559,15,168556196159,2469000,1
168.561,7,168558672159,2469000,1
168.561,10,168558672159,2469000,1
168.564,18,168561139159,2496006,0
168.566,7,168563671165,2496006,0
168.569,20,168566203171,2496006,0
168.571,20,168568726177,2496006,0
168.574,13,168571249183,2496006,0
168.576,4,168573772189,2469000,1
168.576,13,168573772189,2469000,1
168.579,12,168576239189,2496006,0
168.581,18,168578762195,2469000,1
168.581,19,168578762195,2469000,1
168.584,10,168581247195,2496006,0
168.586,12,168583779201,2469000,1
168.586,7,168583779201,2469000,1
168.586,13,168583779201,2469000,1
168.589,7,168586255201,2496006,0
168.591,18,168588805207,2469000,1
168.591,7,168588805207,2469000,1
168.594,20,168591272207,2496006,0
168.596,23,168593822213,2469000,1
168.596,10,168593822213,2469000,1
168.596,20,168593822213,2469000,1
168.599,22,168596602219,2496006,0
168.602,8,168599125225,2496006,0
168.604,22,168601666231,2496006,0
168.607,10,168604189237,2496006,0
168.609,14,168606712243,2469000,1
168.609,2,168606712243,2469000,1
168.612,4,168609179243,2469000,1
168.612,23,168609179243,2469000,1
168.614,12,168611682243,2496006,0
168.617,8,168614223249,2496006,0
168.619,13,168616746255,2496006,0
168.622,10,168619278261,2469000,1
168.622,13,168619278261,2469000,1
168.624,22,168621745261,2469000,1
168.624,10,168621747261,2469000,1
168.63,3,168627059273,2496006,0
168.632,22,168629591279,2496006,0
168.635,7,168632114285,2496006,0
168.637,1,168634646291,2496006,0
168.64,3,168637169297,2469000,1
168.64,12,168637169297,2469000,1
168.642,22,168639645297,2469000,1
168.642,8,168639645297,2469000,1
168.645,20,168642112297,2496006,0
168.647,15,168644635303,2496006,0
168.65,22,168647158309,2469000,1
168.65,15,168647158309,2469000,1
168.652,1,168649634309,2469000,1
168.652,12,168649634309,2469000,1
168.655,7,168652110309,2469000,1
168.655,8,168652110309,2469000,1
168.657,3,168654613309,2496006,0
168.66,20,168657136315,2496006,0
168.662,1,168659659321,2496006,0
168.665,20,168662182327,2496006,0
168.667,18,168664705333,2469000,1
168.667,10,168664705333,2469000,1
168.667,20,168664705333,2469000,1
168.67,6,168667190333,2469000,1
168.67,13,168667190333,2469000,1
168.67,7,168667190333,2469000,1
168.672,3,168669657333,2469000,1
168.672,11,168669657333,2469000,1
168.675,4,168672124333,2469000,1
168.675,20,168672124333,2469000,1
168.675,3,168672126333,2469000,1
168.677,8,168674593333,2496006,0
168.68,23,168677161339,2469000,1
168.68,1,168677161339,2469000,1
168.682,8,168679628339,2469000,1
168.682,3,168679628339,2469000,1
168.685,15,168682095339,2469000,1
168.685,8,168682097339,2469000,1
168.69,18,168687177345,2496006,0
168.692,12,168689709351,2496006,0
168.695,1,168692277357,2496006,0
168.697,1,168694800363,2496006,0
168.7,21,168697654369,2496006,0
168.703,12,168700186375,2469000,1
168.703,23,168700186375,2469000,1
168.703,18,168700186375,2469000,1
168.705,12,168702655375,2496006,0
168.708,7,168705178381,2496006,0
168.71,21,168707719387,2496006,0
168.713,7,168710260393,2469000,1
168.713,12,168710260393,2469000,1
168.713,1,168710260393,2469000,1
168.713,18,168710260393,2469000,1
168.715,10,168712727393,2469000,1
168.715,15,168712727393,2469000,1
168.718,22,168715194393,2496006,0
168.72,22,168717717399,2496006,0
168.723,23,168720267405,2496006,0
168.725,13,168722790411,2496006,0
168.728,21,168725313417,2496006,0
168.731,23,168728158423,2496006,0
168.733,20,168730726429,2496006,0
168.736,22,168733249435,2469000,1
168.736,12,168733249435,2469000,1
168.736,21,168733249435,2469000,1
168.738,23,168735716435,2469000,1
168.738,13,168735716435,2469000,1
168.738,8,168735716435,2469000,1
168.741,7,168738183435,2469000,1
168.743,22,168740650435,2496006,0
168.746,22,168743191441,2496006,0
168.748,18,168745714447,2469000,1
168.748,23,168745714447,2469000,1
168.751,4,168748190447,2496006,0
168.753,1,168750740453,2496006,0
168.756,4,168753272459,2469000,1
168.756,15,168753272459,2469000,1
168.756,20,168753272459,2469000,1
168.758,22,168755748459,2496006,0
168.761,21,168758289465,2496006,0
168.763,12,168760812471,2496006,0
168.766,13,168763335477,2496006,0
168.768,3,168765858483,2469000,1
168.768,20,168765858483,2469000,1
168.771,23,168768325483,2496006,0
168.773,22,168770848489,2496006,0
168.776,22,168773371495,2496006,0
168.778,20,168775894501,2496006,0
168.781,1,168778426507,2496006,0
168.783,12,168780958513,2469000,1
168.783,21,168780958513,2469000,1
168.783,10,168780958513,2469000,1
168.786,23,168783434513,2496006,0
168.788,20,168785984519,2496006,0
168.791,13,168788507525,2469000,1
168.791,12,168788507525,2469000,1
168.793,1,168790974525,2496006,0
168.796,20,168793497531,2496006,0
168.798,22,168796020537,2469000,1
168.798,20,168796020537,2469000,1
168.801,1,168798514537,2496006,0
168.804,23,168801350543,2469000,1
168.804,4,168801350543,2469000,1
168.804,22,168801350543,2469000,1
168.804,1,168801350543,2469000,1
168.806,8,168803817543,2469000,1
168.806,7,168803817543,2469000,1
168.809,13,168806311543,2469000,1
168.809,20,168806311543,2469000,1
168.811,13,168808796543,2469000,1
168.811,20,168808796543,2469000,1
168.814,21,168811263543,2496006,0
168.816,12,168813795549,2496006,0
168.819,21,168816327555,2496006,0
168.821,22,168818850561,2496006,0
168.824,21,168821373567,2496006,0
168.826,19,168823896573,2496006,0
168.829,1,168826428579,2469000,1
168.829,22,168826428579,2469000,1
168.832,19,168829217585,2496006,0
168.834,12,168831749591,2496006,0
168.837,21,168834281597,2496006,0
168.839,13,168836804603,2496006,0
168.842,4,168839327609,2496006,0
168.844,13,168841850615,2496006,0
168.847,23,168844400621,2496006,0
168.849,22,168846932627,2496006,0
168.852,13,168849464633,2469000,1
168.852,19,168849464633,2469000,1
168.857,12,168854463639,2496006,0
168.859,21,168856986645,2469000,1
168.859,12,168856986645,2469000,1
168.862,4,168859453645,2496006,0
168.864,14,168861976651,2496006,0
168.867,22,168864508657,2496006,0
168.87,23,168867031663,2496006,0
168.872,20,168869572669,2496006,0
168.875,4,168872095675,2496006,0
168.877,22,168874618681,2469000,1
168.877,20,168874618681,2469000,1
168.88,1,168877103681,2496006,0
168.882,4,168879626687,2469000,1
168.882,14,168879626687,2469000,1
168.882,19,168879626687,2469000,1
168.885,23,168882120687,2496006,0
168.887,17,168884643693,2496006,0
168.89,1,168887166699,2496006,0
168.892,9,168889716705,2469000,1
168.892,1,168889716705,2469000,1
168.895,17,168892183705,2469000,1
168.895,13,168892183705,2469000,1
168.897,21,168894668705,2469000,1
168.897,12,168894668705,2469000,1
168.897,9,168894668705,2469000,1
168.9,1,168897153705,2496006,0
168.902,23,168899676711,2496006,0
168.905,20,168902512717,2496006,0
168.908,22,168905035723,2469000,1
168.908,13,168905035723,2469000,1
168.91,14,168907511723,2496006,0
168.913,20,168910043729,2469000,1
168.913,4,168910043729,2469000,1
168.915,23,168912519729,2496006,0
168.918,18,168915069735,2469000,1
168.918,9,168915069735,2469000,1
168.92,19,168917536735,2469000,1
168.92,1,168917536735,2469000,1
168.923,14,168920012735,2496006,0
168.925,23,168922535741,2496006,0
168.928,23,168925067747,2496006,0
168.93,17,168927617753,2496006,0
168.933,9,168930167759,2496006,0
168.935,12,168933003765,2496006,0
168.938,23,168935526771,2496006,0
168.941,7,168938049777,2469000,1
168.941,14,168938049777,2469000,1
168.943,17,168940516777,2496006,0
168.946,9,168943048783,2469000,1
168.946,20,168943048783,2469000,1
168.948,1,168945524783,2496006,0
168.951,23,168948047789,2496006,0
168.953,16,168950579795,2496006,0
168.956,21,168953111801,2469000,1
168.956,20,168953111801,2469000,1
168.958,17,168955578801,2469000,1
168.958,20,168955580801,2469000,1
168.961,16,168958047801,2496006,0
168.963,5,168960579807,2469000,1
168.963,12,168960579807,2469000,1
168.966,1,168963055807,2496006,0
168.968,9,168965587813,2496006,0
168.973,23,168970633825,2496006,0
168.976,12,168973156831,2496006,0
168.978,14,168975688837,2496006,0
168.981,16,168978211843,2496006,0
168.983,3,168980743849,2469000,1
168.983,22,168980743849,2469000,1
168.986,1,168983219849,2469000,1
168.986,4,168983219849,2469000,1
168.988,14,168985686849,2469000,1
168.988,5,168985686849,2469000,1
168.991,15,168988153849,2496006,0
168.993,16,168990676855,2469000,1
168.993,17,168990676855,2469000,1
168.993,15,168990676855,2469000,1
168.996,1,168993143855,2496006,0
168.998,12,168995666861,2469000,1
168.998,23,168995666861,2469000,1
168.998,14,168995666861,2469000,1
169.001,13,168998133861,2469000,1
169.001,9,168998133861,2469000,1
169.001,22,168998133861,2469000,1
169.001,1,168998133861,2469000,1
169.003,4,169000600861,2469000,1
169.003,9,169000602861,2469000,1
169.006,16,169003087861,2496006,0
169.008,15,169005968867,2469000,1
169.008,9,169005968867,2469000,1
169.011,21,169008435867,2496006,0
169.013,9,169010985873,2496006,0
169.016,23,169013508879,2496006,0
169.019,12,169016031885,2469000,1
169.019,1,169016031885,2469000,1
169.021,10,169018507885,2469000,1
169.021,23,169018507885,2469000,1
169.023,16,169020974885,2496006,0
169.026,16,169023497891,2496006,0
169.029,9,169026029897,2496006,0
169.031,8,169028561903,2496006,0
169.034,21,169031084909,2496006,0
169.036,21,169033607915,2469000,1
169.039,9,169036396921,2496006,0
169.041,16,169038919927,2496006,0
169.044,23,169041487933,2496006,0
169.046,8,169044019939,2469000,1
169.046,23,169044019939,2469000,1
169.049,16,169046495939,2469000,1
169.049,1,169046495939,2469000,1
169.051,14,169048962939,2496006,0
169.054,21,169051485945,2496006,0
169.057,9,169054017951,2496006,0
169.059,12,169056549957,2496006,0
169.062,21,169059072963,2496006,0
169.064,14,169061622969,2496006,0
169.067,2,169064154975,2496006,0
169.069,16,169066677981,2496006,0
169.072,19,169069209987,2496006,0
169.074,9,169071732993,2496006,0
169.077,12,169074255999,2496006,0
169.079,9,169076779005,2496006,0
169.082,17,169079302011,2469000,1
169.082,4,169079302011,2469000,1
169.084,8,169081769011,2496006,0
169.087,2,169084301017,2469000,1
169.087,21,169084301017,2469000,1
169.089,14,169086768017,2496006,0
169.092,23,169089291023,2496006,0
169.094,23,169091814029,2496006,0
169.097,12,169094337035,2469000,1
169.097,9,169094337035,2469000,1
169.099,16,169096813035,2469000,1
169.099,19,169096813035,2469000,1
169.102,14,169099298035,2496006,0
169.104,9,169101821041,2469000,1
169.107,15,169104288041,2469000,1
169.107,8,169104288041,2469000,1
169.109,21,169106764041,2496006,0
169.112,23,169109600047,2496006,0
169.115,14,169112123053,2469000,1
169.115,2,169112123053,2469000,1
169.117,21,169114599053,2469000,1
169.117,23,169114599053,2469000,1
169.12,12,169117084053,2496006,0
169.122,9,169119607059,2496006,0
169.125,14,169122157065,2496006,0
169.127,21,169124707071,2469000,1
169.127,23,169124707071,2469000,1
169.13,14,169127174071,2469000,1
169.13,20,169127174071,2469000,1
169.132,12,169129641071,2469000,1
169.132,19,169129641071,2469000,1
169.135,13,169132108071,2469000,1
169.135,8,169132108071,2469000,1
169.137,9,169134602071,2469000,1
169.137,10,169134602071,2469000,1
169.137,16,169134602071,2469000,1
169.14,21,169137418077,2496006,0
169.142,14,169139959083,2496006,0
169.145,1,169142491089,2496006,0
169.148,16,169145014095,2496006,0
169.15,12,169147537101,2496006,0
169.153,12,169150114107,2469000,1
169.153,14,169150114107,2469000,1
169.155,16,169152581107,2469000,1
169.155,2,169152581107,2469000,1
169.155,21,169152581107,2469000,1
169.16,15,169157598113,2496006,0
169.163,13,169160121119,2469000,1
169.163,1,169160121119,2469000,1
169.165,18,169162597119,2496006,0
169.168,21,169165138125,2496006,0
169.17,9,169167661131,2496006,0
169.173,15,169170184137,2496006,0
169.175,19,169172734143,2496006,0
169.178,18,169175293149,2496006,0
169.18,9,169177816155,2469000,1
169.18,12,169177816155,2469000,1
169.18,1,169177816155,2469000,1
169.183,19,169180301155,2469000,1
169.183,21,169180301155,2469000,1
169.185,14,169182768155,2469000,1
169.185,16,169182768155,2469000,1
169.188,8,169185235155,2496006,0
169.19,15,169187758161,2496006,0
169.193,18,169190281167,2469000,1
169.193,1,169190281167,2469000,1
169.195,8,169192748167,2496006,0
169.198,22,169195280173,2496006,0
169.2,20,169197803179,2496006,0
169.203,22,169200326185,2496006,0
169.205,8,169202849191,2469000,1
169.205,23,169202849191,2469000,1
169.208,18,169205316191,2496006,0
169.21,9,169207848197,2496006,0
169.213,19,169210684203,2496006,0
169.218,18,169215739215,2496006,0
169.221,19,169218271221,2469000,1
169.221,9,169218271221,2469000,1
169.221,15,169218271221,2469000,1
169.223,20,169220738221,2496006,0
169.226,22,169223288227,2496006,0
169.228,11,169225811233,2469000,1
169.228,21,169225811233,2469000,1
169.231,18,169228278233,2496006,0
169.233,8,169230819239,2496006,0
169.236,20,169233342245,2496006,0
169.238,9,169235874251,2496006,0
169.241,18,169238397257,2496006,0
169.244,19,169241233263,2496006,0
169.246,18,169243756269,2496006,0
169.249,19,169246306275,2496006,0
169.251,7,169248829281,2469000,1
169.251,15,169248829281,2469000,1
169.251,22,169248829281,2469000,1
169.254,18,169251296281,2469000,1
169.254,9,169251296281,2469000,1
169.254,20,169251296281,2469000,1
169.256,17,169253772281,2469000,1
169.256,22,169253772281,2469000,1
169.259,19,169256248281,2469000,1
169.259,8,169256248281,2469000,1
169.261,16,169258733281,2496006,0
169.264,12,169261256287,2496006,0
169.266,22,169263797293,2496006,0
169.271,16,169268879305,2496006,0
169.274,18,169271402311,2496006,0
169.276,15,169273925317,2496006,0
169.279,12,169276457323,2496006,0
169.281,14,169278980329,2496006,0
169.284,22,169281512335,2469000,1
169.284,12,169281512335,2469000,1
169.287,8,169284006335,2496006,0
169.289,16,169286529341,2469000,1
169.289,2,169286529341,2469000,1
169.291,14,169288996341,2496006,0
169.294,15,169291519347,2469000,1
169.294,9,169291519347,2469000,1
169.294,20,169291519347,2469000,1
169.294,18,169291519347,2469000,1
169.294,14,169291519347,2469000,1
169.296,19,169293986347,2496006,0
169.299,12,169296509353,2469000,1
169.299,14,169296509353,2469000,1
169.301,16,169299003353,2496006,0
169.304,21,169301535359,2469000,1
169.304,16,169301535359,2469000,1
169.306,6,169304002359,2469000,1
169.306,8,169304002359,2469000,1
169.306,19,169304002359,2469000,1
169.309,1,169306514359,2496006,0
169.312,22,169309037365,2496006,0
169.314,18,169311560371,2496006,0
169.317,15,169314414377,2469000,1
169.317,22,169314414377,2469000,1
169.319,8,169316890377,2496006,0
169.322,18,169319422383,2469000,1
169.324,8,169321907383,2496006,0
169.327,16,169324439389,2496006,0
169.329,1,169326962395,2496006,0
169.332,15,169329485401,2469000,1
169.332,8,169329485401,2469000,1
169.334,16,169331961401,2496006,0
169.337,19,169334502407,2496006,0
169.339,22,169337025413,2469000,1
169.339,16,169337025413,2469000,1
169.339,19,169337025413,2469000,1
169.342,17,169339519413,2496006,0
169.345,1,169342355419,2469000,1
169.345,16,169342355419,2469000,1
169.347,18,169344858419,2469000,1
169.347,19,169344858419,2469000,1
169.35,23,169347343419,2496006,0
169.352,1,169349866425,2496006,0
169.355,9,169352398431,2496006,0
169.357,17,169354921437,2496006,0
169.36,1,169357453443,2496006,0
169.362,23,169359985449,2496006,0
169.365,14,169362517455,2469000,1
169.365,8,169362517455,2469000,1
169.365,23,169362517455,2469000,1
169.367,1,169364984455,2496006,0
169.37,9,169367507461,2496006,0
169.375,20,169372553473,2469000,1
169.375,12,169372553473,2469000,1
169.378,17,169375038473,2496006,0
169.38,17,169377561479,2496006,0
169.383,1,169380084485,2496006,0
169.385,9,169382607491,2496006,0
169.388,22,169385130497,2469000,1
169.388,9,169385130497,2469000,1
169.39,1,169387615497,2496006,0
169.393,17,169390156503,2496006,0
169.395,17,169392679509,2496006,0
169.398,1,169395220515,2496006,0
169.4,9,169397770521,2496006,0
169.403,9,169400293527,2496006,0
169.405,23,169402816533,2496006,0
169.408,1,169405339539,2496006,0
169.41,21,169407880545,2496006,0
169.413,17,169410403551,2496006,0
169.415,9,169412935557,2469000,1
169.415,19,169412935557,2469000,1
169.418,21,169415724563,2496006,0
169.421,18,169418247569,2469000,1
169.421,12,169418247569,2469000,1
169.423,1,169420723569,2469000,1
169.423,16,169420723569,2469000,1
169.426,21,169423190569,2469000,1
169.428,23,169425675569,2496006,0
169.431,9,169428198575,2496006,0
169.433,17,169430748581,2469000,1
169.433,21,169430748581,2469000,1
169.436,9,169433224581,2469000,1
169.436,1,169433224581,2469000,1
169.438,19,169435691581,2496006,0
169.441,23,169438232587,2469000,1
169.441,8,169438232587,2469000,1
169.443,19,169440744587,2496006,0
169.446,23,169443598593,2469000,1
169.446,19,169443598593,2469000,1
169.449,23,169446074593,2496006,0
169.451,18,169448642599,2496006,0
169.454,1,169451165605,2496006,0
169.456,4,169453688611,2469000,1
169.456,18,169453688611,2469000,1
169.459,2,169456164611,2496006,0
169.461,15,169458687617,2469000,1
169.461,18,169458687617,2469000,1
169.464,20,169461154617,2496006,0
169.466,17,169463677623,2496006,0
169.469,23,169466200629,2469000,1
169.471,9,169468667629,2496006,0
169.474,2,169471199635,2469000,1
169.474,17,169471199635,2469000,1
169.476,19,169473684635,2496006,0
169.479,9,169476207641,2496006,0
169.481,20,169478739647,2469000,1
169.481,1,169478739647,2469000,1
169.484,21,169481206647,2469000,1
169.484,1,169481208647,2469000,1
169.486,18,169483675647,2496006,0
169.489,17,169486198653,2496006,0
169.491,23,169488730659,2496006,0
169.494,8,169491262665,2496006,0
169.496,17,169493794671,2469000,1
169.496,19,169493794671,2469000,1
169.499,18,169496270671,2469000,1
169.499,9,169496270671,2469000,1
169.501,20,169498773671,2496006,0
169.504,23,169501305677,2469000,1
169.504,2,169501305677,2469000,1
169.506,19,169503772677,2496006,0
169.509,14,169506313683,2469000,1
169.509,8,169506313683,2469000,1
169.514,20,169511366689,2496006,0
169.516,19,169513889695,2496006,0
169.519,18,169516421701,2469000,1
169.521,13,169518897701,2496006,0
169.524,20,169521420707,2469000,1
169.524,17,169521420707,2469000,1
169.526,19,169523896707,2469000,1
169.526,22,169523896707,2469000,1
169.526,23,169523896707,2469000,1
169.529,9,169526363707,2496006,0
169.531,8,169528904713,2496006,0
169.534,9,169531436719,2469000,1
169.534,17,169531436719,2469000,1
169.536,13,169533939719,2496006,0
169.539,1,169536471725,2496006,0
169.541,15,169538994731,2496006,0
169.544,2,169541517737,2496006,0
169.547,9,169544040743,2496006,0
169.549,1,169546885749,2469000,1
169.549,18,169546885749,2469000,1
169.549,20,169546885749,2469000,1
169.549,8,169546885749,2469000,1
169.552,15,169549370749,2469000,1
169.552,20,169549370749,2469000,1
169.554,13,169551837749,2496006,0
169.557,13,169554360755,2496006,0
169.559,2,169556883761,2469000,1
169.559,9,169556883761,2469000,1
169.562,13,169559359761,2496006,0
169.564,23,169561891767,2496006,0
169.567,19,169564423773,2496006,0
169.569,23,169566964779,2496006,0
169.572,16,169569496785,2469000,1
169.572,15,169569496785,2469000,1
169.574,13,169571972785,2496006,0
169.577,19,169574540791,2496006,0
169.58,23,169577063797,2469000,1
169.58,15,169577063797,2469000,1
169.582,1,169579548797,2496006,0
169.585,8,169582071803,2469000,1
169.587,13,169584538803,2469000,1
169.587,9,169584538803,2469000,1
169.59,19,169587014803,2496006,0
169.592,1,169589546809,2496006,0
169.595,2,169592087815,2496006,0
169.597,1,169594628821,2496006,0
169.6,19,169597187827,2496006,0
169.602,1,169599719833,2469000,1
169.602,13,169599719833,2469000,1
169.605,3,169602204833,2469000,1
169.605,14,169602204833,2469000,1
169.605,23,169602204833,2469000,1
169.605,13,169602204833,2469000,1
169.607,16,169604689833,2469000,1
169.607,2,169604689833,2469000,1
169.612,2,169609724839,2496006,0
169.615,19,169612247845,2496006,0
169.617,20,169614779851,2496006,0
169.62,21,169617311857,2469000,1
169.62,19,169617311857,2469000,1
169.623,1,169620100863,2496006,0
169.625,1,169622632869,2496006,0
169.628,9,169625164875,2496006,0
169.63,2,169627705881,2496006,0
169.633,19,169630228887,2496006,0
169.635,20,169632769893,2496006,0
169.64,8,169637824905,2496006,0
169.643,19,169640347911,2496006,0
169.645,19,169642870917,2496006,0
169.648,1,169645402923,2496006,0
169.65,9,169647925929,2469000,1
169.65,1,169647925929,2469000,1
169.653,8,169650723935,2469000,1
169.653,20,169650723935,2469000,1
169.653,2,169650723935,2469000,1
169.656,19,169653190935,2496006,0
169.658,17,169655758941,2496006,0
169.661,17,169658281947,2496006,0
169.663,1,169660813953,2496006,0
169.666,20,169663354959,2496006,0
169.668,19,169665877965,2469000,1
169.668,15,169665877965,2469000,1
169.671,20,169668344965,2496006,0
169.673,23,169670876971,2496006,0
169.676,1,169673408977,2496006,0
169.678,23,169675949983,2469000,1
169.678,1,169675949983,2469000,1
169.681,17,169678425983,2496006,0
169.683,23,169680948989,2496006,0
169.686,12,169683471995,2469000,1
169.686,2,169683471995,2469000,1
169.686,23,169683471995,2469000,1
169.688,20,169685938995,2469000,1
169.688,9,169685938995,2469000,1
169.691,18,169688405995,2496006,0
169.693,1,169690929001,2496006,0
169.696,22,169693452007,2496006,0
169.698,19,169695975013,2496006,0
169.701,8,169698498019,2496006,0
169.703,17,169701021025,2469000,1
169.703,23,169701021025,2469000,1
169.703,8,169701021025,2469000,1
169.706,18,169703488025,2496006,0
169.709,1,169706020031,2496006,0
169.711,1,169708543037,2496006,0
169.716,1,169713598049,2496006,0
169.719,19,169716121055,2469000,1
169.719,4,169716121055,2469000,1
169.721,20,169718588055,2496006,0
169.724,18,169721111061,2469000,1
169.724,9,169721111061,2469000,1
169.726,17,169723891067,2469000,1
169.726,1,169723891067,2469000,1
169.726,18,169723891067,2469000,1
169.729,22,169726358067,2496006,0
169.731,15,169728881073,2496006,0
169.734,8,169731404079,2469000,1
169.734,18,169731404079,2469000,1
169.736,19,169733916079,2496006,0
169.739,21,169736457085,2469000,1
169.739,1,169736457085,2469000,1
169.739,19,169736457085,2469000,1
169.741,20,169738933085,2496006,0
169.744,22,169741456091,2469000,1
169.744,15,169741456091,2469000,1
169.746,1,169743923091,2496006,0
169.749,8,169746455097,2496006,0
169.751,1,169748996103,2469000,1
169.751,23,169748996103,2469000,1
169.751,8,169748996103,2469000,1
169.754,1,169751776109,2496006,0
169.757,1,169754335115,2469000,1
169.757,13,169754335115,2469000,1
169.757,2,169754335115,2469000,1
169.757,20,169754335115,2469000,1
169.759,17,169756811115,2469000,1
169.759,19,169756811115,2469000,1
169.762,8,169759278115,2496006,0
169.764,15,169761801121,2496006,0
169.767,9,169764324127,2469000,1
169.767,20,169764324127,2469000,1
169.769,22,169766791127,2496006,0
169.772,1,169769323133,2496006,0
169.774,22,169771864139,2496006,0
169.777,1,169774396145,2496006,0
169.779,19,169776919151,2496006,0
169.782,19,169779451157,2496006,0
169.784,1,169781983163,2469000,1
169.784,15,169781983163,2469000,1
169.787,8,169784450163,2496006,0
169.789,19,169786973169,2496006,0
169.792,20,169789514175,2469000,1
169.792,8,169789514175,2469000,1
169.794,19,169791999175,2469000,1
169.794,22,169791999175,2469000,1
169.797,15,169794520175,2496006,0
169.8,19,169797043181,2496006,0
169.805,8,169802098193,2496006,0
169.807,2,169804666199,2496006,0
169.81,2,169807189205,2496006,0
169.812,19,169809721211,2469000,1
169.812,1,169809721211,2469000,1
169.815,15,169812188211,2496006,0
169.817,2,169814720217,2469000,1
169.817,19,169814720217,2469000,1
169.82,19,169817189217,2496006,0
169.822,8,169819730223,2496006,0
169.825,2,169822253229,2496006,0
169.828,19,169825089235,2496006,0
169.83,22,169827612241,2496006,0
169.833,15,169830135247,2496006,0
169.835,15,169832667253,2496006,0
169.838,19,169835190259,2496006,0
169.84,12,169837713265,2496006,0
169.843,23,169840236271,2496006,0
169.845,12,169842768277,2496006,0
169.848,19,169845291283,2469000,1
169.848,22,169845291283,2469000,1
169.85,2,169847758283,2496006,0
169.853,19,169850290289,2496006,0
169.855,8,169852813295,2469000,1
169.858,15,169855593301,2469000,1
169.858,2,169855593301,2469000,1
169.861,23,169858069301,2496006,0
169.863,1,169860610307,2496006,0
169.866,12,169863133313,2469000,1
169.866,19,169863133313,2469000,1
169.868,23,169865609313,2496006,0
169.871,15,169868141319,2496006,0
169.873,17,169870664325,2496006,0
169.876,9,169873214331,2496006,0
169.878,22,169875755337,2496006,0
169.881,15,169878287343,2469000,1
169.881,23,169878287343,2469000,1
169.881,22,169878287343,2469000,1
169.883,20,169880754343,2469000,1
169.883,1,169880754343,2469000,1
169.886,20,169883239343,2496006,0
169.888,18,169885771349,2469000,1
169.888,19,169885771349,2469000,1
169.891,8,169888238349,2469000,1
169.891,17,169888238349,2469000,1
169.893,9,169890705349,2496006,0
169.896,20,169893237355,2469000,1
169.896,2,169893237355,2469000,1
169.898,8,169895713355,2496006,0
169.901,7,169898236361,2496006,0
169.903,23,169900759367,2496006,0
169.906,12,169903282373,2469000,1
169.906,1,169903282373,2469000,1
169.908,1,169905751373,2496006,0
169.911,17,169908283379,2469000,1
169.911,1,169908283379,2469000,1
169.913,8,169910750379,2496006,0
169.916,15,169913282385,2496006,0
169.918,22,169915823391,2469000,1
169.918,9,169915823391,2469000,1
169.918,23,169915823391,2469000,1
169.921,7,169918290391,2469000,1
169.921,3,169918290391,2469000,1
169.923,15,169920757391,2496006,0
169.926,7,169923289397,2496006,0
169.928,1,169925812403,2496006,0
169.931,20,169928648409,2496006,0
169.934,15,169931171415,2469000,1
169.934,1,169931171415,2469000,1
169.936,8,169933665415,2496006,0
169.939,8,169936188421,2496006,0
169.941,8,169938720427,2496006,0
169.944,23,169941243433,2496006,0
169.946,7,169943766439,2496006,0
169.949,1,169946298445,2496006,0
169.951,20,169948830451,2496006,0
169.954,7,169951353457,2496006,0
169.956,9,169953876463,2496006,0
169.959,1,169956730469,2469000,1
169.959,9,169956730469,2469000,1
169.962,8,169959197469,2496006,0
169.964,15,169961729475,2496006,0
169.967,19,169964261481,2469000,1
169.967,23,169964261481,2469000,1
169.969,2,169966728481,2496006,0
169.974,20,169971792493,2496006,0
169.977,7,169974315499,2496006,0
169.979,2,169976847505,2469000,1
169.979,15,169976847505,2469000,1
169.979,20,169976847505,2469000,1
169.982,16,169979314505,2469000,1
169.982,1,169979314505,2469000,1
169.984,8,169981799505,2496006,0
169.987,12,169984322511,2469000,1
169.987,2,169984322511,2469000,1
169.989,15,169986789511,2496006,0
169.992,23,169989321517,2469000,1
169.992,1,169989321517,2469000,1
169.994,8,169991788517,2469000,1
169.994,9,169991788517,2469000,1
169.997,7,169994255517,2496006,0
169.999,20,169996778523,2496006,0
170.002,22,169999319529,2469000,1
170.002,20,169999319529,2469000,1
170.004,23,170001795529,2496006,0
170.007,17,170004345535,2469000,1
170.007,15,170004345535,2469000,1
170.009,15,170006814535,2496006,0
170.012,7,170009364541,2496006,0
170.014,20,170011887547,2496006,0
170.017,23,170014410553,2496006,0
170.019,20,170016933559,2496006,0
170.022,7,170019465565,2496006,0
170.024,23,170021988571,2496006,0
170.027,15,170024547577,2469000,1
170.027,19,170024547577,2469000,1
170.03,20,170027014577,2496006,0
170.032,8,170029850583,2496006,0
170.035,8,170032373589,2469000,1
170.037,7,170034849589,2496006,0
170.04,22,170037381595,2496006,0
170.042,20,170039913601,2496006,0
170.045,23,170042436607,2496006,0
170.047,22,170044959613,2496006,0
170.05,14,170047509619,2469000,1
170.05,17,170047509619,2469000,1
170.05,8,170047509619,2469000,1
170.052,22,170049976619,2469000,1
170.052,7,170049976619,2469000,1
170.052,15,170049976619,2469000,1
170.055,23,170052488619,2496006,0
170.058,20,170055029625,2496006,0
170.06,20,170057561631,2496006,0
170.063,2,170060397637,2496006,0
170.065,20,170062947643,2469000,1
170.065,8,170062947643,2469000,1
170.068,2,170065414643,2469000,1
170.068,22,170065414643,2469000,1
170.07,23,170067890643,2469000,1
170.07,9,170067890643,2469000,1
170.073,23,170070359643,2496006,0
170.075,4,170072882649,2496006,0
170.078,20,170075423655,2496006,0
170.08,23,170077991661,2496006,0
170.083,13,170080523667,2469000,1
170.083,7,170080523667,2469000,1
170.085,4,170082999667,2496006,0
170.088,1,170085522673,2496006,0
170.091,2,170088054679,2469000,1
170.091,7,170088054679,2469000,1
170.093,20,170090521679,2469000,1
170.093,4,170090521679,2469000,1
170.096,1,170093015679,2496006,0
170.098,23,170095538685,2496006,0
170.101,23,170098061691,2496006,0
170.103,1,170100593697,2496006,0
170.106,15,170103125703,2496006,0
170.108,15,170105648709,2496006,0
170.111,20,170108198715,2496006,0
170.113,2,170110721721,2496006,0
170.116,1,170113244727,2496006,0
170.118,21,170115776733,2496006,0
170.121,7,170118308739,2496006,0
170.123,23,170120831745,2469000,1
170.123,7,170120831745,2469000,1
170.126,1,170123298745,2496006,0
170.128,5,170125830751,2496006,0
170.131,20,170128353757,2469000,1
170.131,15,170128353757,2469000,1
170.134,2,170131156003,2469000,1
170.134,4,170131156003,2469000,1
170.134,23,170131156003,2469000,1
170.136,15,170133632003,2469000,1
170.139,21,170136099003,2469000,1
170.139,12,170136099003,2469000,1
170.141,15,170138611003,2469000,1
170.144,11,170141078003,2469000,1
170.144,22,170141078003,2469000,1
170.144,7,170141078003,2469000,1
170.144,20,170141078003,2469000,1
170.146,1,170143545003,2496006,0
170.149,2,170146068009,2496006,0
170.151,5,170148591015,2469000,1
170.151,23,170148591015,2469000,1
170.154,5,170151060015,2496006,0
170.156,9,170153583021,2469000,1
170.159,15,170156050021,2496006,0
170.161,2,170158591027,2469000,1
170.164,1,170161389033,2469000,1
170.164,5,170161389033,2469000,1
170.166,2,170163883033,2496006,0
170.169,21,170166406039,2496006,0
170.171,15,170168929045,2496006,0
170.174,5,170171461051,2496006,0
170.176,1,170173993057,2496006,0
170.179,15,170176525063,2469000,1
170.179,2,170176525063,2469000,1
170.181,8,170179001063,2469000,1
170.181,20,170179001063,2469000,1
170.184,4,170181495063,2469000,1
170.184,22,170181495063,2469000,1
170.184,21,170181495063,2469000,1
170.186,1,170183962063,2496006,0
170.189,15,170186494069,2496006,0
170.192,5,170189035075,2496006,0
170.194,1,170191558081,2496006,0
170.197,5,170194126087,2496006,0
170.199,21,170196649093,2496006,0
170.202,1,170199172099,2469000,1
170.202,15,170199172099,2469000,1
170.204,9,170201639099,2496006,0
170.207,5,170204180105,2469000,1
170.209,21,170206647105,2469000,1
170.209,12,170206647105,2469000,1
170.212,18,170209132105,2469000,1
170.212,2,170209132105,2469000,1
170.214,9,170211608105,2469000,1
170.214,5,170211608105,2469000,1
170.214,2,170211608105,2469000,1
170.217,7,170214111105,2496006,0
170.219,21,170216670111,2496006,0
170.222,7,170219220117,2469000,1
170.222,9,170219220117,2469000,1
170.224,21,170221714117,2496006,0
170.227,15,170224237123,2496006,0
170.229,1,170226760129,2496006,0
170.232,23,170229310135,2496006,0
170.234,21,170231842141,2496006,0
170.237,1,170234687147,2469000,1
170.24,5,170237154147,2496006,0
170.242,23,170239704153,2496006,0
170.245,21,170242227159,2496006,0
170.247,5,170244750165,2469000,1
170.247,7,170244750165,2469000,1
170.247,9,170244750165,2469000,1
170.247,15,170244750165,2469000,1
170.25,23,170247226165,2496006,0
170.252,23,170249776171,2496006,0
170.255,20,170252308177,2496006,0
170.257,23,170254831183,2496006,0
170.26,15,170257354189,2496006,0
170.262,17,170259877195,2496006,0
170.265,21,170262409201,2496006,0
170.268,23,170265245207,2469000,1
170.268,1,170265245207,2469000,1
170.268,9,170265245207,2469000,1
170.27,20,170267721207,2496006,0
170.275,21,170272776219,2496006,0
170.278,21,170275299225,2496006,0
170.28,17,170277822231,2469000,1
170.28,21,170277822231,2469000,1
170.283,15,170280298231,2496006,0
170.285,7,170282830237,2496006,0
170.288,2,170285353243,2469000,1
170.288,15,170285353243,2469000,1
170.29,20,170287829243,2496006,0
170.293,23,170290361249,2496006,0
170.295,20,170292884255,2496006,0
170.298,5,170295407261,2496006,0
170.3,20,170297930267,2496006,0
170.303,21,170300453273,2496006,0
170.305,11,170302976279,2496006,0
170.308,4,170305499285,2469000,1
170.308,21,170305499285,2469000,1
170.31,22,170307966285,2469000,1
170.31,20,170307966285,2469000,1
170.313,5,170310442285,2496006,0
170.315,7,170312965291,2469000,1
170.315,15,170312965291,2469000,1
170.318,23,170315441291,2469000,1
170.318,9,170315441291,2469000,1
170.32,11,170317908291,2496006,0
170.323,13,170320431297,2469000,1
170.323,1,170320431297,2469000,1
170.325,5,170322898297,2469000,1
170.325,11,170322898297,2469000,1
170.33,17,170327924303,2496006,0
170.333,15,170330456309,2496006,0
170.336,17,170333015315,2496006,0
170.338,7,170335547321,2469000,1
170.338,17,170335547321,2469000,1
170.341,15,170338336327,2496006,0
170.343,19,170340859333,2496006,0
170.346,21,170343382339,2469000,1
170.346,15,170343382339,2469000,1
170.348,20,170345849339,2469000,1
170.348,5,170345849339,2469000,1
170.348,11,170345849339,2469000,1
170.351,23,170348334339,2496006,0
170.353,15,170350857345,2469000,1
170.353,5,170350857345,2469000,1
170.356,17,170353351345,2496006,0
170.358,15,170355883351,2496006,0
170.361,5,170358406357,2469000,1
170.361,17,170358406357,2469000,1
170.363,19,170360882357,2496006,0
170.366,15,170363414363,2496006,0
170.369,11,170366268369,2469000,1
170.369,23,170366268369,2469000,1
170.371,8,170368735369,2469000,1
170.371,23,170368737369,2469000,1
170.374,19,170371213369,2469000,1
170.376,7,170373707369,2496006,0
170.379,15,170376266375,2496006,0
170.381,17,170378789381,2496006,0
170.384,7,170381321387,2496006,0
170.386,17,170383844393,2496006,0
170.389,8,170386394399,2496006,0
170.391,15,170388917405,2469000,1
170.391,5,170388917405,2469000,1
170.394,17,170391447405,2469000,1
170.394,19,170391447405,2469000,1
170.394,7,170391447405,2469000,1
170.396,21,170393914405,2469000,1
170.396,8,170393914405,2469000,1
170.399,15,170396381405,2496006,0
170.404,20,170401499417,2496006,0
170.407,23,170404022423,2496006,0
170.409,19,170406545429,2469000,1
170.409,21,170406545429,2469000,1
170.412,15,170409012429,2496006,0
170.414,8,170411535435,2496006,0
170.417,11,170414058441,2496006,0
170.419,7,170416590447,2496006,0
170.422,17,170419113453,2496006,0
170.424,17,170421645459,2496006,0
170.427,23,170424177465,2496006,0
170.429,11,170426700471,2469000,1
170.429,15,170426700471,2469000,1
170.429,10,170426700471,2469000,1
170.429,20,170426700471,2469000,1
170.432,7,170429167471,2496006,0
170.434,17,170431690477,2469000,1
170.434,23,170431690477,2469000,1
170.437,15,170434166477,2496006,0
170.439,7,170436689483,2496006,0
170.442,19,170439525489,2469000,1
170.442,8,170439525489,2469000,1
170.442,15,170439525489,2469000,1
170.447,17,170444533495,2496006,0
170.45,4,170447056501,2469000,1
170.45,1,170447056501,2469000,1
170.452,10,170449523501,2496006,0
170.455,15,170452073507,2496006,0
170.457,15,170454596513,2496006,0
170.46,7,170457119519,2496006,0
170.462,15,170459642525,2496006,0
170.465,17,170462183531,2496006,0
170.467,15,170464715537,2496006,0
170.47,10,170467556003,2469000,1
170.47,11,170467556003,2469000,1
170.473,7,170470032003,2496006,0
170.475,17,170472564009,2496006,0
170.478,20,170475105015,2469000,1
170.478,23,170475105015,2469000,1
170.478,15,170475105015,2469000,1
170.48,14,170477608015,2496006,0
170.483,8,170480131021,2496006,0
170.485,10,170482663027,2469000,1
170.488,17,170485130027,2496006,0
170.49,7,170487653033,2469000,1
170.49,17,170487653033,2469000,1
170.493,14,170490129033,2496006,0
170.495,17,170492661039,2496006,0
170.498,7,170495202045,2496006,0
170.5,8,170497725051,2496006,0
170.503,14,170500248057,2496006,0
170.505,11,170502771063,2496006,0
170.508,2,170505294069,2496006,0
170.51,8,170507835075,2496006,0
170.513,17,170510358081,2496006,0
170.515,8,170512890087,2496006,0
170.518,17,170515431093,2469000,1
170.518,14,170515431093,2469000,1
170.52,15,170517907093,2496006,0
170.523,7,170520430099,2496006,0
170.525,2,170522953105,2469000,1
170.525,11,170522953105,2469000,1
170.528,17,170525429105,2469000,1
170.528,15,170525429105,2469000,1
170.53,14,170527914105,2469000,1
170.533,8,170530381105,2496006,0
170.535,11,170532904111,2496006,0
170.538,20,170535427117,2469000,1
170.538,10,170535427117,2469000,1
170.538,7,170535427117,2469000,1
170.54,8,170537912117,2496006,0
170.543,11,170540774003,2496006,0
170.546,14,170543297009,2469000,1
170.546,11,170543297009,2469000,1
170.548,2,170545764009,2496006,0
170.551,2,170548314015,2496006,0
170.553,15,170550837021,2496006,0
170.556,8,170553378027,2496006,0
170.558,2,170555901033,2496006,0
170.561,15,170558424039,2496006,0
170.563,23,170560947045,2496006,0
170.566,8,170563488051,2496006,0
170.569,2,170566020057,2496006,0
170.571,8,170568543063,2496006,0
170.574,23,170571379069,2496006,0
170.576,23,170573902075,2496006,0
170.579,14,170576443081,2469000,1
170.579,11,170576443081,2469000,1
170.581,6,170578910081,2469000,1
170.584,7,170581377081,2469000,1
170.586,15,170583846081,2469000,1
170.589,8,170586315081,2496006,0
170.591,23,170588874087,2469000,1
170.594,8,170591341087,2469000,1
170.594,2,170591341087,2469000,1
170.599,2,170596340093,2496006,0
170.601,17,170598890099,2496006,0
170.604,17,170601449105,2496006,0
170.606,2,170603981111,2496006,0
170.609,17,170606504117,2496006,0
170.612,15,170609054123,2496006,0
170.614,23,170611577129,2496006,0
170.617,23,170614100135,2496006,0
170.619,17,170616650141,2469000,1
170.619,23,170616650141,2469000,1
170.622,2,170619117141,2469000,1
170.622,21,170619117141,2469000,1
170.622,7,170619117141,2469000,1
170.624,17,170621584141,2496006,0
170.627,8,170624107147,2469000,1
170.627,23,170624107147,2469000,1
170.629,17,170626583147,2496006,0
170.632,18,170629115153,2469000,1
170.632,15,170629115153,2469000,1
170.634,10,170631591153,2496006,0
170.637,10,170634132159,2496006,0
170.639,11,170636664165,2469000,1
170.642,17,170639149165,2496006,0
170.644,20,170641672171,2469000,1
170.644,8,170641672171,2469000,1
170.647,15,170644488177,2496006,0
170.65,10,170647011183,2496006,0
170.652,17,170649552189,2496006,0
170.655,2,170652093195,2496006,0
170.657,10,170654616201,2496006,0
170.66,8,170657139207,2496006,0
170.662,17,170659662213,2496006,0
170.665,10,170662194219,2496006,0
170.667,15,170664717225,2496006,0
170.67,11,170667249231,2496006,0
170.672,2,170669799237,2469000,1
170.672,7,170669799237,2469000,1
170.675,11,170672588243,2496006,0
170.678,17,170675111249,2496006,0
170.68,10,170677634255,2469000,1
170.68,17,170677634255,2469000,1
170.685,8,170682624261,2496006,0
170.688,15,170685174267,2496006,0
170.69,19,170687706273,2496006,0
170.693,23,170690238279,2496006,0
170.695,8,170692761285,2469000,1
170.695,4,170692761285,2469000,1
170.698,19,170695228285,2496006,0
170.7,11,170697751291,2469000,1
170.7,19,170697751291,2469000,1
170.703,13,170700236291,2496006,0
170.705,2,170702768297,2496006,0
170.708,10,170705291303,2469000,1
170.708,13,170705291303,2469000,1
170.71,17,170707758303,2496006,0
170.713,15,170710281309,2496006,0
170.715,2,170712822315,2496006,0
170.718,23,170715354321,2496006,0
170.72,15,170717877327,2469000,1
170.72,17,170717877327,2469000,1
170.723,2,170720362327,2469000,1
170.723,13,170720362327,2469000,1
170.728,8,170725379333,2496006,0
170.73,1,170727902339,2496006,0
170.733,11,170730425345,2469000,1
170.733,15,170730425345,2469000,1
170.735,8,170732901345,2496006,0
170.738,23,170735424351,2496006,0
170.74,8,170737983357,2469000,1
170.74,19,170737983357,2469000,1
170.743,17,170740450357,2496006,0
170.745,17,170742982363,2496006,0
170.748,2,170745818369,2469000,1
170.748,17,170745818369,2469000,1
170.751,1,170748303369,2496006,0
170.753,13,170750826375,2469000,1
170.753,23,170750826375,2469000,1
170.756,17,170753293375,2496006,0
170.758,14,170755843381,2496006,0
170.761,17,170758429387,2496006,0
170.763,5,170760952393,2469000,1
170.766,8,170763419393,2469000,1
170.766,1,170763419393,2469000,1
170.768,10,170765895393,2496006,0
170.771,15,170768418399,2496006,0
170.773,14,170770941405,2469000,1
170.773,11,170770941405,2469000,1
170.773,1,170770941405,2469000,1
170.773,10,170770941405,2469000,1
170.776,17,170773444405,2496006,0
170.779,15,170776280411,2469000,1
170.779,23,170776280411,2469000,1
170.781,2,170778774411,2496006,0
170.784,19,170781306417,2496006,0
170.786,14,170783856423,2496006,0
170.789,15,170786379429,2496006,0
170.791,2,170788902435,2496006,0
170.794,17,170791425441,2496006,0
170.796,19,170793966447,2496006,0
170.802,17,170799057459,2469000,1
170.802,10,170799057459,2469000,1
170.804,14,170801533459,2469000,1
170.804,17,170801533459,2469000,1
170.806,19,170804000459,2496006,0
170.809,15,170806523465,2469000,1
170.809,2,170806523465,2469000,1
170.812,15,170809008465,2496006,0
170.814,19,170811540471,2496006,0
170.817,13,170814072477,2496006,0
170.819,1,170816613483,2469000,1
170.819,23,170816613483,2469000,1
170.822,19,170819098483,2496006,0
170.824,1,170821621489,2496006,0
170.827,19,170824153495,2496006,0
170.829,12,170826676501,2496006,0
170.832,15,170829199507,2496006,0
170.834,7,170831731513,2469000,1
170.834,11,170831731513,2469000,1
170.834,2,170831731513,2469000,1
170.837,8,170834198513,2496006,0
170.839,14,170836721519,2496006,0
170.842,13,170839244525,2496006,0
170.844,12,170841776531,2496006,0
170.847,14,170844299537,2496006,0
170.849,1,170846822543,2469000,1
170.849,15,170846822543,2469000,1
170.852,19,170849611549,2496006,0
170.855,13,170852134555,2496006,0
170.857,17,170854657561,2469000,1
170.857,2,170854657561,2469000,1
170.857,19,170854657561,2469000,1
170.86,23,170857124561,2496006,0
170.862,14,170859647567,2469000,1
170.862,19,170859647567,2469000,1
170.865,12,170862132567,2496006,0
170.867,21,170864655573,2469000,1
170.867,8,170864655573,2469000,1
170.87,13,170867158573,2496006,0
170.872,1,170869681579,2469000,1
170.872,23,170869681579,2469000,1
170.875,13,170872148579,2496006,0
170.877,10,170874680585,2469000,1
170.877,13,170874680585,2469000,1
170.882,15,170879992597,2469000,1
170.882,14,170879992597,2469000,1
170.885,12,170882459597,2469000,1
170.885,8,170882459597,2469000,1
170.885,10,170882459597,2469000,1
170.887,13,170884926597,2469000,1
170.887,8,170884928597,2469000,1
170.89,12,170887485597,2496006,0
170.893,19,170890017603,2496006,0
170.895,22,170892576609,2496006,0
170.898,23,170895108615,2469000,1
170.898,22,170895108615,2469000,1
170.9,12,170897584615,2496006,0
170.903,14,170900134621,2496006,0
170.905,15,170902666627,2496006,0
170.908,19,170905189633,2469000,1
170.908,14,170905189633,2469000,1
170.913,12,170910197639,2496006,0
170.915,5,170912720645,2496006,0
170.918,22,170915261651,2496006,0
170.92,13,170917793657,2496006,0
170.923,15,170920334663,2496006,0
170.925,12,170922866669,2496006,0
170.928,21,170925389675,2496006,0
170.93,13,170927912681,2469000,1
170.93,17,170927912681,2469000,1
170.933,19,170930379681,2496006,0
170.935,5,170932902687,2496006,0
170.938,1,170935425693,2469000,1
170.938,5,170935425693,2469000,1
170.94,22,170937901693,2496006,0
170.943,15,170940442699,2469000,1
170.943,21,170940442699,2469000,1
170.945,22,170942918699,2469000,1
170.948,17,170945385699,2469000,1
170.948,21,170945385699,2469000,1
170.95,14,170947861699,2469000,1
170.95,22,170947861699,2469000,1
170.953,12,170950641705,2496006,0
170.956,19,170953164711,2496006,0
170.958,5,170955687717,2496006,0
170.961,13,170958210723,2469000,1
170.961,15,170958210723,2469000,1
170.961,19,170958210723,2469000,1
170.963,23,170960686723,2496006,0
170.966,20,170963209729,2496006,0
170.968,23,170965750735,2496006,0
170.971,2,170968273741,2496006,0
170.973,20,170970796747,2469000,1
170.973,21,170970796747,2469000,1
170.976,23,170973290747,2469000,1
170.976,9,170973290747,2469000,1
170.976,12,170973290747,2469000,1
170.978,13,170975757747,2496006,0
170.981,5,170978289753,2496006,0
170.984,2,170981143759,2496006,0
170.986,14,170983684765,2469000,1
170.986,22,170983684765,2469000,1
170.989,2,170986151765,2496006,0
170.991,20,170988683771,2496006,0
170.994,5,170991215777,2496006,0
170.996,13,170993738783,2496006,0
170.999,2,170996288789,2496006,0
171.001,19,170998811795,2496006,0
171.004,20,171001343801,2496006,0
171.006,23,171003875807,2469000,1
171.006,12,171003875807,2469000,1
171.009,19,171006342807,2496006,0
171.011,13,171008865813,2496006,0
171.014,20,171011397819,2469000,1
171.014,11,171011397819,2469000,1
171.014,1,171011397819,2469000,1
171.016,5,171013873819,2496006,0
171.019,2,171016396825,2496006,0
171.021,8,171018928831,2469000,1
171.021,5,171018928831,2469000,1
171.024,19,171021395831,2496006,0
171.026,20,171023927837,2496006,0
171.029,13,171026459843,2496006,0
171.034,2,171031523855,2496006,0
171.037,15,171034055861,2469000,1
171.037,23,171034055861,2469000,1
171.039,19,171036540861,2496006,0
171.042,5,171039072867,2496006,0
171.044,13,171041595873,2496006,0
171.047,20,171044127879,2496006,0
171.049,16,171046650885,2469000,1
171.049,1,171046650885,2469000,1
171.052,12,171049126885,2496006,0
171.054,2,171051649891,2496006,0
171.057,5,171054485897,2496006,0
171.06,19,171057017903,2496006,0
171.062,2,171059549909,2469000,1
171.062,13,171059549909,2469000,1
171.065,5,171062025909,2496006,0
171.067,20,171064548915,2496006,0
171.07,20,171067089921,2496006,0
171.072,12,171069621927,2496006,0
171.075,19,171072153933,2469000,1
171.075,20,171072153933,2469000,1
171.077,17,171074629933,2496006,0
171.082,17,171079675945,2496006,0
171.085,5,171082520951,2469000,1
171.085,17,171082520951,2469000,1
171.087,20,171084996951,2496006,0
171.09,12,171087528957,2496006,0
171.093,8,171090051963,2496006,0
171.095,7,171092574969,2496006,0
171.098,17,171095097975,2496006,0
171.1,10,171097620981,2469000,1
171.1,13,171097620981,2469000,1
171.103,12,171100087981,2469000,1
171.103,18,171100087981,2469000,1
171.103,14,171100087981,2469000,1
171.103,22,171100087981,2469000,1
171.103,17,171100087981,2469000,1
171.105,19,171102563981,2496006,0
171.108,2,171105104987,2469000,1
171.108,5,171105104987,2469000,1
171.108,12,171105104987,2469000,1
171.11,20,171107598987,2469000,1
171.11,8,171107598987,2469000,1
171.113,19,171110074987,2469000,1
171.113,8,171110074987,2469000,1
171.115,7,171112541987,2496006,0
171.118,5,171115100993,2496006,0
171.12,7,171117632999,2469000,1
171.12,17,171117632999,2469000,1
171.12,20,171117632999,2469000,1
171.123,19,171120117999,2496006,0
171.125,21,171122641005,2496006,0
171.13,5,171127705017,2496006,0
171.133,17,171130237023,2496006,0
171.135,5,171132760029,2496006,0
171.138,17,171135283035,2496006,0
171.14,5,171137842041,2469000,1
171.14,3,171137842041,2469000,1
171.14,19,171137842041,2469000,1
171.143,20,171140309041,2469000,1
171.143,21,171140309041,2469000,1
171.143,5,171140311041,2469000,1
171.145,13,171142823041,2469000,1
171.145,3,171142823041,2469000,1
171.148,12,171145290041,2496006,0
171.15,21,171147822047,2496006,0
171.153,7,171150345053,2469000,1
171.153,17,171150345053,2469000,1
171.155,21,171152812053,2496006,0
171.158,2,171155648059,2469000,1
171.158,5,171155648059,2469000,1
171.161,19,171158115059,2496006,0
171.163,11,171160638065,2496006,0
171.166,15,171163170071,2496006,0
171.168,21,171165693077,2469000,1
171.168,11,171165693077,2469000,1
171.171,12,171168169077,2469000,1
171.171,23,171168169077,2469000,1
171.173,8,171170645077,2469000,1
171.173,3,171170645077,2469000,1
171.176,15,171173112077,2496006,0
171.181,19,171178185089,2469000,1
171.181,12,171178185089,2469000,1
171.183,21,171180652089,2496006,0
171.186,21,171183211095,2469000,1
171.186,15,171183211095,2469000,1
171.188,3,171185991101,2496006,0
171.191,3,171188559107,2469000,1
171.191,2,171188559107,2469000,1
171.191,11,171188559107,2469000,1
171.194,17,171191035107,2496006,0
171.196,3,171193639113,2496006,0
171.199,17,171196189119,2496006,0
171.201,19,171198712125,2469000,1
171.201,21,171198712125,2469000,1
171.204,3,171201197125,2469000,1
171.206,15,171203691125,2496006,0
171.209,12,171206223131,2496006,0
171.211,7,171208773137,2496006,0
171.214,12,171211296143,2469000,1
171.214,15,171211296143,2469000,1
171.216,17,171213763143,2496006,0
171.219,5,171216286149,2496006,0
171.221,20,171218809155,2496006,0
171.224,19,171221332161,2469000,1
171.224,21,171221332161,2469000,1
171.224,17,171221332161,2469000,1
171.226,14,171223817161,2469000,1
171.226,8,171223817161,2469000,1
171.226,20,171223817161,2469000,1
171.231,12,171228834167,2496006,0
171.234,3,171231357173,2496006,0
171.236,7,171233880179,2496006,0
171.239,5,171236403185,2496006,0
171.241,20,171238962191,2496006,0
171.244,12,171241494197,2496006,0
171.247,3,171244017203,2496006,0
171.249,5,171246549209,2496006,0
171.252,11,171249081215,2496006,0
171.254,12,171251604221,2469000,1
171.254,7,171251604221,2469000,1
171.257,3,171254071221,2469000,1
171.257,20,171254071221,2469000,1
171.259,22,171256538221,2496006,0
171.262,15,171259383227,2469000,1
171.262,17,171259383227,2469000,1
171.262,12,171259383227,2469000,1
171.264,11,171261850227,2469000,1
171.264,17,171261852227,2469000,1
171.267,5,171264319227,2496006,0
171.269,22,171266851233,2496006,0
171.272,22,171269392239,2496006,0
171.274,22,171271915245,2496006,0
171.277,22,171274438251,2496006,0
171.279,7,171276988257,2496006,0
171.282,13,171279511263,2496006,0
171.285,5,171282034269,2469000,1
171.285,20,171282034269,2469000,1
171.287,7,171284501269,2496006,0
171.29,11,171287337275,2496006,0
171.292,13,171289887281,2496006,0
171.295,22,171292410287,2496006,0
171.297,3,171294942293,2469000,1
171.297,13,171294942293,2469000,1
171.3,7,171297409293,2496006,0
171.302,3,171299950299,2496006,0
171.307,3,171304996311,2496006,0
171.31,7,171307519317,2469000,1
171.31,11,171307519317,2469000,1
171.312,22,171309986317,2496006,0
171.315,5,171312536323,2469000,1
171.315,11,171312536323,2469000,1
171.318,5,171315005323,2496006,0
171.32,3,171317564329,2496006,0
171.323,5,171320087335,2496006,0
171.325,8,171322610341,2496006,0
171.328,22,171325133347,2496006,0
171.33,22,171327674353,2496006,0
171.333,7,171330206359,2469000,1
171.333,22,171330206359,2469000,1
171.335,3,171332682359,2469000,1
171.335,15,171332682359,2469000,1
171.338,12,171335149359,2469000,1
171.338,13,171335149359,2469000,1
171.34,8,171337652359,2496006,0
171.343,5,171340175365,2496006,0
171.348,7,171345221377,2496006,0
171.35,20,171347780383,2496006,0
171.353,7,171350303389,2469000,1
171.353,8,171350303389,2469000,1
171.355,20,171352770389,2496006,0
171.358,22,171355338395,2496006,0
171.36,5,171357861401,2469000,1
171.36,7,171357861401,2469000,1
171.363,3,171360641407,2496006,0
171.366,19,171363191413,2496006,0
171.368,3,171365714419,2469000,1
171.368,20,171365714419,2469000,1
171.371,6,171368199419,2496006,0
171.373,19,171370731425,2496006,0
171.376,17,171373254431,2496006,0
171.378,22,171375777437,2469000,1
171.378,17,171375777437,2469000,1
171.381,13,171378253437,2469000,1
171.381,3,171378253437,2469000,1
171.386,19,171383243443,2496006,0
171.388,19,171385766449,2496006,0
171.391,6,171388289455,2496006,0
171.394,8,171391125461,2496006,0
171.396,11,171393648467,2496006,0
171.399,21,171396171473,2496006,0
171.401,3,171398694479,2469000,1
171.401,21,171398694479,2469000,1
171.404,19,171401170479,2496006,0
171.406,22,171403693485,2496006,0
171.409,5,171406225491,2496006,0
171.411,20,171408757497,2496006,0
171.414,5,171411280503,2496006,0
171.416,20,171413803509,2496006,0
171.419,2,171416326515,2469000,1
171.419,17,171416326515,2469000,1
171.421,8,171418793515,2496006,0
171.424,6,171421316521,2496006,0
171.426,11,171423848527,2469000,1
171.426,8,171423848527,2469000,1
171.429,5,171426315527,2469000,1
171.429,19,171426315527,2469000,1
171.429,11,171426317527,2469000,1
171.431,8,171428784527,2496006,0
171.434,22,171431307533,2496006,0
171.436,6,171433857539,2496006,0
171.439,17,171436389545,2469000,1
171.441,8,171438856545,2469000,1
171.441,20,171438856545,2469000,1
171.444,22,171441341545,2469000,1
171.444,20,171441341545,2469000,1
171.446,21,171443826545,2496006,0
171.449,21,171446349551,2496006,0
171.451,12,171448899557,2469000,1
171.451,19,171448899557,2469000,1
171.451,22,171448899557,2469000,1
171.454,6,171451375557,2496006,0
171.456,7,171453907563,2496006,0
171.459,8,171456430569,2496006,0
171.461,6,171458953575,2496006,0
171.464,5,171461503581,2469000,1
171.464,21,171461503581,2469000,1
171.467,8,171464283587,2496006,0
171.469,21,171466806593,2496006,0
171.472,8,171469356599,2469000,1
171.472,23,171469356599,2469000,1
171.474,7,171471823599,2496006,0
171.477,6,171474346605,2496006,0
171.479,21,171476923611,2496006,0
171.482,6,171479446617,2469000,1
171.482,11,171479446617,2469000,1
171.482,21,171479446617,2469000,1
171.484,12,171481913617,2496006,0
171.489,7,171486959629,2469000,1
171.489,6,171486959629,2469000,1
171.492,21,171489462629,2496006,0
171.495,15,171492316635,2496006,0
171.497,21,171494839641,2496006,0
171.5,20,171497362647,2469000,1
171.5,5,171497362647,2469000,1
171.5,11,171497362647,2469000,1
171.502,12,171499838647,2469000,1
171.502,15,171499838647,2469000,1
171.505,18,171502305647,2496006,0
171.507,21,171504828653,2469000,1
171.507,6,171504828653,2469000,1
171.51,8,171507295653,2496006,0
171.512,8,171509818659,2496006,0
171.515,13,171512341665,2469000,1
171.515,8,171512341665,2469000,1
171.517,12,171514835665,2469000,1
171.517,18,171514835665,2469000,1
171.52,19,171517311665,2496006,0
171.522,7,171519843671,2496006,0
171.525,22,171522384677,2496006,0
171.527,15,171524907683,2496006,0
171.53,21,171527457689,2469000,1
171.53,15,171527457689,2469000,1
171.532,7,171529924689,2469000,1
171.532,19,171529924689,2469000,1
171.537,21,171534923695,2496006,0
171.54,22,171537491701,2469000,1
171.54,15,171537491701,2469000,1
171.542,19,171539985701,2496006,0
171.545,21,171542517707,2469000,1
171.545,8,171542517707,2469000,1
171.545,18,171542517707,2469000,1
171.547,3,171544993707,2469000,1
171.547,7,171544993707,2469000,1
171.55,12,171547460707,2496006,0
171.552,19,171550001713,2496006,0
171.555,12,171552542719,2469000,1
171.555,18,171552542719,2469000,1
171.558,6,171555009719,2496006,0
171.56,17,171557541725,2496006,0
171.563,19,171560073731,2496006,0
171.565,21,171562596737,2496006,0
171.568,21,171565468743,2469000,1
171.568,17,171565468743,2469000,1
171.57,9,171567935743,2496006,0
171.573,22,171570458749,2469000,1
171.575,6,171572934749,2496006,0
171.578,19,171575466755,2496006,0
171.58,8,171577998761,2496006,0
171.583,12,171580548767,2496006,0
171.586,12,171583071773,2496006,0
171.588,9,171585594779,2496006,0
171.591,17,171588117785,2496006,0
171.593,12,171590658791,2496006,0
171.596,19,171593181797,2469000,1
171.596,21,171593181797,2469000,1
171.596,6,171593181797,2469000,1
171.598,8,171595961803,2496006,0
171.601,15,171598484809,2496006,0
171.604,7,171601016815,2496006,0
171.606,17,171603539821,2469000,1
171.606,15,171603539821,2469000,1
171.608,12,171606006821,2469000,1
171.608,9,171606006821,2469000,1
171.611,5,171608482821,2469000,1
171.611,19,171608482821,2469000,1
171.613,12,171610949821,2496006,0
171.616,8,171613490827,2469000,1
171.616,7,171613490827,2469000,1
171.621,17,171618480833,2496006,0
171.623,12,171621003839,2496006,0
171.626,10,171623544845,2496006,0
171.629,17,171626067851,2496006,0
171.631,12,171628599857,2496006,0
171.634,9,171631122863,2469000,1
171.634,10,171631122863,2469000,1
171.636,17,171633589863,2496006,0
171.639,6,171636121869,2469000,1
171.639,9,171636121869,2469000,1
171.641,21,171638597869,2496006,0
171.644,10,171641156875,2496006,0
171.646,15,171643679881,2469000,1
171.646,12,171643679881,2469000,1
171.649,17,171646146881,2496006,0
171.651,21,171648687887,2496006,0
171.654,1,171651210893,2496006,0
171.656,1,171653742899,2496006,0
171.659,7,171656265905,2496006,0
171.661,20,171658806911,2469000,1
171.661,8,171658806911,2469000,1
171.664,17,171661273911,2469000,1
171.664,22,171661273911,2469000,1
171.664,10,171661273911,2469000,1
171.664,15,171661273911,2469000,1
171.666,1,171663740911,2496006,0
171.672,12,171669099923,2496006,0
171.674,21,171671622929,2469000,1
171.674,12,171671622929,2469000,1
171.677,19,171674098929,2469000,1
171.677,17,171674098929,2469000,1
171.679,2,171676583929,2496006,0
171.682,6,171679106935,2496006,0
171.684,1,171681629941,2496006,0
171.687,7,171684152947,2469000,1
171.687,17,171684152947,2469000,1
171.687,6,171684152947,2469000,1
171.689,2,171686619947,2496006,0
171.692,1,171689169953,2496006,0
171.694,2,171691728959,2496006,0
171.697,1,171694251965,2469000,1
171.697,6,171694251965,2469000,1
171.7,10,171697049971,2469000,1
171.7,15,171697049971,2469000,1
171.702,12,171699543971,2469000,1
171.702,2,171699543971,2469000,1
171.702,10,171699543971,2469000,1
171.705,1,171702010971,2496006,0
171.707,21,171704542977,2496006,0
171.71,7,171707110983,2469000,1
171.712,21,171709604983,2469000,1
171.712,1,171709604983,2469000,1
171.715,18,171712089983,2496006,0
171.717,9,171714612989,2496006,0
171.72,18,171717135995,2496006,0
171.722,21,171719704001,2496006,0
171.725,21,171722236007,2496006,0
171.727,6,171724768013,2469000,1
171.727,2,171724768013,2469000,1
171.73,21,171727235013,2496006,0
171.732,18,171729776019,2469000,1
171.732,9,171729776019,2469000,1
171.735,8,171732243019,2496006,0
171.737,8,171734775025,2496006,0
171.74,22,171737307031,2469000,1
171.74,2,171737307031,2469000,1
171.742,21,171739774031,2469000,1
171.742,1,171739774031,2469000,1
171.745,12,171742250031,2469000,1
171.747,7,171744717031,2496006,0
171.75,12,171747267037,2496006,0
171.752,21,171749790043,2496006,0
171.755,18,171752322049,2496006,0
171.757,8,171754863055,2496006,0
171.76,3,171757386061,2496006,0
171.762,2,171759909067,2496006,0
171.765,7,171762450073,2496006,0
171.767,12,171764973079,2496006,0
171.77,18,171767496085,2469000,1
171.77,11,171767496085,2469000,1
171.773,21,171770276091,2496006,0
171.775,9,171772808097,2496006,0
171.778,3,171775331103,2496006,0
171.78,2,171777863109,2469000,1
171.78,9,171777863109,2469000,1
171.783,3,171780330109,2496006,0
171.785,7,171782862115,2469000,1
171.785,8,171782862115,2469000,1
171.79,21,171787852121,2469000,1
171.79,12,171787852121,2469000,1
171.79,18,171787852121,2469000,1
171.793,2,171790355121,2469000,1
171.793,3,171790355121,2469000,1
171.793,7,171790355121,2469000,1
171.795,17,171792849121,2469000,1
171.795,8,171792849121,2469000,1
171.798,9,171795361121,2469000,1
171.798,3,171795361121,2469000,1
171.798,7,171795361121,2469000,1
171.8,12,171797855121,2469000,1
171.8,18,171797855121,2469000,1
171.803,19,171800644127,2496006,0
171.806,13,171803176133,2496006,0
171.808,20,171805708139,2496006,0
171.811,1,171808231145,2469000,1
171.811,13,171808231145,2469000,1
171.813,10,171810707145,2496006,0
171.816,14,171813230151,2469000,1
171.816,21,171813230151,2469000,1
171.818,21,171815699151,2496006,0
171.821,19,171818231157,2469000,1
171.823,10,171820734157,2496006,0
171.826,20,171823257163,2496006,0
171.828,20,171825807169,2496006,0
171.831,12,171828348175,2496006,0
171.833,10,171830871181,2469000,1
171.833,21,171830871181,2469000,1
171.836,19,171833347181,2496006,0
171.838,20,171835870187,2469000,1
171.838,10,171835870187,2469000,1
171.841,8,171838337187,2496006,0
171.843,13,171840860193,2496006,0
171.846,2,171843383199,2496006,0
171.848,13,171845906205,2469000,1
171.848,2,171845906205,2469000,1
171.851,9,171848391205,2496006,0
171.853,19,171850923211,2469000,1
171.853,9,171850923211,2469000,1
171.858,6,171855922217,2469000,1
171.858,12,171855922217,2469000,1
171.861,13,171858389217,2496006,0
171.863,3,171860912223,2469000,1
171.863,7,171860912223,2469000,1
171.863,12,171860912223,2469000,1
171.866,8,171863379223,2496006,0
171.868,15,171865920229,2469000,1
171.868,20,171865920229,2469000,1
171.871,13,171868387229,2496006,0
171.873,2,171870919235,2469000,1
171.873,19,171870919235,2469000,1
171.876,8,171873708241,2496006,0
171.879,9,171876240247,2496006,0
171.881,21,171878781253,2496006,0
171.884,21,171881340259,2496006,0
171.886,13,171883872265,2496006,0
171.889,9,171886395271,2496006,0
171.891,8,171888918277,2496006,0
171.894,8,171891441283,2469000,1
171.896,9,171893935283,2496006,0
171.899,12,171896467289,2496006,0
171.901,21,171898990295,2496006,0
171.904,5,171901826301,2496006,0
171.907,9,171904349307,2469000,1
171.907,8,171904349307,2469000,1
171.909,12,171906834307,2469000,1
171.909,5,171906834307,2469000,1
171.912,13,171909301307,2496006,0
171.914,13,171911824313,2496006,0
171.917,10,171914374319,2496006,0
171.919,21,171916906325,2496006,0
171.922,10,171919429331,2496006,0
171.924,21,171921997337,2469000,1
171.924,20,171921997337,2469000,1
171.927,10,171924464337,2469000,1
171.927,4,171924464337,2469000,1
171.927,2,171924464337,2469000,1
171.929,13,171926931337,2469000,1
171.929,8,171926931337,2469000,1
171.929,5,171926931337,2469000,1
171.929,21,171926931337,2469000,1
171.932,21,171929400337,2469000,1
171.934,19,171931876337,2469000,1
171.934,12,171931876337,2469000,1
171.937,8,171934370337,2496006,0
171.939,18,171936902343,2496006,0
171.942,9,171939425349,2496006,0
171.944,9,171941948355,2496006,0
171.947,18,171944516361,2496006,0
171.95,10,171947039367,2496006,0
171.952,13,171949580373,2496006,0
171.955,10,171952112379,2469000,1
171.955,7,171952112379,2469000,1
171.955,8,171952112379,2469000,1
171.957,1,171954579379,2496006,0
171.96,13,171957120385,2469000,1
171.96,9,171957120385,2469000,1
171.962,13,171959589385,2496006,0
171.965,1,171962121391,2496006,0
171.97,18,171967167403,2469000,1
171.97,13,171967167403,2469000,1
171.972,10,171969652403,2469000,1
171.972,9,171969652403,2469000,1
171.975,3,171972119403,2496006,0
171.977,5,171974982409,2469000,1
171.977,12,171974982409,2469000,1
171.98,8,171977458409,2496006,0
171.982,8,171979981415,2496006,0
171.985,18,171982504421,2496006,0
171.988,1,171985036427,2496006,0
171.99,8,171987559433,2496006,0
171.993,18,171990091439,2469000,1
171.993,3,171990091439,2469000,1
171.995,1,171992567439,2496006,0
171.998,13,171995099445,2496006,0
172,22,171997667451,2469000,1
172.003,1,172000143451,2469000,1
172.003,23,172000143451,2469000,1
172.005,13,172002610451,2469000,1
172.005,8,172002610451,2469000,1
172.005,18,172002610451,2469000,1
172.005,3,172002610451,2469000,1
172.008,9,172005399457,2496006,0
172.01,13,172007985463,2496006,0
172.013,9,172010517469,2496006,0
172.016,5,172013040475,2496006,0
172.018,13,172015590481,2496006,0
172.021,8,172018122487,2469000,1
172.021,13,172018122487,2469000,1
172.023,5,172020607487,2496006,0
172.028,6,172025662499,2496006,0
172.031,9,172028185505,2496006,0
172.033,2,172030708511,2496006,0
172.036,2,172033231517,2496006,0
172.038,5,172035772523,2469000,1
172.038,20,172035772523,2469000,1
172.038,1,172035772523,2469000,1
172.041,10,172038248523,2496006,0
172.043,2,172040771529,2496006,0
172.046,6,172043294535,2469000,1
172.046,19,172043294535,2469000,1
172.046,20,172043294535,2469000,1
172.048,6,172045763535,2496006,0
172.051,2,172048286541,2496006,0
172.053,9,172050809547,2496006,0
172.056,5,172053350553,2496006,0
172.058,10,172055873559,2496006,0
172.061,6,172058396565,2496006,0
172.063,8,172060937571,2469000,1
172.066,5,172063404571,2469000,1
172.066,2,172063404571,2469000,1
172.068,10,172065871571,2469000,1
172.068,13,172065871571,2469000,1
172.071,10,172068347571,2496006,0
172.073,6,172070879577,2496006,0
172.076,9,172073402583,2496006,0
172.078,3,172075925589,2496006,0
172.081,12,172078779595,2469000,1
172.081,3,172078779595,2469000,1
172.084,10,172081255595,2469000,1
172.084,18,172081255595,2469000,1
172.086,5,172083740595,2496006,0
172.089,9,172086263601,2496006,0
172.091,21,172088795607,2496006,0
172.094,6,172091318613,2496006,0
172.096,5,172093850619,2496006,0
172.099,10,172096373625,2469000,1
172.099,6,172096373625,2469000,1
172.101,9,172098840625,2496006,0
172.104,5,172101381631,2496006,0
172.106,21,172103904637,2469000,1
172.106,2,172103904637,2469000,1
172.106,13,172103904637,2469000,1
172.112,17,172109225649,2496006,0
172.114,3,172111748655,2496006,0
172.117,9,172114280661,2469000,1
172.117,21,172114280661,2469000,1
172.119,17,172116774661,2496006,0
172.122,5,172119297667,2496006,0
172.124,1,172121820673,2496006,0
172.127,7,172124343679,2496006,0
172.129,7,172126875685,2496006,0
172.132,5,172129398691,2496006,0
172.134,17,172131930697,2469000,1
172.134,5,172131930697,2469000,1
172.137,7,172134406697,2469000,1
172.137,3,172134406697,2469000,1
172.139,6,172136873697,2496006,0
172.142,6,172139396703,2496006,0
172.144,1,172141928709,2496006,0
172.147,6,172144460715,2496006,0
172.149,5,172146992721,2469000,1
172.149,1,172146992721,2469000,1
172.152,17,172149468721,2496006,0
172.154,6,172151991727,2496006,0
172.157,2,172154514733,2496006,0
172.16,3,172157037739,2496006,0
172.165,9,172162092751,2496006,0
172.167,7,172164624757,2496006,0
172.17,6,172167147763,2496006,0
172.172,17,172169688769,2496006,0
172.175,7,172172211775,2469000,1
172.175,9,172172211775,2469000,1
172.175,6,172172211775,2469000,1
172.177,7,172174687775,2496006,0
172.18,12,172177228781,2469000,1
172.18,2,172177228781,2469000,1
172.18,3,172177228781,2469000,1
172.182,17,172180008787,2469000,1
172.182,15,172180008787,2469000,1
172.182,1,172180008787,2469000,1
172.182,7,172180008787,2469000,1
172.185,10,172182475787,2496006,0
172.188,21,172185043793,2496006,0
172.19,10,172187566799,2469000,1
172.19,20,172187566799,2469000,1
172.19,2,172187566799,2469000,1
172.193,10,172190042799,2496006,0
172.195,21,172192628805,2496006,0
172.198,6,172195151811,2496006,0
172.2,22,172197674817,2469000,1
172.2,5,172197674817,2469000,1
172.2,3,172197674817,2469000,1
172.203,10,172200159817,2496006,0
172.205,7,172202682823,2496006,0
172.208,18,172205205829,2469000,1
172.208,9,172205205829,2469000,1
172.21,17,172207672829,2496006,0
172.213,13,172210517835,2496006,0
172.216,16,172213040841,2469000,1
172.216,13,172213040841,2469000,1
172.218,21,172215525841,2496006,0
172.221,2,172218048847,2496006,0
172.223,12,172220571853,2496006,0
172.226,6,172223094859,2496006,0
172.228,7,172225617865,2496006,0
172.231,10,172228140871,2496006,0
172.233,16,172230663877,2469000,1
172.233,10,172230663877,2469000,1
172.236,1,172233139877,2469000,1
172.236,17,172233139877,2469000,1
172.238,2,172235615877,2469000,1
172.238,16,172235615877,2469000,1
172.241,6,172238091877,2469000,1
172.241,21,172238091877,2469000,1
172.243,12,172240558877,2469000,1
172.243,13,172240558877,2469000,1
172.246,5,172243025877,2496006,0
172.248,8,172245566883,2469000,1
172.248,13,172245566883,2469000,1
172.251,19,172248042883,2469000,1
172.251,21,172248042883,2469000,1
172.253,7,172250509883,2496006,0
172.256,5,172253068889,2496006,0
172.258,12,172255600895,2469000,1
172.258,5,172255600895,2469000,1
172.261,7,172258067895,2469000,1
172.261,10,172258067895,2469000,1
172.263,2,172260552895,2469000,1
172.263,19,172260552895,2469000,1
172.266,17,172263019895,2496006,0
172.268,16,172265551901,2496006,0
172.271,9,172268101907,2469000,1
172.271,5,172268101907,2469000,1
172.273,6,172270577907,2496006,0
172.276,17,172273127913,2469000,1
172.276,2,172273127913,2469000,1
172.276,6,172273127913,2469000,1
172.278,3,172275630913,2469000,1
172.278,16,172275630913,2469000,1
172.281,7,172278097913,2496006,0
172.283,21,172280674919,2496006,0
172.286,6,172283546925,2496006,0
172.289,7,172286078931,2469000,1
172.291,6,172288563931,2469000,1
172.291,16,172288563931,2469000,1
172.294,13,172291039931,2469000,1
172.296,14,172293506931,2496006,0
172.299,7,172296029937,2496006,0
172.301,21,172298552943,2496006,0
172.304,6,172301075949,2496006,0
172.309,12,172306130961,2469000,1
172.309,17,172306130961,2469000,1
172.311,21,172308597961,2469000,1
172.311,7,172308597961,2469000,1
172.314,6,172311377967,2469000,1
172.314,14,172311377967,2469000,1
172.316,12,172313853967,2496006,0
172.319,10,172316385973,2469000,1
172.319,6,172316385973,2469000,1
172.321,21,172318861973,2469000,1
172.321,7,172318861973,2469000,1
172.324,5,172321328973,2496006,0
172.326,7,172323860979,2469000,1
172.326,5,172323860979,2469000,1
172.329,12,172326327979,2496006,0
172.331,3,172328850985,2496006,0
172.334,14,172331382991,2496006,0
172.336,12,172333905997,2496006,0
172.339,12,172336456003,2496006,0
172.341,12,172338979009,2496006,0
172.344,14,172341511015,2496006,0
172.349,12,172346557027,2496006,0
172.352,3,172349098033,2496006,0
172.354,9,172351621039,2469000,1
172.354,12,172351621039,2469000,1
172.357,21,172354088039,2496006,0
172.359,6,172356611045,2496006,0
172.362,6,172359134051,2496006,0
172.364,13,172361657057,2496006,0
172.367,14,172364180063,2469000,1
172.367,13,172364180063,2469000,1
172.369,21,172366647063,2496006,0
172.372,17,172369179069,2469000,1
172.372,12,172369179069,2469000,1
172.374,14,172371655069,2496006,0
172.377,1,172374178075,2469000,1
172.377,5,172374178075,2469000,1
172.379,13,172376645075,2496006,0
172.382,2,172379168081,2496006,0
172.384,6,172381691087,2496006,0
172.387,3,172384527093,2496006,0
172.39,8,172387050099,2496006,0
172.392,13,172389591105,2469000,1
172.392,21,172389591105,2469000,1
172.395,3,172392067105,2496006,0
172.397,14,172394590111,2496006,0
172.4,16,172397122117,2496006,0
172.402,6,172399654123,2469000,1
172.402,8,172399654123,2469000,1
172.405,2,172402121123,2496006,0
172.407,12,172404671129,2496006,0
172.41,2,172407194135,2496006,0
172.412,14,172409717141,2496006,0
172.415,11,172412240147,2469000,1
172.415,3,172412240147,2469000,1
172.418,14,172415029153,2496006,0
172.42,16,172417552159,2496006,0
172.423,13,172420075165,2496006,0
172.425,14,172422607171,2496006,0
172.428,10,172425130177,2496006,0
172.43,2,172427653183,2469000,1
172.43,14,172427653183,2469000,1
172.433,16,172430120183,2469000,1
172.433,5,172430120183,2469000,1
172.433,10,172430120183,2469000,1
172.435,6,172432587183,2496006,0
172.438,10,172435119189,2496006,0
172.44,12,172437642195,2496006,0
172.443,6,172440165201,2496006,0
172.445,13,172442688207,2469000,1
172.445,21,172442688207,2469000,1
172.445,16,172442688207,2469000,1
172.448,21,172445157207,2496006,0
172.45,8,172447680213,2496006,0
172.453,12,172450203219,2496006,0
172.455,21,172452762225,2469000,1
172.455,10,172452762225,2469000,1
172.455,3,172452762225,2469000,1
172.455,13,172452762225,2469000,1
172.458,1,172455238225,2469000,1
172.458,6,172455238225,2469000,1
172.46,12,172457714225,2469000,1
172.46,13,172457714225,2469000,1
172.463,8,172460181225,2496006,0
172.465,7,172462722231,2469000,1
172.465,14,172462722231,2469000,1
172.47,3,172467712237,2496006,0
172.473,12,172470244243,2496006,0
172.475,8,172472776249,2496006,0
172.478,2,172475299255,2496006,0
172.48,10,172477822261,2496006,0
172.483,21,172480354267,2496006,0
172.485,8,172482895273,2496006,0
172.488,21,172485418279,2496006,0
172.491,2,172488254285,2496006,0
172.493,14,172490786291,2496006,0
172.496,3,172493309297,2469000,1
172.496,12,172493309297,2469000,1
172.498,21,172495776297,2469000,1
172.498,10,172495776297,2469000,1
172.501,8,172498261297,2496006,0
172.503,6,172500802303,2496006,0
172.506,10,172503334309,2496006,0
172.508,2,172505875315,2469000,1
172.508,14,172505875315,2469000,1
172.511,13,172508351315,2496006,0
172.513,1,172510874321,2469000,1
172.513,3,172510874321,2469000,1
172.513,13,172510874321,2469000,1
172.516,3,172513343321,2496006,0
172.519,17,172516179327,2496006,0
172.521,8,172518702333,2496006,0
172.524,6,172521234339,2469000,1
172.524,21,172521234339,2469000,1
172.524,10,172521234339,2469000,1
172.524,14,172521234339,2469000,1
172.524,13,172521234339,2469000,1
172.526,3,172523719339,2469000,1
172.526,19,172523719339,2469000,1
172.529,6,172526204339,2496006,0
172.531,16,172528727345,2469000,1
172.531,8,172528727345,2469000,1
172.534,2,172531194345,2469000,1
172.534,14,172531194345,2469000,1
172.539,6,172536184351,2496006,0
172.541,12,172538707357,2469000,1
172.541,17,172538707357,2469000,1
172.544,6,172541183357,2496006,0
172.546,17,172543715363,2496006,0
172.549,13,172546265369,2496006,0
172.551,8,172548788375,2496006,0
172.554,6,172551311381,2496006,0
172.556,17,172553834387,2496006,0
172.559,3,172556357393,2469000,1
172.559,8,172556357393,2469000,1
172.561,6,172558833393,2496006,0
172.564,13,172561356399,2469000,1
172.564,18,172561356399,2469000,1
172.566,17,172563823399,2469000,1
172.566,10,172563823399,2469000,1
172.569,2,172566290399,2496006,0
172.571,6,172568822405,2496006,0
172.574,2,172571354411,2496006,0
172.576,10,172573877417,2469000,1
172.576,6,172573877417,2469000,1
172.579,2,172576344417,2496006,0
172.581,9,172578876423,2496006,0
172.584,13,172581408429,2496006,0
172.586,2,172583949435,2496006,0
172.589,8,172586472441,2496006,0
172.592,9,172589335447,2496006,0
172.594,8,172591858453,2496006,0
172.597,7,172594381459,2496006,0
172.599,8,172596904465,2496006,0
172.602,17,172599427471,2496006,0
172.604,13,172601959477,2469000,1
172.604,17,172601959477,2469000,1
172.607,2,172604435477,2496006,0
172.609,7,172606967483,2469000,1
172.609,9,172606967483,2469000,1
172.609,12,172606967483,2469000,1
172.612,2,172609434483,2469000,1
172.614,8,172611901483,2496006,0
172.617,5,172614424489,2469000,1
172.617,21,172614424489,2469000,1
172.617,13,172614424489,2469000,1
172.619,9,172616891489,2496006,0
172.622,10,172619754495,2496006,0
172.625,6,172622277501,2496006,0
172.627,3,172624818507,2469000,1
172.627,6,172624818507,2469000,1
172.63,8,172627285507,2496006,0
172.632,7,172629817513,2469000,1
172.632,9,172629817513,2469000,1
172.635,6,172632293513,2496006,0
172.637,9,172634816519,2496006,0
172.64,8,172637348525,2496006,0
172.642,10,172639880531,2496006,0
172.645,6,172642403537,2469000,1
172.645,17,172642403537,2469000,1
172.645,10,172642403537,2469000,1
172.647,2,172644897537,2496006,0
172.65,8,172647420543,2496006,0
172.652,10,172649979549,2496006,0
172.655,16,172652502555,2469000,1
172.655,12,172652502555,2469000,1
172.655,9,172652502555,2469000,1
172.657,2,172654969555,2469000,1
172.657,13,172654969555,2469000,1
172.66,10,172657454555,2496006,0
172.662,8,172659986561,2496006,0
172.665,8,172662545567,2469000,1
172.665,10,172662545567,2469000,1
172.667,7,172665012567,2469000,1
172.667,6,172665012567,2469000,1
172.67,10,172667488567,2496006,0
172.673,9,172670011573,2496006,0
172.675,14,172672543579,2496006,0
172.678,17,172675075585,2469000,1
172.678,9,172675075585,2469000,1
172.68,10,172677542585,2496006,0
172.683,14,172680083591,2496006,0
172.685,21,172682624597,2496006,0
172.688,10,172685165603,2496006,0
172.69,14,172687688609,2469000,1
172.69,2,172687688609,2469000,1
172.693,10,172690200609,2496006,0
172.696,6,172693045615,2496006,0
172.698,21,172695568621,2496006,0
172.701,8,172698091627,2496006,0
172.703,12,172700623633,2496006,0
172.706,9,172703155639,2469000,1
172.706,8,172703155639,2469000,1
172.708,21,172705667639,2469000,1
172.708,3,172705667639,2469000,1
172.711,10,172708134639,2496006,0
172.713,14,172710657645,2496006,0
172.716,6,172713180651,2469000,1
172.716,8,172713180651,2469000,1
172.718,12,172715647651,2496006,0
172.721,17,172718170657,2496006,0
172.724,12,172721024663,2496006,0
172.726,10,172723547669,2496006,0
172.729,10,172726079675,2496006,0
172.731,17,172728629681,2469000,1
172.734,14,172731105681,2496006,0
172.736,12,172733628687,2469000,1
172.736,21,172733628687,2469000,1
172.739,17,172736095687,2496006,0
172.741,10,172738618693,2496006,0
172.744,5,172741141699,2469000,1
172.746,17,172743617699,2496006,0
172.749,17,172746140705,2496006,0
172.751,14,172748672711,2496006,0
172.754,2,172751195717,2469000,1
172.756,6,172753662717,2496006,0
172.761,17,172758735729,2496006,0
172.764,10,172761258735,2496006,0
172.766,10,172763790741,2496006,0
172.769,9,172766313747,2496006,0
172.771,17,172768836753,2496006,0
172.774,18,172771368759,2469000,1
172.774,21,172771368759,2469000,1
172.776,6,172773835759,2496006,0
172.779,14,172776358765,2496006,0
172.781,6,172778881771,2496006,0
172.784,17,172781413777,2496006,0
172.786,12,172783963783,2496006,0
172.789,10,172786486789,2496006,0
172.792,13,172789009795,2496006,0
172.794,9,172791532801,2496006,0
172.797,9,172794368807,2496006,0
172.799,12,172796900813,2469000,1
172.799,14,172796900813,2469000,1
172.802,17,172799376813,2469000,1
172.802,6,172799376813,2469000,1
172.804,13,172801870813,2469000,1
172.804,10,172801870813,2469000,1
172.804,12,172801870813,2469000,1
172.807,1,172804346813,2469000,1
172.807,13,172804346813,2469000,1
172.809,10,172806822813,2496006,0
172.812,8,172809345819,2469000,1
172.812,13,172809345819,2469000,1
172.814,14,172811812819,2496006,0
172.817,9,172814335825,2469000,1
172.819,17,172816811825,2496006,0
172.822,14,172819334831,2496006,0
172.824,14,172821929837,2469000,1
172.824,10,172821929837,2469000,1
172.827,17,172824727843,2496006,0
172.83,6,172827250849,2496006,0
172.832,7,172829773855,2469000,1
172.832,6,172829773855,2469000,1
172.835,13,172832276855,2496006,0
172.837,10,172834808861,2496006,0
172.84,17,172837358867,2496006,0
172.842,9,172839890873,2496006,0
172.845,6,172842413879,2496006,0
172.847,13,172844945885,2496006,0
172.85,6,172847468891,2496006,0
172.853,14,172850018897,2496006,0
172.855,10,172852550903,2496006,0
172.858,9,172855073909,2469000,1
172.858,17,172855073909,2469000,1
172.86,13,172857540909,2469000,1
172.863,14,172860043909,2469000,1
172.863,20,172860043909,2469000,1
172.863,12,172860043909,2469000,1
172.865,6,172862510909,2496006,0
172.868,10,172865033915,2496006,0
172.87,6,172867556921,2496006,0
172.873,6,172870088927,2496006,0
172.875,10,172872611933,2496006,0
172.878,14,172875188939,2496006,0
172.88,13,172877756945,2469000,1
172.88,6,172877756945,2469000,1
172.883,10,172880223945,2496006,0
172.885,14,172882746951,2469000,1
172.885,21,172882746951,2469000,1
172.888,10,172885231951,2496006,0
172.89,9,172887754957,2496006,0
172.893,17,172890277963,2496006,0
172.898,2,172895368975,2496006,0
172.901,2,172898204981,2496006,0
172.903,10,172900736987,2496006,0
172.906,9,172903268993,2496006,0
172.908,10,172905791999,2496006,0
172.911,2,172908315005,2469000,1
172.911,17,172908315005,2469000,1
172.913,14,172910791005,2496006,0
172.916,10,172913314011,2496006,0
172.918,8,172915837017,2469000,1
172.918,6,172915837017,2469000,1
172.921,14,172918322017,2496006,0
172.923,10,172920845023,2496006,0
172.926,9,172923395029,2496006,0
172.931,9,172928799041,2469000,1
172.931,14,172928799041,2469000,1
172.934,13,172931266041,2496006,0
172.936,10,172933789047,2496006,0
172.939,10,172936330053,2496006,0
172.941,17,172938862059,2496006,0
172.944,17,172941385065,2496006,0
172.946,13,172943926071,2496006,0
172.949,16,172946449077,2496006,0
172.951,2,172948972083,2469000,1
172.951,6,172948972083,2469000,1
172.954,10,172951466083,2469000,1
172.954,14,172951466083,2469000,1
172.956,9,172953933083,2496006,0
172.959,17,172956456089,2496006,0
172.961,17,172958979095,2496006,0
172.964,13,172961502101,2469000,1
172.964,21,172961502101,2469000,1
172.969,16,172966510107,2469000,1
172.969,13,172966510107,2469000,1
172.971,14,172968977107,2496006,0
172.974,17,172971527113,2496006,0
172.977,9,172974050119,2496006,0
172.979,9,172976573125,2496006,0
172.982,10,172979105131,2496006,0
172.984,17,172981655137,2469000,1
172.984,14,172981655137,2469000,1
172.987,10,172984149137,2469000,1
172.987,18,172984149137,2469000,1
172.989,16,172986634137,2496006,0
172.992,9,172989157143,2496006,0
172.994,13,172991698149,2496006,0
172.997,10,172994239155,2496006,0
172.999,13,172996771161,2469000,1
173.002,14,172999569167,2496006,0
173.005,10,173002101173,2496006,0
173.007,16,173004624179,2496006,0
173.01,17,173007147185,2469000,1
173.01,9,173007147185,2469000,1
173.012,13,173009623185,2496006,0
173.015,12,173012146191,2496006,0
173.017,5,173014669197,2496006,0
173.02,10,173017192203,2496006,0
173.022,14,173019751209,2496006,0
173.025,5,173022274215,2496006,0
173.027,10,173024797221,2469000,1
173.027,16,173024797221,2469000,1
173.03,13,173027577227,2496006,0
173.033,2,173030109233,2496006,0
173.035,2,173032650239,2496006,0
173.038,3,173035173245,2469000,1
173.038,12,173035173245,2469000,1
173.04,13,173037640245,2469000,1
173.043,9,173040143245,2469000,1
173.043,14,173040143245,2469000,1
173.045,5,173042619245,2469000,1
173.045,9,173042619245,2469000,1
173.048,2,173045140245,2496006,0
173.05,17,173047672251,2496006,0
173.053,13,173050195257,2496006,0
173.055,16,173052718263,2496006,0
173.058,14,173055241269,2496006,0
173.06,2,173057764275,2469000,1
173.06,14,173057764275,2469000,1
173.063,12,173060240275,2496006,0
173.065,6,173062763281,2469000,1
173.065,10,173062763281,2469000,1
173.065,12,173062763281,2469000,1
173.068,17,173065230281,2469000,1
173.068,12,173065232281,2469000,1
173.07,17,173067699281,2496006,0
173.073,2,173070249287,2496006,0
173.075,13,173072772293,2496006,0
173.08,16,173077818305,2496006,0
173.083,17,173080341311,2496006,0
173.085,17,173082891317,2496006,0
173.088,5,173085414323,2496006,0
173.09,2,173087937329,2469000,1
173.09,14,173087937329,2469000,1
173.09,5,173087937329,2469000,1
173.093,12,173090449329,2469000,1
173.093,13,173090449329,2469000,1
173.095,16,173092916329,2469000,1
173.095,5,173092916329,2469000,1
173.098,17,173095392329,2496006,0
173.1,4,173097924335,2496006,0
173.103,8,173100769341,2496006,0
173.106,1,173103310347,2496006,0
173.108,17,173105833353,2496006,0
173.111,22,173108374359,2469000,1
173.111,7,173108374359,2469000,1
173.111,17,173108374359,2469000,1
173.113,1,173110841359,2496006,0
173.118,5,173115905371,2496006,0
173.121,2,173118428377,2496006,0
173.123,1,173120951383,2469000,1
173.123,16,173120951383,2469000,1
173.123,4,173120951383,2469000,1
173.126,8,173123418383,2496006,0
173.128,13,173125941389,2469000,1
173.128,8,173125941389,2469000,1
173.131,1,173128408389,2496006,0
173.134,2,173131271395,2496006,0
173.136,1,173133794401,2496006,0
173.139,5,173136317407,2496006,0
173.141,10,173138867413,2496006,0
173.144,1,173141390419,2469000,1
173.144,20,173141390419,2469000,1
173.146,2,173143857419,2496006,0
173.149,10,173146380425,2469000,1
173.149,20,173146380425,2469000,1
173.151,14,173148883425,2496006,0
173.154,4,173151406431,2496006,0
173.156,5,173153929437,2496006,0
173.159,17,173156461443,2469000,1
173.159,16,173156461443,2469000,1
173.159,10,173156461443,2469000,1
173.161,2,173158928443,2496006,0
173.164,8,173161451449,2496006,0
173.166,5,173163974455,2469000,1
173.166,4,173163974455,2469000,1
173.166,15,173163974455,2469000,1
173.166,2,173163974455,2469000,1
173.169,14,173166441455,2496006,0
173.171,17,173168991461,2496006,0
173.174,13,173171523467,2496006,0
173.177,1,173174073473,2496006,0
173.179,13,173176614479,2469000,1
173.179,11,173176614479,2469000,1
173.179,8,173176614479,2469000,1
173.182,14,173179081479,2496006,0
173.184,20,173181604485,2496006,0
173.187,17,173184136491,2496006,0
173.189,14,173186659497,2496006,0
173.192,17,173189182503,2496006,0
173.194,4,173191705509,2496006,0
173.197,5,173194237515,2469000,1
173.197,13,173194237515,2469000,1
173.199,16,173196704515,2469000,1
173.199,1,173196704515,2469000,1
173.202,9,173199180515,2496006,0
173.204,14,173201703521,2496006,0
173.207,14,173204557527,2469000,1
173.209,17,173207024527,2469000,1
173.209,2,173207024527,2469000,1
173.209,4,173207024527,2469000,1
173.212,20,173209491527,2496006,0
173.215,14,173212032533,2496006,0
173.217,9,173214555539,2496006,0
173.22,10,173217105545,2496006,0
173.222,9,173219628551,2469000,1
173.222,10,173219628551,2469000,1
173.225,8,173222113551,2496006,0
173.227,4,173224645557,2496006,0
173.23,20,173227168563,2496006,0
173.232,14,173229718569,2496006,0
173.235,1,173232554575,2469000,1
173.235,2,173232554575,2469000,1
173.238,5,173235021575,2496006,0
173.24,17,173237544581,2496006,0
173.243,20,173240076587,2496006,0
173.245,4,173242599593,2469000,1
173.245,9,173242599593,2469000,1
173.245,20,173242599593,2469000,1
173.248,13,173245066593,2496006,0
173.25,8,173247589599,2496006,0
173.253,17,173250130605,2469000,1
173.253,10,173250130605,2469000,1
173.253,14,173250130605,2469000,1
173.255,5,173252597605,2496006,0
173.258,9,173255129611,2496006,0
173.26,12,173257652617,2469000,1
173.26,17,173257652617,2469000,1
173.263,8,173260119617,2469000,1
173.263,13,173260119617,2469000,1
173.268,6,173265118623,2469000,1
173.268,7,173265118623,2469000,1
173.27,5,173267594623,2496006,0
173.273,19,173270126629,2469000,1
173.273,15,173270126629,2469000,1
173.275,4,173272593629,2496006,0
173.278,9,173275116635,2496006,0
173.28,5,173277639641,2469000,1
173.28,8,173277639641,2469000,1
173.283,10,173280106641,2469000,1
173.283,15,173280106641,2469000,1
173.285,14,173282582641,2496006,0
173.288,9,173285123647,2469000,1
173.288,19,173285123647,2469000,1
173.29,16,173287590647,2469000,1
173.29,1,173287590647,2469000,1
173.29,17,173287590647,2469000,1
173.293,5,173290057647,2469000,1
173.293,15,173290057647,2469000,1
173.295,20,173292551647,2469000,1
173.295,19,173292551647,2469000,1
173.298,4,173295027647,2496006,0
173.3,13,173297550653,2496006,0
173.303,10,173300073659,2496006,0
173.305,13,173302605665,2496006,0
173.308,14,173305128671,2496006,0
173.31,14,173307964677,2496006,0
173.313,10,173310487683,2469000,1
173.313,20,173310487683,2469000,1
173.315,4,173312990683,2496006,0
173.318,14,173315513689,2469000,1
173.318,19,173315513689,2469000,1
173.318,4,173315513689,2469000,1
173.32,23,173317989689,2469000,1
173.32,9,173317989689,2469000,1
173.323,13,173320465689,2469000,1
173.325,1,173322941689,2496006,0
173.328,1,173325518695,2496006,0
173.331,5,173328050701,2496006,0
173.333,1,173330591707,2496006,0
173.336,10,173333159713,2496006,0
173.339,17,173336004719,2496006,0
173.341,13,173338527725,2496006,0
173.344,8,173341059731,2469000,1
173.344,17,173341059731,2469000,1
173.346,4,173343526731,2496006,0
173.349,5,173346049737,2496006,0
173.351,15,173348572743,2469000,1
173.351,14,173348572743,2469000,1
173.354,1,173351039743,2496006,0
173.356,4,173353616749,2469000,1
173.356,10,173353616749,2469000,1
173.359,13,173356083749,2496006,0
173.361,13,173358642755,2469000,1
173.361,1,173358642755,2469000,1
173.361,5,173358642755,2469000,1
173.364,10,173361127755,2496006,0
173.366,13,173363659761,2469000,1
173.366,5,173363659761,2469000,1
173.369,17,173366135761,2496006,0
173.371,4,173368658767,2469000,1
173.371,1,173368658767,2469000,1
173.374,10,173371134767,2496006,0
173.376,10,173373666773,2496006,0
173.379,9,173376207779,2496006,0
173.381,14,173378730785,2496006,0
173.384,9,173381262791,2469000,1
173.384,14,173381262791,2469000,1
173.386,17,173383747791,2496006,0
173.389,5,173386270797,2496006,0
173.391,10,173388793803,2496006,0
173.394,2,173391316809,2496006,0
173.396,2,173393857815,2496006,0
173.399,4,173396380821,2496006,0
173.401,5,173398912827,2469000,1
173.401,17,173398912827,2469000,1
173.404,9,173401379827,2469000,1
173.406,2,173403857827,2469000,1
173.409,10,173406324827,2469000,1
173.409,20,173406324827,2469000,1
173.409,14,173406324827,2469000,1
173.414,4,173411645839,2496006,0
173.417,19,173414240845,2496006,0
173.419,13,173416772851,2496006,0
173.422,13,173419304857,2496006,0
173.424,4,173421827863,2496006,0
173.427,13,173424359869,2496006,0
173.429,4,173426891875,2496006,0
173.432,1,173429414881,2469000,1
173.432,5,173429414881,2469000,1
173.434,17,173431917881,2469000,1
173.434,19,173431917881,2469000,1
173.437,5,173434384881,2496006,0
173.44,2,173437229887,2469000,1
173.44,10,173437229887,2469000,1
173.442,13,173439714887,2469000,1
173.445,4,173442181887,2496006,0
173.447,8,173444722893,2496006,0
173.45,5,173447281899,2496006,0
173.452,14,173449804905,2496006,0
173.455,1,173452336911,2469000,1
173.455,14,173452336911,2469000,1
173.457,4,173454812911,2496006,0
173.46,10,173457344917,2469000,1
173.46,4,173457344917,2469000,1
173.462,20,173459820917,2496006,0
173.465,8,173462343923,2496006,0
173.467,17,173464875929,2496006,0
173.47,5,173467416935,2496006,0
173.472,12,173469939941,2469000,1
173.475,9,173472406941,2469000,1
173.475,19,173472406941,2469000,1
173.477,15,173474873941,2496006,0
173.48,14,173477405947,2496006,0
173.482,13,173479937953,2496006,0
173.485,8,173482460959,2496006,0
173.487,17,173484992965,2469000,1
173.487,20,173484992965,2469000,1
173.49,10,173487459965,2469000,1
173.49,8,173487459965,2469000,1
173.492,13,173489935965,2496006,0
173.495,14,173492458971,2496006,0
173.497,5,173494981977,2496006,0
173.5,15,173497504983,2469000,1
173.5,4,173497504983,2469000,1
173.502,14,173499989983,2469000,1
173.502,15,173499989983,2469000,1
173.505,13,173502465983,2496006,0
173.507,2,173505006989,2469000,1
173.507,13,173505006989,2469000,1
173.51,7,173507473989,2496006,0
173.512,5,173509996995,2469000,1
173.512,14,173509996995,2469000,1
173.515,9,173512786001,2496006,0
173.518,7,173515318007,2469000,1
173.518,17,173515318007,2469000,1
173.523,20,173520317013,2496006,0
173.525,9,173522840019,2469000,1
173.525,1,173522840019,2469000,1
173.525,5,173522840019,2469000,1
173.528,8,173525361019,2469000,1
173.528,9,173525361019,2469000,1
173.53,3,173527837019,2496006,0
173.533,17,173530360025,2496006,0
173.535,19,173532883031,2496006,0
173.538,4,173535406037,2469000,1
173.538,3,173535406037,2469000,1
173.54,21,173537891037,2469000,1
173.54,20,173537891037,2469000,1
173.543,21,173540680043,2496006,0
173.546,15,173543203049,2496006,0
173.548,13,173545726055,2496006,0
173.551,19,173548249061,2496006,0
173.553,7,173550772067,2496006,0
173.556,17,173553295073,2496006,0
173.558,21,173555818079,2496006,0
173.561,15,173558341085,2469000,1
173.561,19,173558341085,2469000,1
173.563,17,173560808085,2496006,0
173.566,13,173563331091,2469000,1
173.566,15,173563331091,2469000,1
173.568,21,173565798091,2496006,0
173.571,21,173568330097,2469000,1
173.573,7,173570815097,2469000,1
173.573,19,173570815097,2469000,1
173.576,17,173573309097,2496006,0
173.578,20,173575832103,2469000,1
173.578,15,173575832103,2469000,1
173.578,17,173575832103,2469000,1
173.581,3,173578326103,2496006,0
173.583,4,173580849109,2496006,0
173.586,7,173583408115,2496006,0
173.588,4,173585931121,2469000,1
173.588,5,173585931121,2469000,1
173.591,14,173588398121,2496006,0
173.593,21,173590921127,2496006,0
173.596,21,173593444133,2496006,0
173.598,7,173595967139,2496006,0
173.601,3,173598499145,2496006,0
173.604,13,173601049151,2469000,1
173.604,19,173601049151,2469000,1
173.604,3,173601049151,2469000,1
173.606,14,173603525151,2496006,0
173.609,7,173606075157,2496006,0
173.611,9,173608607163,2469000,1
173.611,7,173608607163,2469000,1
173.614,17,173611074163,2469000,1
173.614,21,173611074163,2469000,1
173.616,8,173613854169,2469000,1
173.616,4,173613854169,2469000,1
173.619,14,173616348169,2496006,0
173.621,19,173618925175,2496006,0
173.624,20,173621448181,2496006,0
173.626,14,173623971187,2496006,0
173.629,3,173626503193,2496006,0
173.631,10,173629026199,2469000,1
173.631,4,173629026199,2469000,1
173.634,7,173631493199,2496006,0
173.637,20,173634016205,2496006,0
173.639,19,173636539211,2496006,0
173.642,2,173639062217,2496006,0
173.644,3,173641585223,2469000,1
173.644,13,173641585223,2469000,1
173.647,14,173644365229,2496006,0
173.649,19,173646897235,2496006,0
173.652,7,173649420241,2496006,0
173.654,17,173651952247,2496006,0
173.657,21,173654475253,2469000,1
173.657,8,173654475253,2469000,1
173.659,19,173656942253,2469000,1
173.662,20,173659418253,2496006,0
173.667,5,173664464265,2469000,1
173.667,2,173664464265,2469000,1
173.669,20,173666931265,2496006,0
173.672,7,173669472271,2469000,1
173.672,14,173669472271,2469000,1
173.672,17,173669472271,2469000,1
173.674,7,173671948271,2496006,0
173.677,20,173674489277,2496006,0
173.68,2,173677057283,2496006,0
173.682,7,173679580289,2469000,1
173.682,17,173679580289,2469000,1
173.685,5,173682047289,2496006,0
173.687,3,173684570295,2469000,1
173.687,2,173684570295,2469000,1
173.69,15,173687037295,2496006,0
173.692,20,173689569301,2469000,1
173.692,4,173689569301,2469000,1
173.695,5,173692045301,2469000,1
173.695,19,173692045301,2469000,1
173.695,14,173692045301,2469000,1
173.695,2,173692045301,2469000,1
173.697,17,173694548301,2469000,1
173.697,15,173694548301,2469000,1
173.7,8,173697033301,2469000,1
173.7,7,173697033301,2469000,1
173.702,21,173699518301,2496006,0
173.707,2,173704564313,2469000,1
173.707,15,173704564313,2469000,1
173.71,16,173707031313,2469000,1
173.71,5,173707031313,2469000,1
173.712,20,173709516313,2496006,0
173.715,20,173712102319,2496006,0
173.717,21,173714634325,2496006,0
173.72,20,173717533331,2496006,0
173.723,20,173720056337,2496006,0
173.725,21,173722624343,2496006,0
173.73,19,173727679355,2496006,0
173.733,19,173730211361,2496006,0
173.735,20,173732734367,2496006,0
173.738,18,173735257373,2469000,1
173.738,23,173735257373,2469000,1
173.74,21,173737724373,2496006,0
173.743,3,173740256379,2469000,1
173.743,14,173740256379,2469000,1
173.745,7,173742723379,2469000,1
173.745,21,173742723379,2469000,1
173.748,19,173745530385,2496006,0
173.751,23,173748080391,2496006,0
173.753,19,173750603397,2469000,1
173.753,20,173750603397,2469000,1
173.756,18,173753079397,2469000,1
173.758,21,173755546397,2469000,1
173.758,19,173755546397,2469000,1
173.761,13,173758022397,2496006,0
173.763,2,173760545403,2469000,1
173.763,19,173760545403,2469000,1
173.765,9,173763012403,2469000,1
173.765,23,173763012403,2469000,1
173.768,21,173765479403,2469000,1
173.768,13,173765479403,2469000,1
173.77,23,173767955403,2496006,0
173.773,5,173770478409,2496006,0
173.775,9,173773001415,2469000,1
173.775,13,173773001415,2469000,1
173.778,7,173775468415,2496006,0
173.78,23,173777991421,2469000,1
173.78,5,173777991421,2469000,1
173.783,15,173780458421,2496006,0
173.786,15,173783026427,2496006,0
173.788,18,173785558433,2496006,0
173.791,5,173788081439,2469000,1
173.791,18,173788081439,2469000,1
173.793,15,173790548439,2496006,0
173.796,7,173793071445,2469000,1
173.798,20,173795547445,2469000,1
173.798,15,173795547445,2469000,1
173.801,13,173798014445,2496006,0
173.803,10,173800537451,2496006,0
173.806,17,173803060457,2496006,0
173.808,13,173805583463,2496006,0
173.811,10,173808142469,2496006,0
173.813,13,173810683475,2496006,0
173.816,17,173813206481,2496006,0
173.818,23,173815738487,2469000,1
173.818,13,173815738487,2469000,1
173.818,17,173815738487,2469000,1
173.821,10,173818536493,2469000,1
173.821,20,173818536493,2469000,1
173.823,19,173821003493,2469000,1
173.823,7,173821003493,2469000,1
173.826,5,173823515493,2496006,0
173.829,18,173826038499,2496006,0
173.831,13,173828561505,2469000,1
173.831,5,173828561505,2469000,1
173.834,15,173831028505,2496006,0
173.836,10,173833551511,2469000,1
173.839,18,173836027511,2496006,0
173.841,15,173838559517,2469000,1
173.844,10,173841035517,2496006,0
173.846,11,173843567523,2496006,0
173.849,18,173846090529,2469000,1
173.851,17,173848870535,2469000,1
173.851,11,173848870535,2469000,1
173.856,5,173853887541,2496006,0
173.859,10,173856455547,2496006,0
173.861,10,173858978553,2496006,0
173.864,12,173861501559,2469000,1
173.864,10,173861501559,2469000,1
173.866,8,173863968559,2496006,0
173.869,18,173866491565,2496006,0
173.871,13,173869023571,2469000,1
173.871,11,173869023571,2469000,1
173.874,15,173871508571,2469000,1
173.874,11,173871508571,2469000,1
173.876,5,173873975571,2469000,1
173.876,17,173873975571,2469000,1
173.879,3,173876442571,2496006,0
173.881,6,173878983577,2496006,0
173.884,5,173881515583,2496006,0
173.887,8,173884038589,2496006,0
173.889,10,173886561595,2469000,1
173.889,5,173886561595,2469000,1
173.892,3,173889037595,2469000,1
173.892,18,173889037595,2469000,1
173.894,20,173891504595,2496006,0
173.896,23,173894027601,2469000,1
173.896,20,173894027601,2469000,1
173.899,14,173896494601,2496006,0
173.904,6,173901540613,2496006,0
173.907,10,173904090619,2496006,0
173.909,10,173906622625,2496006,0
173.912,8,173909145631,2469000,1
173.912,20,173909145631,2469000,1
173.914,6,173911612631,2469000,1
173.914,14,173911612631,2469000,1
173.914,7,173911612631,2469000,1
173.917,8,173914088631,2496006,0
173.919,10,173916620637,2496006,0
173.922,18,173919152643,2496006,0
173.924,3,173921988649,2496006,0
173.927,18,173924556655,2469000,1
173.927,8,173924556655,2469000,1
173.93,5,173927032655,2469000,1
173.93,14,173927032655,2469000,1
173.932,10,173929499655,2496006,0
173.935,21,173932067661,2496006,0
173.937,3,173934590667,2496006,0
173.94,10,173937140673,2469000,1
173.94,18,173937140673,2469000,1
173.94,14,173937140673,2469000,1
173.942,6,173939607673,2496006,0
173.945,15,173942139679,2496006,0
173.947,21,173944662685,2469000,1
173.947,15,173944662685,2469000,1
173.95,3,173947129685,2496006,0
173.952,4,173949992691,2496006,0
173.955,8,173952524697,2496006,0
173.958,3,173955047703,2496006,0
173.96,5,173957570709,2496006,0
173.963,18,173960093715,2469000,1
173.963,15,173960093715,2469000,1
173.965,11,173962560715,2496006,0
173.968,6,173965083721,2496006,0
173.97,23,173967606727,2469000,1
173.97,10,173967606727,2469000,1
173.973,4,173970073727,2469000,1
173.973,20,173970073727,2469000,1
173.975,5,173972576727,2496006,0
173.978,8,173975099733,2496006,0
173.98,21,173977622739,2469000,1
173.98,3,173977622739,2469000,1
173.983,6,173980089739,2496006,0
173.985,11,173982630745,2496006,0
173.988,8,173985153751,2469000,1
173.99,3,173987620751,2496006,0
173.993,5,173990152757,2496006,0
173.995,11,173992675763,2469000,1
173.995,7,173992675763,2469000,1
173.998,4,173995142763,2496006,0
174,19,173997674769,2496006,0
174.003,5,174000206775,2496006,0
174.005,6,174002747781,2496006,0
174.008,4,174005270787,2469000,1
174.008,14,174005270787,2469000,1
174.01,19,174007737787,2496006,0
174.013,3,174010260793,2496006,0
174.015,13,174012783799,2469000,1
174.015,10,174012783799,2469000,1
174.018,15,174015250799,2496006,0
174.02,18,174017773805,2496006,0
174.023,21,174020296811,2496006,0
174.026,2,174023141817,2469000,1
174.026,15,174023141817,2469000,1
174.028,6,174025608817,2496006,0
174.031,6,174028131823,2496006,0
174.033,8,174030654829,2469000,1
174.033,5,174030654829,2469000,1
174.033,4,174030654829,2469000,1
174.036,19,174033148829,2496006,0
174.038,17,174035671835,2469000,1
174.038,5,174035671835,2469000,1
174.041,18,174038138835,2469000,1
174.041,3,174038138835,2469000,1
174.043,21,174040605835,2496006,0
174.046,14,174043137841,2496006,0
174.048,11,174045669847,2469000,1
174.048,6,174045669847,2469000,1
174.048,21,174045669847,2469000,1
174.051,14,174048136847,2469000,1
174.053,14,174050605847,2496006,0
174.056,3,174053459853,2496006,0
174.061,4,174058514865,2496006,0
174.064,15,174061037871,2469000,1
174.064,19,174061037871,2469000,1
174.066,3,174063504871,2496006,0
174.069,14,174066027877,2496006,0
174.071,4,174068586883,2496006,0
174.074,14,174071118889,2496006,0
174.076,3,174073650895,2469000,1
174.076,6,174073650895,2469000,1
174.079,4,174076117895,2469000,1
174.079,14,174076117895,2469000,1
174.081,18,174078584895,2496006,0
174.084,6,174081107901,2496006,0
174.086,4,174083639907,2469000,1
174.086,6,174083639907,2469000,1
174.089,19,174086115907,2469000,1
174.089,14,174086115907,2469000,1
174.091,23,174088600907,2496006,0
174.094,18,174091132913,2469000,1
174.094,21,174091132913,2469000,1
174.094,15,174091132913,2469000,1
174.094,23,174091132913,2469000,1
174.096,18,174093601913,2496006,0
174.099,23,174096133919,2496006,0
174.101,23,174098674925,2496006,0
174.104,6,174101197931,2469000,1
174.104,21,174101197931,2469000,1
174.106,8,174103682931,2469000,1
174.106,4,174103682931,2469000,1
174.109,20,174106167931,2496006,0
174.111,18,174108690937,2496006,0
174.114,3,174111222943,2496006,0
174.116,14,174113754949,2469000,1
174.116,23,174113754949,2469000,1
174.121,11,174118762955,2496006,0
174.124,5,174121285961,2496006,0
174.126,5,174123808967,2496006,0
174.129,3,174126644973,2496006,0
174.132,18,174129167979,2469000,1
174.132,19,174129167979,2469000,1
174.132,20,174129167979,2469000,1
174.134,18,174131643979,2496006,0
174.137,6,174134166985,2469000,1
174.137,23,174134166985,2469000,1
174.139,11,174136633985,2496006,0
174.142,1,174139174991,2496006,0
174.144,11,174141715997,2496006,0
174.147,5,174144239003,2469000,1
174.147,6,174144239003,2469000,1
174.149,3,174146706003,2496006,0
174.152,18,174149247009,2496006,0
174.154,10,174151779015,2469000,1
174.154,15,174151779015,2469000,1
174.157,11,174154595021,2496006,0
174.16,18,174157118027,2469000,1
174.16,3,174157118027,2469000,1
174.16,1,174157118027,2469000,1
174.162,20,174159630027,2496006,0
174.165,18,174162198033,2496006,0
174.167,5,174164721039,2469000,1
174.17,11,174167197039,2496006,0
174.172,1,174169729045,2469000,1
174.172,11,174169729045,2469000,1
174.175,20,174172223045,2496006,0
174.177,22,174174764051,2469000,1
174.177,3,174174764051,2469000,1
174.18,18,174177240051,2496006,0
174.182,22,174179763057,2496006,0
174.185,14,174182295063,2496006,0
174.187,20,174184818069,2469000,1
174.187,11,174184818069,2469000,1
174.19,14,174187285069,2496006,0
174.192,23,174189853075,2496006,0
174.195,23,174192376081,2496006,0
174.197,18,174194917087,2496006,0
174.2,1,174197440093,2496006,0
174.202,22,174199963099,2496006,0
174.205,18,174202495105,2496006,0
174.207,14,174205027111,2469000,1
174.207,20,174205027111,2469000,1
174.21,19,174207494111,2496006,0
174.212,4,174210017117,2469000,1
174.212,3,174210017117,2469000,1
174.215,23,174212484117,2496006,0
174.218,1,174215025123,2496006,0
174.22,8,174217548129,2496006,0
174.223,1,174220080135,2496006,0
174.225,22,174222603141,2496006,0
174.228,19,174225135147,2496006,0
174.23,23,174227980153,2469000,1
174.23,18,174227980153,2469000,1
174.233,13,174230465153,2496006,0
174.235,1,174232988159,2496006,0
174.238,19,174235511165,2469000,1
174.238,8,174235511165,2469000,1
174.24,22,174237978165,2469000,1
174.24,23,174237978165,2469000,1
174.24,8,174237980165,2469000,1
174.243,20,174240447165,2496006,0
174.245,13,174242979171,2496006,0
174.248,19,174245511177,2469000,1
174.248,20,174245511177,2469000,1
174.25,1,174247987177,2496006,0
174.253,5,174250510183,2469000,1
174.253,14,174250510183,2469000,1
174.255,13,174252986183,2496006,0
174.258,22,174255509189,2496006,0
174.261,9,174258345195,2469000,1
174.261,11,174258345195,2469000,1
174.263,19,174260830195,2496006,0
174.266,23,174263353201,2469000,1
174.268,13,174265829201,2469000,1
174.268,21,174265829201,2469000,1
174.268,18,174265829201,2469000,1
174.271,1,174268296201,2496006,0
174.276,22,174273369213,2496006,0
174.278,14,174275901219,2496006,0
174.281,1,174278424225,2469000,1
174.281,19,174278424225,2469000,1
174.281,13,174278424225,2469000,1
174.281,14,174278424225,2469000,1
174.283,14,174280893225,2496006,0
174.286,22,174283416231,2496006,0
174.288,22,174285957237,2496006,0
174.291,7,174288489243,2496006,0
174.293,19,174291012249,2469000,1
174.293,7,174291012249,2469000,1
174.296,22,174293479249,2496006,0
174.298,20,174296002255,2496006,0
174.301,17,174298561261,2469000,1
174.301,8,174298561261,2469000,1
174.304,14,174301037261,2496006,0
174.306,22,174303560267,2469000,1
174.306,9,174303560267,2469000,1
174.309,11,174306036267,2469000,1
174.309,1,174306036267,2469000,1
174.311,3,174308512267,2469000,1
174.311,20,174308512267,2469000,1
174.313,6,174310979267,2496006,0
174.316,18,174313511273,2496006,0
174.319,18,174316034279,2496006,0
174.321,15,174318566285,2496006,0
174.324,7,174321089291,2496006,0
174.326,14,174323612297,2496006,0
174.329,22,174326144303,2496006,0
174.331,6,174328667309,2496006,0
174.334,8,174331503315,2469000,1
174.334,22,174331503315,2469000,1
174.334,6,174331503315,2469000,1
174.339,15,174336493321,2496006,0
174.342,10,174339016327,2496006,0
174.344,7,174341539333,2469000,1
174.344,18,174341539333,2469000,1
174.344,6,174341539333,2469000,1
174.347,18,174344008333,2496006,0
174.349,18,174346531339,2496006,0
174.352,14,174349063345,2496006,0
174.354,15,174351586351,2469000,1
174.354,20,174351586351,2469000,1
174.357,13,174354062351,2469000,1
174.357,7,174354062351,2469000,1
174.359,13,174356538351,2496006,0
174.362,18,174359392357,2469000,1
174.362,10,174359392357,2469000,1
174.364,14,174361868357,2496006,0
174.367,19,174364400363,2469000,1
174.367,14,174364400363,2469000,1
174.369,2,174366867363,2496006,0
174.372,13,174369390369,2496006,0
174.374,14,174371940375,2496006,0
174.377,13,174374463381,2496006,0
174.379,22,174376986387,2469000,1
174.379,15,174376986387,2469000,1
174.379,14,174376986387,2469000,1
174.382,18,174379453387,2496006,0
174.384,2,174381985393,2469000,1
174.384,4,174381985393,2469000,1
174.387,1,174384461393,2496006,0
174.389,18,174386984399,2496006,0
174.392,14,174389507405,2496006,0
174.395,13,174392030411,2496006,0
174.397,23,174394553417,2469000,1
174.397,13,174394553417,2469000,1
174.4,2,174397029417,2496006,0
174.402,18,174399552423,2496006,0
174.405,10,174402075429,2469000,1
174.405,2,174402075429,2469000,1
174.407,14,174404542429,2469000,1
174.407,7,174404542429,2469000,1
174.41,18,174407018429,2496006,0
174.415,1,174412082441,2496006,0
174.417,1,174414632447,2496006,0
174.42,3,174417173453,2469000,1
174.42,15,174417173453,2469000,1
174.422,19,174419640453,2496006,0
174.425,18,174422163459,2496006,0
174.427,13,174424695465,2496006,0
174.43,5,174427218471,2496006,0
174.432,10,174429750477,2469000,1
174.432,2,174429750477,2469000,1
174.435,19,174432530483,2469000,1
174.435,5,174432530483,2469000,1
174.437,13,174434997483,2469000,1
174.437,18,174434997483,2469000,1
174.44,6,174437482483,2469000,1
174.44,1,174437482483,2469000,1
174.442,14,174439967483,2496006,0
174.445,20,174442499489,2469000,1
174.445,22,174442499489,2469000,1
174.447,19,174445029489,2469000,1
174.447,5,174445029489,2469000,1
174.45,14,174447505489,2496006,0
174.453,19,174450082495,2496006,0
174.455,1,174452605501,2496006,0
174.458,1,174455128507,2496006,0
174.46,14,174457651513,2496006,0
174.463,18,174460174519,2496006,0
174.466,13,174463010525,2496006,0
174.468,19,174465542531,2469000,1
174.468,14,174465542531,2469000,1
174.473,6,174470541537,2496006,0
174.476,1,174473064543,2496006,0
174.478,13,174475632549,2496006,0
174.481,13,174478155555,2496006,0
174.483,1,174480687561,2469000,1
174.483,18,174480687561,2469000,1
174.486,6,174483181561,2496006,0
174.488,7,174485713567,2469000,1
174.488,19,174485713567,2469000,1
174.491,10,174488180567,2469000,1
174.491,19,174488182567,2469000,1
174.493,2,174490649567,2496006,0
174.496,13,174493172573,2496006,0
174.498,6,174495731579,2496006,0
174.501,5,174498263585,2496006,0
174.503,2,174500786591,2469000,1
174.503,14,174500786591,2469000,1
174.506,13,174503280591,2496006,0
174.508,18,174505803597,2496006,0
174.511,21,174508326603,2496006,0
174.513,15,174510858609,2496006,0
174.516,6,174513381615,2496006,0
174.518,17,174515904621,2496006,0
174.521,21,174518427627,2469000,1
174.521,13,174518427627,2469000,1
174.521,5,174518427627,2469000,1
174.521,15,174518427627,2469000,1
174.523,18,174520894627,2496006,0
174.526,1,174523417633,2496006,0
174.531,5,174528463645,2469000,1
174.531,1,174528463645,2469000,1
174.533,13,174530966645,2496006,0
174.536,23,174533498651,2469000,1
174.536,21,174533498651,2469000,1
174.539,17,174536278657,2496006,0
174.541,18,174538801663,2469000,1
174.541,6,174538801663,2469000,1
174.541,15,174538801663,2469000,1
174.544,5,174541304663,2496006,0
174.546,13,174543836669,2469000,1
174.546,17,174543836669,2469000,1
174.546,18,174543836669,2469000,1
174.549,20,174546303669,2469000,1
174.549,2,174546303669,2469000,1
174.551,20,174548779669,2496006,0
174.554,20,174551338675,2496006,0
174.556,14,174553870681,2469000,1
174.556,5,174553870681,2469000,1
174.559,1,174556337681,2469000,1
174.559,17,174556337681,2469000,1
174.559,20,174556337681,2469000,1
174.561,15,174558804681,2496006,0
174.564,17,174561345687,2496006,0
174.567,6,174564181693,2496006,0
174.569,20,174566704699,2496006,0
174.572,13,174569254705,2496006,0
174.574,3,174571786711,2496006,0
174.577,15,174574309717,2469000,1
174.577,17,174574309717,2469000,1
174.582,3,174579299723,2496006,0
174.584,13,174581831729,2496006,0
174.587,6,174584363735,2496006,0
174.589,20,174586895741,2496006,0
174.592,13,174589418747,2469000,1
174.592,3,174589418747,2469000,1
174.594,5,174591894747,2496006,0
174.597,6,174594417753,2496006,0
174.599,17,174596940759,2469000,1
174.599,5,174596940759,2469000,1
174.602,1,174599416759,2496006,0
174.604,22,174601966765,2469000,1
174.604,15,174601966765,2469000,1
174.607,21,174604451765,2469000,1
174.607,20,174604451765,2469000,1
174.609,3,174606918765,2496006,0
174.612,6,174609450771,2469000,1
174.612,5,174609450771,2469000,1
174.614,1,174611917771,2496006,0
174.617,2,174614440777,2469000,1
174.617,3,174614440777,2469000,1
174.619,20,174616907777,2496006,0
174.622,13,174619430783,2496006,0
174.624,21,174621953789,2496006,0
174.627,8,174624476795,2469000,1
174.627,18,174624476795,2469000,1
174.627,21,174624476795,2469000,1
174.629,1,174626952795,2496006,0
174.632,13,174629475801,2496006,0
174.634,10,174631998807,2496006,0
174.64,13,174637375819,2469000,1
174.64,11,174637375819,2469000,1
174.642,10,174639842819,2469000,1
174.642,1,174639842819,2469000,1
174.645,20,174642327819,2496006,0
174.647,3,174644850825,2496006,0
174.65,3,174647409831,2496006,0
174.652,20,174649932837,2469000,1
174.652,1,174649932837,2469000,1
174.655,19,174652417837,2496006,0
174.657,17,174654940843,2469000,1
174.657,10,174654940843,2469000,1
174.66,1,174657407843,2496006,0
174.662,6,174659930849,2496006,0
174.665,19,174662471855,2469000,1
174.665,21,174662471855,2469000,1
174.667,13,174664947855,2496006,0
174.67,6,174667783861,2496006,0
174.673,3,174670315867,2469000,1
174.673,10,174670315867,2469000,1
174.675,1,174672791867,2496006,0
174.678,20,174675359873,2496006,0
174.68,20,174677900879,2496006,0
174.683,13,174680423885,2469000,1
174.683,6,174680423885,2469000,1
174.685,1,174682908885,2469000,1
174.685,15,174682908885,2469000,1
174.69,20,174687907891,2496006,0
174.693,19,174690448897,2496006,0
174.695,5,174692971903,2496006,0
174.698,13,174695494909,2496006,0
174.701,5,174698026915,2496006,0
174.703,19,174700558921,2469000,1
174.703,3,174700558921,2469000,1
174.705,14,174703025921,2469000,1
174.705,18,174703025921,2469000,1
174.705,15,174703025921,2469000,1
174.708,6,174705492921,2496006,0
174.711,13,174708015927,2496006,0
174.713,5,174710538933,2496006,0
174.716,20,174713070939,2496006,0
174.718,5,174715593945,2496006,0
174.721,21,174718116951,2469000,1
174.721,5,174718116951,2469000,1
174.723,6,174720610951,2496006,0
174.726,20,174723133957,2496006,0
174.728,17,174725656963,2496006,0
174.731,13,174728188969,2496006,0
174.733,1,174730720975,2496006,0
174.736,20,174733243981,2469000,1
174.736,5,174733243981,2469000,1
174.738,6,174735710981,2496006,0
174.741,1,174738251987,2469000,1
174.741,17,174738251987,2469000,1
174.741,19,174738251987,2469000,1
174.744,17,174741049993,2469000,1
174.746,13,174743525993,2496006,0
174.749,20,174746066999,2496006,0
174.751,6,174748608005,2496006,0
174.754,5,174751158011,2496006,0
174.756,10,174753681017,2496006,0
174.759,7,174756222023,2496006,0
174.761,13,174758745029,2496006,0
174.764,1,174761277035,2496006,0
174.766,20,174763800041,2496006,0
174.769,6,174766332047,2496006,0
174.772,6,174769177053,2496006,0
174.774,10,174771700059,2469000,1
174.774,2,174771700059,2469000,1
174.774,5,174771700059,2469000,1
174.777,3,174774194059,2496006,0
174.779,7,174776717065,2469000,1
174.779,5,174776717065,2469000,1
174.782,13,174779202065,2496006,0
174.784,1,174781725071,2469000,1
174.784,20,174781725071,2469000,1
174.787,1,174784194071,2496006,0
174.789,5,174786717077,2496006,0
174.792,3,174789240083,2469000,1
174.792,1,174789240083,2469000,1
174.794,6,174791725083,2469000,1
174.797,5,174794201083,2469000,1
174.797,7,174794201083,2469000,1
174.797,13,174794201083,2469000,1
174.799,10,174796668083,2496006,0
174.802,3,174799191089,2496006,0
174.804,10,174801714095,2496006,0
174.807,20,174804237101,2469000,1
174.807,13,174804237101,2469000,1
174.809,19,174806704101,2496006,0
174.812,5,174809227107,2496006,0
174.814,10,174811768113,2469000,1
174.814,17,174811768113,2469000,1
174.817,1,174814235113,2469000,1
174.817,13,174814235113,2469000,1
174.819,5,174816702113,2469000,1
174.819,6,174816702113,2469000,1
174.822,3,174819169113,2496006,0
174.824,17,174821701119,2496006,0
174.827,15,174824224125,2496006,0
174.829,15,174826747131,2496006,0
174.832,19,174829270137,2496006,0
174.834,20,174831802143,2496006,0
174.837,6,174834325149,2496006,0
174.839,3,174836848155,2496006,0
174.842,17,174839371161,2496006,0
174.845,20,174842216167,2469000,1
174.845,7,174842216167,2469000,1
174.847,19,174844683167,2469000,1
174.847,11,174844683167,2469000,1
174.85,10,174847150167,2496006,0
174.852,6,174849673173,2469000,1
174.852,21,174849673173,2469000,1
174.852,5,174849673173,2469000,1
174.855,6,174852142173,2496006,0
174.857,10,174854683179,2469000,1
174.857,17,174854683179,2469000,1
174.86,15,174857150179,2496006,0
174.865,3,174862214191,2469000,1
174.865,19,174862214191,2469000,1
174.867,14,174864708191,2496006,0
174.87,5,174867240197,2469000,1
174.87,6,174867240197,2469000,1
174.872,23,174869707197,2469000,1
174.872,3,174869707197,2469000,1
174.875,18,174872496203,2496006,0
174.877,14,174875028209,2469000,1
174.877,15,174875028209,2469000,1
174.88,20,174877495209,2469000,1
174.88,18,174877495209,2469000,1
174.882,17,174879971209,2496006,0
174.885,14,174882494215,2496006,0
174.888,22,174885071221,2469000,1
174.888,3,174885071221,2469000,1
174.89,12,174887538221,2469000,1
174.89,6,174887538221,2469000,1
174.89,15,174887538221,2469000,1
174.89,18,174887538221,2469000,1
174.893,10,174890005221,2496006,0
174.895,14,174892528227,2496006,0
174.898,15,174895051233,2496006,0
174.9,14,174897583239,2496006,0
174.903,10,174900115245,2469000,1
174.903,17,174900115245,2469000,1
174.905,14,174902582245,2496006,0
174.908,11,174905123251,2496006,0
174.91,20,174907655257,2469000,1
174.91,11,174907655257,2469000,1
174.913,14,174910122257,2469000,1
174.913,6,174910122257,2469000,1
174.915,16,174912589257,2469000,1
174.915,1,174912589257,2469000,1
174.918,15,174915083257,2496006,0
174.92,17,174917615263,2496006,0
174.925,19,174922688275,2469000,1
174.925,5,174922688275,2469000,1
174.928,15,174925182275,2496006,0
174.93,17,174927732281,2469000,1
174.93,10,174927732281,2469000,1
174.933,21,174930199281,2469000,1
174.933,6,174930199281,2469000,1
174.935,17,174932666281,2496006,0
174.938,11,174935198287,2469000,1
174.938,14,174935198287,2469000,1
174.94,15,174937701287,2496006,0
174.943,14,174940233293,2496006,0
174.945,15,174942774299,2469000,1
174.945,17,174942774299,2469000,1
174.948,7,174945563305,2496006,0
174.951,13,174948086311,2496006,0
174.953,11,174950609317,2496006,0
174.956,17,174953132323,2496006,0
174.958,11,174955664329,2496006,0
174.961,14,174958187335,2469000,1
174.961,17,174958187335,2469000,1
174.963,6,174960663335,2496006,0
174.966,14,174963195341,2469000,1
174.966,6,174963195341,2469000,1
174.968,1,174965680341,2496006,0
174.971,18,174968203347,2496006,0
174.973,11,174970726353,2496006,0
174.976,7,174973562359,2469000,1
174.976,13,174973562359,2469000,1
174.978,15,174976029359,2469000,1
174.981,18,174978505359,2469000,1
174.981,17,174978505359,2469000,1
174.981,6,174978505359,2469000,1
174.983,14,174980981359,2496006,0
174.986,1,174983513365,2469000,1
174.986,11,174983513365,2469000,1
174.989,18,174986025365,2496006,0
174.991,12,174988557371,2469000,1
174.991,18,174988557371,2469000,1
174.994,14,174991060371,2496006,0
174.996,3,174993583377,2469000,1
174.996,11,174993583377,2469000,1
174.999,1,174996050377,2496006,0
175.001,10,174998573383,2496006,0
175.004,13,175001096389,2496006,0
175.006,7,175003628395,2469000,1
175.006,6,175003628395,2469000,1
175.006,12,175003628395,2469000,1
175.006,13,175003628395,2469000,1
175.009,1,175006095395,2496006,0
175.011,7,175008636401,2496006,0
175.014,10,175011159407,2469000,1
175.014,14,175011159407,2469000,1
175.014,7,175011159407,2469000,1
175.016,1,175013626407,2496006,0
175.019,1,175016149413,2496006,0
175.021,12,175018699419,2496006,0
175.024,10,175021222425,2496006,0
175.026,10,175023745431,2496006,0
175.029,18,175026268437,2496006,0
175.034,10,175031332449,2469000,1
175.034,1,175031332449,2469000,1
175.034,14,175031332449,2469000,1
175.036,12,175033808449,2496006,0
175.039,20,175036340455,2496006,0
175.041,12,175038863461,2496006,0
175.044,13,175041386467,2496006,0
175.046,18,175043936473,2496006,0
175.049,13,175046781479,2496006,0
175.052,14,175049304485,2496006,0
175.054,15,175051836491,2496006,0
175.057,13,175054368497,2469000,1
175.057,12,175054368497,2469000,1
175.057,4,175054368497,2469000,1
175.057,11,175054368497,2469000,1
175.059,7,175056844497,2469000,1
175.059,10,175056844497,2469000,1
175.059,20,175056844497,2469000,1
175.062,18,175059311497,2496006,0
175.064,18,175061834503,2496006,0
175.067,19,175064357509,2469000,1
175.067,17,175064357509,2469000,1
175.069,20,175066824509,2496006,0
175.072,14,175069347515,2469000,1
175.072,1,175069347515,2469000,1
175.072,20,175069347515,2469000,1
175.074,15,175071823515,2469000,1
175.074,20,175071823515,2469000,1
175.077,18,175074317515,2496006,0
175.08,5,175077162521,2496006,0
175.082,15,175079685527,2496006,0
175.085,18,175082226533,2469000,1
175.085,13,175082226533,2469000,1
175.087,5,175084693533,2469000,1
175.087,7,175084693533,2469000,1
175.09,2,175087178533,2496006,0
175.092,12,175089737539,2496006,0
175.095,2,175092287545,2469000,1
175.095,15,175092287545,2469000,1
175.097,14,175094763545,2469000,1
175.097,5,175094763545,2469000,1
175.1,11,175097239545,2496006,0
175.102,10,175099780551,2469000,1
175.102,12,175099780551,2469000,1
175.105,7,175102247551,2496006,0
175.107,11,175104779557,2496006,0
175.11,18,175107329563,2496006,0
175.112,6,175109870569,2496006,0
175.115,17,175112393575,2496006,0
175.117,18,175114934581,2469000,1
175.117,17,175114934581,2469000,1
175.12,11,175117401581,2496006,0
175.122,8,175119933587,2469000,1
175.122,2,175119933587,2469000,1
175.122,7,175119933587,2469000,1
175.125,15,175122400587,2496006,0
175.13,1,175127455599,2496006,0
175.132,6,175129978605,2469000,1
175.132,13,175129978605,2469000,1
175.135,19,175132481605,2496006,0
175.138,19,175135013611,2496006,0
175.14,15,175137536617,2469000,1
175.14,14,175137536617,2469000,1
175.14,17,175137536617,2469000,1
175.14,19,175137536617,2469000,1
175.142,11,175140003617,2496006,0
175.145,12,175142526623,2469000,1
175.145,7,175142526623,2469000,1
175.145,1,175142526623,2469000,1
175.147,15,175144993623,2496006,0
175.15,20,175147516629,2496006,0
175.153,6,175150361635,2496006,0
175.155,11,175152884641,2496006,0
175.158,5,175155434647,2496006,0
175.16,11,175157957653,2469000,1
175.16,15,175157957653,2469000,1
175.163,6,175160433653,2469000,1
175.163,18,175160433653,2469000,1
175.163,20,175160433653,2469000,1
175.165,15,175162900653,2496006,0
175.168,17,175165432659,2469000,1
175.168,18,175165432659,2469000,1
175.17,11,175167899659,2496006,0
175.173,15,175170431665,2469000,1
175.173,5,175170431665,2469000,1
175.173,6,175170431665,2469000,1
175.178,12,175175430671,2496006,0
175.181,10,175178266677,2496006,0
175.183,12,175180834683,2469000,1
175.183,1,175180834683,2469000,1
175.186,2,175183301683,2469000,1
175.186,7,175183301683,2469000,1
175.186,11,175183301683,2469000,1
175.188,19,175185768683,2496006,0
175.191,6,175188291689,2469000,1
175.191,12,175188291689,2469000,1
175.193,15,175190758689,2496006,0
175.196,2,175193281695,2496006,0
175.198,11,175195804701,2496006,0
175.201,20,175198327707,2469000,1
175.201,2,175198327707,2469000,1
175.203,11,175200794707,2496006,0
175.206,10,175203326713,2496006,0
175.208,19,175205849719,2496006,0
175.211,6,175208381725,2496006,0
175.213,6,175210913731,2496006,0
175.216,19,175213436737,2496006,0
175.218,10,175215959743,2496006,0
175.221,17,175218482749,2496006,0
175.224,15,175221005755,2496006,0
175.226,17,175223528761,2496006,0
175.229,11,175226051767,2496006,0
175.231,5,175228574773,2496006,0
175.234,6,175231097779,2496006,0
175.236,13,175233620785,2469000,1
175.236,6,175233620785,2469000,1
175.239,5,175236087785,2496006,0
175.241,10,175238610791,2496006,0
175.244,6,175241133797,2496006,0
175.249,19,175246179809,2469000,1
175.249,5,175246179809,2469000,1
175.251,2,175248664809,2496006,0
175.254,6,175251500815,2469000,1
175.254,15,175251500815,2469000,1
175.256,17,175253976815,2496006,0
175.259,11,175256508821,2496006,0
175.262,10,175259040827,2496006,0
175.264,2,175261572833,2469000,1
175.264,11,175261572833,2469000,1
175.267,10,175264066833,2496006,0
175.269,17,175266589839,2469000,1
175.269,18,175266589839,2469000,1
175.272,15,175269101839,2496006,0
175.274,3,175271624845,2469000,1
175.274,19,175271624845,2469000,1
175.274,5,175271624845,2469000,1
175.274,6,175271624845,2469000,1
175.277,1,175274100845,2469000,1
175.277,17,175274100845,2469000,1
175.279,2,175276576845,2496006,0
175.282,12,175279099851,2496006,0
175.284,20,175281953857,2469000,1
175.284,10,175281953857,2469000,1
175.287,12,175284438857,2496006,0
175.289,12,175286961863,2496006,0
175.292,2,175289484869,2496006,0
175.295,15,175292007875,2496006,0
175.297,11,175294530881,2496006,0
175.3,14,175297053887,2496006,0
175.302,11,175299585893,2496006,0
175.305,14,175302135899,2469000,1
175.305,12,175302135899,2469000,1
175.307,10,175304611899,2469000,1
175.31,15,175307078899,2496006,0
175.312,11,175309601905,2469000,1
175.312,2,175309601905,2469000,1
175.315,4,175312095905,2496006,0
175.317,12,175314636911,2496006,0
175.32,4,175317168917,2496006,0
175.322,4,175319709923,2496006,0
175.325,15,175322241929,2496006,0
175.327,12,175324764935,2469000,1
175.327,15,175324764935,2469000,1
175.33,17,175327231935,2496006,0
175.332,11,175329754941,2469000,1
175.332,17,175329754941,2469000,1
175.335,12,175332221941,2496006,0
175.337,14,175334744947,2496006,0
175.34,4,175337285953,2469000,1
175.34,7,175337285953,2469000,1
175.34,15,175337285953,2469000,1
175.342,2,175339752953,2496006,0
175.345,6,175342275959,2496006,0
175.347,9,175344816965,2496006,0
175.35,6,175347348971,2496006,0
175.352,20,175349880977,2469000,1
175.352,12,175349880977,2469000,1
175.352,14,175349880977,2469000,1
175.352,9,175349880977,2469000,1
175.355,15,175352347977,2496006,0
175.358,5,175355201983,2496006,0
175.36,2,175357733989,2496006,0
175.363,15,175360256995,2469000,1
175.363,19,175360256995,2469000,1
175.365,5,175362741995,2469000,1
175.368,4,175365217995,2469000,1
175.368,6,175365217995,2469000,1
175.368,15,175365217995,2469000,1
175.37,2,175367702995,2496006,0
175.373,17,175370235001,2469000,1
175.373,12,175370235001,2469000,1
175.375,14,175372702001,2496006,0
175.378,4,175375225007,2496006,0
175.38,10,175377784013,2496006,0
175.383,5,175380307019,2496006,0
175.386,2,175383143025,2496006,0
175.388,12,175385666031,2469000,1
175.388,5,175385666031,2469000,1
175.391,4,175388142031,2496006,0
175.393,14,175390665037,2469000,1
175.393,9,175390665037,2469000,1
175.396,10,175393132037,2496006,0
175.398,5,175395655043,2496006,0
175.401,4,175398187049,2469000,1
175.401,7,175398187049,2469000,1
175.401,6,175398187049,2469000,1
175.403,4,175400663049,2496006,0
175.406,2,175403186055,2496006,0
175.408,2,175405718061,2496006,0
175.411,10,175408250067,2496006,0
175.413,1,175410773073,2469000,1
175.413,10,175410773073,2469000,1
175.416,20,175413240073,2496006,0
175.418,15,175415763079,2469000,1
175.418,5,175415763079,2469000,1
175.421,11,175418239079,2496006,0
175.423,2,175420780085,2469000,1
175.423,4,175420780085,2469000,1
175.426,11,175423247085,2496006,0
175.431,17,175428311097,2496006,0
175.433,10,175430852103,2469000,1
175.433,20,175430852103,2469000,1
175.436,14,175433328103,2496006,0
175.438,5,175435887109,2469000,1
175.438,11,175435887109,2469000,1
175.441,17,175438372109,2496006,0
175.443,4,175440895115,2496006,0
175.446,14,175443427121,2496006,0
175.448,4,175445950127,2496006,0
175.451,14,175448473133,2496006,0
175.454,17,175451014139,2496006,0
175.456,14,175453537145,2496006,0
175.459,5,175456373151,2496006,0
175.461,11,175458896157,2496006,0
175.464,2,175461428163,2496006,0
175.466,20,175463969169,2496006,0
175.469,14,175466492175,2496006,0
175.472,11,175469024181,2496006,0
175.474,2,175471547187,2469000,1
175.474,17,175471547187,2469000,1
175.474,4,175471547187,2469000,1
175.477,20,175474014187,2496006,0
175.479,5,175476537193,2496006,0
175.482,14,175479060199,2496006,0
175.484,11,175481583205,2469000,1
175.484,9,175481583205,2469000,1
175.487,20,175484059205,2469000,1
175.487,6,175484059205,2469000,1
175.492,5,175489389217,2469000,1
175.492,17,175489389217,2469000,1
175.494,2,175491856217,2496006,0
175.497,14,175494379223,2496006,0
175.499,7,175496956229,2496006,0
175.502,19,175499497235,2496006,0
175.504,11,175502020241,2469000,1
175.504,5,175502020241,2469000,1
175.507,14,175504487241,2496006,0
175.51,4,175507019247,2496006,0
175.512,10,175509542253,2469000,1
175.512,2,175509542253,2469000,1
175.515,14,175512018253,2496006,0
175.517,7,175514541259,2496006,0
175.52,19,175517064265,2496006,0
175.522,20,175519587271,2496006,0
175.525,4,175522119277,2496006,0
175.527,20,175524642283,2496006,0
175.53,19,175527174289,2496006,0
175.532,2,175529715295,2496006,0
175.535,7,175532238301,2496006,0
175.537,20,175534761307,2469000,1
175.537,2,175534761307,2469000,1
175.54,13,175537237307,2469000,1
175.54,12,175537237307,2469000,1
175.54,10,175537237307,2469000,1
175.54,14,175537237307,2469000,1
175.542,7,175539704307,2496006,0
175.545,19,175542227313,2496006,0
175.547,19,175544768319,2496006,0
175.55,4,175547291325,2496006,0
175.555,17,175552346337,2496006,0
175.557,14,175554896343,2496006,0
175.56,4,175557419349,2496006,0
175.563,20,175560255355,2469000,1
175.563,7,175560255355,2469000,1
175.565,17,175562722355,2496006,0
175.568,19,175565245361,2469000,1
175.568,17,175565245361,2469000,1
175.57,5,175567712361,2469000,1
175.57,17,175567714361,2469000,1
175.573,2,175570181361,2496006,0
175.575,11,175572722367,2496006,0
175.578,14,175575272373,2496006,0
175.58,4,175577804379,2496006,0
175.583,11,175580345385,2496006,0
175.585,15,175582868391,2496006,0
175.588,2,175585400397,2496006,0
175.591,4,175588236403,2469000,1
175.591,7,175588236403,2469000,1
175.593,9,175590712403,2496006,0
175.596,3,175593235409,2496006,0
175.598,2,175595758415,2469000,1
175.598,19,175595758415,2469000,1
175.601,22,175598243415,2469000,1
175.601,14,175598243415,2469000,1
175.603,9,175600710415,2469000,1
175.603,11,175600710415,2469000,1
175.606,15,175603204415,2496006,0
175.608,3,175605745421,2469000,1
175.608,14,175605745421,2469000,1
175.608,9,175605745421,2469000,1
175.611,9,175608214421,2496006,0
175.613,2,175610737427,2496006,0
175.616,19,175613260433,2469000,1
175.616,14,175613260433,2469000,1
175.618,20,175615745433,2496006,0
175.621,18,175618268439,2469000,1
175.621,4,175618268439,2469000,1
175.623,5,175620735439,2496006,0
175.626,9,175623267445,2496006,0
175.628,20,175625790451,2469000,1
175.628,2,175625790451,2469000,1
175.631,15,175628257451,2469000,1
175.631,20,175628259451,2469000,1
175.633,5,175630735451,2469000,1
175.633,2,175630735451,2469000,1
175.636,21,175633220451,2496006,0
175.638,9,175635779457,2496006,0
175.641,7,175638302463,2496006,0
175.643,3,175640825469,2496006,0
175.646,17,175643348475,2469000,1
175.646,11,175643348475,2469000,1
175.646,20,175643348475,2469000,1
175.646,3,175643348475,2469000,1
175.648,21,175645815475,2469000,1
175.648,6,175645815475,2469000,1
175.651,9,175648291475,2496006,0
175.653,15,175650859481,2496006,0
175.656,9,175653391487,2496006,0
175.658,7,175655923493,2496006,0
175.661,5,175658446499,2496006,0
175.664,5,175661282505,2496006,0
175.666,15,175663814511,2469000,1
175.666,12,175663814511,2469000,1
175.666,3,175663814511,2469000,1
175.669,1,175666299511,2496006,0
175.671,4,175668822517,2496006,0
175.674,7,175671354523,2469000,1
175.674,9,175671354523,2469000,1
175.676,14,175673830523,2469000,1
175.676,5,175673830523,2469000,1
175.679,1,175676297523,2469000,1
175.679,7,175676297523,2469000,1
175.681,21,175678764523,2496006,0
175.684,1,175681305529,2496006,0
175.686,4,175683828535,2496006,0
175.689,9,175686351541,2496006,0
175.691,1,175688919547,2469000,1
175.691,20,175688919547,2469000,1
175.694,15,175691717553,2496006,0
175.697,21,175694240559,2496006,0
175.699,9,175696772565,2496006,0
175.702,5,175699295571,2496006,0
175.704,17,175701827577,2469000,1
175.704,11,175701827577,2469000,1
175.704,3,175701827577,2469000,1
175.704,4,175701827577,2469000,1
175.707,2,175704321577,2496006,0
175.709,15,175706844583,2496006,0
175.712,21,175709376589,2496006,0
175.714,9,175711917595,2496006,0
175.717,15,175714449601,2496006,0
175.719,5,175716972607,2469000,1
175.719,4,175716972607,2469000,1
175.722,2,175719439607,2496006,0
175.724,3,175721971613,2496006,0
175.727,21,175724494619,2496006,0
175.732,1,175729540631,2469000,1
175.732,4,175729540631,2469000,1
175.734,2,175732016631,2469000,1
175.734,10,175732016631,2469000,1
175.737,15,175734483631,2496006,0
175.74,9,175737006637,2496006,0
175.742,3,175739592643,2496006,0
175.745,9,175742124649,2469000,1
175.745,15,175742124649,2469000,1
175.745,7,175742124649,2469000,1
175.745,21,175742124649,2469000,1
175.747,5,175744618649,2496006,0
175.75,3,175747141655,2496006,0
175.752,9,175749673661,2496006,0
175.755,9,175752196667,2496006,0
175.757,3,175754728673,2496006,0
175.76,3,175757251679,2496006,0
175.762,5,175759783685,2469000,1
175.762,15,175759783685,2469000,1
175.765,9,175762250685,2469000,1
175.765,21,175762250685,2469000,1
175.768,3,175765030691,2496006,0
175.77,2,175767589697,2496006,0
175.773,21,175770130703,2496006,0
175.775,3,175772653709,2469000,1
175.775,19,175772653709,2469000,1
175.78,5,175777643715,2496006,0
175.783,21,175780193721,2469000,1
175.783,12,175780193721,2469000,1
175.785,11,175782660721,2496006,0
175.788,5,175785183727,2496006,0
175.79,21,175787715733,2496006,0
175.793,2,175790238739,2496006,0
175.796,9,175793092745,2496006,0
175.798,21,175795651751,2469000,1
175.798,2,175795651751,2469000,1
175.801,5,175798118751,2496006,0
175.803,1,175800641757,2469000,1
175.803,3,175800641757,2469000,1
175.806,11,175803117757,2496006,0
175.808,21,175805640763,2496006,0
175.811,9,175808163769,2496006,0
175.813,9,175810731775,2469000,1
175.813,21,175810731775,2469000,1
175.813,5,175810731775,2469000,1
175.816,21,175813207775,2496006,0
175.821,11,175818280787,2496006,0
175.823,21,175820857793,2496006,0
175.826,15,175823389799,2496006,0
175.828,2,175825912805,2496006,0
175.831,15,175828453811,2496006,0
175.833,21,175830976817,2469000,1
175.833,11,175830976817,2469000,1
175.836,2,175833443817,2469000,1
175.836,5,175833443817,2469000,1
175.836,21,175833445817,2469000,1
175.838,4,175835912817,2469000,1
175.838,1,175835912817,2469000,1
175.841,7,175838379817,2469000,1
175.841,9,175838379817,2469000,1
175.843,3,175840864817,2496006,0
175.846,15,175843396823,2496006,0
175.848,21,175845928829,2496006,0
175.851,3,175848460835,2496006,0
175.853,15,175850992841,2496006,0
175.859,21,175856056853,2496006,0
175.861,21,175858588859,2496006,0
175.864,11,175861138865,2496006,0
175.866,2,175863661871,2496006,0
175.869,3,175866497877,2496006,0
175.872,15,175869020883,2496006,0
175.874,2,175871543889,2496006,0
175.877,11,175874066895,2469000,1
175.877,21,175874066895,2469000,1
175.877,2,175874066895,2469000,1
175.879,3,175876578895,2496006,0
175.882,2,175879119901,2496006,0
175.884,2,175881669907,2496006,0
175.887,15,175884192913,2496006,0
175.889,3,175886715919,2496006,0
175.894,3,175891770931,2496006,0
175.897,5,175894302937,2496006,0
175.9,9,175897147943,2469000,1
175.9,21,175897147943,2469000,1
175.902,2,175899623943,2496006,0
175.905,3,175902146949,2469000,1
175.905,15,175902146949,2469000,1
175.907,5,175904613949,2496006,0
175.91,20,175907136955,2469000,1
175.91,11,175907136955,2469000,1
175.912,5,175909639955,2496006,0
175.915,2,175912162961,2496006,0
175.917,9,175914694967,2496006,0
175.92,9,175917226973,2496006,0
175.922,5,175919749979,2496006,0
175.925,5,175922281985,2496006,0
175.927,2,175924822991,2496006,0
175.932,6,175929878003,2496006,0
175.935,15,175932410009,2496006,0
175.937,11,175934951015,2469000,1
175.937,15,175934951015,2469000,1
175.94,2,175937418015,2469000,1
175.94,9,175937418015,2469000,1
175.942,5,175939885015,2469000,1
175.942,14,175939885015,2469000,1
175.945,21,175942379015,2469000,1
175.945,3,175942379015,2469000,1
175.947,15,175944846015,2496006,0
175.95,10,175947369021,2496006,0
175.952,6,175949901027,2496006,0
175.955,15,175952442033,2496006,0
175.957,10,175954974039,2496006,0
175.96,6,175957497045,2469000,1
175.96,9,175957497045,2469000,1
175.962,6,175959973045,2496006,0
175.965,15,175962496051,2496006,0
175.968,10,175965046057,2496006,0
175.973,15,175970441069,2496006,0
175.975,2,175972973075,2496006,0
175.978,5,175975505081,2469000,1
175.978,15,175975505081,2469000,1
175.98,6,175977972081,2496006,0
175.983,23,175980495087,2496006,0
175.986,15,175983018093,2496006,0
175.988,2,175985541099,2469000,1
175.988,17,175985541099,2469000,1
175.988,23,175985541099,2469000,1
175.991,21,175988008099,2496006,0
175.993,10,175990531105,2496006,0
175.996,15,175993072111,2496006,0
175.998,23,175995604117,2469000,1
175.998,15,175995604117,2469000,1
176.001,2,175998384123,2496006,0
176.003,6,176000907129,2496006,0
176.006,21,176003430135,2496006,0
176.008,16,176005953141,2496006,0
176.011,6,176008476147,2496006,0
176.014,9,176011008153,2496006,0
176.016,9,176013531159,2496006,0
176.019,19,176016063165,2496006,0
176.021,10,176018586171,2469000,1
176.021,9,176018586171,2469000,1
176.024,6,176021053171,2496006,0
176.026,21,176023585177,2469000,1
176.026,6,176023585177,2469000,1
176.029,23,176026070177,2469000,1
176.029,15,176026070177,2469000,1
176.029,2,176026070177,2469000,1
176.031,16,176028537177,2496006,0
176.034,3,176031069183,2469000,1
176.034,5,176031069183,2469000,1
176.036,10,176033536183,2496006,0
176.039,9,176036059189,2496006,0
176.041,16,176038582195,2496006,0
176.044,16,176041114201,2496006,0
176.046,19,176043637207,2469000,1
176.046,6,176043637207,2469000,1
176.049,15,176046122207,2496006,0
176.051,16,176048681213,2496006,0
176.054,10,176051204219,2496006,0
176.056,9,176053736225,2496006,0
176.059,10,176056259231,2496006,0
176.061,11,176058782237,2496006,0
176.064,16,176061305243,2469000,1
176.064,21,176061305243,2469000,1
176.066,10,176063772243,2496006,0
176.069,2,176066295249,2496006,0
176.071,15,176068818255,2496006,0
176.074,16,176071663261,2496006,0
176.079,10,176076727273,2469000,1
176.079,9,176076727273,2469000,1
176.079,23,176076727273,2469000,1
176.079,19,176076727273,2469000,1
176.082,21,176079194273,2496006,0
176.084,16,176081717279,2469000,1
176.084,11,176081717279,2469000,1
176.087,11,176084186279,2496006,0
176.089,21,176086709285,2496006,0
176.092,2,176089241291,2496006,0
176.094,15,176091782297,2469000,1
176.094,2,176091782297,2469000,1
176.097,21,176094249297,2496006,0
176.099,11,176096790303,2469000,1
176.099,1,176096790303,2469000,1
176.099,2,176096790303,2469000,1
176.102,10,176099588309,2496006,0
176.105,11,176102129315,2496006,0
176.107,20,176104652321,2469000,1
176.107,10,176104652321,2469000,1
176.11,9,176107137321,2469000,1
176.11,21,176107137321,2469000,1
176.112,11,176109604321,2469000,1
176.112,2,176109604321,2469000,1
176.115,22,176112089321,2496006,0
176.117,11,176114621327,2496006,0
176.12,15,176117144333,2496006,0
176.122,6,176119667339,2469000,1
176.122,16,176119667339,2469000,1
176.125,22,176122143339,2469000,1
176.125,19,176122143339,2469000,1
176.127,11,176124637339,2496006,0
176.13,10,176127160345,2469000,1
176.13,15,176127160345,2469000,1
176.132,20,176129627345,2469000,1
176.135,11,176132103345,2496006,0
176.137,15,176134635351,2496006,0
176.14,4,176137176357,2496006,0
176.142,15,176139717363,2469000,1
176.142,11,176139717363,2469000,1
176.145,21,176142211363,2469000,1
176.145,16,176142211363,2469000,1
176.147,22,176144696363,2496006,0
176.15,19,176147246369,2469000,1
176.15,15,176147246369,2469000,1
176.152,4,176149713369,2496006,0
176.155,22,176152245375,2496006,0
176.157,5,176154768381,2469000,1
176.157,22,176154768381,2469000,1
176.16,22,176157253381,2496006,0
176.162,4,176159776387,2469000,1
176.162,9,176159776387,2469000,1
176.165,6,176162243387,2469000,1
176.165,5,176162243387,2469000,1
176.167,2,176164710387,2496006,0
176.17,2,176167233393,2496006,0
176.172,22,176169756399,2469000,1
176.172,11,176169756399,2469000,1
176.175,13,176172223399,2496006,0
176.178,10,176175104405,2469000,1
176.18,22,176177571405,2496006,0
176.183,22,176180103411,2496006,0
176.185,2,176182626417,2496006,0
176.188,7,176185149423,2469000,1
176.188,13,176185149423,2469000,1
176.19,15,176187634423,2496006,0
176.193,17,176190157429,2496006,0
176.195,2,176192680435,2496006,0
176.198,4,176195212441,2496006,0
176.2,3,176197744447,2469000,1
176.2,16,176197744447,2469000,1
176.203,22,176200211447,2469000,1
176.203,21,176200211447,2469000,1
176.205,4,176203000453,2496006,0
176.208,2,176205532459,2496006,0
176.211,15,176208055465,2496006,0
176.213,18,176210578471,2496006,0
176.216,17,176213128477,2496006,0
176.218,4,176215651483,2496006,0
176.221,18,176218174489,2496006,0
176.223,9,176220697495,2496006,0
176.226,17,176223229501,2496006,0
176.228,15,176225752507,2496006,0
176.231,18,176228284513,2469000,1
176.231,4,176228284513,2469000,1
176.233,2,176230751513,2469000,1
176.236,13,176233218513,2469000,1
176.236,15,176233218513,2469000,1
176.241,10,176238253519,2496006,0
176.243,11,176240776525,2469000,1
176.243,9,176240776525,2469000,1
176.246,17,176243252525,2496006,0
176.248,10,176245784531,2469000,1
176.248,22,176245784531,2469000,1
176.248,18,176245784531,2469000,1
176.248,2,176245784531,2469000,1
176.251,17,176248287531,2496006,0
176.253,4,176250828537,2469000,1
176.253,22,176250828537,2469000,1
176.256,21,176253295537,2469000,1
176.256,15,176253295537,2469000,1
176.256,9,176253295537,2469000,1
176.258,17,176255816537,2496006,0
176.261,18,176258357543,2496006,0
176.263,10,176260898549,2496006,0
176.266,18,176263430555,2469000,1
176.266,10,176263430555,2469000,1
176.268,13,176265897555,2469000,1
176.268,4,176265897555,2469000,1
176.271,9,176268364555,2496006,0
176.273,15,176270896561,2496006,0
176.276,17,176273437567,2496006,0
176.281,15,176278796579,2469000,1
176.281,2,176278796579,2469000,1
176.284,17,176281272579,2496006,0
176.286,9,176283822585,2469000,1
176.286,15,176283822585,2469000,1
176.289,18,176286307585,2469000,1
176.289,9,176286307585,2469000,1
176.291,16,176288801585,2469000,1
176.291,17,176288801585,2469000,1
176.294,10,176291313585,2496006,0
176.296,9,176293836591,2496006,0
176.301,23,176298963603,2496006,0
176.304,17,176301495609,2469000,1
176.304,10,176301495609,2469000,1
176.306,9,176303971609,2496006,0
176.309,18,176306825615,2469000,1
176.309,10,176306825615,2469000,1
176.312,23,176309292615,2496006,0
176.314,5,176311815621,2496006,0
176.317,23,176314347627,2496006,0
176.319,15,176316888633,2496006,0
176.322,4,176319420639,2496006,0
176.324,5,176321952645,2469000,1
176.324,4,176321952645,2469000,1
176.327,9,176324419645,2496006,0
176.329,23,176326951651,2496006,0
176.332,23,176329528657,2469000,1
176.332,15,176329528657,2469000,1
176.334,2,176331995657,2496006,0
176.337,4,176334527663,2496006,0
176.34,9,176337050669,2469000,1
176.34,17,176337050669,2469000,1
176.342,9,176339535669,2496006,0
176.345,22,176342094675,2469000,1
176.345,5,176342094675,2469000,1
176.347,9,176344561675,2496006,0
176.35,2,176347093681,2469000,1
176.35,4,176347093681,2469000,1
176.35,9,176347093681,2469000,1
176.352,18,176349569681,2496006,0
176.355,11,176352092687,2469000,1
176.355,18,176352092687,2469000,1
176.357,5,176354604687,2496006,0
176.36,19,176357163693,2469000,1
176.36,15,176357163693,2469000,1
176.362,5,176359630693,2469000,1
176.362,13,176359630693,2469000,1
176.362,23,176359630693,2469000,1
176.367,9,176364629699,2496006,0
176.37,10,176367188705,2469000,1
176.37,4,176367188705,2469000,1
176.372,1,176369655705,2469000,1
176.372,17,176369655705,2469000,1
176.375,17,176372140705,2496006,0
176.377,14,176374672711,2496006,0
176.38,5,176377204717,2469000,1
176.38,9,176377204717,2469000,1
176.382,2,176379984723,2469000,1
176.382,18,176379984723,2469000,1
176.382,9,176379984723,2469000,1
176.387,9,176385001729,2496006,0
176.39,23,176387551735,2496006,0
176.393,17,176390074741,2496006,0
176.395,14,176392597747,2496006,0
176.398,9,176395120753,2496006,0
176.4,23,176397652759,2469000,1
176.4,8,176397652759,2469000,1
176.4,18,176397652759,2469000,1
176.403,17,176400119759,2496006,0
176.405,14,176402669765,2496006,0
176.411,14,176408055777,2496006,0
176.413,6,176410605783,2469000,1
176.413,9,176410605783,2469000,1
176.416,23,176413072783,2496006,0
176.418,14,176415595789,2496006,0
176.421,17,176418118795,2469000,1
176.421,14,176418118795,2469000,1
176.423,15,176420585795,2469000,1
176.423,9,176420585795,2469000,1
176.423,23,176420585795,2469000,1
176.426,9,176423054795,2496006,0
176.428,9,176425595801,2496006,0
176.431,21,176428127807,2469000,1
176.431,4,176428127807,2469000,1
176.433,17,176430621807,2496006,0
176.438,23,176435667819,2496006,0
176.441,14,176438199825,2496006,0
176.443,17,176440731831,2469000,1
176.443,23,176440731831,2469000,1
176.446,13,176443198831,2469000,1
176.446,14,176443198831,2469000,1
176.448,9,176445665831,2496006,0
176.451,4,176448188837,2469000,1
176.451,14,176448188837,2469000,1
176.453,17,176450655837,2496006,0
176.456,2,176453178843,2469000,1
176.456,23,176453178843,2469000,1
176.458,11,176455645843,2496006,0
176.461,11,176458168849,2496006,0
176.463,10,176460709855,2469000,1
176.463,23,176460709855,2469000,1
176.466,9,176463176855,2496006,0
176.468,3,176465699861,2469000,1
176.468,15,176465699861,2469000,1
176.471,5,176468166861,2496006,0
176.473,17,176470716867,2496006,0
176.478,5,176475771879,2496006,0
176.481,11,176478294885,2496006,0
176.484,17,176481130891,2496006,0
176.486,9,176483653897,2469000,1
176.486,11,176483653897,2469000,1
176.489,11,176486122897,2496006,0
176.491,8,176488672903,2496006,0
176.494,23,176491204909,2496006,0
176.496,2,176493736915,2469000,1
176.496,17,176493736915,2469000,1
176.499,11,176496203915,2469000,1
176.499,5,176496203915,2469000,1
176.501,5,176498672915,2496006,0
176.504,18,176501195921,2496006,0
176.506,23,176503718927,2496006,0
176.509,11,176506250933,2496006,0
176.511,16,176508773939,2469000,1
176.511,10,176508773939,2469000,1
176.514,11,176511562945,2496006,0
176.517,9,176514085951,2496006,0
176.519,5,176516608957,2469000,1
176.519,8,176516608957,2469000,1
176.522,14,176519075957,2496006,0
176.524,23,176521598963,2496006,0
176.527,18,176524130969,2496006,0
176.529,14,176526653975,2496006,0
176.532,9,176529185981,2469000,1
176.534,11,176531652981,2496006,0
176.537,9,176534184987,2469000,1
176.537,11,176534184987,2469000,1
176.539,17,176536660987,2496006,0
176.542,14,176539192993,2496006,0
176.544,18,176541715999,2469000,1
176.544,23,176541715999,2469000,1
176.544,7,176541715999,2469000,1
176.544,11,176541715999,2469000,1
176.547,11,176544184999,2496006,0
176.549,14,176546708005,2496006,0
176.552,17,176549240011,2469000,1
176.552,8,176549240011,2469000,1
176.554,5,176551788011,2496006,0
176.557,11,176554311017,2496006,0
176.559,14,176556852023,2496006,0
176.562,5,176559384029,2496006,0
176.564,17,176561907035,2496006,0
176.567,11,176564430041,2469000,1
176.567,18,176564430041,2469000,1
176.569,11,176566899041,2496006,0
176.572,18,176569431047,2496006,0
176.574,5,176571963053,2496006,0
176.577,2,176574486059,2496006,0
176.58,14,176577009065,2496006,0
176.582,23,176579532071,2469000,1
176.582,5,176579532071,2469000,1
176.584,17,176581999071,2469000,1
176.584,2,176581999071,2469000,1
176.587,11,176584779077,2469000,1
176.587,14,176584779077,2469000,1
176.59,17,176587246077,2496006,0
176.592,9,176589769083,2496006,0
176.595,18,176592292089,2496006,0
176.597,17,176594824095,2496006,0
176.6,18,176597347101,2496006,0
176.602,4,176599870107,2496006,0
176.605,22,176602402113,2496006,0
176.607,9,176604925119,2496006,0
176.61,9,176607457125,2496006,0
176.612,4,176609980131,2469000,1
176.612,22,176609980131,2469000,1
176.615,9,176612760137,2496006,0
176.618,18,176615283143,2469000,1
176.618,9,176615283143,2469000,1
176.62,14,176617750143,2496006,0
176.623,17,176620291149,2496006,0
176.625,14,176622814155,2496006,0
176.628,9,176625337161,2496006,0
176.63,11,176627860167,2496006,0
176.633,8,176630383173,2469000,1
176.633,22,176630383173,2469000,1
176.635,17,176632850173,2496006,0
176.638,18,176635373179,2496006,0
176.64,14,176637896185,2469000,1
176.64,2,176637896185,2469000,1
176.643,5,176640363185,2496006,0
176.645,11,176642895191,2496006,0
176.648,5,176645418197,2496006,0
176.65,9,176647959203,2496006,0
176.653,17,176650500209,2496006,0
176.656,9,176653032215,2469000,1
176.656,10,176653032215,2469000,1
176.658,14,176655499215,2496006,0
176.66,18,176658022221,2469000,1
176.663,5,176660489221,2496006,0
176.665,4,176663012227,2469000,1
176.665,11,176663012227,2469000,1
176.668,8,176665515227,2469000,1
176.668,14,176665515227,2469000,1
176.67,15,176667982227,2469000,1
176.67,17,176667982227,2469000,1
176.673,9,176670458227,2496006,0
176.678,2,176675513239,2496006,0
176.681,5,176678045245,2469000,1
176.681,2,176678045245,2469000,1
176.683,22,176680530245,2496006,0
176.686,9,176683071251,2496006,0
176.688,23,176685907257,2496006,0
176.691,11,176688439263,2496006,0
176.693,5,176690962269,2496006,0
176.696,23,176693503275,2469000,1
176.696,22,176693503275,2469000,1
176.698,18,176695997275,2496006,0
176.701,5,176698520281,2469000,1
176.701,11,176698520281,2469000,1
176.701,2,176698520281,2469000,1
176.703,17,176700987281,2469000,1
176.703,9,176700987281,2469000,1
176.703,2,176700989281,2469000,1
176.706,14,176703456281,2496006,0
176.708,23,176705997287,2469000,1
176.708,9,176705997287,2469000,1
176.711,18,176708464287,2496006,0
176.713,18,176710996293,2496006,0
176.716,12,176713555299,2469000,1
176.716,14,176713555299,2469000,1
176.719,18,176716353305,2469000,1
176.719,17,176716353305,2469000,1
176.721,4,176718820305,2496006,0
176.724,5,176721370311,2496006,0
176.726,4,176723902317,2496006,0
176.729,22,176726434323,2496006,0
176.731,5,176728993329,2469000,1
176.731,14,176728993329,2469000,1
176.734,11,176731469329,2496006,0
176.736,22,176733992335,2496006,0
176.739,11,176736515341,2496006,0
176.742,12,176739074347,2469000,1
176.742,4,176739074347,2469000,1
176.744,22,176741541347,2496006,0
176.747,18,176744091353,2469000,1
176.747,14,176744091353,2469000,1
176.749,5,176746558353,2496006,0
176.752,9,176749090359,2496006,0
176.754,11,176751613365,2469000,1
176.754,12,176751613365,2469000,1
176.757,22,176754098365,2496006,0
176.759,9,176756639371,2496006,0
176.762,22,176759171377,2496006,0
176.764,5,176761703383,2469000,1
176.764,12,176761703383,2469000,1
176.767,5,176764197383,2496006,0
176.769,5,176766765389,2496006,0
176.772,23,176769288395,2469000,1
176.772,9,176769288395,2469000,1
176.774,4,176771755395,2469000,1
176.777,18,176774222395,2469000,1
176.777,5,176774222395,2469000,1
176.779,22,176776689395,2496006,0
176.782,11,176779230401,2496006,0
176.784,5,176781753407,2496006,0
176.787,11,176784276413,2496006,0
176.789,9,176786799419,2496006,0
176.792,21,176789635425,2469000,1
176.792,11,176789635425,2469000,1
176.795,11,176792111425,2496006,0
176.797,22,176794634431,2496006,0
176.8,5,176797157437,2469000,1
176.8,12,176797157437,2469000,1
176.802,5,176799633437,2496006,0
176.805,9,176802165443,2496006,0
176.807,11,176804697449,2496006,0
176.81,5,176807229455,2496006,0
176.812,22,176809761461,2496006,0
176.815,5,176812311467,2496006,0
176.817,5,176814843473,2496006,0
176.82,9,176817679479,2469000,1
176.82,5,176817679479,2469000,1
176.823,15,176820164479,2469000,1
176.823,2,176820164479,2469000,1
176.823,11,176820164479,2469000,1
176.825,22,176822631479,2496006,0
176.828,9,176825172485,2496006,0
176.83,5,176827695491,2469000,1
176.833,9,176830162491,2496006,0
176.838,9,176835271503,2469000,1
176.838,22,176835271503,2469000,1
176.84,11,176837738503,2496006,0
176.843,11,176840288509,2496006,0
176.845,4,176842847515,2469000,1
176.845,12,176842847515,2469000,1
176.848,14,176845323515,2496006,0
176.85,23,176847846521,2496006,0
176.853,9,176850369527,2496006,0
176.855,4,176852910533,2496006,0
176.858,17,176855433539,2469000,1
176.858,11,176855433539,2469000,1
176.86,9,176857900539,2469000,1
176.86,14,176857900539,2469000,1
176.86,22,176857900539,2469000,1
176.863,23,176860367539,2469000,1
176.863,5,176860367539,2469000,1
176.865,4,176862843539,2496006,0
176.868,4,176865366545,2496006,0
176.87,14,176867907551,2496006,0
176.876,4,176873007563,2496006,0
176.878,4,176875539569,2496006,0
176.881,14,176878062575,2469000,1
176.881,4,176878062575,2469000,1
176.883,12,176880574575,2496006,0
176.886,23,176883106581,2469000,1
176.886,4,176883106581,2469000,1
176.888,9,176885573581,2496006,0
176.891,12,176888096587,2496006,0
176.893,11,176890932593,2496006,0
176.896,11,176893464599,2496006,0
176.898,9,176895996605,2496006,0
176.901,11,176898546611,2496006,0
176.904,14,176901078617,2496006,0
176.906,12,176903601623,2469000,1
176.906,11,176903601623,2469000,1
176.909,18,176906068623,2469000,1
176.911,11,176908544623,2496006,0
176.914,9,176911094629,2496006,0
176.916,11,176913617635,2496006,0
176.919,14,176916140641,2496006,0
176.921,22,176918994647,2496006,0
176.924,8,176921544653,2496006,0
176.927,22,176924076659,2496006,0
176.929,5,176926608665,2496006,0
176.932,12,176929140671,2469000,1
176.932,14,176929140671,2469000,1
176.934,9,176931607671,2496006,0
176.937,23,176934130677,2469000,1
176.937,11,176934130677,2469000,1
176.939,8,176936606677,2496006,0
176.942,22,176939147683,2469000,1
176.942,11,176939147683,2469000,1
176.944,5,176941614683,2496006,0
176.947,8,176944155689,2496006,0
176.949,9,176946696695,2496006,0
176.952,5,176949228701,2496006,0
176.954,4,176951751707,2496006,0
176.957,9,176954283713,2496006,0
176.959,22,176956815719,2469000,1
176.959,4,176956815719,2469000,1
176.962,5,176959309719,2469000,1
176.962,8,176959309719,2469000,1
176.964,22,176961785719,2496006,0
176.967,9,176964308725,2496006,0
176.969,13,176966849731,2469000,1
176.969,14,176966849731,2469000,1
176.972,22,176969334731,2469000,1
176.972,4,176969334731,2469000,1
176.977,9,176974342737,2496006,0
176.979,6,176976883743,2496006,0
176.982,12,176979406749,2469000,1
176.982,8,176979406749,2469000,1
176.984,11,176981900749,2496006,0
176.987,11,176984432755,2496006,0
176.989,11,176986964761,2496006,0
176.992,6,176989487767,2496006,0
176.995,9,176992341773,2496006,0
176.997,5,176994864779,2496006,0
177,6,176997414785,2496006,0
177.002,2,176999937791,2496006,0
177.007,9,177004983803,2469000,1
177.007,22,177004983803,2469000,1
177.007,6,177004983803,2469000,1
177.01,11,177007459803,2496006,0
177.012,5,177009982809,2496006,0
177.015,18,177012505815,2496006,0
177.018,19,177015037821,2496006,0
177.02,23,177017578827,2496006,0
177.023,17,177020101833,2496006,0
177.025,14,177022937839,2496006,0
177.028,23,177025460845,2496006,0
177.03,2,177027983851,2469000,1
177.03,9,177027983851,2469000,1
177.033,2,177030452851,2496006,0
177.035,17,177032975857,2469000,1
177.035,22,177032975857,2469000,1
177.035,23,177032975857,2469000,1
177.038,5,177035442857,2496006,0
177.04,11,177037974863,2496006,0
177.043,18,177040497869,2496006,0
177.046,14,177043020875,2496006,0
177.048,17,177045543881,2496006,0
177.051,19,177048066887,2496006,0
177.053,6,177050598893,2469000,1
177.053,2,177050598893,2469000,1
177.056,18,177053065893,2469000,1
177.056,17,177053065893,2469000,1
177.056,6,177053067893,2469000,1
177.058,5,177055534893,2496006,0
177.061,11,177058057899,2496006,0
177.063,23,177060580905,2496006,0
177.066,4,177063103911,2496006,0
177.068,18,177065635917,2496006,0
177.071,14,177068185923,2496006,0
177.073,4,177070708929,2496006,0
177.076,11,177073231935,2469000,1
177.076,8,177073231935,2469000,1
177.076,19,177073231935,2469000,1
177.076,14,177073231935,2469000,1
177.078,2,177075725935,2469000,1
177.078,23,177075725935,2469000,1
177.081,5,177078192935,2496006,0
177.083,14,177080715941,2496006,0
177.086,18,177083238947,2469000,1
177.086,23,177083238947,2469000,1
177.088,17,177085723947,2469000,1
177.088,14,177085723947,2469000,1
177.091,4,177088199947,2496006,0
177.093,3,177090722953,2496006,0
177.096,3,177093254959,2496006,0
177.099,4,177096099965,2496006,0
177.101,19,177098631971,2469000,1
177.101,5,177098631971,2469000,1
177.104,18,177101125971,2469000,1
177.106,3,177103619971,2496006,0
177.109,11,177106142977,2496006,0
177.111,4,177108665983,2496006,0
177.114,19,177111188989,2496006,0
177.116,5,177113711995,2496006,0
177.119,9,177116244001,2496006,0
177.121,4,177118767007,2469000,1
177.121,3,177118767007,2469000,1
177.124,11,177121252007,2496006,0
177.127,12,177124088013,2496006,0
177.129,5,177126611019,2469000,1
177.129,14,177126611019,2469000,1
177.132,22,177129078019,2469000,1
177.132,18,177129078019,2469000,1
177.134,19,177131554019,2469000,1
177.134,12,177131554019,2469000,1
177.137,23,177134030019,2496006,0
177.139,2,177136571025,2496006,0
177.142,9,177139094031,2496006,0
177.144,4,177141617037,2496006,0
177.147,17,177144140043,2496006,0
177.149,11,177146663049,2469000,1
177.149,5,177146663049,2469000,1
177.152,23,177149130049,2469000,1
177.152,12,177149130049,2469000,1
177.152,9,177149130049,2469000,1
177.154,23,177151599049,2496006,0
177.157,2,177154122055,2496006,0
177.159,19,177156645061,2469000,1
177.159,12,177156645061,2469000,1
177.162,17,177159139061,2496006,0
177.164,4,177161662067,2469000,1
177.167,9,177164129067,2496006,0
177.169,18,177166652073,2469000,1
177.169,11,177166652073,2469000,1
177.169,4,177166652073,2469000,1
177.172,3,177169119073,2469000,1
177.172,9,177169119073,2469000,1
177.174,6,177171586073,2496006,0
177.177,19,177174127079,2469000,1
177.179,23,177176594079,2496006,0
177.182,6,177179117085,2469000,1
177.182,17,177179117085,2469000,1
177.184,2,177181584085,2469000,1
177.187,23,177184053085,2469000,1
177.189,8,177186540085,2469000,1
177.189,11,177186540085,2469000,1
177.192,2,177189088085,2496006,0
177.194,9,177191620091,2469000,1
177.194,19,177191620091,2469000,1
177.197,19,177194089091,2496006,0
177.199,6,177196970097,2469000,1
177.199,23,177196970097,2469000,1
177.202,14,177199437097,2496006,0
177.204,2,177201960103,2496006,0
177.207,5,177204492109,2469000,1
177.207,17,177204492109,2469000,1
177.209,14,177206968109,2469000,1
177.209,4,177206968109,2469000,1
177.209,19,177206968109,2469000,1
177.212,14,177209453109,2496006,0
177.214,14,177211994115,2496006,0
177.217,3,177214544121,2496006,0
177.22,19,177217067127,2496006,0
177.222,2,177219590133,2496006,0
177.225,9,177222113139,2496006,0
177.227,2,177224636145,2496006,0
177.232,3,177229995157,2496006,0
177.235,9,177232527163,2496006,0
177.238,19,177235059169,2469000,1
177.238,14,177235059169,2469000,1
177.24,9,177237544169,2496006,0
177.243,2,177240112175,2496006,0
177.245,9,177242635181,2469000,1
177.245,3,177242635181,2469000,1
177.248,19,177245102181,2496006,0
177.25,3,177247634187,2496006,0
177.253,12,177250157193,2496006,0
177.255,14,177252689199,2496006,0
177.258,3,177255221205,2469000,1
177.258,9,177255221205,2469000,1
177.26,19,177257688205,2496006,0
177.263,12,177260247211,2469000,1
177.263,2,177260247211,2469000,1
177.265,3,177262741211,2469000,1
177.268,14,177265226211,2469000,1
177.268,19,177265226211,2469000,1
177.27,23,177267693211,2469000,1
177.27,12,177267693211,2469000,1
177.273,6,177270169211,2469000,1
177.273,17,177270169211,2469000,1
177.275,9,177272690211,2496006,0
177.278,2,177275213217,2496006,0
177.28,9,177277745223,2496006,0
177.283,3,177280268229,2496006,0
177.285,5,177282791235,2496006,0
177.288,3,177285314241,2496006,0
177.29,2,177287864247,2496006,0
177.293,20,177290387253,2496006,0
177.298,9,177295460265,2496006,0
177.3,3,177298001271,2496006,0
177.303,14,177300837277,2496006,0
177.306,11,177303360283,2469000,1
177.306,5,177303360283,2469000,1
177.308,4,177305827283,2469000,1
177.308,19,177305827283,2469000,1
177.311,9,177308294283,2496006,0
177.313,9,177310817289,2496006,0
177.316,20,177313340295,2496006,0
177.318,2,177315863301,2469000,1
177.318,5,177315863301,2469000,1
177.321,23,177318357301,2496006,0
177.323,9,177320880307,2496006,0
177.326,12,177323403313,2496006,0
177.328,3,177325935319,2469000,1
177.328,14,177325935319,2469000,1
177.331,23,177328715325,2496006,0
177.334,14,177331238331,2496006,0
177.336,9,177333761337,2496006,0
177.339,12,177336293343,2496006,0
177.344,20,177341339355,2496006,0
177.346,12,177343898361,2496006,0
177.349,23,177346430367,2496006,0
177.351,9,177348962373,2496006,0
177.354,17,177351485379,2469000,1
177.354,2,177351485379,2469000,1
177.354,14,177351485379,2469000,1
177.356,9,177353952379,2496006,0
177.359,23,177356475385,2469000,1
177.359,12,177356475385,2469000,1
177.359,20,177356475385,2469000,1
177.361,3,177358942385,2496006,0
177.364,9,177361465391,2469000,1
177.364,12,177361465391,2469000,1
177.366,2,177363932391,2496006,0
177.369,19,177366455397,2469000,1
177.369,23,177366455397,2469000,1
177.369,3,177366455397,2469000,1
177.371,8,177368994397,2496006,0
177.374,2,177371517403,2496006,0
177.377,2,177374040409,2496006,0
177.379,8,177376581415,2496006,0
177.382,3,177379113421,2496006,0
177.384,14,177381636427,2469000,1
177.387,2,177384112427,2496006,0
177.389,9,177386635433,2469000,1
177.389,2,177386635433,2469000,1
177.392,15,177389102433,2496006,0
177.394,20,177391625439,2496006,0
177.397,8,177394157445,2496006,0
177.399,5,177396698451,2496006,0
177.402,8,177399239457,2496006,0
177.405,3,177402075463,2496006,0
177.407,20,177404598469,2496006,0
177.41,19,177407121475,2496006,0
177.412,15,177409662481,2496006,0
177.415,14,177412194487,2496006,0
177.417,9,177414717493,2496006,0
177.42,19,177417249499,2469000,1
177.42,23,177417249499,2469000,1
177.42,8,177417249499,2469000,1
177.422,15,177419725499,2469000,1
177.422,20,177419725499,2469000,1
177.422,5,177419725499,2469000,1
177.422,9,177419725499,2469000,1
177.425,3,177422192499,2496006,0
177.427,6,177424742505,2496006,0
177.43,2,177427274511,2469000,1
177.432,12,177429741511,2469000,1
177.432,15,177429741511,2469000,1
177.435,14,177432521517,2496006,0
177.438,6,177435044523,2469000,1
177.438,22,177435044523,2469000,1
177.44,3,177437520523,2496006,0
177.443,20,177440079529,2496006,0
177.445,19,177442602535,2496006,0
177.448,3,177445134541,2469000,1
177.448,19,177445134541,2469000,1
177.45,14,177447601541,2496006,0
177.453,19,177450124547,2469000,1
177.453,14,177450124547,2469000,1
177.455,20,177452600547,2496006,0
177.458,5,177455123553,2496006,0
177.46,18,177457646559,2496006,0
177.463,8,177460169565,2496006,0
177.465,3,177462692571,2496006,0
177.468,20,177465224577,2469000,1
177.468,9,177465224577,2469000,1
177.47,18,177467700577,2469000,1
177.47,6,177467700577,2469000,1
177.473,3,177470194577,2496006,0
177.475,8,177472735583,2469000,1
177.475,6,177472735583,2469000,1
177.478,5,177475202583,2496006,0
177.48,3,177477725589,2469000,1
177.483,14,177480192589,2496006,0
177.485,12,177482715595,2469000,1
177.485,9,177482715595,2469000,1
177.49,11,177487723601,2496006,0
177.493,5,177490246607,2496006,0
177.495,11,177492769613,2496006,0
177.498,14,177495319619,2496006,0
177.5,20,177497842625,2496006,0
177.503,3,177500374631,2469000,1
177.503,20,177500374631,2469000,1
177.505,4,177502841631,2469000,1
177.505,14,177502841631,2469000,1
177.508,18,177505630637,2496006,0
177.511,11,177508162643,2469000,1
177.511,5,177508162643,2469000,1
177.513,5,177510631643,2496006,0
177.516,15,177513163649,2469000,1
177.516,20,177513163649,2469000,1
177.518,5,177515630649,2496006,0
177.521,14,177518189655,2469000,1
177.521,18,177518189655,2469000,1
177.523,2,177520656655,2469000,1
177.523,19,177520656655,2469000,1
177.523,8,177520656655,2469000,1
177.526,5,177523123655,2496006,0
177.528,19,177525646661,2496006,0
177.531,5,177528169667,2496006,0
177.533,12,177530701673,2496006,0
177.536,19,177533555679,2496006,0
177.539,12,177536087685,2469000,1
177.539,11,177536087685,2469000,1
177.544,12,177541104691,2496006,0
177.546,5,177543636697,2496006,0
177.549,18,177546186703,2496006,0
177.551,19,177548718709,2496006,0
177.554,18,177551250715,2496006,0
177.556,5,177553809721,2469000,1
177.556,3,177553809721,2469000,1
177.556,12,177553809721,2469000,1
177.559,19,177556294721,2496006,0
177.561,18,177558826727,2496006,0
177.564,19,177561358733,2496006,0
177.566,18,177563881739,2469000,1
177.566,19,177563881739,2469000,1
177.569,23,177566366739,2496006,0
177.571,17,177568889745,2469000,1
177.571,5,177568889745,2469000,1
177.574,12,177571365745,2496006,0
177.576,2,177573924751,2496006,0
177.579,18,177576447757,2469000,1
177.581,23,177578914757,2496006,0
177.584,20,177581446763,2469000,1
177.584,2,177581446763,2469000,1
177.586,14,177583913763,2496006,0
177.589,12,177586436769,2469000,1
177.589,19,177586436769,2469000,1
177.589,14,177586436769,2469000,1
177.591,3,177588912769,2496006,0
177.594,8,177591444775,2496006,0
177.596,8,177593967781,2496006,0
177.599,3,177596517787,2496006,0
177.602,9,177599049793,2469000,1
177.602,11,177599049793,2469000,1
177.602,2,177599049793,2469000,1
177.602,3,177599049793,2469000,1
177.604,23,177601516793,2496006,0
177.607,8,177604048799,2496006,0
177.609,8,177606884805,2496006,0
177.612,23,177609425811,2469000,1
177.612,8,177609425811,2469000,1
177.614,14,177611919811,2496006,0
177.617,5,177614442817,2496006,0
177.619,20,177616965823,2469000,1
177.619,12,177616965823,2469000,1
177.622,3,177619432823,2469000,1
177.624,18,177621944823,2496006,0
177.627,5,177624476829,2496006,0
177.63,14,177627008835,2496006,0
177.632,6,177629531841,2496006,0
177.635,23,177632072847,2496006,0
177.637,13,177634595853,2469000,1
177.637,19,177634595853,2469000,1
177.64,16,177637375859,2496006,0
177.642,5,177639907865,2496006,0
177.645,18,177642430871,2496006,0
177.647,5,177644953877,2496006,0
177.65,8,177647476883,2469000,1
177.65,5,177647476883,2469000,1
177.652,6,177649961883,2496006,0
177.655,14,177652484889,2496006,0
177.657,12,177655016895,2469000,1
177.657,14,177655016895,2469000,1
177.66,16,177657483895,2469000,1
177.66,23,177657483895,2469000,1
177.662,7,177659968895,2496006,0
177.667,15,177665023907,2469000,1
177.667,7,177665023907,2469000,1
177.67,18,177667490907,2496006,0
177.672,6,177670022913,2469000,1
177.672,18,177670022913,2469000,1
177.675,5,177672489913,2469000,1
177.675,18,177672491913,2469000,1
177.677,5,177674967913,2496006,0
177.68,7,177677490919,2496006,0
177.683,8,177680022925,2496006,0
177.685,2,177682545931,2469000,1
177.685,16,177682545931,2469000,1
177.688,7,177685030931,2496006,0
177.69,7,177687553937,2496006,0
177.693,1,177690085943,2469000,1
177.693,23,177690085943,2469000,1
177.695,8,177692561943,2496006,0
177.698,3,177695084949,2496006,0
177.7,6,177697607955,2496006,0
177.703,12,177700130961,2469000,1
177.703,5,177700130961,2469000,1
177.705,14,177702597961,2496006,0
177.708,18,177705129967,2496006,0
177.71,7,177707652973,2496006,0
177.713,10,177710497979,2496006,0
177.716,10,177713047985,2496006,0
177.721,18,177718093997,2469000,1
177.721,2,177718093997,2469000,1
177.723,8,177720560997,2496006,0
177.726,14,177723084003,2469000,1
177.726,3,177723084003,2469000,1
177.726,6,177723084003,2469000,1
177.728,8,177725551003,2496006,0
177.731,11,177728074009,2496006,0
177.733,19,177730606015,2496006,0
177.736,8,177733138021,2469000,1
177.736,7,177733138021,2469000,1
177.736,14,177733138021,2469000,1
177.738,7,177735607021,2496006,0
177.741,7,177738443027,2496006,0
177.743,10,177740966033,2496006,0
177.746,6,177743489039,2496006,0
177.748,19,177746012045,2469000,1
177.748,7,177746012045,2469000,1
177.751,11,177748479045,2469000,1
177.751,5,177748479045,2469000,1
177.753,10,177750955045,2496006,0
177.756,6,177753496051,2496006,0
177.759,18,177756019057,2496006,0
177.761,23,177758542063,2496006,0
177.764,7,177761065069,2496006,0
177.766,23,177763597075,2496006,0
177.769,18,177766120081,2496006,0
177.771,23,177768652087,2496006,0
177.774,6,177771175093,2469000,1
177.774,19,177771175093,2469000,1
177.776,3,177773642093,2496006,0
177.779,10,177776165099,2469000,1
177.779,8,177776165099,2469000,1
177.781,23,177778668099,2496006,0
177.784,15,177781191105,2469000,1
177.784,16,177781191105,2469000,1
177.786,7,177783658105,2469000,1
177.786,3,177783658105,2469000,1
177.791,18,177788648111,2496006,0
177.794,23,177791171117,2496006,0
177.796,18,177793694123,2496006,0
177.799,23,177796217129,2496006,0
177.801,9,177798749135,2469000,1
177.801,6,177798749135,2469000,1
177.804,11,177801216135,2469000,1
177.804,23,177801216135,2469000,1
177.806,10,177803683135,2496006,0
177.809,5,177806206141,2496006,0
177.811,5,177808783147,2469000,1
177.811,3,177808783147,2469000,1
177.811,18,177808783147,2469000,1
177.814,10,177811581153,2469000,1
177.814,7,177811581153,2469000,1
177.814,5,177811581153,2469000,1
177.817,6,177814084153,2496006,0
177.819,19,177816607159,2469000,1
177.819,10,177816607159,2469000,1
177.822,14,177819074159,2469000,1
177.822,6,177819074159,2469000,1
177.824,8,177821559159,2496006,0
177.827,18,177824082165,2469000,1
177.827,5,177824082165,2469000,1
177.829,18,177826551165,2496006,0
177.832,10,177829074171,2496006,0
177.834,8,177831606177,2469000,1
177.834,23,177831606177,2469000,1
177.837,6,177834073177,2496006,0
177.839,3,177836596183,2496006,0
177.842,18,177839128189,2496006,0
177.844,10,177842000195,2496006,0
177.847,18,177844523201,2496006,0
177.85,6,177847082207,2469000,1
177.852,10,177849549207,2469000,1
177.852,11,177849549207,2469000,1
177.855,3,177852016207,2496006,0
177.857,17,177854548213,2496006,0
177.86,10,177857107219,2496006,0
177.862,18,177859630225,2496006,0
177.865,20,177862153231,2469000,1
177.865,8,177862153231,2469000,1
177.865,10,177862153231,2469000,1
177.867,5,177864647231,2496006,0
177.87,18,177867179237,2469000,1
177.87,3,177867179237,2469000,1
177.872,17,177869646237,2469000,1
177.872,3,177869648237,2469000,1
177.875,5,177872133237,2496006,0
177.877,16,177874665243,2496006,0
177.88,19,177877215249,2469000,1
177.88,6,177877215249,2469000,1
177.882,7,177879682249,2496006,0
177.885,7,177882232255,2496006,0
177.887,18,177884764261,2496006,0
177.89,5,177887287267,2496006,0
177.892,8,177889810273,2469000,1
177.892,16,177889810273,2469000,1
177.895,7,177892295273,2469000,1
177.895,5,177892295273,2469000,1
177.897,10,177894762273,2496006,0
177.9,17,177897303279,2469000,1
177.902,18,177899779279,2496006,0
177.905,14,177902311285,2496006,0
177.907,23,177904834291,2496006,0
177.91,23,177907366297,2496006,0
177.912,17,177909898303,2496006,0
177.915,18,177912430309,2469000,1
177.915,10,177912430309,2469000,1
177.918,17,177915210315,2496006,0
177.92,23,177917742321,2496006,0
177.923,14,177920274327,2469000,1
177.923,3,177920274327,2469000,1
177.923,16,177920274327,2469000,1
177.923,5,177920274327,2469000,1
177.925,23,177922741327,2496006,0
177.928,2,177925264333,2469000,1
177.928,6,177925264333,2469000,1
177.93,17,177927749333,2496006,0
177.933,10,177930272339,2496006,0
177.935,7,177932795345,2496006,0
177.938,5,177935345351,2496006,0
177.94,17,177937904357,2496006,0
177.943,5,177940427363,2469000,1
177.943,23,177940427363,2469000,1
177.946,4,177943225369,2496006,0
177.948,22,177945748375,2469000,1
177.948,14,177945748375,2469000,1
177.951,7,177948215375,2469000,1
177.951,10,177948215375,2469000,1
177.956,4,177953223381,2496006,0
177.958,18,177955746387,2469000,1
177.958,23,177955746387,2469000,1
177.961,3,177958231387,2469000,1
177.961,10,177958231387,2469000,1
177.963,17,177960707387,2496006,0
177.966,18,177963230393,2469000,1
177.966,17,177963230393,2469000,1
177.968,17,177965724393,2496006,0
177.971,11,177968256399,2496006,0
177.973,4,177970788405,2469000,1
177.973,10,177970788405,2469000,1
177.976,17,177973255405,2496006,0
177.978,5,177975778411,2469000,1
177.978,17,177975778411,2469000,1
177.981,11,177978272411,2469000,1
177.981,4,177978272411,2469000,1
177.983,18,177980748411,2496006,0
177.986,12,177983271417,2496006,0
177.988,7,177985794423,2496006,0
177.991,16,177988317429,2496006,0
177.993,14,177990840435,2496006,0
177.996,14,177993372441,2496006,0
177.998,17,177995895447,2496006,0
178.001,12,177998436453,2469000,1
178.001,4,177998436453,2469000,1
178.003,14,178000903453,2496006,0
178.006,18,178003426459,2496006,0
178.008,17,178005958465,2496006,0
178.011,7,178008508471,2496006,0
178.014,16,178011031477,2469000,1
178.014,7,178011031477,2469000,1
178.016,14,178013507477,2496006,0
178.019,17,178016343483,2496006,0
178.021,11,178018875489,2469000,1
178.021,14,178018875489,2469000,1
178.024,18,178021351489,2496006,0
178.026,23,178023874495,2496006,0
178.029,18,178026397501,2496006,0
178.031,18,178028920507,2496006,0
178.034,5,178031470513,2496006,0
178.036,8,178034002519,2496006,0
178.039,6,178036534525,2469000,1
178.039,16,178036534525,2469000,1
178.041,10,178039001525,2469000,1
178.041,17,178039001525,2469000,1
178.041,16,178039003525,2469000,1
178.044,8,178041479525,2469000,1
178.044,18,178041479525,2469000,1
178.044,14,178041479525,2469000,1
178.044,23,178041479525,2469000,1
178.046,12,178043946525,2496006,0
178.049,8,178046791531,2496006,0
178.052,7,178049323537,2496006,0
178.054,21,178051846543,2469000,1
178.054,17,178051846543,2469000,1
178.057,5,178054331543,2496006,0
178.059,7,178056863549,2469000,1
178.059,17,178056863549,2469000,1
178.062,12,178059330549,2496006,0
178.064,18,178061853555,2496006,0
178.067,5,178064376561,2469000,1
178.067,8,178064376561,2469000,1
178.069,23,178066843561,2496006,0
178.072,11,178069366567,2496006,0
178.074,19,178071907573,2469000,1
178.074,23,178071907573,2469000,1
178.077,11,178074374573,2496006,0
178.079,12,178076915579,2469000,1
178.079,18,178076915579,2469000,1
178.082,9,178079391579,2496006,0
178.084,12,178081923585,2496006,0
178.087,12,178084446591,2496006,0
178.089,11,178086987597,2496006,0
178.092,7,178089510603,2496006,0
178.095,9,178092069609,2469000,1
178.095,8,178092069609,2469000,1
178.097,7,178094554609,2469000,1
178.097,11,178094554609,2469000,1
178.097,12,178094554609,2469000,1
178.097,16,178094554609,2469000,1
178.097,17,178094554609,2469000,1
178.1,18,178097039609,2496006,0
178.102,5,178099562615,2496006,0
178.107,2,178104608627,2496006,0
178.11,5,178107140633,2496006,0
178.112,23,178109663639,2496006,0
178.115,23,178112186645,2496006,0
178.117,2,178114709651,2496006,0
178.12,5,178117232657,2496006,0
178.123,2,178120095663,2469000,1
178.123,18,178120095663,2469000,1
178.125,23,178122571663,2496006,0
178.128,5,178125094669,2469000,1
178.128,9,178125094669,2469000,1
178.13,11,178127570669,2496006,0
178.133,14,178130102675,2496006,0
178.135,18,178132625681,2496006,0
178.138,9,178135148687,2496006,0
178.14,11,178137671693,2469000,1
178.14,5,178137671693,2469000,1
178.143,12,178140156693,2496006,0
178.145,23,178142688699,2496006,0
178.148,14,178145211705,2469000,1
178.148,4,178145211705,2469000,1
178.148,7,178145211705,2469000,1
178.148,2,178145211705,2469000,1
178.15,9,178147991711,2496006,0
178.153,2,178150541717,2469000,1
178.153,9,178150541717,2469000,1
178.156,18,178153017717,2496006,0
178.158,18,178155558723,2469000,1
178.161,8,178158025723,2496006,0
178.163,12,178160548729,2469000,1
178.163,14,178160548729,2469000,1
178.166,23,178163033729,2496006,0
178.168,5,178165556735,2496006,0
178.171,5,178168079741,2496006,0
178.173,5,178170620747,2496006,0
178.176,18,178173143753,2496006,0
178.178,11,178175693759,2469000,1
178.178,8,178175693759,2469000,1
178.181,23,178178169759,2469000,1
178.181,7,178178169759,2469000,1
178.183,5,178180645759,2469000,1
178.183,12,178180645759,2469000,1
178.186,18,178183112759,2496006,0
178.188,9,178185653765,2496006,0
178.191,8,178188203771,2496006,0
178.193,2,178190735777,2469000,1
178.193,11,178190735777,2469000,1
178.196,18,178193211777,2496006,0
178.198,8,178195752783,2469000,1
178.198,5,178195752783,2469000,1
178.201,9,178198219783,2496006,0
178.203,11,178200742789,2496006,0
178.208,9,178205806801,2496006,0
178.211,18,178208329807,2496006,0
178.213,23,178210861813,2496006,0
178.216,11,178213384819,2496006,0
178.218,8,178215943825,2496006,0
178.221,4,178218475831,2496006,0
178.224,18,178221311837,2496006,0
178.226,18,178223843843,2496006,0
178.229,9,178226366849,2469000,1
178.229,4,178226366849,2469000,1
178.231,8,178228842849,2496006,0
178.234,11,178231365855,2496006,0
178.236,23,178233888861,2496006,0
178.239,18,178236420867,2496006,0
178.241,5,178238943873,2469000,1
178.241,11,178238943873,2469000,1
178.244,14,178241419873,2496006,0
178.246,13,178243942879,2496006,0
178.249,14,178246465885,2469000,1
178.249,13,178246465885,2469000,1
178.251,23,178248932885,2496006,0
178.254,8,178251768891,2496006,0
178.257,14,178254300897,2496006,0
178.259,11,178256832903,2496006,0
178.262,4,178259355909,2496006,0
178.264,11,178261878915,2496006,0
178.267,4,178264401921,2469000,1
178.269,12,178266868921,2469000,1
178.269,18,178266868921,2469000,1
178.272,14,178269344921,2496006,0
178.274,8,178271885927,2496006,0
178.277,23,178274408933,2496006,0
178.279,11,178276949939,2496006,0
178.282,9,178279472945,2496006,0
178.284,8,178281995951,2469000,1
178.284,14,178281995951,2469000,1
178.284,22,178281995951,2469000,1
178.287,3,178284480951,2496006,0
178.289,9,178287012957,2469000,1
178.289,10,178287012957,2469000,1
178.292,13,178289479957,2496006,0
178.295,23,178292011963,2496006,0
178.297,11,178294534969,2496006,0
178.3,3,178297075975,2496006,0
178.302,13,178299616981,2469000,1
178.302,4,178299616981,2469000,1
178.302,18,178299616981,2469000,1
178.305,11,178302083981,2469000,1
178.305,8,178302083981,2469000,1
178.307,14,178304559981,2496006,0
178.31,23,178307118987,2469000,1
178.31,3,178307118987,2469000,1
178.312,6,178309594987,2469000,1
178.312,18,178309594987,2469000,1
178.315,13,178312061987,2469000,1
178.315,11,178312061987,2469000,1
178.32,9,178317105993,2469000,1
178.32,14,178317105993,2469000,1
178.322,15,178319572993,2496006,0
178.325,5,178322104999,2496006,0
178.327,7,178324941005,2469000,1
178.327,3,178324941005,2469000,1
178.33,4,178327408005,2469000,1
178.33,8,178327408005,2469000,1
178.332,14,178329875005,2496006,0
178.335,9,178332425011,2496006,0
178.337,18,178334948017,2496006,0
178.34,15,178337471023,2496006,0
178.342,14,178339994029,2496006,0
178.345,23,178342526035,2496006,0
178.348,11,178345058041,2469000,1
178.348,5,178345058041,2469000,1
178.35,16,178347525041,2496006,0
178.353,14,178350048047,2469000,1
178.353,15,178350048047,2469000,1
178.353,9,178350048047,2469000,1
178.355,5,178352828053,2496006,0
178.358,13,178355360059,2496006,0
178.36,23,178357883065,2496006,0
178.363,18,178360406071,2496006,0
178.365,4,178362938077,2469000,1
178.365,15,178362938077,2469000,1
178.368,18,178365414077,2496006,0
178.37,23,178367937083,2469000,1
178.37,18,178367937083,2469000,1
178.373,12,178370404083,2496006,0
178.375,16,178372927089,2496006,0
178.378,5,178375450095,2469000,1
178.378,16,178375450095,2469000,1
178.38,17,178377917095,2496006,0
178.383,9,178380440101,2469000,1
178.385,12,178382934101,2469000,1
178.385,13,178382934101,2469000,1
178.388,5,178385401101,2496006,0
178.39,17,178387960107,2496006,0
178.393,18,178390492113,2496006,0
178.395,23,178393015119,2469000,1
178.395,18,178393015119,2469000,1
178.398,14,178395491119,2496006,0
178.401,3,178398014125,2496006,0
178.403,17,178400537131,2496006,0
178.406,5,178403060137,2469000,1
178.406,13,178403060137,2469000,1
178.408,3,178405554137,2496006,0
178.411,16,178408104143,2496006,0
178.413,18,178410627149,2496006,0
178.416,12,178413150155,2469000,1
178.416,5,178413150155,2469000,1
178.418,17,178415617155,2496006,0
178.421,14,178418140161,2496006,0
178.423,3,178420681167,2496006,0
178.426,14,178423231173,2469000,1
178.426,16,178423231173,2469000,1
178.429,15,178426020179,2496006,0
178.431,3,178428570185,2469000,1
178.431,18,178428570185,2469000,1
178.434,17,178431037185,2496006,0
178.436,15,178433569191,2469000,1
178.436,9,178433569191,2469000,1
178.439,16,178436036191,2496006,0
178.441,8,178438577197,2496006,0
178.444,11,178441100203,2496006,0
178.446,15,178443623209,2496006,0
178.449,3,178446146215,2496006,0
178.451,16,178448705221,2469000,1
178.451,23,178448705221,2469000,1
178.451,17,178448705221,2469000,1
178.454,17,178451181221,2496006,0
178.456,11,178453713227,2469000,1
178.456,14,178453713227,2469000,1
178.459,18,178456493233,2496006,0
178.462,8,178459016239,2496006,0
178.464,3,178461548245,2496006,0
178.467,15,178464080251,2496006,0
178.469,5,178466603257,2496006,0
178.472,18,178469135263,2469000,1
178.472,17,178469135263,2469000,1
178.474,3,178471602263,2469000,1
178.474,4,178471602263,2469000,1
178.477,8,178474069263,2496006,0
178.479,15,178476592269,2469000,1
178.479,13,178476592269,2469000,1
178.482,5,178479068269,2469000,1
178.482,20,178479068269,2469000,1
178.484,11,178481535269,2496006,0
178.487,12,178484067275,2496006,0
178.489,11,178486590281,2496006,0
178.492,17,178489113287,2496006,0
178.494,3,178491645293,2496006,0
178.497,11,178494177299,2469000,1
178.499,17,178496644299,2469000,1
178.499,14,178496644299,2469000,1
178.502,9,178499111299,2496006,0
178.504,8,178501634305,2496006,0
178.507,16,178504166311,2469000,1
178.507,15,178504166311,2469000,1
178.509,12,178506633311,2469000,1
178.509,2,178506633311,2469000,1
178.509,17,178506633311,2469000,1
178.512,3,178509100311,2469000,1
178.514,23,178511567311,2469000,1
178.514,11,178511567311,2469000,1
178.517,12,178514034311,2496006,0
178.519,8,178516557317,2496006,0
178.524,9,178521621329,2469000,1
178.524,18,178521621329,2469000,1
178.527,3,178524097329,2496006,0
178.529,8,178526656335,2469000,1
178.529,5,178526656335,2469000,1
178.532,12,178529436341,2496006,0
178.534,18,178531959347,2496006,0
178.537,3,178534482353,2496006,0
178.54,5,178537014359,2496006,0
178.542,3,178539537365,2496006,0
178.545,9,178542069371,2496006,0
178.547,16,178544592377,2496006,0
178.55,16,178547160383,2469000,1
178.55,19,178547160383,2469000,1
178.55,12,178547160383,2469000,1
178.55,18,178547160383,2469000,1
178.552,9,178549627383,2496006,0
178.555,5,178552168389,2469000,1
178.555,18,178552168389,2469000,1
178.557,9,178554644389,2469000,1
178.557,8,178554644389,2469000,1
178.56,3,178557424395,2469000,1
178.56,5,178557424395,2469000,1
178.562,17,178559918395,2496006,0
178.565,4,178562468401,2469000,1
178.565,9,178562468401,2469000,1
178.567,3,178564962401,2496006,0
178.572,12,178570008413,2469000,1
178.572,8,178570008413,2469000,1
178.575,17,178572502413,2496006,0
178.578,3,178575025419,2496006,0
178.58,11,178577548425,2496006,0
178.583,15,178580089431,2496006,0
178.585,17,178582612437,2469000,1
178.585,16,178582612437,2469000,1
178.588,3,178585106437,2469000,1
178.588,18,178585106437,2469000,1
178.59,11,178587573437,2469000,1
178.59,7,178587573437,2469000,1
178.593,17,178590076437,2496006,0
178.595,5,178592617443,2496006,0
178.598,15,178595140449,2496006,0
178.6,3,178597663455,2496006,0
178.603,17,178600186461,2469000,1
178.603,12,178600186461,2469000,1
178.605,17,178602662461,2496006,0
178.608,5,178605194467,2496006,0
178.61,3,178607717473,2496006,0
178.613,15,178610249479,2496006,0
178.615,11,178612772485,2496006,0
178.618,5,178615295491,2469000,1
178.62,11,178617762491,2496006,0
178.623,3,178620285497,2496006,0
178.625,17,178622808503,2496006,0
178.628,3,178625331509,2496006,0
178.63,11,178627863515,2469000,1
178.63,9,178627863515,2469000,1
178.633,13,178630643521,2469000,1
178.633,3,178630643521,2469000,1
178.636,16,178633119521,2496006,0
178.638,15,178635678527,2496006,0
178.641,15,178638237533,2469000,1
178.641,17,178638237533,2469000,1
178.643,3,178640704533,2496006,0
178.646,16,178643236539,2496006,0
178.648,15,178645759545,2469000,1
178.648,3,178645759545,2469000,1
178.651,14,178648226545,2496006,0
178.653,5,178650749551,2496006,0
178.656,15,178653272557,2496006,0
178.658,16,178655795563,2469000,1
178.658,11,178655795563,2469000,1
178.658,5,178655795563,2469000,1
178.661,12,178658262563,2496006,0
178.664,14,178661107569,2496006,0
178.666,15,178663639575,2496006,0
178.671,17,178668730587,2469000,1
178.671,12,178668730587,2469000,1
178.674,14,178671224587,2469000,1
178.674,8,178671224587,2469000,1
178.676,15,178673709587,2469000,1
178.676,3,178673709587,2469000,1
178.679,11,178676176587,2496006,0
178.681,11,178678699593,2496006,0
178.684,2,178681222599,2469000,1
178.684,5,178681222599,2469000,1
178.686,12,178683689599,2496006,0
178.689,14,178686212605,2496006,0
178.691,18,178688762611,2469000,1
178.691,16,178688762611,2469000,1
178.694,3,178691238611,2496006,0
178.696,12,178693761617,2496006,0
178.699,11,178696293623,2496006,0
178.701,23,178698825629,2469000,1
178.701,11,178698825629,2469000,1
178.704,14,178701319629,2496006,0
178.706,3,178703842635,2496006,0
178.709,14,178706374641,2496006,0
178.711,12,178708897647,2469000,1
178.711,3,178708897647,2469000,1
178.716,14,178713905653,2496006,0
178.719,15,178716455659,2496006,0
178.721,14,178718987665,2496006,0
178.724,3,178721510671,2496006,0
178.727,11,178724042677,2496006,0
178.729,11,178726574683,2496006,0
178.732,14,178729097689,2496006,0
178.734,11,178731629695,2496006,0
178.737,21,178734465701,2469000,1
178.737,14,178734465701,2469000,1
178.739,11,178736959701,2469000,1
178.739,17,178736959701,2469000,1
178.739,5,178736959701,2469000,1
178.742,15,178739426701,2496006,0
178.744,3,178741958707,2496006,0
178.747,12,178744481713,2496006,0
178.75,21,178747013719,2496006,0
178.752,21,178749545725,2496006,0
178.755,12,178752077731,2469000,1
178.755,15,178752077731,2469000,1
178.757,3,178754544731,2496006,0
178.76,3,178757076737,2496006,0
178.762,21,178759599743,2469000,1
178.765,16,178762379749,2469000,1
178.765,21,178762379749,2469000,1
178.767,3,178764891749,2496006,0
178.77,14,178767414755,2496006,0
178.772,11,178769937761,2496006,0
178.775,14,178772487767,2496006,0
178.778,3,178775019773,2496006,0
178.78,11,178777578779,2469000,1
178.78,9,178777578779,2469000,1
178.783,3,178780045779,2469000,1
178.783,12,178780045779,2469000,1
178.785,3,178782521779,2496006,0
178.788,14,178785053785,2496006,0
178.79,18,178787576791,2469000,1
178.79,15,178787576791,2469000,1
178.793,3,178790043791,2496006,0
178.795,3,178792584797,2496006,0
178.798,5,178795152803,2469000,1
178.798,14,178795152803,2469000,1
178.8,3,178797664803,2496006,0
178.803,14,178800187809,2496006,0
178.805,3,178802719815,2496006,0
178.808,11,178805242821,2469000,1
178.808,14,178805242821,2469000,1
178.81,17,178807709821,2496006,0
178.813,14,178810259827,2496006,0
178.815,3,178812782833,2469000,1
178.815,21,178812782833,2469000,1
178.818,15,178815249833,2496006,0
178.82,17,178817772839,2496006,0
178.823,13,178820295845,2496006,0
178.825,3,178822827851,2496006,0
178.828,14,178825377857,2496006,0
178.83,10,178827900863,2496006,0
178.833,14,178830423869,2496006,0
178.835,14,178832946875,2469000,1
178.838,13,178835735881,2469000,1
178.838,17,178835735881,2469000,1
178.841,3,178838211881,2469000,1
178.841,15,178838211881,2469000,1
178.841,13,178838211881,2469000,1
178.843,10,178840678881,2469000,1
178.843,11,178840678881,2469000,1
178.846,12,178843154881,2469000,1
178.851,17,178848207887,2496006,0
178.853,17,178850775893,2496006,0
178.856,17,178853298899,2496006,0
178.858,1,178855821905,2496006,0
178.861,17,178858362911,2496006,0
178.863,3,178860885917,2496006,0
178.866,6,178863417923,2469000,1
178.866,10,178863417923,2469000,1
178.866,17,178863417923,2469000,1
178.869,14,178866206929,2469000,1
178.869,3,178866206929,2469000,1
178.871,1,178868682929,2469000,1
178.871,15,178868682929,2469000,1
178.874,8,178871194929,2496006,0
178.879,3,178876240941,2496006,0
178.881,16,178878772947,2496006,0
178.884,1,178881304953,2496006,0
178.886,8,178883827959,2496006,0
178.889,1,178886359965,2496006,0
178.891,3,178888882971,2469000,1
178.891,13,178888882971,2469000,1
178.894,8,178891385971,2469000,1
178.894,16,178891385971,2469000,1
178.896,17,178893861971,2469000,1
178.896,1,178893861971,2469000,1
178.899,3,178896328971,2496006,0
178.901,1,178898896977,2496006,0
178.904,15,178901419983,2469000,1
178.906,8,178903886983,2496006,0
178.909,1,178906427989,2469000,1
178.909,13,178906427989,2469000,1
178.911,3,178908894989,2496006,0
178.914,16,178911462995,2496006,0
178.916,3,178914013001,2469000,1
178.916,17,178914013001,2469000,1
178.916,8,178914013001,2469000,1
178.919,8,178916507001,2496006,0
178.922,8,178919039007,2496006,0
178.924,16,178921562013,2496006,0
178.927,5,178924085019,2496006,0
178.932,21,178929140031,2496006,0
178.934,10,178931663037,2496006,0
178.937,14,178934195043,2469000,1
178.937,3,178934195043,2469000,1
178.939,16,178936662043,2469000,1
178.939,8,178936662043,2469000,1
178.942,5,178939451049,2496006,0
178.944,1,178941992055,2469000,1
178.944,16,178941992055,2469000,1
178.947,5,178944477055,2496006,0
178.949,8,178947000061,2496006,0
178.952,10,178949523067,2496006,0
178.955,21,178952046073,2496006,0
178.957,11,178954569079,2469000,1
178.957,21,178954569079,2469000,1
178.96,12,178957054079,2496006,0
178.965,21,178962100091,2496006,0
178.967,5,178964623097,2496006,0
178.97,8,178967459103,2469000,1
178.97,16,178967459103,2469000,1
178.972,10,178969926103,2496006,0
178.975,7,178972449109,2496006,0
178.977,10,178974981115,2496006,0
178.98,7,178977513121,2496006,0
178.983,10,178980036127,2496006,0
178.985,21,178982568133,2496006,0
178.988,12,178985091139,2469000,1
178.988,21,178985091139,2469000,1
178.99,9,178987558139,2469000,1
178.99,5,178987558139,2469000,1
178.993,8,178990025139,2496006,0
178.995,7,178992557145,2469000,1
178.995,23,178992557145,2469000,1
178.998,1,178995087145,2469000,1
178.998,10,178995087145,2469000,1
178.998,21,178995087145,2469000,1
178.998,8,178995087145,2469000,1
179,5,178997563145,2469000,1
179.003,8,179000030145,2496006,0
179.005,14,179002580151,2496006,0
179.008,8,179005103157,2496006,0
179.01,3,179007626163,2496006,0
179.013,12,179010167169,2496006,0
179.015,8,179012717175,2469000,1
179.015,14,179012717175,2469000,1
179.018,12,179015202175,2496006,0
179.02,7,179017725181,2469000,1
179.02,12,179017725181,2469000,1
179.023,3,179020201181,2469000,1
179.023,14,179020201181,2469000,1
179.025,5,179022668181,2496006,0
179.028,15,179025191187,2496006,0
179.03,13,179027723193,2496006,0
179.033,5,179030246199,2496006,0
179.035,15,179032778205,2496006,0
179.038,14,179035310211,2469000,1
179.038,5,179035310211,2469000,1
179.04,10,179037777211,2469000,1
179.043,15,179040566217,2469000,1
179.043,3,179040566217,2469000,1
179.046,21,179043042217,2496006,0
179.048,16,179045574223,2469000,1
179.048,5,179045574223,2469000,1
179.051,8,179048041223,2469000,1
179.051,13,179048041223,2469000,1
179.053,21,179050517223,2496006,0
179.056,21,179053049229,2496006,0
179.058,10,179055599235,2469000,1
179.058,21,179055599235,2469000,1
179.061,7,179058084235,2496006,0
179.063,12,179060607241,2469000,1
179.063,7,179060607241,2469000,1
179.066,3,179063074241,2496006,0
179.068,15,179065597247,2469000,1
179.068,7,179065597247,2469000,1
179.071,3,179068091247,2496006,0
179.073,15,179070945253,2496006,0
179.076,3,179073477259,2496006,0
179.078,17,179076000265,2469000,1
179.078,14,179076000265,2469000,1
179.081,13,179078467265,2496006,0
179.086,12,179083540277,2496006,0
179.089,21,179086081283,2469000,1
179.089,3,179086081283,2469000,1
179.091,13,179088557283,2496006,0
179.094,12,179091080289,2469000,1
179.094,13,179091080289,2469000,1
179.096,15,179093547289,2496006,0
179.099,3,179096070295,2496006,0
179.101,15,179098647301,2496006,0
179.104,21,179101179307,2496006,0
179.106,8,179103702313,2496006,0
179.109,3,179106234319,2469000,1
179.109,18,179106234319,2469000,1
179.109,12,179106234319,2469000,1
179.111,13,179108710319,2496006,0
179.114,8,179111233325,2469000,1
179.114,12,179111233325,2469000,1
179.116,21,179113718325,2496006,0
179.121,5,179118782337,2496006,0
179.124,15,179121305343,2469000,1
179.124,3,179121305343,2469000,1
179.126,8,179123790343,2496006,0
179.129,7,179126313349,2496006,0
179.131,5,179128836355,2469000,1
179.131,10,179128836355,2469000,1
179.131,13,179128836355,2469000,1
179.134,21,179131330355,2496006,0
179.136,7,179133853361,2469000,1
179.136,8,179133853361,2469000,1
179.136,21,179133853361,2469000,1
179.139,1,179136320361,2496006,0
179.141,15,179138843367,2496006,0
179.144,22,179141366373,2496006,0
179.147,1,179144220379,2496006,0
179.149,3,179146743385,2469000,1
179.149,8,179146743385,2469000,1
179.152,13,179149228385,2496006,0
179.154,15,179151751391,2496006,0
179.157,22,179154274397,2496006,0
179.159,1,179156797403,2496006,0
179.162,22,179159320409,2469000,1
179.164,8,179161787409,2496006,0
179.167,7,179164319415,2496006,0
179.169,1,179166842421,2469000,1
179.169,21,179166842421,2469000,1
179.172,15,179169309421,2496006,0
179.175,15,179172190427,2496006,0
179.177,8,179174713433,2469000,1
179.177,5,179174713433,2469000,1
179.177,13,179174713433,2469000,1
179.18,7,179177216433,2496006,0
179.182,7,179179739439,2496006,0
179.185,15,179182262445,2496006,0
179.187,22,179184794451,2496006,0
179.19,7,179187317457,2496006,0
179.192,19,179189876463,2496006,0
179.195,15,179192399469,2496006,0
179.197,1,179194940475,2496006,0
179.2,13,179197463481,2496006,0
179.202,7,179199986487,2469000,1
179.202,21,179199986487,2469000,1
179.205,1,179202453487,2496006,0
179.207,22,179204985493,2469000,1
179.207,13,179204985493,2469000,1
179.21,15,179207452493,2496006,0
179.212,19,179209975499,2496006,0
179.215,8,179212543505,2469000,1
179.215,1,179212543505,2469000,1
179.217,15,179215010505,2469000,1
179.217,22,179215010505,2469000,1
179.22,18,179217477505,2496006,0
179.223,19,179220009511,2496006,0
179.225,12,179222532517,2496006,0
179.228,7,179225064523,2496006,0
179.23,13,179227587529,2496006,0
179.233,18,179230110535,2496006,0
179.235,15,179232633541,2496006,0
179.238,7,179235156547,2496006,0
179.24,5,179237679553,2496006,0
179.243,5,179240211559,2496006,0
179.245,13,179242734565,2496006,0
179.248,15,179245588571,2469000,1
179.248,19,179245588571,2469000,1
179.251,12,179248055571,2496006,0
179.253,18,179250578577,2469000,1
179.256,13,179253045577,2496006,0
179.258,7,179255568583,2496006,0
179.261,1,179258091589,2496006,0
179.263,10,179260614595,2496006,0
179.268,15,179265669607,2496006,0
179.271,11,179268201613,2469000,1
179.271,12,179268201613,2469000,1
179.271,15,179268201613,2469000,1
179.273,5,179270668613,2496006,0
179.276,7,179273191619,2469000,1
179.276,3,179273191619,2469000,1
179.278,1,179275971625,2496006,0
179.281,19,179278494631,2496006,0
179.284,1,179281017637,2496006,0
179.286,5,179283540643,2496006,0
179.289,10,179286063649,2469000,1
179.289,19,179286063649,2469000,1
179.291,13,179288530649,2469000,1
179.291,5,179288530649,2469000,1
179.293,12,179290997649,2496006,0
179.296,1,179293520655,2496006,0
179.299,18,179296052661,2469000,1
179.299,1,179296052661,2469000,1
179.301,7,179298528661,2496006,0
179.304,8,179301060667,2496006,0
179.306,8,179303610673,2496006,0
179.309,12,179306133679,2496006,0
179.311,1,179308665685,2496006,0
179.314,20,179311188691,2469000,1
179.314,15,179311188691,2469000,1
179.316,5,179313664691,2496006,0
179.319,8,179316187697,2469000,1
179.319,13,179316187697,2469000,1
179.321,1,179318654697,2496006,0
179.324,16,179321177703,2496006,0
179.326,7,179323700709,2496006,0
179.329,1,179326241715,2469000,1
179.329,5,179326241715,2469000,1
179.329,10,179326241715,2469000,1
179.331,17,179328708715,2496006,0
179.334,22,179331231721,2469000,1
179.334,12,179331231721,2469000,1
179.336,19,179333707721,2496006,0
179.339,16,179336230727,2469000,1
179.339,17,179336230727,2469000,1
179.341,19,179338697727,2496006,0
179.344,19,179341220733,2496006,0
179.346,13,179343743739,2496006,0
179.349,7,179346266745,2469000,1
179.349,19,179346266745,2469000,1
179.352,18,179349046751,2496006,0
179.354,12,179351587757,2496006,0
179.357,8,179354137763,2496006,0
179.359,7,179356660769,2496006,0
179.362,19,179359183775,2469000,1
179.362,7,179359183775,2469000,1
179.364,13,179361650775,2496006,0
179.367,18,179364173781,2469000,1
179.367,5,179364173781,2469000,1
179.367,7,179364173781,2469000,1
179.369,15,179366658781,2496006,0
179.372,13,179369181787,2469000,1
179.372,8,179369181787,2469000,1
179.374,12,179371648787,2496006,0
179.377,1,179374180793,2469000,1
179.377,16,179374180793,2469000,1
179.377,15,179374180793,2469000,1
179.379,15,179376960799,2496006,0
179.382,17,179379483805,2469000,1
179.382,13,179379483805,2469000,1
179.384,19,179381959805,2496006,0
179.387,18,179384491811,2496006,0
179.39,1,179387014817,2496006,0
179.392,15,179389564823,2496006,0
179.395,1,179392105829,2469000,1
179.395,18,179392105829,2469000,1
179.395,12,179392105829,2469000,1
179.395,15,179392105829,2469000,1
179.397,1,179394581829,2496006,0
179.4,21,179397104835,2469000,1
179.402,5,179399580835,2496006,0
179.405,19,179402103841,2496006,0
179.407,19,179404635847,2496006,0
179.41,12,179407167853,2469000,1
179.41,15,179407167853,2469000,1
179.41,1,179407167853,2469000,1
179.412,14,179409634853,2496006,0
179.415,15,179412157859,2469000,1
179.415,14,179412157859,2469000,1
179.417,2,179414624859,2469000,1
179.417,8,179414624859,2469000,1
179.42,19,179417091859,2469000,1
179.42,1,179417091859,2469000,1
179.422,10,179419558859,2496006,0
179.425,18,179422081865,2496006,0
179.427,5,179424604871,2496006,0
179.43,10,179427127877,2496006,0
179.432,22,179429659883,2496006,0
179.435,12,179432182889,2496006,0
179.437,5,179434705895,2469000,1
179.437,13,179434705895,2469000,1
179.437,10,179434705895,2469000,1
179.44,18,179437172895,2469000,1
179.44,12,179437172895,2469000,1
179.442,17,179439648895,2496006,0
179.445,19,179442171901,2496006,0
179.447,17,179444694907,2496006,0
179.45,1,179447217913,2496006,0
179.453,22,179450071919,2496006,0
179.455,16,179452594925,2496006,0
179.458,14,179455126931,2496006,0
179.46,1,179457649937,2469000,1
179.46,7,179457649937,2469000,1
179.463,19,179460116937,2496006,0
179.465,12,179462639943,2469000,1
179.465,14,179462639943,2469000,1
179.468,16,179465106943,2469000,1
179.468,17,179465106943,2469000,1
179.468,18,179465106943,2469000,1
179.47,5,179467573943,2496006,0
179.473,5,179470114949,2496006,0
179.475,1,179472637955,2496006,0
179.478,22,179475160961,2469000,1
179.478,16,179475160961,2469000,1
179.478,17,179475160961,2469000,1
179.48,19,179477627961,2469000,1
179.48,5,179477627961,2469000,1
179.483,14,179480407967,2469000,1
179.483,5,179480407967,2469000,1
179.485,1,179482874967,2496006,0
179.488,21,179485415973,2469000,1
179.488,10,179485415973,2469000,1
179.493,22,179490414979,2496006,0
179.495,1,179492946985,2496006,0
179.498,22,179495478991,2469000,1
179.498,1,179495478991,2469000,1
179.5,12,179497945991,2496006,0
179.503,3,179500468997,2496006,0
179.505,12,179503001003,2496006,0
179.508,12,179505524009,2496006,0
179.511,22,179508047015,2496006,0
179.513,12,179510570021,2496006,0
179.516,19,179513111027,2496006,0
179.518,3,179515634033,2469000,1
179.518,8,179515634033,2469000,1
179.518,10,179515634033,2469000,1
179.521,15,179518101033,2496006,0
179.523,16,179520624039,2469000,1
179.523,15,179520624039,2469000,1
179.526,22,179523091039,2469000,1
179.526,1,179523091039,2469000,1
179.528,15,179525576039,2496006,0
179.531,12,179528117045,2469000,1
179.531,19,179528117045,2469000,1
179.533,22,179530602045,2496006,0
179.536,17,179533134051,2469000,1
179.536,3,179533134051,2469000,1
179.538,7,179535619051,2496006,0
179.541,15,179538160057,2496006,0
179.543,7,179540683063,2496006,0
179.546,5,179543206069,2496006,0
179.548,14,179545738075,2469000,1
179.548,22,179545738075,2469000,1
179.551,22,179548214075,2496006,0
179.553,17,179550746081,2496006,0
179.556,17,179553582087,2496006,0
179.559,17,179556114093,2496006,0
179.561,18,179558637099,2496006,0
179.564,22,179561169105,2496006,0
179.566,1,179563692111,2469000,1
179.566,12,179563692111,2469000,1
179.566,15,179563692111,2469000,1
179.569,7,179566159111,2496006,0
179.571,8,179568682117,2496006,0
179.574,18,179571205123,2469000,1
179.574,2,179571205123,2469000,1
179.574,5,179571205123,2469000,1
179.576,21,179573681123,2496006,0
179.579,19,179576204129,2496006,0
179.581,17,179578727135,2496006,0
179.584,15,179581581141,2469000,1
179.587,9,179584057141,2469000,1
179.587,22,179584057141,2469000,1
179.587,12,179584057141,2469000,1
179.587,2,179584057141,2469000,1
179.589,8,179586524141,2496006,0
179.592,19,179589047147,2496006,0
179.594,5,179591579153,2469000,1
179.594,22,179591579153,2469000,1
179.597,7,179594046153,2496006,0
179.599,8,179596569159,2469000,1
179.599,17,179596569159,2469000,1
179.599,7,179596569159,2469000,1
179.602,21,179599036159,2496006,0
179.604,13,179601559165,2469000,1
179.604,5,179601559165,2469000,1
179.607,18,179604044165,2496006,0
179.609,3,179606576171,2496006,0
179.612,21,179609099177,2496006,0
179.614,19,179611622183,2469000,1
179.614,21,179611622183,2469000,1
179.617,18,179614152183,2496006,0
179.619,21,179616684189,2496006,0
179.622,2,179619207195,2469000,1
179.622,8,179619207195,2469000,1
179.622,3,179619207195,2469000,1
179.624,17,179621674195,2496006,0
179.627,17,179624260201,2496006,0
179.629,18,179626792207,2469000,1
179.629,21,179626792207,2469000,1
179.632,10,179629259207,2469000,1
179.632,7,179629259207,2469000,1
179.634,19,179631762207,2496006,0
179.637,15,179634294213,2496006,0
179.639,18,179636835219,2496006,0
179.642,17,179639358225,2496006,0
179.644,15,179641881231,2496006,0
179.647,1,179644404237,2469000,1
179.647,21,179644404237,2469000,1
179.649,18,179646898237,2469000,1
179.649,3,179646898237,2469000,1
179.652,19,179649365237,2496006,0
179.654,22,179651897243,2496006,0
179.657,17,179654733249,2469000,1
179.657,2,179654733249,2469000,1
179.66,19,179657200249,2496006,0
179.662,17,179659723255,2469000,1
179.665,15,179662208255,2496006,0
179.667,15,179664749261,2496006,0
179.67,22,179667272267,2496006,0
179.672,12,179669804273,2469000,1
179.672,22,179669804273,2469000,1
179.675,19,179672280273,2496006,0
179.677,2,179674803279,2496006,0
179.68,14,179677326285,2496006,0
179.682,2,179679849291,2469000,1
179.682,14,179679849291,2469000,1
179.685,16,179682316291,2469000,1
179.685,7,179682316291,2469000,1
179.685,19,179682316291,2469000,1
179.688,15,179685096297,2469000,1
179.688,11,179685096297,2469000,1
179.69,8,179687572297,2496006,0
179.693,22,179690095303,2469000,1
179.693,2,179690095303,2469000,1
179.695,18,179692562303,2496006,0
179.698,3,179695166309,2469000,1
179.698,14,179695166309,2469000,1
179.7,18,179697642309,2469000,1
179.7,17,179697642309,2469000,1
179.703,5,179700109309,2469000,1
179.703,8,179700109309,2469000,1
179.705,15,179702576309,2496006,0
179.708,15,179705108315,2496006,0
179.71,14,179707631321,2496006,0
179.713,15,179710154327,2496006,0
179.715,2,179712686333,2496006,0
179.718,19,179715209339,2496006,0
179.72,21,179717732345,2496006,0
179.723,15,179720273351,2496006,0
179.725,21,179722805357,2469000,1
179.725,14,179722805357,2469000,1
179.73,22,179727849363,2469000,1
179.73,18,179727849363,2469000,1
179.73,15,179727849363,2469000,1
179.733,2,179730316363,2469000,1
179.733,19,179730316363,2469000,1
179.735,23,179732783363,2496006,0
179.738,23,179735306369,2496006,0
179.74,8,179737829375,2496006,0
179.743,23,179740370381,2496006,0
179.745,16,179742893387,2469000,1
179.745,18,179742893387,2469000,1
179.745,8,179742893387,2469000,1
179.748,12,179745369387,2496006,0
179.75,12,179747928393,2496006,0
179.753,21,179750451399,2496006,0
179.755,23,179752974405,2496006,0
179.758,15,179755497411,2496006,0
179.761,22,179758333417,2496006,0
179.763,22,179760874423,2496006,0
179.766,23,179763406429,2469000,1
179.766,12,179763406429,2469000,1
179.766,14,179763406429,2469000,1
179.768,19,179765873429,2496006,0
179.771,8,179768423435,2496006,0
179.773,1,179770946441,2496006,0
179.776,21,179773469447,2496006,0
179.778,2,179776001453,2469000,1
179.778,22,179776001453,2469000,1
179.781,15,179778468453,2469000,1
179.781,23,179778468453,2469000,1
179.783,12,179780944453,2469000,1
179.783,22,179780944453,2469000,1
179.786,8,179783447453,2469000,1
179.786,19,179783447453,2469000,1
179.786,21,179783447453,2469000,1
179.789,1,179786245459,2496006,0
179.794,2,179791300471,2496006,0
179.796,8,179793832477,2496006,0
179.799,2,179796355483,2496006,0
179.801,19,179798887489,2496006,0
179.804,17,179801428495,2469000,1
179.804,19,179801428495,2469000,1
179.806,1,179803904495,2496006,0
179.809,8,179806436501,2496006,0
179.811,2,179808959507,2496006,0
179.814,2,179811482513,2496006,0
179.817,19,179814014519,2496006,0
179.819,23,179816537525,2469000,1
179.819,19,179816537525,2469000,1
179.821,3,179819004525,2469000,1
179.821,15,179819004525,2469000,1
179.824,14,179821471525,2496006,0
179.826,1,179823994531,2469000,1
179.826,11,179823994531,2469000,1
179.829,8,179826461531,2496006,0
179.831,2,179828984537,2469000,1
179.831,1,179828984537,2469000,1
179.834,7,179831460537,2469000,1
179.834,21,179831460537,2469000,1
179.836,22,179833927537,2496006,0
179.839,14,179836477543,2469000,1
179.839,8,179836477543,2469000,1
179.841,13,179838962543,2496006,0
179.844,13,179841485549,2496006,0
179.847,22,179844062555,2496006,0
179.849,13,179846594561,2496006,0
179.852,2,179849117567,2469000,1
179.854,1,179851584567,2496006,0
179.857,1,179854125573,2496006,0
179.859,19,179856648579,2469000,1
179.859,14,179856648579,2469000,1
179.862,12,179859455585,2496006,0
179.864,12,179861978591,2496006,0
179.867,22,179864501597,2496006,0
179.87,8,179867033603,2469000,1
179.87,14,179867033603,2469000,1
179.87,22,179867033603,2469000,1
179.872,13,179869500603,2496006,0
179.875,12,179872041609,2496006,0
179.877,1,179874573615,2496006,0
179.88,12,179877114621,2496006,0
179.882,1,179879646627,2496006,0
179.885,15,179882187633,2496006,0
179.887,18,179884710639,2496006,0
179.89,13,179887242645,2496006,0
179.893,12,179890078651,2496006,0
179.895,18,179892610657,2469000,1
179.895,4,179892610657,2469000,1
179.898,13,179895077657,2496006,0
179.9,21,179897609663,2496006,0
179.903,23,179900132669,2469000,1
179.903,8,179900132669,2469000,1
179.905,1,179902617669,2469000,1
179.905,15,179902617669,2469000,1
179.908,19,179905093669,2469000,1
179.908,12,179905093669,2469000,1
179.91,18,179907560669,2469000,1
179.913,10,179910036669,2469000,1
179.913,22,179910036669,2469000,1
179.915,13,179912503669,2496006,0
179.917,2,179915026675,2469000,1
179.917,21,179915026675,2469000,1
179.92,12,179917493675,2496006,0
179.923,15,179920034681,2496006,0
179.925,21,179922584687,2496006,0
179.928,15,179925107693,2496006,0
179.93,23,179927630699,2496006,0
179.933,12,179930153705,2496006,0
179.935,22,179932685711,2469000,1
179.935,13,179932685711,2469000,1
179.938,17,179935179711,2496006,0
179.94,23,179937702717,2496006,0
179.943,1,179940225723,2469000,1
179.943,23,179940225723,2469000,1
179.945,21,179942692723,2496006,0
179.948,15,179945242729,2469000,1
179.948,12,179945242729,2469000,1
179.95,17,179947718729,2496006,0
179.953,23,179950259735,2496006,0
179.955,21,179952782741,2496006,0
179.958,23,179955350747,2496006,0
179.96,17,179957873753,2469000,1
179.96,13,179957873753,2469000,1
179.963,7,179960340753,2469000,1
179.963,17,179960342753,2469000,1
179.966,23,179963122759,2496006,0
179.968,12,179965645765,2496006,0
179.971,23,179968168771,2496006,0
179.976,18,179973223783,2496006,0
179.978,21,179975746789,2469000,1
179.978,15,179975746789,2469000,1
179.981,12,179978276789,2496006,0
179.983,18,179980799795,2496006,0
179.986,18,179983322801,2496006,0
179.988,6,179985845807,2469000,1
179.988,23,179985845807,2469000,1
179.991,12,179988330807,2496006,0
179.994,21,179991175813,2496006,0
179.996,17,179993716819,2496006,0
179.999,18,179996266825,2496006,0
180.001,21,179998798831,2469000,1
180.001,1,179998798831,2469000,1
180.004,5,180001274831,2469000,1
180.004,12,180001274831,2469000,1
180.006,17,180003741831,2496006,0
180.009,23,180006318837,2469000,1
180.009,18,180006318837,2469000,1
180.011,8,180008794837,2469000,1
180.014,17,180011261837,2469000,1
180.014,15,180011261837,2469000,1
180.016,18,180013746837,2496006,0
180.019,23,180016269843,2496006,0
180.021,14,180018792849,2469000,1
180.021,13,180018792849,2469000,1
180.024,18,180021259849,2496006,0
180.026,19,180023782855,2469000,1
180.026,18,180023782855,2469000,1
180.029,12,180026249855,2496006,0
180.031,17,180028790861,2469000,1
180.031,18,180028790861,2469000,1
180.034,21,180031275861,2496006,0
180.036,23,180033798867,2496006,0
180.039,12,180036321873,2496006,0
180.041,23,180038853879,2496006,0
180.044,12,180041385885,2496006,0
180.046,13,180043926891,2496006,0
180.049,2,180046485897,2496006,0
180.054,21,180051531909,2496006,0
180.057,12,180054063915,2469000,1
180.057,23,180054063915,2469000,1
180.059,22,180056539915,2496006,0
180.062,23,180059062921,2496006,0
180.064,2,180061594927,2496006,0
180.067,13,180064430933,2496006,0
180.069,23,180066953939,2496006,0
180.072,22,180069485945,2469000,1
180.072,13,180069485945,2469000,1
180.074,12,180071952945,2496006,0
180.077,2,180074484951,2496006,0
180.08,21,180077016957,2496006,0
180.082,3,180079539963,2469000,1
180.082,2,180079539963,2469000,1
180.084,12,180082006963,2469000,1
180.084,22,180082006963,2469000,1
180.087,21,180084482963,2496006,0
180.09,23,180087014969,2496006,0
180.092,18,180089555975,2496006,0
180.095,23,180092087981,2469000,1
180.095,21,180092087981,2469000,1
180.097,21,180094876987,2496006,0
180.102,13,180099949999,2469000,1
180.102,23,180099949999,2469000,1
180.105,18,180102425999,2496006,0
180.107,23,180104949005,2496006,0
180.11,16,180107472011,2496006,0
180.113,17,180110004017,2496006,0
180.115,21,180112527023,2469000,1
180.115,2,180112527023,2469000,1
180.115,23,180112527023,2469000,1
180.118,18,180115030023,2496006,0
180.12,18,180117553029,2496006,0
180.123,12,180120085035,2496006,0
180.125,21,180122617041,2496006,0
180.128,16,180125149047,2496006,0
180.13,17,180127672053,2496006,0
180.133,21,180130204059,2496006,0
180.135,18,180132727065,2496006,0
180.138,21,180135250071,2496006,0
180.14,13,180137791077,2496006,0
180.143,17,180140314083,2469000,1
180.143,12,180140314083,2469000,1
180.143,7,180140314083,2469000,1
180.143,23,180140314083,2469000,1
180.143,13,180140314083,2469000,1
180.145,18,180142781083,2496006,0
180.148,21,180145304089,2469000,1
180.148,18,180145304089,2469000,1
180.15,22,180147771089,2496006,0
180.153,17,180150294095,2469000,1
180.155,16,180152761095,2496006,0
180.158,22,180155284101,2496006,0
180.16,21,180157807107,2496006,0
180.163,9,180160339113,2469000,1
180.163,22,180160339113,2469000,1
180.165,12,180162815113,2496006,0
180.168,12,180165338119,2496006,0
180.171,16,180168174125,2496006,0
180.173,13,180170706131,2496006,0
180.176,13,180173229137,2496006,0
180.178,16,180175761143,2469000,1
180.178,1,180175761143,2469000,1
180.178,5,180175761143,2469000,1
180.181,21,180178228143,2496006,0
180.183,7,180180778149,2496006,0
180.186,18,180183310155,2469000,1
180.186,12,180183310155,2469000,1
180.188,12,180185795155,2496006,0
180.191,23,180188318161,2496006,0
180.193,22,180190841167,2496006,0
180.196,13,180193364173,2496006,0
180.199,21,180196218179,2469000,1
180.199,15,180196218179,2469000,1
180.199,7,180196218179,2469000,1
180.201,12,180198694179,2469000,1
180.201,16,180198694179,2469000,1
180.204,13,180201161179,2469000,1
180.204,12,180201163179,2469000,1
180.206,8,180203648179,2496006,0
180.209,7,180206171185,2496006,0
180.211,2,180208694191,2496006,0
180.214,23,180211217197,2469000,1
180.216,22,180213684197,2496006,0
180.219,22,180216207203,2496006,0
180.221,17,180218757209,2496006,0
180.224,19,180221280215,2496006,0
180.226,8,180223803221,2469000,1
180.226,17,180223803221,2469000,1
180.229,13,180226270221,2469000,1
180.229,2,180226270221,2469000,1
180.231,7,180228737221,2496006,0
180.234,22,180231278227,2496006,0
180.236,23,180233810233,2496006,0
180.239,21,180236342239,2496006,0
180.241,19,180238892245,2469000,1
180.241,21,180238892245,2469000,1
180.244,7,180241368245,2496006,0
180.246,17,180243891251,2496006,0
180.249,23,180246414257,2496006,0
180.251,19,180248937263,2496006,0
180.254,18,180251460269,2469000,1
180.254,8,180251460269,2469000,1
180.256,22,180253936269,2496006,0
180.259,23,180256459275,2469000,1
180.259,10,180256459275,2469000,1
180.261,17,180258935275,2496006,0
180.264,7,180261467281,2469000,1
180.264,23,180261467281,2469000,1
180.266,21,180263952281,2496006,0
180.269,2,180266475287,2469000,1
180.269,19,180266475287,2469000,1
180.272,22,180269264293,2496006,0
180.277,13,180274328305,2496006,0
180.279,17,180276860311,2496006,0
180.282,19,180279392317,2496006,0
180.284,7,180281915323,2496006,0
180.287,22,180284438329,2496006,0
180.289,16,180286961335,2469000,1
180.289,21,180286961335,2469000,1
180.292,6,180289446335,2496006,0
180.294,13,180291969341,2496006,0
180.297,19,180294492347,2469000,1
180.297,12,180294492347,2469000,1
180.297,6,180294492347,2469000,1
180.299,13,180296986347,2469000,1
180.299,17,180296986347,2469000,1
180.302,23,180299766353,2496006,0
180.305,2,180302307359,2496006,0
180.307,7,180304830365,2469000,1
180.307,22,180304830365,2469000,1
180.31,19,180307324365,2496006,0
180.312,2,180309874371,2496006,0
180.315,23,180312397377,2469000,1
180.315,13,180312397377,2469000,1
180.317,22,180314864377,2496006,0
180.32,19,180317387383,2496006,0
180.322,15,180319910389,2496006,0
180.325,13,180322442395,2496006,0
180.327,21,180324974401,2469000,1
180.327,6,180324974401,2469000,1
180.327,2,180324974401,2469000,1
180.327,23,180324974401,2469000,1
180.327,13,180324974401,2469000,1
180.33,8,180327441401,2469000,1
180.33,2,180327443401,2469000,1
180.332,17,180329910401,2496006,0
180.335,19,180332433407,2469000,1
180.335,17,180332433407,2469000,1
180.337,15,180334900407,2496006,0
180.34,17,180337423413,2469000,1
180.342,19,180339908413,2496006,0
180.345,22,180342440419,2496006,0
180.347,13,180344963425,2469000,1
180.347,19,180344963425,2469000,1
180.35,15,180347430425,2496006,0
180.352,23,180349953431,2469000,1
180.352,17,180349953431,2469000,1
180.352,19,180349953431,2469000,1
180.355,7,180352429431,2496006,0
180.357,7,180354952437,2496006,0
180.36,12,180357475443,2496006,0
180.362,15,180359998449,2496006,0
180.365,22,180362539455,2496006,0
180.368,7,180365062461,2496006,0
180.37,22,180367603467,2496006,0
180.373,12,180370135473,2496006,0
180.375,22,180372980479,2496006,0
180.378,15,180375503485,2469000,1
180.378,21,180375503485,2469000,1
180.378,12,180375503485,2469000,1
180.38,12,180377972485,2496006,0
180.383,6,180380504491,2469000,1
180.383,22,180380504491,2469000,1
180.385,15,180382971491,2496006,0
180.388,7,180385494497,2469000,1
180.388,15,180385494497,2469000,1
180.39,16,180387961497,2496006,0
180.393,14,180390502503,2469000,1
180.393,7,180390502503,2469000,1
180.395,12,180392969503,2469000,1
180.395,6,180392969503,2469000,1
180.398,16,180395490503,2496006,0
180.4,19,180398013509,2469000,1
180.4,7,180398013509,2469000,1
180.403,7,180400793515,2496006,0
180.406,13,180403316521,2496006,0
180.411,15,180408362533,2496006,0
180.413,2,180410894539,2469000,1
180.413,22,180410894539,2469000,1
180.416,13,180413370539,2496006,0
180.418,7,180415893545,2469000,1
180.418,16,180415893545,2469000,1
180.421,18,180418369545,2496006,0
180.423,15,180420910551,2496006,0
180.426,12,180423469557,2469000,1
180.426,22,180423469557,2469000,1
180.428,17,180425954557,2496006,0
180.431,19,180428477563,2469000,1
180.431,7,180428477563,2469000,1
180.431,16,180428477563,2469000,1
180.433,13,180430944563,2469000,1
180.433,22,180430944563,2469000,1
180.433,16,180430946563,2469000,1
180.436,18,180433431563,2469000,1
180.436,12,180433431563,2469000,1
180.438,15,180435898563,2496006,0
180.441,17,180438421569,2496006,0
180.443,17,180440953575,2496006,0
180.446,15,180443584581,2496006,0
180.449,17,180446107587,2496006,0
180.451,21,180448639593,2496006,0
180.454,14,180451189599,2469000,1
180.456,1,180453665599,2469000,1
180.456,18,180453665599,2469000,1
180.456,12,180453665599,2469000,1
180.459,17,180456141599,2469000,1
180.459,15,180456141599,2469000,1
180.461,7,180458608599,2469000,1
180.461,13,180458608599,2469000,1
180.464,2,180461075599,2496006,0
180.466,5,180463598605,2469000,1
180.466,21,180463598605,2469000,1
180.469,13,180466065605,2496006,0
180.471,13,180468588611,2496006,0
180.474,1,180471129617,2496006,0
180.476,8,180473992623,2496006,0
180.479,1,180476533629,2469000,1
180.479,13,180476533629,2469000,1
180.481,16,180479000629,2469000,1
180.481,2,180479000629,2469000,1
180.484,22,180481485629,2469000,1
180.484,17,180481485629,2469000,1
180.484,1,180481485629,2469000,1
180.484,2,180481485629,2469000,1
180.486,15,180483952629,2496006,0
180.489,23,180486502635,2469000,1
180.489,17,180486502635,2469000,1
180.491,8,180488978635,2496006,0
180.494,8,180491501641,2496006,0
180.497,18,180494024647,2496006,0
180.499,21,180496547653,2496006,0
180.504,7,180501593665,2469000,1
180.504,18,180501593665,2469000,1
180.507,8,180504391671,2496006,0
180.509,21,180506923677,2469000,1
180.509,13,180506923677,2469000,1
180.509,15,180506923677,2469000,1
180.512,8,180509444677,2496006,0
180.514,8,180511976683,2496006,0
180.517,2,180514526689,2496006,0
180.52,8,180517049695,2469000,1
180.52,13,180517049695,2469000,1
180.522,20,180519543695,2496006,0
180.525,15,180522075701,2496006,0
180.527,2,180524616707,2496006,0
180.53,7,180527139713,2496006,0
180.532,18,180529680719,2496006,0
180.535,15,180532203725,2469000,1
180.535,21,180532203725,2469000,1
180.54,8,180537202731,2469000,1
180.54,18,180537202731,2469000,1
180.542,20,180539669731,2496006,0
180.545,1,180542192737,2496006,0
180.547,20,180544724743,2496006,0
180.55,2,180547247749,2496006,0
180.552,7,180549779755,2469000,1
180.552,13,180549779755,2469000,1
180.555,20,180552255755,2496006,0
180.557,15,180554796761,2469000,1
180.557,20,180554796761,2469000,1
180.56,1,180557263761,2496006,0
180.562,1,180559813767,2496006,0
180.565,2,180562345773,2496006,0
180.567,15,180564895779,2496006,0
180.57,1,180567427785,2469000,1
180.57,15,180567427785,2469000,1
180.575,18,180572435791,2496006,0
180.577,21,180574967797,2496006,0
180.58,17,180577803803,2496006,0
180.583,2,180580326809,2496006,0
180.585,6,180582849815,2469000,1
180.585,1,180582849815,2469000,1
180.585,17,180582849815,2469000,1
180.588,7,180585316815,2496006,0
180.59,15,180587857821,2496006,0
180.593,2,180590380827,2469000,1
180.593,7,180590380827,2469000,1
180.595,18,180592847827,2496006,0
180.598,20,180595388833,2496006,0
180.6,21,180597911839,2496006,0
180.603,17,180600434845,2496006,0
180.605,15,180602957851,2469000,1
180.605,7,180602957851,2469000,1
180.608,21,180605737857,2496006,0
180.611,8,180608269863,2496006,0
180.613,20,180610792869,2469000,1
180.613,8,180610792869,2469000,1
180.616,18,180613259869,2469000,1
180.616,21,180613259869,2469000,1
180.618,19,180615753869,2469000,1
180.618,17,180615753869,2469000,1
180.618,8,180615753869,2469000,1
180.621,20,180618238869,2496006,0
180.623,18,180620761875,2496006,0
180.626,20,180623302881,2496006,0
180.628,2,180625825887,2496006,0
180.631,15,180628348893,2496006,0
180.633,21,180630916899,2496006,0
180.636,8,180633439905,2496006,0
180.638,18,180635962911,2469000,1
180.638,23,180635962911,2469000,1
180.641,15,180638429911,2469000,1
180.641,2,180638429911,2469000,1
180.643,20,180640923911,2496006,0
180.646,1,180643446917,2496006,0
180.648,8,180645969923,2496006,0
180.651,2,180648492929,2496006,0
180.653,16,180651024935,2469000,1
180.653,17,180651024935,2469000,1
180.656,20,180653491935,2496006,0
180.659,11,180656014941,2496006,0
180.661,21,180658537947,2496006,0
180.664,15,180661069953,2496006,0
180.666,21,180663592959,2496006,0
180.671,11,180668638971,2496006,0
180.674,21,180671161977,2496006,0
180.676,18,180673684983,2469000,1
180.676,1,180673684983,2469000,1
180.679,7,180676151983,2496006,0
180.681,8,180678987989,2469000,1
180.681,11,180678987989,2469000,1
180.684,20,180681454989,2469000,1
180.684,2,180681454989,2469000,1
180.686,7,180683921989,2496006,0
180.689,21,180686444995,2469000,1
180.689,23,180686444995,2469000,1
180.691,7,180688911995,2496006,0
180.694,11,180691444001,2496006,0
180.696,15,180693967007,2496006,0
180.699,11,180696517013,2469000,1
180.699,7,180696517013,2469000,1
180.701,2,180698984013,2496006,0
180.704,15,180701516019,2496006,0
180.707,7,180704048025,2496006,0
180.709,12,180706598031,2496006,0
180.712,1,180709443037,2469000,1
180.712,12,180709443037,2469000,1
180.714,7,180711928037,2496006,0
180.717,15,180714460043,2469000,1
180.717,21,180714460043,2469000,1
180.719,2,180716927043,2496006,0
180.722,8,180719450049,2496006,0
180.724,11,180721973055,2496006,0
180.727,17,180724496061,2469000,1
180.727,20,180724496061,2469000,1
180.732,19,180729486067,2496006,0
180.735,2,180732009073,2496006,0
180.737,12,180734532079,2496006,0
180.74,2,180737055085,2496006,0
180.742,7,180739578091,2469000,1
180.742,12,180739578091,2469000,1
180.745,19,180742054091,2496006,0
180.747,8,180744586097,2469000,1
180.747,19,180744586097,2469000,1
180.75,19,180747055097,2496006,0
180.752,11,180749578103,2496006,0
180.755,20,180752101109,2496006,0
180.757,3,180754624115,2496006,0
180.76,16,180757147121,2496006,0
180.762,19,180759670127,2469000,1
180.762,11,180759670127,2469000,1
180.765,17,180762137127,2469000,1
180.765,16,180762137127,2469000,1
180.767,2,180764622127,2496006,0
180.77,20,180767145133,2496006,0
180.772,15,180769695139,2496006,0
180.775,7,180772227145,2496006,0
180.777,2,180774750151,2469000,1
180.777,3,180774750151,2469000,1
180.78,21,180777217151,2469000,1
180.78,12,180777217151,2469000,1
180.782,18,180779693151,2496006,0
180.785,15,180782529157,2469000,1
180.785,8,180782529157,2469000,1
180.787,20,180785023157,2469000,1
180.787,16,180785023157,2469000,1
180.79,11,180787508157,2496006,0
180.793,1,180790031163,2469000,1
180.793,2,180790031163,2469000,1
180.793,8,180790031163,2469000,1
180.793,11,180790031163,2469000,1
180.795,7,180792498163,2496006,0
180.798,3,180795021169,2496006,0
180.8,17,180797553175,2469000,1
180.8,18,180797553175,2469000,1
180.803,7,180800038175,2496006,0
180.805,19,180802561181,2496006,0
180.808,19,180805084187,2496006,0
180.81,5,180807616193,2469000,1
180.81,7,180807616193,2469000,1
180.813,3,180810414199,2496006,0
180.815,4,180812937205,2496006,0
180.818,15,180815460211,2496006,0
180.82,7,180818001217,2496006,0
180.823,19,180820542223,2496006,0
180.826,5,180823065229,2496006,0
180.828,7,180825588235,2469000,1
180.828,16,180825588235,2469000,1
180.831,5,180828055235,2496006,0
180.833,20,180830587241,2469000,1
180.833,3,180830587241,2469000,1
180.836,19,180833054241,2469000,1
180.836,21,180833054241,2469000,1
180.838,15,180835521241,2469000,1
180.838,11,180835521241,2469000,1
180.838,4,180835521241,2469000,1
180.84,13,180837997241,2496006,0
180.843,12,180840520247,2496006,0
180.846,18,180843043253,2496006,0
180.848,18,180845575259,2496006,0
180.851,13,180848116265,2496006,0
180.853,1,180850639271,2469000,1
180.853,5,180850639271,2469000,1
180.856,12,180853115271,2496006,0
180.858,18,180855638277,2496006,0
180.861,11,180858188283,2496006,0
180.863,15,180860720289,2469000,1
180.863,13,180860720289,2469000,1
180.863,11,180860720289,2469000,1
180.866,19,180863187289,2496006,0
180.868,6,180865719295,2469000,1
180.868,7,180865719295,2469000,1
180.868,1,180865719295,2469000,1
180.871,3,180868186295,2496006,0
180.876,2,180873232307,2496006,0
180.878,18,180875764313,2469000,1
180.878,12,180875764313,2469000,1
180.881,20,180878231313,2496006,0
180.883,4,180880763319,2496006,0
180.886,3,180883617325,2469000,1
180.886,19,180883617325,2469000,1
180.889,15,180886093325,2496006,0
180.891,4,180888616331,2469000,1
180.891,9,180888616331,2469000,1
180.894,19,180891083331,2496006,0
180.896,20,180893606337,2496006,0
180.899,17,180896129343,2469000,1
180.899,19,180896129343,2469000,1
180.901,5,180898605343,2469000,1
180.901,2,180898605343,2469000,1
180.901,12,180898605343,2469000,1
180.904,9,180901090343,2496006,0
180.906,18,180903622349,2469000,1
180.906,15,180903622349,2469000,1
180.906,4,180903622349,2469000,1
180.906,19,180903622349,2469000,1
180.909,11,180906098349,2469000,1
180.909,3,180906098349,2469000,1
180.911,13,180908565349,2469000,1
180.911,20,180908565349,2469000,1
180.911,2,180908565349,2469000,1
180.914,9,180911032349,2496006,0
180.916,5,180913931355,2496006,0
180.919,15,180916472361,2496006,0
180.921,8,180918995367,2496006,0
180.924,9,180921518373,2496006,0
180.927,5,180924041379,2496006,0
180.929,12,180926573385,2469000,1
180.929,8,180926573385,2469000,1
180.932,5,180929058385,2469000,1
180.932,19,180929058385,2469000,1
180.934,9,180931525385,2496006,0
180.939,20,180936607397,2469000,1
180.939,15,180936607397,2469000,1
180.942,9,180939083397,2496006,0
180.944,7,180941633403,2496006,0
180.947,3,180944156409,2496006,0
180.949,11,180946679415,2496006,0
180.952,16,180949220421,2469000,1
180.952,5,180949220421,2469000,1
180.952,3,180949220421,2469000,1
180.954,4,180951687421,2469000,1
180.954,8,180951687421,2469000,1
180.957,7,180954163421,2469000,1
180.957,9,180954163421,2469000,1
180.959,3,180956630421,2496006,0
180.962,11,180959153427,2496006,0
180.964,7,180961676433,2496006,0
180.967,11,180964199439,2469000,1
180.967,7,180964199439,2469000,1
180.969,15,180966666439,2496006,0
180.972,13,180969189445,2469000,1
180.972,15,180969189445,2469000,1
180.974,3,180971674445,2496006,0
180.977,9,180974197451,2496006,0
180.979,10,180976720457,2496006,0
180.982,18,180979243463,2496006,0
180.984,15,180981775469,2496006,0
180.987,10,180984307475,2469000,1
180.987,3,180984307475,2469000,1
180.987,2,180984307475,2469000,1
180.99,9,180987087481,2496006,0
180.992,8,180989646487,2496006,0
180.995,18,180992169493,2496006,0
180.997,21,180994710499,2496006,0
181,11,180997233505,2469000,1
181,15,180997233505,2469000,1
181.002,8,180999718505,2469000,1
181.002,9,180999718505,2469000,1
181.005,8,181002187505,2496006,0
181.007,18,181004719511,2469000,1
181.007,3,181004719511,2469000,1
181.01,7,181007195511,2496006,0
181.012,21,181009718517,2496006,0
181.015,8,181012241523,2496006,0
181.018,18,181015077529,2496006,0
181.02,10,181017600535,2496006,0
181.023,18,181020123541,2496006,0
181.025,21,181022655547,2496006,0
181.028,10,181025187553,2469000,1
181.028,7,181025187553,2469000,1
181.028,15,181025187553,2469000,1
181.03,10,181027663553,2496006,0
181.033,20,181030186559,2496006,0
181.035,18,181032718565,2496006,0
181.038,8,181035259571,2469000,1
181.038,7,181035259571,2469000,1
181.04,20,181037735571,2469000,1
181.04,9,181037735571,2469000,1
181.043,19,181040202571,2469000,1
181.043,21,181040202571,2469000,1
181.045,18,181042669571,2496006,0
181.048,3,181045210577,2469000,1
181.048,10,181045210577,2469000,1
181.05,5,181047677577,2496006,0
181.053,12,181050245583,2496006,0
181.055,11,181052795589,2496006,0
181.058,7,181055318595,2469000,1
181.058,21,181055318595,2469000,1
181.058,18,181055318595,2469000,1
181.06,8,181057785595,2496006,0
181.063,12,181060308601,2496006,0
181.065,11,181062849607,2469000,1
181.065,5,181062849607,2469000,1
181.068,18,181065316607,2469000,1
181.068,11,181065318607,2469000,1
181.07,12,181067794607,2469000,1
181.07,8,181067794607,2469000,1
181.07,22,181067794607,2469000,1
181.07,5,181067794607,2469000,1
181.073,20,181070306607,2496006,0
181.075,10,181072847613,2496006,0
181.078,21,181075370619,2496006,0
181.08,2,181077893625,2496006,0
181.083,20,181080416631,2469000,1
181.083,2,181080416631,2469000,1
181.085,4,181082883631,2496006,0
181.088,12,181085406637,2496006,0
181.091,21,181088242643,2469000,1
181.091,13,181088242643,2469000,1
181.093,4,181090709643,2496006,0
181.096,21,181093241649,2496006,0
181.098,15,181095764655,2496006,0
181.101,12,181098287661,2469000,1
181.101,20,181098287661,2469000,1
181.103,4,181100754661,2469000,1
181.103,10,181100754661,2469000,1
181.103,2,181100754661,2469000,1
181.106,21,181103221661,2469000,1
181.106,15,181103221661,2469000,1
181.108,5,181105688661,2496006,0
181.111,12,181108220667,2496006,0
181.113,8,181110752673,2496006,0
181.116,8,181113275679,2496006,0
181.118,21,181115798685,2469000,1
181.118,15,181115798685,2469000,1
181.121,9,181118578691,2469000,1
181.121,11,181118578691,2469000,1
181.124,11,181121047691,2496006,0
181.126,20,181123570697,2496006,0
181.129,18,181126093703,2469000,1
181.129,10,181126093703,2469000,1
181.131,12,181128560703,2469000,1
181.131,21,181128560703,2469000,1
181.134,5,181131027703,2496006,0
181.136,20,181133559709,2496006,0
181.139,11,181136082715,2469000,1
181.139,15,181136082715,2469000,1
181.144,5,181141099721,2469000,1
181.144,8,181141099721,2469000,1
181.146,12,181143566721,2496006,0
181.149,10,181146089727,2469000,1
181.149,15,181146089727,2469000,1
181.151,20,181148574727,2496006,0
181.154,18,181151097733,2496006,0
181.156,4,181153629739,2496006,0
181.159,20,181156152745,2469000,1
181.159,4,181156152745,2469000,1
181.161,7,181158619745,2496006,0
181.164,12,181161169751,2469000,1
181.164,7,181161169751,2469000,1
181.166,3,181163636751,2496006,0
181.169,18,181166159757,2469000,1
181.169,20,181166159757,2469000,1
181.171,5,181168635757,2496006,0
181.174,11,181171167763,2496006,0
181.176,11,181173690769,2496006,0
181.179,2,181176213775,2496006,0
181.181,5,181178745781,2496006,0
181.184,12,181181295787,2469000,1
181.184,3,181181295787,2469000,1
181.184,18,181181295787,2469000,1
181.184,5,181181295787,2469000,1
181.186,2,181183762787,2496006,0
181.189,8,181186294793,2469000,1
181.189,20,181186294793,2469000,1
181.191,11,181188761793,2496006,0
181.194,5,181191606799,2496006,0
181.197,4,181194129805,2496006,0
181.199,15,181196661811,2469000,1
181.199,7,181196661811,2469000,1
181.202,2,181199137811,2496006,0
181.204,5,181201669817,2496006,0
181.207,7,181204192823,2496006,0
181.209,3,181206733829,2469000,1
181.209,11,181206733829,2469000,1
181.212,2,181209200829,2496006,0
181.214,4,181211750835,2496006,0
181.219,5,181216805847,2496006,0
181.222,7,181219677853,2496006,0
181.225,2,181222200859,2496006,0
181.227,11,181224741865,2496006,0
181.23,18,181227264871,2469000,1
181.23,8,181227264871,2469000,1
181.232,3,181229740871,2469000,1
181.232,4,181229740871,2469000,1
181.235,2,181232207871,2469000,1
181.235,11,181232207871,2469000,1
181.237,7,181234674871,2496006,0
181.24,21,181237206877,2469000,1
181.24,5,181237206877,2469000,1
181.24,11,181237206877,2469000,1
181.242,16,181239727877,2496006,0
181.245,5,181242259883,2496006,0
181.247,5,181244800889,2496006,0
181.25,5,181247323895,2496006,0
181.252,7,181249846901,2496006,0
181.255,16,181252369907,2496006,0
181.257,10,181254892913,2496006,0
181.26,2,181257424919,2496006,0
181.262,10,181259965925,2496006,0
181.265,12,181262488931,2469000,1
181.265,10,181262488931,2469000,1
181.267,4,181264964931,2496006,0
181.27,9,181267514937,2496006,0
181.273,5,181270037943,2469000,1
181.273,7,181270037943,2469000,1
181.273,16,181270037943,2469000,1
181.275,16,181272506943,2496006,0
181.277,5,181275029949,2469000,1
181.277,16,181275029949,2469000,1
181.28,2,181277505949,2496006,0
181.285,10,181282551961,2496006,0
181.288,2,181285083967,2496006,0
181.29,4,181287606973,2496006,0
181.293,18,181290129979,2496006,0
181.295,9,181292965985,2469000,1
181.295,2,181292965985,2469000,1
181.298,10,181295432985,2496006,0
181.3,4,181297955991,2496006,0
181.303,16,181300496997,2496006,0
181.306,4,181303020003,2496006,0
181.308,18,181305552009,2469000,1
181.308,2,181305552009,2469000,1
181.308,16,181305552009,2469000,1
181.31,20,181308028009,2469000,1
181.31,9,181308028009,2469000,1
181.313,9,181310504009,2496006,0
181.315,10,181313027015,2469000,1
181.315,11,181313027015,2469000,1
181.318,20,181315494015,2496006,0
181.32,18,181318017021,2469000,1
181.32,16,181318017021,2469000,1
181.32,20,181318017021,2469000,1
181.323,7,181320520021,2469000,1
181.323,10,181320520021,2469000,1
181.326,4,181323300027,2469000,1
181.326,9,181323300027,2469000,1
181.326,20,181323300027,2469000,1
181.328,4,181325803027,2496006,0
181.331,9,181328335033,2496006,0
181.333,20,181330885039,2496006,0
181.336,4,181333408045,2469000,1
181.336,10,181333408045,2469000,1
181.338,20,181335884045,2496006,0
181.341,9,181338443051,2469000,1
181.343,20,181340910051,2469000,1
181.343,18,181340910051,2469000,1
181.346,18,181343386051,2496006,0
181.348,16,181345909057,2496006,0
181.351,5,181348432063,2469000,1
181.351,16,181348432063,2469000,1
181.353,4,181350899063,2469000,1
181.353,9,181350899063,2469000,1
181.356,2,181353375063,2496006,0
181.358,20,181355898069,2496006,0
181.361,19,181358421075,2496006,0
181.363,5,181360962081,2496006,0
181.366,8,181363494087,2496006,0
181.369,18,181366017093,2496006,0
181.371,3,181368540099,2469000,1
181.371,18,181368540099,2469000,1
181.374,7,181371016099,2496006,0
181.376,10,181373539105,2496006,0
181.379,2,181376080111,2469000,1
181.379,20,181376080111,2469000,1
181.381,5,181378547111,2496006,0
181.384,8,181381070117,2496006,0
181.386,19,181383593123,2496006,0
181.389,7,181386116129,2496006,0
181.391,2,181388639135,2496006,0
181.394,5,181391162141,2496006,0
181.396,8,181393685147,2469000,1
181.396,18,181393685147,2469000,1
181.396,10,181393685147,2469000,1
181.396,19,181393685147,2469000,1
181.399,7,181396483153,2469000,1
181.399,16,181396483153,2469000,1
181.401,20,181398977153,2496006,0
181.404,1,181401500159,2496006,0
181.407,2,181404032165,2496006,0
181.409,12,181406555171,2469000,1
181.409,1,181406555171,2469000,1
181.414,5,181411545177,2496006,0
181.417,20,181414068183,2496006,0
181.419,2,181416618189,2496006,0
181.422,4,181419141195,2469000,1
181.422,8,181419141195,2469000,1
181.422,19,181419141195,2469000,1
181.424,18,181421608195,2496006,0
181.427,2,181424444201,2496006,0
181.429,4,181426967207,2496006,0
181.432,5,181429490213,2469000,1
181.432,13,181429490213,2469000,1
181.434,10,181431957213,2469000,1
181.434,1,181431957213,2469000,1
181.437,20,181434424213,2496006,0
181.439,2,181436947219,2496006,0
181.442,9,181439488225,2469000,1
181.442,7,181439488225,2469000,1
181.444,18,181441955225,2469000,1
181.444,4,181441955225,2469000,1
181.447,2,181444431225,2496006,0
181.449,20,181446972231,2496006,0
181.452,20,181449495237,2496006,0
181.455,18,181452045243,2496006,0
181.457,5,181454568249,2496006,0
181.46,11,181457109255,2496006,0
181.462,2,181459659261,2496006,0
181.465,11,181462182267,2469000,1
181.465,20,181462182267,2469000,1
181.467,4,181464649267,2496006,0
181.47,2,181467172273,2496006,0
181.472,2,181469695279,2496006,0
181.475,5,181472218285,2496006,0
181.477,16,181474741291,2469000,1
181.477,8,181474741291,2469000,1
181.48,18,181477217291,2469000,1
181.48,2,181477217291,2469000,1
181.482,5,181479693291,2469000,1
181.482,20,181479693291,2469000,1
181.485,4,181482160291,2496006,0
181.487,1,181484683297,2496006,0
181.49,4,181487206303,2469000,1
181.492,11,181489709303,2496006,0
181.495,11,181492232309,2496006,0
181.497,10,181494755315,2496006,0
181.5,1,181497600321,2496006,0
181.503,10,181500141327,2496006,0
181.505,2,181502664333,2496006,0
181.508,1,181505214339,2496006,0
181.51,19,181507746345,2469000,1
181.51,11,181507746345,2469000,1
181.513,2,181510240345,2469000,1
181.513,18,181510240345,2469000,1
181.513,5,181510240345,2469000,1
181.515,4,181512716345,2496006,0
181.518,21,181515239351,2496006,0
181.52,10,181517762357,2469000,1
181.52,21,181517762357,2469000,1
181.523,4,181520229357,2469000,1
181.523,21,181520231357,2469000,1
181.525,10,181522698357,2496006,0
181.528,7,181525230363,2469000,1
181.528,1,181525230363,2469000,1
181.531,2,181528019369,2496006,0
181.533,10,181530542375,2469000,1
181.533,9,181530542375,2469000,1
181.536,2,181533018375,2496006,0
181.538,2,181535541381,2496006,0
181.541,20,181538127387,2496006,0
181.543,20,181540659393,2496006,0
181.546,23,181543191399,2496006,0
181.548,8,181545714405,2496006,0
181.551,11,181548237411,2496006,0
181.553,2,181550760417,2469000,1
181.553,1,181550760417,2469000,1
181.558,23,181555759423,2469000,1
181.558,4,181555759423,2469000,1
181.558,11,181555759423,2469000,1
181.561,18,181558226423,2469000,1
181.561,21,181558226423,2469000,1
181.563,20,181560729423,2496006,0
181.566,2,181563252429,2496006,0
181.568,8,181565775435,2496006,0
181.571,10,181568298441,2496006,0
181.573,8,181570875447,2469000,1
181.573,2,181570875447,2469000,1
181.576,20,181573351447,2496006,0
181.578,8,181575874453,2496006,0
181.581,10,181578415459,2496006,0
181.583,11,181580956465,2496006,0
181.586,8,181583479471,2496006,0
181.588,16,181586002477,2496006,0
181.591,5,181588525483,2496006,0
181.594,20,181591057489,2496006,0
181.596,23,181593580495,2496006,0
181.599,10,181596139501,2496006,0
181.601,20,181598671507,2496006,0
181.604,10,181601507513,2496006,0
181.606,11,181604030519,2469000,1
181.606,8,181604030519,2469000,1
181.606,16,181604030519,2469000,1
181.609,16,181606499519,2496006,0
181.611,23,181609022525,2469000,1
181.611,10,181609022525,2469000,1
181.611,16,181609022525,2469000,1
181.614,20,181611489525,2469000,1
181.614,5,181611489525,2469000,1
181.616,10,181613956525,2496006,0
181.619,4,181616479531,2469000,1
181.621,2,181618964531,2469000,1
181.621,11,181618964531,2469000,1
181.621,10,181618964531,2469000,1
181.624,8,181621440531,2469000,1
181.624,23,181621440531,2469000,1
181.626,16,181623916531,2496006,0
181.629,18,181626493537,2496006,0
181.632,13,181629338543,2469000,1
181.632,1,181629338543,2469000,1
181.634,2,181631805543,2496006,0
181.637,10,181634328549,2496006,0
181.639,5,181636860555,2469000,1
181.639,2,181636860555,2469000,1
181.642,16,181639336555,2496006,0
181.644,18,181641877561,2496006,0
181.647,20,181644400567,2496006,0
181.649,18,181646941573,2496006,0
181.652,16,181649482579,2496006,0
181.655,10,181652005585,2496006,0
181.657,6,181654528591,2496006,0
181.66,18,181657051597,2469000,1
181.66,7,181657051597,2469000,1
181.662,8,181659518597,2496006,0
181.665,8,181662050603,2496006,0
181.667,10,181664591609,2469000,1
181.667,20,181664591609,2469000,1
181.67,23,181667058609,2496006,0
181.672,6,181669581615,2496006,0
181.675,8,181672104621,2496006,0
181.677,23,181674627627,2469000,1
181.68,19,181677094627,2469000,1
181.68,16,181677094627,2469000,1
181.68,10,181677094627,2469000,1
181.682,11,181679579627,2496006,0
181.685,1,181682102633,2496006,0
181.687,8,181684625639,2469000,1
181.687,2,181684625639,2469000,1
181.69,20,181687101639,2496006,0
181.692,20,181689651645,2496006,0
181.695,11,181692174651,2469000,1
181.695,6,181692174651,2469000,1
181.697,18,181694650651,2469000,1
181.697,11,181694650651,2469000,1
181.7,16,181697135651,2496006,0
181.702,10,181699658657,2496006,0
181.705,4,181702494663,2496006,0
181.708,1,181705017669,2496006,0
181.71,1,181707540675,2496006,0
181.713,23,181710063681,2496006,0
181.715,14,181712586687,2469000,1
181.715,21,181712586687,2469000,1
181.718,16,181715053687,2496006,0
181.72,5,181717576693,2496006,0
181.723,3,181720099699,2496006,0
181.725,4,181722622705,2469000,1
181.725,20,181722622705,2469000,1
181.728,4,181725091705,2496006,0
181.73,10,181727623711,2496006,0
181.733,5,181730155717,2496006,0
181.735,23,181732991723,2496006,0
181.738,1,181735523729,2496006,0
181.741,23,181738046735,2496006,0
181.743,4,181740569741,2469000,1
181.743,8,181740569741,2469000,1
181.743,23,181740569741,2469000,1
181.746,10,181743036741,2496006,0
181.748,3,181745559747,2469000,1
181.748,23,181745559747,2469000,1
181.75,12,181748026747,2469000,1
181.75,16,181748026747,2469000,1
181.753,6,181750493747,2469000,1
181.755,9,181752960747,2496006,0
181.76,1,181758006759,2469000,1
181.76,5,181758006759,2469000,1
181.763,18,181760473759,2469000,1
181.763,9,181760473759,2469000,1
181.765,2,181762967759,2496006,0
181.768,10,181765490765,2496006,0
181.77,20,181768013771,2469000,1
181.77,2,181768013771,2469000,1
181.773,10,181770480771,2496006,0
181.775,11,181773030777,2469000,1
181.775,10,181773030777,2469000,1
181.778,4,181775542777,2469000,1
181.778,16,181775542777,2469000,1
181.778,2,181775542777,2469000,1
181.78,20,181778018777,2469000,1
181.78,10,181778018777,2469000,1
181.783,3,181780494777,2496006,0
181.786,8,181783053783,2469000,1
181.786,23,181783053783,2469000,1
181.786,6,181783053783,2469000,1
181.786,9,181783053783,2469000,1
181.786,2,181783053783,2469000,1
181.788,10,181785520783,2496006,0
181.791,11,181788043789,2496006,0
181.793,1,181790575795,2469000,1
181.793,11,181790575795,2469000,1
181.796,5,181793042795,2496006,0
181.798,5,181795574801,2496006,0
181.801,3,181798106807,2496006,0
181.803,10,181800638813,2469000,1
181.803,16,181800638813,2469000,1
181.806,19,181803105813,2496006,0
181.808,19,181805950819,2496006,0
181.811,19,181808482825,2496006,0
181.813,5,181811014831,2469000,1
181.813,23,181811014831,2469000,1
181.816,11,181813481831,2469000,1
181.816,19,181813481831,2469000,1
181.818,4,181815948831,2496006,0
181.821,15,181818480837,2469000,1
181.821,5,181818480837,2469000,1
181.823,3,181820956837,2469000,1
181.826,6,181823468837,2496006,0
181.828,19,181825991843,2469000,1
181.828,5,181825991843,2469000,1
181.831,4,181828476843,2496006,0
181.834,10,181831008849,2496006,0
181.836,4,181833540855,2496006,0
181.839,1,181836376861,2496006,0
181.841,23,181838908867,2496006,0
181.844,10,181841431873,2496006,0
181.846,23,181843954879,2496006,0
181.849,3,181846495885,2469000,1
181.849,6,181846495885,2469000,1
181.851,1,181848962885,2469000,1
181.851,9,181848962885,2469000,1
181.854,10,181851438885,2469000,1
181.854,20,181851438885,2469000,1
181.856,19,181853905885,2496006,0
181.859,4,181856446891,2496006,0
181.861,23,181858996897,2469000,1
181.861,1,181858996897,2469000,1
181.864,19,181861463897,2496006,0
181.866,17,181863986903,2496006,0
181.869,11,181866518909,2496006,0
181.872,6,181869050915,2496006,0
181.874,4,181871582921,2496006,0
181.877,11,181874123927,2469000,1
181.877,19,181874123927,2469000,1
181.879,6,181876590927,2496006,0
181.884,17,181881636939,2496006,0
181.887,20,181884159945,2496006,0
181.889,11,181886682951,2496006,0
181.892,6,181889214957,2469000,1
181.892,4,181889214957,2469000,1
181.892,19,181889214957,2469000,1
181.894,20,181891708957,2496006,0
181.897,16,181894231963,2496006,0
181.899,10,181896754969,2496006,0
181.902,17,181899313975,2469000,1
181.902,11,181899313975,2469000,1
181.904,23,181901780975,2469000,1
181.904,17,181901782975,2469000,1
181.907,16,181904249975,2469000,1
181.907,3,181904249975,2469000,1
181.909,18,181906716975,2496006,0
181.912,23,181909579981,2496006,0
181.915,6,181912102987,2469000,1
181.915,20,181912102987,2469000,1
181.917,16,181914578987,2496006,0
181.92,10,181917101993,2496006,0
181.922,18,181919642999,2496006,0
181.925,1,181922211005,2496006,0
181.927,18,181924734011,2469000,1
181.927,4,181924734011,2469000,1
181.927,23,181924734011,2469000,1
181.93,10,181927201011,2496006,0
181.932,23,181929733017,2496006,0
181.935,1,181932256023,2469000,1
181.935,11,181932256023,2469000,1
181.937,16,181934723023,2469000,1
181.94,8,181937521029,2496006,0
181.943,20,181940053035,2496006,0
181.945,23,181942576041,2496006,0
181.948,7,181945099047,2469000,1
181.948,20,181945099047,2469000,1
181.95,20,181947568047,2496006,0
181.953,16,181950091053,2496006,0
181.955,10,181952623059,2469000,1
181.955,16,181952623059,2469000,1
181.958,8,181955099059,2469000,1
181.958,2,181955099059,2469000,1
181.96,18,181957566059,2496006,0
181.963,3,181960089065,2496006,0
181.965,20,181962612071,2469000,1
181.965,15,181962612071,2469000,1
181.965,9,181962612071,2469000,1
181.968,19,181965079071,2469000,1
181.968,17,181965079071,2469000,1
181.97,3,181967546071,2496006,0
181.973,6,181970078077,2469000,1
181.973,1,181970078077,2469000,1
181.975,23,181972554077,2469000,1
181.975,20,181972554077,2469000,1
181.977,3,181975030077,2469000,1
181.977,18,181975030077,2469000,1
181.98,23,181977515077,2496006,0
181.983,18,181980038083,2496006,0
181.985,23,181982570089,2496006,0
181.988,6,181985093095,2496006,0
181.99,3,181987625101,2496006,0
181.993,1,181990157107,2496006,0
181.995,23,181992680113,2496006,0
181.998,8,181995203119,2469000,1
181.998,3,181995203119,2469000,1
182,10,181997688119,2469000,1
182.003,6,182000155119,2469000,1
182.003,16,182000155119,2469000,1
182.005,11,182002622119,2496006,0
182.008,18,182005154125,2496006,0
182.01,5,182007686131,2496006,0
182.013,7,182010522137,2469000,1
182.013,23,182010522137,2469000,1
182.015,16,182012998137,2469000,1
182.015,5,182012998137,2469000,1
182.018,18,182015474137,2469000,1
182.018,1,182015474137,2469000,1
182.02,6,182017941137,2496006,0
182.023,20,182020482143,2469000,1
182.023,23,182020482143,2469000,1
182.025,11,182022949143,2496006,0
182.028,4,182025490149,2469000,1
182.028,3,182025490149,2469000,1
182.028,5,182025490149,2469000,1
182.03,10,182027984149,2496006,0
182.033,21,182030507155,2469000,1
182.033,1,182030507155,2469000,1
182.035,6,182032983155,2496006,0
182.038,11,182035506161,2496006,0
182.041,8,182038029167,2496006,0
182.043,8,182040874173,2496006,0
182.046,23,182043397179,2496006,0
182.048,11,182045920185,2469000,1
182.048,23,182045920185,2469000,1
182.051,2,182048405185,2469000,1
182.051,10,182048405185,2469000,1
182.051,11,182048405185,2469000,1
182.053,18,182050890185,2496006,0
182.056,8,182053422191,2496006,0
182.058,6,182055945197,2496006,0
182.061,18,182058468203,2496006,0
182.066,5,182063541215,2496006,0
182.069,8,182066073221,2496006,0
182.071,5,182068596227,2496006,0
182.074,6,182071146233,2496006,0
182.076,18,182073669239,2496006,0
182.079,6,182076192245,2496006,0
182.081,23,182078724251,2496006,0
182.084,23,182081247257,2496006,0
182.086,11,182083788263,2496006,0
182.089,5,182086311269,2469000,1
182.089,2,182086311269,2469000,1
182.091,10,182088778269,2469000,1
182.091,8,182088778269,2469000,1
182.094,10,182091247269,2496006,0
182.096,4,182093788275,2496006,0
182.099,6,182096311281,2469000,1
182.099,3,182096311281,2469000,1
182.099,8,182096311281,2469000,1
182.099,10,182096311281,2469000,1
182.101,23,182098778281,2496006,0
182.104,19,182101301287,2469000,1
182.104,18,182101301287,2469000,1
182.106,11,182103768287,2496006,0
182.109,11,182106291293,2496006,0
182.111,6,182108814299,2496006,0
182.114,11,182111346305,2496006,0
182.117,18,182114182311,2496006,0
182.119,1,182116723317,2469000,1
182.119,23,182116723317,2469000,1
182.122,11,182119199317,2496006,0
182.124,4,182121731323,2496006,0
182.127,6,182124263329,2469000,1
182.127,23,182124263329,2469000,1
182.129,10,182126739329,2469000,1
182.129,6,182126739329,2469000,1
182.132,17,182129206329,2496006,0
182.134,18,182131729335,2469000,1
182.137,18,182134214335,2496006,0
182.139,5,182136737341,2496006,0
182.142,11,182139260347,2469000,1
182.142,4,182139260347,2469000,1
182.145,17,182142040353,2496006,0
182.147,23,182144590359,2469000,1
182.147,11,182144590359,2469000,1
182.15,5,182147111359,2496006,0
182.152,10,182149634365,2469000,1
182.152,18,182149634365,2469000,1
182.155,17,182152110365,2496006,0
182.157,8,182154642371,2496006,0
182.16,4,182157183377,2496006,0
182.162,6,182159706383,2496006,0
182.165,16,182162229389,2496006,0
182.167,5,182164752395,2496006,0
182.17,8,182167284401,2496006,0
182.172,16,182169843407,2469000,1
182.172,6,182169843407,2469000,1
182.175,17,182172310407,2496006,0
182.177,17,182174833413,2496006,0
182.18,4,182177356419,2496006,0
182.182,5,182179888425,2469000,1
182.182,4,182179888425,2469000,1
182.185,23,182182355425,2496006,0
182.187,20,182184887431,2469000,1
182.187,6,182184887431,2469000,1
182.19,8,182187354431,2496006,0
182.192,18,182189886437,2496006,0
182.195,17,182192409443,2469000,1
182.195,8,182192409443,2469000,1
182.2,17,182197408449,2496006,0
182.202,10,182199931455,2496006,0
182.205,11,182202472461,2469000,1
182.205,23,182202472461,2469000,1
182.205,10,182202472461,2469000,1
182.207,17,182204939461,2469000,1
182.207,4,182204939461,2469000,1
182.21,10,182207415461,2496006,0
182.212,16,182209938467,2469000,1
182.212,18,182209938467,2469000,1
182.215,18,182212407467,2496006,0
182.218,8,182215270473,2496006,0
182.22,5,182217829479,2496006,0
182.223,18,182220352485,2496006,0
182.225,10,182222884491,2496006,0
182.228,18,182225407497,2496006,0
182.23,17,182227948503,2496006,0
182.233,8,182230480509,2469000,1
182.233,1,182230480509,2469000,1
182.235,23,182232956509,2469000,1
182.235,16,182232956509,2469000,1
182.238,6,182235423509,2496006,0
182.24,18,182237964515,2469000,1
182.24,10,182237964515,2469000,1
182.243,5,182240431515,2469000,1
182.243,8,182240431515,2469000,1
182.245,4,182242907515,2496006,0
182.248,22,182245743521,2496006,0
182.251,17,182248266527,2496006,0
182.253,6,182250798533,2496006,0
182.256,11,182253321539,2469000,1
182.256,22,182253321539,2469000,1
182.258,6,182255788539,2496006,0
182.261,4,182258311545,2496006,0
182.266,17,182263357557,2496006,0
182.268,9,182265880563,2469000,1
182.268,10,182265880563,2469000,1
182.271,4,182268347563,2496006,0
182.273,6,182270888569,2496006,0
182.276,6,182273411575,2496006,0
182.278,5,182275934581,2496006,0
182.281,8,182278457587,2496006,0
182.283,6,182280980593,2496006,0
182.286,4,182283503599,2496006,0
182.289,3,182286026605,2496006,0
182.291,8,182288558611,2469000,1
182.291,5,182288558611,2469000,1
182.291,23,182288558611,2469000,1
182.291,6,182288558611,2469000,1
182.294,10,182291034611,2496006,0
182.296,18,182293557617,2469000,1
182.296,17,182293557617,2469000,1
182.299,4,182296060617,2469000,1
182.299,8,182296060617,2469000,1
182.301,10,182298545617,2496006,0
182.304,3,182301086623,2496006,0
182.306,22,182303609629,2469000,1
182.306,10,182303609629,2469000,1
182.309,6,182306094629,2469000,1
182.309,3,182306094629,2469000,1
182.311,5,182308606629,2496006,0
182.314,4,182311129635,2496006,0
182.316,5,182313652641,2469000,1
182.316,4,182313652641,2469000,1
182.319,3,182316128641,2496006,0
182.321,17,182318964647,2496006,0
182.324,18,182321487653,2496006,0
182.329,4,182326542665,2496006,0
182.332,18,182329065671,2496006,0
182.334,17,182331606677,2496006,0
182.337,18,182334129683,2496006,0
182.339,4,182336652689,2469000,1
182.339,18,182336652689,2469000,1
182.342,4,182339121689,2496006,0
182.344,10,182341644695,2496006,0
182.347,3,182344185701,2469000,1
182.347,10,182344185701,2469000,1
182.349,3,182346965707,2496006,0
182.352,4,182349533713,2469000,1
182.352,22,182349533713,2469000,1
182.354,6,182352000713,2496006,0
182.357,17,182354523719,2496006,0
182.36,18,182357046725,2469000,1
182.36,6,182357046725,2469000,1
182.362,8,182359522725,2469000,1
182.362,10,182359522725,2469000,1
182.364,5,182361998725,2496006,0
182.367,3,182364530731,2496006,0
182.37,17,182367107737,2496006,0
182.372,5,182369648743,2469000,1
182.372,1,182369648743,2469000,1
182.375,12,182372115743,2496006,0
182.377,3,182374647749,2469000,1
182.377,12,182374647749,2469000,1
182.38,17,182377123749,2496006,0
182.382,3,182379646755,2496006,0
182.387,4,182384692767,2469000,1
182.387,5,182384692767,2469000,1
182.39,12,182387177767,2496006,0
182.392,16,182389709773,2469000,1
182.392,6,182389709773,2469000,1
182.392,12,182389709773,2469000,1
182.395,17,182392185773,2496006,0
182.397,22,182394717779,2469000,1
182.397,17,182394717779,2469000,1
182.4,3,182397184779,2496006,0
182.402,4,182399707785,2496006,0
182.405,4,182402248791,2496006,0
182.407,4,182404807797,2469000,1
182.407,3,182404807797,2469000,1
182.41,17,182407274797,2469000,1
182.41,4,182407276797,2469000,1
182.412,19,182409752797,2496006,0
182.415,18,182412275803,2496006,0
182.417,23,182414816809,2496006,0
182.42,12,182417357815,2496006,0
182.423,18,182420211821,2469000,1
182.423,12,182420211821,2469000,1
182.425,10,182422678821,2496006,0
182.428,8,182425219827,2496006,0
182.43,19,182427742833,2496006,0
182.433,8,182430283839,2496006,0
182.438,23,182435329851,2496006,0
182.44,5,182437852857,2496006,0
182.443,4,182440375863,2496006,0
182.445,12,182442898869,2469000,1
182.445,5,182442898869,2469000,1
182.448,3,182445392869,2469000,1
182.448,10,182445392869,2469000,1
182.45,8,182447859869,2496006,0
182.453,19,182450713875,2496006,0
182.456,17,182453236881,2496006,0
182.458,6,182455759887,2496006,0
182.461,16,182458291893,2469000,1
182.461,23,182458291893,2469000,1
182.463,4,182460758893,2469000,1
182.463,3,182460758893,2469000,1
182.466,19,182463225893,2469000,1
182.466,6,182463225893,2469000,1
182.468,18,182465692893,2469000,1
182.468,12,182465692893,2469000,1
182.468,10,182465692893,2469000,1
182.471,17,182468177893,2496006,0
182.473,20,182470700899,2469000,1
182.473,8,182470700899,2469000,1
182.476,8,182473176899,2496006,0
182.478,23,182475708905,2496006,0
182.481,8,182478249911,2496006,0
182.483,23,182480772917,2496006,0
182.486,11,182483295923,2469000,1
182.486,5,182483295923,2469000,1
182.488,8,182485798923,2469000,1
182.488,17,182485798923,2469000,1
182.491,23,182488265923,2496006,0
182.493,8,182490788929,2496006,0
182.496,3,182493311935,2496006,0
182.498,6,182495852941,2496006,0
182.501,8,182498384947,2496006,0
182.503,19,182500907953,2469000,1
182.503,18,182500907953,2469000,1
182.506,6,182503383953,2469000,1
182.506,4,182503383953,2469000,1
182.508,3,182505850953,2469000,1
182.508,8,182505850953,2469000,1
182.508,19,182505850953,2469000,1
182.511,4,182508317953,2496006,0
182.513,13,182510849959,2469000,1
182.513,23,182510849959,2469000,1
182.516,5,182513325959,2496006,0
182.518,17,182515857965,2496006,0
182.521,21,182518380971,2469000,1
182.521,5,182518380971,2469000,1
182.523,8,182520847971,2496006,0
182.526,10,182523710977,2496006,0
182.529,4,182526260983,2496006,0
182.531,18,182528783989,2496006,0
182.534,23,182531306995,2496006,0
182.536,6,182533830001,2496006,0
182.539,17,182536353007,2496006,0
182.541,10,182538876013,2469000,1
182.541,23,182538876013,2469000,1
182.544,18,182541343013,2469000,1
182.544,4,182541343013,2469000,1
182.544,22,182541343013,2469000,1
182.546,8,182543810013,2469000,1
182.546,17,182543810013,2469000,1
182.546,4,182543812013,2469000,1
182.549,1,182546279013,2496006,0
182.551,3,182548802019,2469000,1
182.551,18,182548802019,2469000,1
182.551,1,182548802019,2469000,1
182.557,10,182554114031,2469000,1
182.557,3,182554114031,2469000,1
182.559,17,182556599031,2496006,0
182.562,6,182559122037,2496006,0
182.564,3,182561645043,2496006,0
182.567,5,182564186049,2469000,1
182.567,10,182564186049,2469000,1
182.569,1,182566653049,2496006,0
182.572,8,182569176055,2496006,0
182.574,22,182571717061,2469000,1
182.574,8,182571717061,2469000,1
182.577,4,182574211061,2496006,0
182.579,17,182576734067,2469000,1
182.579,6,182576734067,2469000,1
182.582,3,182579201067,2469000,1
182.582,4,182579201067,2469000,1
182.584,1,182581677067,2469000,1
182.584,23,182581677067,2469000,1
182.587,8,182584162067,2496006,0
182.589,10,182586703073,2496006,0
182.592,3,182589235079,2496006,0
182.594,1,182591812085,2496006,0
182.597,8,182594335091,2469000,1
182.597,17,182594335091,2469000,1
182.597,6,182594335091,2469000,1
182.599,3,182596829091,2496006,0
182.602,8,182599352097,2496006,0
182.604,10,182601875103,2496006,0
182.609,12,182606921115,2496006,0
182.612,3,182609444121,2496006,0
182.614,3,182611967127,2496006,0
182.617,4,182614490133,2469000,1
182.617,23,182614490133,2469000,1
182.617,12,182614490133,2469000,1
182.619,10,182616984133,2469000,1
182.619,1,182616984133,2469000,1
182.619,23,182616984133,2469000,1
182.622,18,182619460133,2496006,0
182.624,3,182622001139,2496006,0
182.627,5,182624837145,2469000,1
182.627,17,182624837145,2469000,1
182.627,8,182624837145,2469000,1
182.63,19,182627313145,2496006,0
182.632,18,182629845151,2496006,0
182.635,10,182632368157,2496006,0
182.637,6,182634891163,2496006,0
182.64,19,182637414169,2496006,0
182.642,10,182639955175,2469000,1
182.642,6,182639955175,2469000,1
182.645,8,182642422175,2496006,0
182.647,22,182644945181,2469000,1
182.647,3,182644945181,2469000,1
182.65,19,182647412181,2496006,0
182.652,12,182649962187,2469000,1
182.652,1,182649962187,2469000,1
182.655,18,182652429187,2496006,0
182.658,19,182655283193,2496006,0
182.66,8,182657815199,2496006,0
182.663,23,182660338205,2496006,0
182.665,10,182662861211,2469000,1
182.668,6,182665328211,2496006,0
182.67,18,182667860217,2496006,0
182.673,1,182670392223,2496006,0
182.675,23,182672915229,2469000,1
182.675,8,182672915229,2469000,1
182.675,17,182672915229,2469000,1
182.678,19,182675382229,2469000,1
182.678,18,182675382229,2469000,1
182.68,6,182677849229,2496006,0
182.683,12,182680381235,2496006,0
182.685,1,182682904241,2469000,1
182.685,3,182682904241,2469000,1
182.685,12,182682904241,2469000,1
182.688,12,182685380241,2496006,0
182.69,12,182687912247,2496006,0
182.693,7,182690444253,2496006,0
182.695,12,182692967259,2496006,0
182.698,12,182695526265,2496006,0
182.701,6,182698049271,2469000,1
182.701,12,182698049271,2469000,1
182.703,8,182700516271,2496006,0
182.706,4,182703039277,2496006,0
182.708,6,182705571283,2496006,0
182.711,7,182708094289,2469000,1
182.711,1,182708094289,2469000,1
182.711,12,182708094289,2469000,1
182.711,6,182708094289,2469000,1
182.713,19,182710561289,2469000,1
182.713,6,182710563289,2469000,1
182.716,8,182713048289,2496006,0
182.718,3,182715571295,2496006,0
182.721,3,182718094301,2496006,0
182.723,23,182720626307,2496006,0
182.726,18,182723149313,2496006,0
182.728,8,182725681319,2496006,0
182.731,4,182728517325,2469000,1
182.731,23,182728517325,2469000,1
182.736,3,182733534331,2469000,1
182.736,1,182733534331,2469000,1
182.736,23,182733534331,2469000,1
182.739,23,182736037331,2496006,0
182.741,18,182738560337,2469000,1
182.741,3,182738560337,2469000,1
182.744,10,182741045337,2469000,1
182.744,7,182741045337,2469000,1
182.744,8,182741045337,2469000,1
182.744,4,182741045337,2469000,1
182.744,18,182741045337,2469000,1
182.746,23,182743521337,2496006,0
182.749,6,182746044343,2496006,0
182.751,12,182748567349,2496006,0
182.754,23,182751126355,2496006,0
182.756,18,182753649361,2496006,0
182.759,4,182756494367,2496006,0
182.761,19,182759017373,2469000,1
182.761,1,182759017373,2469000,1
182.764,12,182761484373,2469000,1
182.764,6,182761484373,2469000,1
182.766,5,182763960373,2496006,0
182.769,7,182766483379,2469000,1
182.769,8,182766483379,2469000,1
182.771,23,182768950379,2496006,0
182.774,8,182771473385,2496006,0
182.777,4,182774023391,2496006,0
182.779,23,182776546397,2469000,1
182.779,18,182776546397,2469000,1
182.782,23,182779015397,2496006,0
182.784,14,182781538403,2469000,1
182.784,5,182781538403,2469000,1
182.787,23,182784014403,2496006,0
182.789,8,182786537409,2496006,0
182.792,4,182789060415,2469000,1
182.792,18,182789060415,2469000,1
182.794,12,182791545415,2469000,1
182.794,8,182791545415,2469000,1
182.796,5,182794012415,2469000,1
182.796,8,182794014415,2469000,1
182.799,3,182796481415,2469000,1
182.801,23,182798957415,2469000,1
182.801,11,182798957415,2469000,1
182.804,14,182801433415,2496006,0
182.806,6,182803956421,2496006,0
182.809,4,182806479427,2496006,0
182.811,7,182809002433,2496006,0
182.814,7,182811534439,2496006,0
182.817,4,182814066445,2469000,1
182.817,6,182814066445,2469000,1
182.819,19,182816542445,2496006,0
182.822,14,182819083451,2496006,0
182.824,7,182821633457,2496006,0
182.827,4,182824165463,2469000,1
182.827,6,182824165463,2469000,1
182.829,14,182826632463,2496006,0
182.832,23,182829468469,2496006,0
182.834,19,182831991475,2496006,0
182.837,18,182834550481,2496006,0
182.84,7,182837091487,2496006,0
182.842,18,182839614493,2496006,0
182.845,14,182842137499,2496006,0
182.847,23,182844660505,2496006,0
182.85,8,182847183511,2496006,0
182.852,19,182849715517,2496006,0
182.855,8,182852238523,2496006,0
182.857,7,182854761529,2469000,1
182.857,6,182854761529,2469000,1
182.86,18,182857237529,2496006,0
182.863,14,182860091535,2469000,1
182.863,18,182860091535,2469000,1
182.865,8,182862558535,2469000,1
182.865,19,182862558535,2469000,1
182.867,23,182865025535,2469000,1
182.867,6,182865025535,2469000,1
182.87,18,182867492535,2469000,1
182.87,19,182867492535,2469000,1
182.872,12,182869959535,2496006,0
182.875,5,182872482541,2496006,0
182.878,10,182875023547,2496006,0
182.88,7,182877555553,2496006,0
182.883,8,182880087559,2496006,0
182.885,14,182882619565,2469000,1
182.885,7,182882619565,2469000,1
182.888,9,182885086565,2469000,1
182.888,23,182885086565,2469000,1
182.89,10,182887553565,2496006,0
182.893,3,182890076571,2496006,0
182.895,8,182892599577,2469000,1
182.895,12,182892599577,2469000,1
182.898,5,182895066577,2496006,0
182.9,1,182897589583,2469000,1
182.9,3,182897589583,2469000,1
182.903,5,182900092583,2496006,0
182.905,16,182902660589,2469000,1
182.905,10,182902660589,2469000,1
182.908,14,182905145589,2469000,1
182.908,3,182905145589,2469000,1
182.91,12,182907612589,2496006,0
182.913,17,182910144595,2469000,1
182.913,4,182910144595,2469000,1
182.913,18,182910144595,2469000,1
182.915,23,182912611595,2496006,0
182.918,19,182915143601,2496006,0
182.92,7,182917666607,2469000,1
182.92,8,182917666607,2469000,1
182.92,5,182917666607,2469000,1
182.923,19,182920133607,2496006,0
182.925,23,182922674613,2469000,1
182.928,12,182925141613,2469000,1
182.928,8,182925141613,2469000,1
182.93,19,182927617613,2496006,0
182.935,7,182932976625,2496006,0
182.938,3,182935526631,2469000,1
182.938,7,182935526631,2469000,1
182.94,19,182937993631,2469000,1
182.94,10,182937993631,2469000,1
182.94,5,182937993631,2469000,1
182.943,23,182940478631,2496006,0
182.945,6,182943010637,2469000,1
182.945,23,182943010637,2469000,1
182.948,12,182945477637,2496006,0
182.951,12,182948063643,2496006,0
182.953,23,182950595649,2496006,0
182.956,5,182953118655,2469000,1
182.956,12,182953118655,2469000,1
182.958,12,182955594655,2496006,0
182.961,12,182958117661,2496006,0
182.963,23,182960971667,2496006,0
182.966,19,182963494673,2469000,1
182.966,5,182963494673,2469000,1
182.968,7,182965988673,2496006,0
182.971,17,182968538679,2469000,1
182.971,18,182968538679,2469000,1
182.971,3,182968538679,2469000,1
182.974,12,182971005679,2496006,0
182.976,14,182973528685,2496006,0
182.979,7,182976051691,2496006,0
182.981,10,182978583697,2496006,0
182.984,23,182981106703,2469000,1
182.984,10,182981106703,2469000,1
182.989,14,182986105709,2469000,1
182.989,8,182986105709,2469000,1
182.991,12,182988608709,2496006,0
182.994,7,182991149715,2469000,1
182.994,14,182991149715,2469000,1
182.996,12,182993670715,2496006,0
182.999,23,182996229721,2496006,0
183.001,12,182998752727,2469000,1
183.001,7,182998752727,2469000,1
183.004,10,183001219727,2496006,0
183.006,19,183003742733,2496006,0
183.009,4,183006274739,2496006,0
183.011,23,183008815745,2496006,0
183.014,10,183011347751,2496006,0
183.016,4,183013879757,2469000,1
183.016,19,183013879757,2469000,1
183.019,14,183016355757,2496006,0
183.021,16,183018878763,2496006,0
183.024,14,183021401769,2496006,0
183.029,23,183026501781,2496006,0
183.032,10,183029024787,2496006,0
183.034,19,183031547793,2496006,0
183.037,16,183034383799,2496006,0
183.039,17,183036906805,2496006,0
183.042,12,183039429811,2496006,0
183.044,14,183041961817,2496006,0
183.047,17,183044511823,2496006,0
183.05,10,183047034829,2496006,0
183.052,17,183049557835,2496006,0
183.055,4,183052080841,2496006,0
183.057,14,183054603847,2469000,1
183.057,16,183054603847,2469000,1
183.057,23,183054603847,2469000,1
183.06,19,183057079847,2496006,0
183.062,4,183059620853,2469000,1
183.062,10,183059620853,2469000,1
183.062,14,183059620853,2469000,1
183.065,17,183062087853,2469000,1
183.065,12,183062087853,2469000,1
183.065,19,183062087853,2469000,1
183.067,20,183064885859,2469000,1
183.07,6,183067352859,2469000,1
183.07,8,183067352859,2469000,1
183.07,10,183067352859,2469000,1
183.072,10,183069846859,2496006,0
183.075,7,183072369865,2496006,0
183.077,4,183074892871,2496006,0
183.08,7,183077424877,2496006,0
183.082,16,183079965883,2496006,0
183.085,23,183082488889,2469000,1
183.085,7,183082488889,2469000,1
183.087,4,183084955889,2469000,1
183.087,10,183084955889,2469000,1
183.09,12,183087485889,2496006,0
183.093,16,183090008895,2496006,0
183.095,17,183092540901,2496006,0
183.098,15,183095072907,2496006,0
183.1,16,183097595913,2469000,1
183.1,19,183097595913,2469000,1
183.103,12,183100062913,2496006,0
183.105,10,183102585919,2496006,0
183.11,17,183107640931,2496006,0
183.113,16,183110163937,2496006,0
183.115,19,183112686943,2496006,0
183.118,7,183115209949,2496006,0
183.12,16,183117750955,2469000,1
183.12,4,183117750955,2469000,1
183.123,17,183120226955,2496006,0
183.125,15,183122758961,2496006,0
183.128,12,183125281967,2496006,0
183.13,10,183127813973,2496006,0
183.133,15,183130345979,2469000,1
183.133,19,183130345979,2469000,1
183.133,12,183130345979,2469000,1
183.135,17,183132812979,2496006,0
183.138,14,183135335985,2496006,0
183.141,17,183138171991,2496006,0
183.143,7,183140694997,2496006,0
183.146,10,183143218003,2469000,1
183.146,7,183143218003,2469000,1
183.148,23,183145694003,2496006,0
183.151,10,183148217009,2496006,0
183.153,17,183150785015,2469000,1
183.153,14,183150785015,2469000,1
183.156,7,183153252015,2496006,0
183.158,14,183155802021,2496006,0
183.161,23,183158325027,2469000,1
183.161,14,183158325027,2469000,1
183.163,16,183160792027,2469000,1
183.163,12,183160792027,2469000,1
183.163,14,183160794027,2469000,1
183.166,15,183163261027,2496006,0
183.169,10,183166097033,2496006,0
183.171,7,183168620039,2496006,0
183.174,19,183171143045,2469000,1
183.174,7,183171143045,2469000,1
183.176,10,183173628045,2496006,0
183.179,7,183176151051,2496006,0
183.181,15,183178701057,2496006,0
183.184,7,183181224063,2469000,1
183.184,5,183181224063,2469000,1
183.186,17,183183718063,2496006,0
183.189,1,183186250069,2496006,0
183.191,23,183188773075,2496006,0
183.194,1,183191296081,2496006,0
183.196,10,183193819087,2496006,0
183.199,4,183196351093,2496006,0
183.201,15,183198874099,2496006,0
183.206,23,183203947111,2469000,1
183.206,17,183203947111,2469000,1
183.209,10,183206414111,2469000,1
183.209,3,183206414111,2469000,1
183.211,15,183208881111,2496006,0
183.214,4,183211431117,2496006,0
183.216,7,183213954123,2469000,1
183.216,1,183213954123,2469000,1
183.219,15,183216448123,2496006,0
183.222,1,183219016129,2496006,0
183.224,23,183221539135,2496006,0
183.227,20,183224062141,2496006,0
183.229,15,183226585147,2469000,1
183.229,17,183226585147,2469000,1
183.229,10,183226585147,2469000,1
183.232,4,183229052147,2469000,1
183.232,20,183229052147,2469000,1
183.234,19,183231519147,2496006,0
183.237,23,183234060153,2496006,0
183.239,12,183236592159,2469000,1
183.239,14,183236592159,2469000,1
183.239,23,183236592159,2469000,1
183.242,15,183239372165,2496006,0
183.244,16,183241904171,2469000,1
183.244,15,183241904171,2469000,1
183.247,1,183244389171,2496006,0
183.252,19,183249453183,2469000,1
183.252,15,183249453183,2469000,1
183.254,20,183251920183,2469000,1
183.254,23,183251920183,2469000,1
183.257,4,183254396183,2496006,0
183.259,7,183256937189,2469000,1
183.259,20,183256937189,2469000,1
183.262,4,183259404189,2496006,0
183.264,14,183261936195,2496006,0
183.267,1,183264477201,2496006,0
183.27,1,183267036207,2496006,0
183.272,14,183269908213,2469000,1
183.272,10,183269908213,2469000,1
183.272,19,183269908213,2469000,1
183.275,20,183272375213,2469000,1
183.275,4,183272375213,2469000,1
183.277,4,183274844213,2496006,0
183.28,1,183277367219,2496006,0
183.282,6,183279890225,2496006,0
183.285,17,183282413231,2496006,0
183.287,6,183284936237,2496006,0
183.29,12,183287459243,2496006,0
183.292,6,183289991249,2469000,1
183.295,1,183292458249,2496006,0
183.297,21,183294981255,2469000,1
183.297,1,183294981255,2469000,1
183.3,17,183297448255,2496006,0
183.302,4,183299980261,2496006,0
183.305,15,183302503267,2469000,1
183.305,23,183302503267,2469000,1
183.307,12,183304970267,2496006,0
183.31,16,183307493273,2496006,0
183.312,17,183310016279,2469000,1
183.312,4,183310016279,2469000,1
183.315,18,183312492279,2496006,0
183.318,16,183315042285,2469000,1
183.318,14,183315042285,2469000,1
183.318,15,183315042285,2469000,1
183.32,6,183317509285,2496006,0
183.323,18,183320032291,2496006,0
183.325,17,183322555297,2496006,0
183.328,4,183325096303,2469000,1
183.328,18,183325096303,2469000,1
183.33,12,183327563303,2496006,0
183.333,18,183330095309,2496006,0
183.335,6,183332645315,2469000,1
183.335,2,183332645315,2469000,1
183.338,1,183335148315,2469000,1
183.338,17,183335148315,2469000,1
183.34,12,183337624315,2496006,0
183.343,18,183340174321,2496006,0
183.346,7,183343037327,2469000,1
183.346,6,183343037327,2469000,1
183.348,12,183345504327,2496006,0
183.351,12,183348036333,2496006,0
183.353,16,183350559339,2496006,0
183.356,19,183353091345,2496006,0
183.358,16,183355650351,2496006,0
183.361,18,183358173357,2496006,0
183.363,18,183360705363,2496006,0
183.366,20,183363228369,2469000,1
183.366,17,183363228369,2469000,1
183.368,16,183365695369,2496006,0
183.371,16,183368218375,2496006,0
183.374,19,183371054381,2469000,1
183.374,12,183371054381,2469000,1
183.376,16,183373548381,2469000,1
183.376,18,183373548381,2469000,1
183.379,4,183376015381,2496006,0
183.381,18,183378538387,2469000,1
183.383,6,183381023387,2469000,1
183.383,4,183381023387,2469000,1
183.389,14,183386031393,2496006,0
183.391,14,183388581399,2496006,0
183.394,10,183391131405,2496006,0
183.396,23,183393654411,2496006,0
183.399,16,183396177417,2496006,0
183.401,1,183398700423,2469000,1
183.401,10,183398700423,2469000,1
183.404,15,183401167423,2496006,0
183.406,12,183403690429,2496006,0
183.409,23,183406222435,2469000,1
183.409,14,183406222435,2469000,1
183.409,19,183406222435,2469000,1
183.411,18,183408698435,2469000,1
183.411,4,183408698435,2469000,1
183.411,12,183408698435,2469000,1
183.414,12,183411167435,2496006,0
183.416,15,183413717441,2496006,0
183.419,16,183416249447,2496006,0
183.421,9,183418772453,2496006,0
183.424,9,183421304459,2496006,0
183.426,16,183423836465,2496006,0
183.429,10,183426368471,2469000,1
183.431,16,183428835471,2496006,0
183.434,15,183431367477,2469000,1
183.434,12,183431367477,2469000,1
183.436,17,183433843477,2469000,1
183.436,6,183433843477,2469000,1
183.439,9,183436337477,2469000,1
183.439,10,183436337477,2469000,1
183.441,23,183438804477,2496006,0
183.444,16,183441345483,2496006,0
183.447,14,183444190489,2496006,0
183.449,14,183446713495,2496006,0
183.452,19,183449263501,2496006,0
183.454,4,183451786507,2496006,0
183.457,4,183454309513,2496006,0
183.459,15,183456832519,2469000,1
183.459,12,183456832519,2469000,1
183.459,16,183456832519,2469000,1
183.462,19,183459308519,2496006,0
183.464,23,183461831525,2469000,1
183.464,4,183461831525,2469000,1
183.467,4,183464316525,2496006,0
183.469,14,183466848531,2469000,1
183.469,4,183466848531,2469000,1
183.472,9,183469324531,2469000,1
183.474,19,183471845531,2496006,0
183.477,16,183474699537,2469000,1
183.477,23,183474699537,2469000,1
183.48,1,183477166537,2496006,0
183.482,1,183479707543,2496006,0
183.485,1,183482230549,2496006,0
183.487,14,183484753555,2496006,0
183.49,1,183487312561,2496006,0
183.492,19,183489835567,2496006,0
183.495,4,183492358573,2496006,0
183.497,14,183494899579,2469000,1
183.497,12,183494899579,2469000,1
183.5,7,183497393579,2496006,0
183.502,15,183499934585,2469000,1
183.502,23,183499934585,2469000,1
183.505,9,183502401585,2469000,1
183.505,7,183502401585,2469000,1
183.507,4,183504868585,2496006,0
183.51,1,183507400591,2469000,1
183.51,19,183507400591,2469000,1
183.515,14,183512489597,2496006,0
183.518,4,183515012603,2496006,0
183.52,7,183517535609,2496006,0
183.523,10,183520085615,2496006,0
183.525,14,183522617621,2496006,0
183.528,5,183525149627,2469000,1
183.528,14,183525149627,2469000,1
183.53,19,183527634627,2469000,1
183.53,14,183527634627,2469000,1
183.533,4,183530110627,2496006,0
183.535,1,183532633633,2496006,0
183.538,10,183535156639,2469000,1
183.54,18,183537623639,2469000,1
183.54,7,183537623639,2469000,1
183.543,15,183540090639,2496006,0
183.545,16,183542631645,2496006,0
183.548,4,183545163651,2496006,0
183.55,17,183547999657,2496006,0
183.553,1,183550522663,2496006,0
183.556,16,183553054669,2496006,0
183.558,4,183555577675,2469000,1
183.558,15,183555577675,2469000,1
183.561,17,183558044675,2469000,1
183.561,1,183558044675,2469000,1
183.563,1,183560538675,2496006,0
183.566,7,183563061681,2496006,0
183.568,10,183565593687,2496006,0
183.573,4,183570648699,2496006,0
183.576,16,183573171705,2469000,1
183.576,4,183573171705,2469000,1
183.578,10,183575951711,2469000,1
183.578,17,183575951711,2469000,1
183.581,7,183578427711,2496006,0
183.583,7,183580950717,2496006,0
183.586,7,183583473723,2496006,0
183.588,4,183585996729,2496006,0
183.591,12,183588528735,2469000,1
183.591,15,183588528735,2469000,1
183.591,1,183588528735,2469000,1
183.593,4,183590995735,2496006,0
183.596,7,183593545741,2496006,0
183.599,9,183596077747,2496006,0
183.601,4,183598609753,2469000,1
183.601,7,183598609753,2469000,1
183.601,9,183598609753,2469000,1
183.604,16,183601121753,2496006,0
183.606,4,183603644759,2496006,0
183.609,4,183606167765,2469000,1
183.611,15,183608643765,2469000,1
183.611,16,183608643765,2469000,1
183.614,10,183611110765,2469000,1
183.614,9,183611110765,2469000,1
183.616,6,183613577765,2469000,1
183.616,14,183613577765,2469000,1
183.619,19,183616044765,2496006,0
183.621,1,183618585771,2469000,1
183.621,7,183618585771,2469000,1
183.624,19,183621115771,2496006,0
183.626,17,183623638777,2496006,0
183.629,19,183626161783,2496006,0
183.631,4,183628684789,2496006,0
183.634,4,183631207795,2496006,0
183.636,4,183633775801,2496006,0
183.639,4,183636325807,2469000,1
183.641,17,183638801807,2469000,1
183.641,4,183638801807,2469000,1
183.644,12,183641268807,2469000,1
183.644,1,183641268807,2469000,1
183.644,19,183641268807,2469000,1
183.646,16,183643735807,2496006,0
183.649,23,183646258813,2496006,0
183.652,19,183649121819,2469000,1
183.652,23,183649121819,2469000,1
183.654,16,183651597819,2496006,0
183.657,4,183654138825,2496006,0
183.659,4,183656715831,2469000,1
183.659,7,183656715831,2469000,1
183.662,9,183659200831,2496006,0
183.664,16,183661723837,2469000,1
183.664,1,183661723837,2469000,1
183.669,16,183666731843,2496006,0
183.672,1,183669254849,2496006,0
183.674,23,183671777855,2496006,0
183.677,14,183674309861,2469000,1
183.677,17,183674309861,2469000,1
183.679,10,183676785861,2469000,1
183.679,9,183676785861,2469000,1
183.682,9,183679583867,2496006,0
183.685,23,183682106873,2469000,1
183.685,10,183682106873,2469000,1
183.687,16,183684573873,2496006,0
183.69,9,183687105879,2496006,0
183.692,1,183689628885,2469000,1
183.692,16,183689628885,2469000,1
183.695,1,183692104885,2496006,0
183.697,14,183694627891,2496006,0
183.7,23,183697159897,2496006,0
183.702,15,183699682903,2469000,1
183.702,4,183699682903,2469000,1
183.705,1,183702149903,2469000,1
183.705,14,183702149903,2469000,1
183.707,9,183704616903,2496006,0
183.71,19,183707139909,2496006,0
183.712,8,183709671915,2496006,0
183.715,9,183712212921,2496006,0
183.717,19,183714753927,2496006,0
183.72,19,183717285933,2496006,0
183.722,8,183719817939,2469000,1
183.722,12,183719817939,2469000,1
183.722,23,183719817939,2469000,1
183.725,9,183722293939,2496006,0
183.727,4,183724825945,2496006,0
183.73,16,183727357951,2496006,0
183.732,18,183729898957,2496006,0
183.735,16,183732430963,2469000,1
183.735,23,183732430963,2469000,1
183.737,19,183734897963,2496006,0
183.74,14,183737429969,2496006,0
183.742,4,183739952975,2469000,1
183.742,1,183739952975,2469000,1
183.745,3,183742419975,2469000,1
183.745,9,183742419975,2469000,1
183.745,19,183742419975,2469000,1
183.747,8,183744922975,2496006,0
183.75,18,183747445981,2496006,0
183.752,13,183749968987,2496006,0
183.755,16,183752822993,2496006,0
183.758,18,183755354999,2469000,1
183.758,14,183755354999,2469000,1
183.76,14,183757823999,2496006,0
183.763,17,183760365005,2496006,0
183.765,8,183762897011,2496006,0
183.768,23,183765420017,2469000,1
183.768,16,183765420017,2469000,1
183.77,19,183767887017,2469000,1
183.77,13,183767887017,2469000,1
183.773,9,183770354017,2496006,0
183.775,14,183772877023,2496006,0
183.778,17,183775400029,2496006,0
183.78,14,183777932035,2496006,0
183.783,18,183780777041,2496006,0
183.786,4,183783309047,2496006,0
183.788,8,183785832053,2469000,1
183.788,13,183785832053,2469000,1
183.788,18,183785832053,2469000,1
183.793,9,183790822059,2469000,1
183.793,18,183790822059,2469000,1
183.796,8,183793289059,2496006,0
183.798,17,183795812065,2469000,1
183.798,20,183795812065,2469000,1
183.801,14,183798297065,2496006,0
183.803,13,183800820071,2469000,1
183.803,14,183800820071,2469000,1
183.806,17,183803287071,2496006,0
183.808,22,183805810077,2469000,1
183.808,4,183805810077,2469000,1
183.811,8,183808295077,2496006,0
183.813,19,183810827083,2496006,0
183.816,5,183813350089,2469000,1
183.816,9,183813350089,2469000,1
183.818,16,183815826089,2469000,1
183.818,4,183815826089,2469000,1
183.821,7,183818320089,2496006,0
183.823,17,183820843095,2469000,1
183.823,22,183820843095,2469000,1
183.826,19,183823310095,2496006,0
183.828,7,183825842101,2496006,0
183.831,8,183828374107,2496006,0
183.833,14,183830897113,2496006,0
183.836,1,183833420119,2469000,1
183.836,4,183833420119,2469000,1
183.838,19,183835887119,2496006,0
183.841,23,183838419125,2496006,0
183.843,18,183840951131,2469000,1
183.846,8,183843436131,2469000,1
183.846,22,183843436131,2469000,1
183.848,7,183845921131,2496006,0
183.851,14,183848444137,2469000,1
183.851,23,183848444137,2469000,1
183.853,19,183850911137,2469000,1
183.853,17,183850911137,2469000,1
183.856,23,183853709143,2496006,0
183.859,15,183856232149,2496006,0
183.861,23,183858755155,2469000,1
183.861,15,183858755155,2469000,1
183.864,23,183861240155,2496006,0
183.866,23,183863763161,2496006,0
183.869,23,183866322167,2469000,1
183.869,7,183866322167,2469000,1
183.871,16,183868798167,2496006,0
183.874,8,183871330173,2496006,0
183.876,16,183873907179,2469000,1
183.876,15,183873907179,2469000,1
183.879,23,183876383179,2496006,0
183.881,14,183878915185,2496006,0
183.884,8,183881447191,2469000,1
183.884,13,183881447191,2469000,1
183.884,9,183881447191,2469000,1
183.887,19,183884227197,2496006,0
183.889,10,183886759203,2496006,0
183.892,16,183889282209,2496006,0
183.894,17,183891805215,2496006,0
183.897,14,183894337221,2496006,0
183.899,19,183896860227,2469000,1
183.899,23,183896860227,2469000,1
183.902,1,183899327227,2496006,0
183.904,16,183901850233,2469000,1
183.904,7,183901850233,2469000,1
183.907,10,183904317233,2496006,0
183.909,1,183906840239,2496006,0
183.912,17,183909390245,2496006,0
183.914,1,183911931251,2469000,1
183.914,22,183911931251,2469000,1
183.914,8,183911931251,2469000,1
183.917,23,183914407251,2496006,0
183.919,17,183916939257,2469000,1
183.919,10,183916939257,2469000,1
183.919,14,183916939257,2469000,1
183.922,19,183919415257,2496006,0
183.924,15,183921938263,2496006,0
183.927,19,183924470269,2496006,0
183.929,10,183927011275,2469000,1
183.932,23,183929487275,2496006,0
183.935,17,183932010281,2496006,0
183.937,19,183934533287,2496006,0
183.94,19,183937056293,2496006,0
183.942,23,183939579299,2469000,1
183.945,18,183942064299,2469000,1
183.945,16,183942064299,2469000,1
183.945,15,183942064299,2469000,1
183.945,19,183942064299,2469000,1
183.947,11,183944540299,2496006,0
183.952,2,183949595311,2496006,0
183.955,19,183952118317,2496006,0
183.957,23,183954641323,2496006,0
183.96,11,183957477329,2469000,1
183.96,10,183957477329,2469000,1
183.96,2,183957477329,2469000,1
183.962,1,183959944329,2469000,1
183.962,17,183959944329,2469000,1
183.965,19,183962411329,2469000,1
183.965,23,183962411329,2469000,1
183.967,16,183964878329,2496006,0
183.97,14,183967428335,2469000,1
183.97,10,183967428335,2469000,1
183.972,15,183969895335,2496006,0
183.975,15,183972454341,2469000,1
183.975,16,183972454341,2469000,1
183.977,8,183974921341,2496006,0
183.98,2,183977453347,2496006,0
183.982,11,183979976353,2469000,1
183.982,8,183979976353,2469000,1
183.985,4,183982461353,2469000,1
183.985,11,183982461353,2469000,1
183.988,19,183985250359,2496006,0
183.99,7,183987773365,2469000,1
183.99,16,183987773365,2469000,1
183.99,19,183987773365,2469000,1
183.993,15,183990240365,2496006,0
183.995,17,183992763371,2469000,1
183.995,2,183992763371,2469000,1
183.998,7,183995257371,2469000,1
184,23,183997724371,2496006,0
184.003,9,184000256377,2469000,1
184.003,8,184000256377,2469000,1
184.005,2,184002723377,2496006,0
184.008,23,184005282383,2496006,0
184.01,2,184007805389,2496006,0
184.013,15,184010328395,2496006,0
184.015,19,184012860401,2469000,1
184.015,2,184012860401,2469000,1
184.018,16,184015336401,2469000,1
184.018,15,184015336401,2469000,1
184.02,17,184017812401,2496006,0
184.023,2,184020335407,2496006,0
184.025,23,184022858413,2469000,1
184.025,15,184022858413,2469000,1
184.028,17,184025334413,2496006,0
184.03,1,184027875419,2496006,0
184.033,17,184030398425,2496006,0
184.035,9,184032939431,2469000,1
184.035,17,184032939431,2469000,1
184.038,12,184035406431,2496006,0
184.04,2,184037929437,2496006,0
184.043,2,184040470443,2496006,0
184.045,14,184042993449,2469000,1
184.045,10,184042993449,2469000,1
184.045,8,184042993449,2469000,1
184.048,1,184045460449,2496006,0
184.053,12,184050515461,2496006,0
184.056,2,184053074467,2496006,0
184.058,2,184055606473,2496006,0
184.061,1,184058442479,2496006,0
184.063,23,184060992485,2496006,0
184.066,12,184063515491,2469000,1
184.066,19,184063515491,2469000,1
184.066,17,184063515491,2469000,1
184.068,22,184066000491,2496006,0
184.071,15,184068532497,2496006,0
184.074,12,184071055503,2496006,0
184.076,1,184073578509,2469000,1
184.076,2,184073578509,2469000,1
184.079,12,184076072509,2496006,0
184.081,23,184078595515,2496006,0
184.084,15,184081136521,2496006,0
184.086,12,184083659527,2496006,0
184.089,22,184086182533,2496006,0
184.092,15,184089018539,2496006,0
184.094,7,184091550545,2496006,0
184.097,2,184094091551,2496006,0
184.099,21,184096614557,2469000,1
184.102,1,184099090557,2496006,0
184.104,12,184101613563,2469000,1
184.104,6,184101613563,2469000,1
184.107,23,184104080563,2496006,0
184.109,7,184106612569,2496006,0
184.112,22,184109135575,2496006,0
184.114,17,184111667581,2496006,0
184.117,15,184114190587,2469000,1
184.117,21,184114190587,2469000,1
184.119,17,184116684587,2469000,1
184.119,14,184116684587,2469000,1
184.119,2,184116684587,2469000,1
184.119,1,184116684587,2469000,1
184.122,22,184119169587,2469000,1
184.122,23,184119169587,2469000,1
184.124,1,184121645587,2496006,0
184.127,17,184124168593,2496006,0
184.129,7,184126691599,2496006,0
184.132,21,184129223605,2469000,1
184.132,2,184129223605,2469000,1
184.132,23,184129223605,2469000,1
184.134,21,184131692605,2496006,0
184.137,1,184134242611,2496006,0
184.139,17,184136774617,2469000,1
184.139,16,184136774617,2469000,1
184.139,1,184136774617,2469000,1
184.142,1,184139243617,2496006,0
184.144,12,184141793623,2496006,0
184.147,11,184144316629,2469000,1
184.149,7,184146783629,2496006,0
184.152,21,184149315635,2496006,0
184.154,18,184151838641,2496006,0
184.157,15,184154361647,2496006,0
184.159,23,184156893653,2496006,0
184.162,1,184159425659,2496006,0
184.165,22,184162279665,2469000,1
184.165,12,184162279665,2469000,1
184.167,15,184164746665,2469000,1
184.167,21,184164746665,2469000,1
184.167,13,184164746665,2469000,1
184.17,7,184167231665,2496006,0
184.172,18,184169754671,2469000,1
184.172,1,184169754671,2469000,1
184.172,12,184169754671,2469000,1
184.175,1,184172223671,2496006,0
184.177,17,184174746677,2496006,0
184.18,23,184177278683,2496006,0
184.182,23,184179819689,2496006,0
184.185,1,184182342695,2469000,1
184.185,4,184182342695,2469000,1
184.187,7,184184827695,2496006,0
184.19,19,184187350701,2496006,0
184.193,7,184190186707,2496006,0
184.195,17,184192718713,2496006,0
184.2,17,184197791725,2469000,1
184.2,23,184197791725,2469000,1
184.203,2,184200258725,2496006,0
184.205,15,184202790731,2469000,1
184.205,1,184202790731,2469000,1
184.205,19,184202790731,2469000,1
184.205,23,184202790731,2469000,1
184.208,16,184205257731,2496006,0
184.21,7,184207780737,2469000,1
184.21,21,184207780737,2469000,1
184.21,12,184207780737,2469000,1
184.213,18,184210247737,2469000,1
184.213,1,184210247737,2469000,1
184.215,2,184212741737,2496006,0
184.218,17,184215273743,2469000,1
184.218,16,184215273743,2469000,1
184.22,8,184217740743,2496006,0
184.223,19,184220272749,2496006,0
184.225,7,184222822755,2496006,0
184.228,7,184225345761,2496006,0
184.23,22,184227886767,2496006,0
184.233,7,184230418773,2496006,0
184.235,8,184232941779,2469000,1
184.235,15,184232941779,2469000,1
184.235,2,184232941779,2469000,1
184.238,22,184235408779,2496006,0
184.24,19,184237940785,2469000,1
184.24,22,184237940785,2469000,1
184.243,18,184240443785,2496006,0
184.245,16,184242975791,2469000,1
184.248,7,184245469791,2469000,1
184.248,15,184245469791,2469000,1
184.25,18,184247936791,2496006,0
184.253,7,184250504797,2496006,0
184.256,19,184253045803,2496006,0
184.258,18,184255577809,2496006,0
184.261,22,184258100815,2496006,0
184.263,8,184260623821,2496006,0
184.266,2,184263468827,2496006,0
184.268,18,184265991833,2469000,1
184.268,21,184265991833,2469000,1
184.271,9,184268458833,2469000,1
184.271,21,184268460833,2469000,1
184.273,22,184270927833,2469000,1
184.273,7,184270927833,2469000,1
184.273,18,184270927833,2469000,1
184.276,2,184273412833,2496006,0
184.278,7,184275935839,2496006,0
184.281,19,184278467845,2469000,1
184.281,21,184278467845,2469000,1
184.283,23,184280934845,2469000,1
184.283,8,184280934845,2469000,1
184.286,2,184283401845,2496006,0
184.288,12,184285933851,2469000,1
184.288,16,184285933851,2469000,1
184.293,23,184290941857,2496006,0
184.296,17,184293777863,2496006,0
184.299,20,184296318869,2469000,1
184.299,2,184296318869,2469000,1
184.301,7,184298785869,2469000,1
184.301,19,184298785869,2469000,1
184.304,17,184301261869,2469000,1
184.304,23,184301261869,2469000,1
184.306,1,184303728869,2496006,0
184.309,1,184306269875,2496006,0
184.311,22,184308810881,2496006,0
184.314,12,184311333887,2496006,0
184.316,17,184313856893,2496006,0
184.319,17,184316388899,2496006,0
184.321,18,184318911905,2496006,0
184.324,22,184321443911,2469000,1
184.324,2,184321443911,2469000,1
184.324,7,184321443911,2469000,1
184.326,12,184323919911,2496006,0
184.329,8,184326442917,2496006,0
184.331,17,184328965923,2496006,0
184.334,18,184331488929,2496006,0
184.336,1,184334011935,2469000,1
184.336,8,184334011935,2469000,1
184.339,12,184336496935,2469000,1
184.339,22,184336496935,2469000,1
184.341,23,184338963935,2496006,0
184.344,12,184341495941,2469000,1
184.346,12,184343964941,2496006,0
184.349,18,184346496947,2496006,0
184.352,1,184349046953,2496006,0
184.354,18,184351569959,2469000,1
184.354,17,184351569959,2469000,1
184.357,23,184354036959,2496006,0
184.359,12,184356568965,2496006,0
184.362,8,184359091971,2469000,1
184.362,23,184359091971,2469000,1
184.364,12,184361576971,2496006,0
184.367,1,184364099977,2496006,0
184.369,2,184366935983,2496006,0
184.372,17,184369467989,2469000,1
184.372,23,184369467989,2469000,1
184.374,1,184371943989,2469000,1
184.374,12,184371943989,2469000,1
184.377,2,184374428989,2469000,1
184.377,23,184374428989,2469000,1
184.379,7,184376904989,2496006,0
184.382,18,184379445995,2469000,1
184.382,2,184379445995,2469000,1
184.384,17,184381912995,2496006,0
184.387,7,184384454001,2469000,1
184.387,1,184384454001,2469000,1
184.389,19,184386930001,2496006,0
184.392,18,184389453007,2496006,0
184.394,7,184391976013,2496006,0
184.397,12,184394812019,2496006,0
184.4,7,184397335025,2469000,1
184.402,8,184399802025,2496006,0
184.405,17,184402325031,2496006,0
184.407,12,184404857037,2469000,1
184.407,7,184404857037,2469000,1
184.41,19,184407324037,2469000,1
184.41,22,184407324037,2469000,1
184.412,18,184409791037,2496006,0
184.415,11,184412323043,2496006,0
184.417,1,184414846049,2496006,0
184.42,18,184417387055,2496006,0
184.422,11,184419919061,2469000,1
184.422,8,184419919061,2469000,1
184.422,17,184419919061,2469000,1
184.425,2,184422386061,2496006,0
184.427,2,184424927067,2496006,0
184.43,17,184427468073,2496006,0
184.432,8,184429991079,2469000,1
184.432,17,184429991079,2469000,1
184.435,14,184432458079,2496006,0
184.437,16,184434981085,2496006,0
184.44,1,184437504091,2469000,1
184.44,18,184437504091,2469000,1
184.442,19,184439971091,2496006,0
184.445,16,184442494097,2496006,0
184.448,2,184445026103,2496006,0
184.45,7,184447549109,2496006,0
184.453,11,184450072115,2496006,0
184.455,7,184452595121,2496006,0
184.458,14,184455118127,2496006,0
184.46,19,184457641133,2469000,1
184.46,11,184457641133,2469000,1
184.463,12,184460117133,2469000,1
184.463,1,184460117133,2469000,1
184.465,11,184462593133,2496006,0
184.468,11,184465116139,2496006,0
184.47,19,184467952145,2469000,1
184.473,16,184470419145,2496006,0
184.475,2,184472960151,2496006,0
184.478,11,184475492157,2469000,1
184.478,18,184475492157,2469000,1
184.483,17,184480482163,2469000,1
184.483,7,184480482163,2469000,1
184.485,14,184482949163,2496006,0
184.488,2,184485472169,2469000,1
184.488,18,184485472169,2469000,1
184.49,12,184487948169,2496006,0
184.493,19,184490489175,2496006,0
184.496,16,184493012181,2496006,0
184.498,14,184495580187,2496006,0
184.501,12,184498425193,2469000,1
184.501,8,184498425193,2469000,1
184.503,12,184500910193,2496006,0
184.506,16,184503433199,2496006,0
184.508,7,184505956205,2469000,1
184.508,19,184505956205,2469000,1
184.511,11,184508423205,2469000,1
184.511,14,184508423205,2469000,1
184.513,8,184510899205,2496006,0
184.516,22,184513431211,2496006,0
184.518,12,184515963217,2496006,0
184.521,22,184518504223,2496006,0
184.524,2,184521036229,2496006,0
184.526,8,184523559235,2469000,1
184.526,14,184523559235,2469000,1
184.529,16,184526035235,2496006,0
184.531,22,184528558241,2496006,0
184.534,23,184531081247,2496006,0
184.536,12,184533622253,2469000,1
184.536,7,184533622253,2469000,1
184.536,2,184533622253,2469000,1
184.539,15,184536089253,2496006,0
184.541,16,184538612259,2496006,0
184.544,22,184541144265,2469000,1
184.544,1,184541144265,2469000,1
184.544,15,184541144265,2469000,1
184.546,8,184543611265,2496006,0
184.549,16,184546143271,2469000,1
184.549,17,184546143271,2469000,1
184.551,19,184548610271,2496006,0
184.554,2,184551133277,2496006,0
184.556,23,184553665283,2469000,1
184.556,22,184553665283,2469000,1
184.559,14,184556132283,2496006,0
184.561,21,184558664289,2469000,1
184.561,14,184558664289,2469000,1
184.564,19,184561140289,2469000,1
184.564,15,184561140289,2469000,1
184.566,2,184563616289,2496006,0
184.569,12,184566139295,2469000,1
184.569,8,184566139295,2469000,1
184.569,15,184566139295,2469000,1
184.571,12,184568651295,2496006,0
184.574,11,184571514301,2496006,0
184.577,2,184574055307,2469000,1
184.577,11,184574055307,2469000,1
184.579,16,184576531307,2469000,1
184.579,23,184576531307,2469000,1
184.579,14,184576531307,2469000,1
184.579,12,184576531307,2469000,1
184.582,1,184579034307,2496006,0
184.584,19,184581584313,2496006,0
184.587,16,184584116319,2496006,0
184.589,1,184586639325,2469000,1
184.589,15,184586639325,2469000,1
184.592,19,184589124325,2469000,1
184.592,8,184589124325,2469000,1
184.592,1,184589124325,2469000,1
184.594,11,184591591325,2496006,0
184.597,23,184594114331,2496006,0
184.599,16,184596646337,2469000,1
184.599,8,184596646337,2469000,1
184.602,13,184599435343,2469000,1
184.602,19,184599435343,2469000,1
184.604,23,184601902343,2469000,1
184.604,18,184601902343,2469000,1
184.607,11,184604378343,2496006,0
184.609,12,184606901349,2496006,0
184.612,2,184609433355,2496006,0
184.614,14,184611956361,2496006,0
184.617,22,184614479367,2496006,0
184.62,14,184617011373,2496006,0
184.622,12,184619552379,2496006,0
184.625,16,184622075385,2496006,0
184.627,22,184624598391,2496006,0
184.63,23,184627121397,2469000,1
184.63,11,184627121397,2469000,1
184.632,2,184629588397,2496006,0
184.635,16,184632120403,2469000,1
184.635,12,184632120403,2469000,1
184.635,7,184632120403,2469000,1
184.637,2,184634614403,2469000,1
184.637,14,184634614403,2469000,1
184.637,22,184634614403,2469000,1
184.64,19,184637108403,2496006,0
184.642,16,184639703409,2496006,0
184.647,12,184644767421,2496006,0
184.65,22,184647290427,2496006,0
184.652,19,184649813433,2496006,0
184.655,22,184652336439,2496006,0
184.657,11,184654859445,2496006,0
184.66,11,184657382451,2496006,0
184.662,17,184659905457,2469000,1
184.662,1,184659905457,2469000,1
184.665,14,184662372457,2496006,0
184.667,16,184664895463,2496006,0
184.67,19,184667418469,2496006,0
184.672,2,184669950475,2496006,0
184.675,22,184672786481,2496006,0
184.678,12,184675318487,2496006,0
184.68,1,184677850493,2496006,0
184.683,1,184680373499,2496006,0
184.685,14,184682905505,2496006,0
184.688,4,184685428511,2496006,0
184.69,11,184687951517,2469000,1
184.69,4,184687951517,2469000,1
184.693,16,184690436517,2469000,1
184.693,19,184690436517,2469000,1
184.695,23,184692903517,2469000,1
184.695,2,184692903517,2469000,1
184.698,11,184695370517,2469000,1
184.698,19,184695370517,2469000,1
184.698,23,184695372517,2469000,1
184.7,22,184697839517,2496006,0
184.703,16,184700362523,2496006,0
184.706,1,184703198529,2469000,1
184.706,12,184703198529,2469000,1
184.711,14,184708215535,2496006,0
184.713,16,184710747541,2496006,0
184.716,2,184713279547,2496006,0
184.718,4,184715802553,2496006,0
184.721,14,184718325559,2469000,1
184.721,1,184718325559,2469000,1
184.723,22,184720792559,2496006,0
184.726,2,184723315565,2496006,0
184.728,16,184725847571,2469000,1
184.728,5,184725847571,2469000,1
184.731,12,184728314571,2496006,0
184.733,4,184730837577,2496006,0
184.736,22,184733360583,2496006,0
184.738,22,184735919589,2469000,1
184.738,2,184735919589,2469000,1
184.741,4,184738395589,2496006,0
184.743,8,184740936595,2469000,1
184.743,11,184740936595,2469000,1
184.746,5,184743403595,2469000,1
184.746,12,184743403595,2469000,1
184.748,16,184745897595,2469000,1
184.748,22,184745897595,2469000,1
184.751,14,184748391595,2469000,1
184.751,11,184748391595,2469000,1
184.753,15,184750858595,2496006,0
184.756,14,184753381601,2496006,0
184.758,10,184755904607,2496006,0
184.761,7,184758427613,2469000,1
184.761,4,184758427613,2469000,1
184.763,19,184760921613,2496006,0
184.766,15,184763444619,2496006,0
184.768,14,184765976625,2469000,1
184.771,16,184768443625,2496006,0
184.773,18,184770966631,2469000,1
184.773,22,184770966631,2469000,1
184.776,2,184773433631,2496006,0
184.779,5,184776278637,2496006,0
184.781,10,184778810643,2496006,0
184.784,15,184781333649,2496006,0
184.786,12,184783856655,2469000,1
184.786,10,184783856655,2469000,1
184.789,2,184786323655,2496006,0
184.791,16,184788855661,2496006,0
184.794,4,184791378667,2469000,1
184.794,19,184791378667,2469000,1
184.794,16,184791378667,2469000,1
184.796,19,184793854667,2496006,0
184.799,5,184796395673,2496006,0
184.801,19,184798927679,2496006,0
184.804,5,184801468685,2469000,1
184.804,1,184801468685,2469000,1
184.804,15,184801468685,2469000,1
184.807,14,184804257691,2469000,1
184.807,2,184804257691,2469000,1
184.807,16,184804257691,2469000,1
184.809,5,184806733691,2496006,0
184.812,5,184809256697,2496006,0
184.814,4,184811806703,2496006,0
184.817,10,184814329709,2469000,1
184.817,4,184814329709,2469000,1
184.819,19,184816805709,2496006,0
184.822,5,184819337715,2496006,0
184.824,5,184821869721,2496006,0
184.829,5,184826978733,2496006,0
184.832,19,184829501739,2496006,0
184.834,15,184832024745,2469000,1
184.834,5,184832024745,2469000,1
184.837,16,184834491745,2496006,0
184.84,2,184837041751,2496006,0
184.842,14,184839600757,2496006,0
184.845,2,184842123763,2496006,0
184.847,19,184844646769,2496006,0
184.85,4,184847187775,2496006,0
184.852,5,184849710781,2469000,1
184.852,4,184849710781,2469000,1
184.855,16,184852177781,2496006,0
184.857,19,184854700787,2469000,1
184.857,14,184854700787,2469000,1
184.857,16,184854700787,2469000,1
184.86,12,184857185787,2469000,1
184.86,4,184857185787,2469000,1
184.862,19,184859679787,2496006,0
184.865,2,184862202793,2469000,1
184.865,19,184862202793,2469000,1
184.867,2,184864678793,2496006,0
184.87,10,184867237799,2496006,0
184.872,2,184869769805,2469000,1
184.872,5,184869769805,2469000,1
184.872,16,184869769805,2469000,1
184.875,16,184872263805,2496006,0
184.877,14,184874786811,2496006,0
184.88,16,184877622817,2496006,0
184.883,3,184880154823,2496006,0
184.885,17,184882686829,2469000,1
184.885,2,184882686829,2469000,1
184.885,3,184882686829,2469000,1
184.888,22,184885153829,2469000,1
184.888,5,184885153829,2469000,1
184.89,14,184887620829,2469000,1
184.89,15,184887620829,2469000,1
184.893,10,184890096829,2496006,0
184.895,16,184892646835,2469000,1
184.895,19,184892646835,2469000,1
184.898,10,184895131835,2469000,1
184.898,1,184895131835,2469000,1
184.898,16,184895131835,2469000,1
184.9,14,184897598835,2496006,0
184.903,4,184900148841,2496006,0
184.905,14,184902680847,2496006,0
184.908,10,184905212853,2496006,0
184.911,14,184908057859,2496006,0
184.913,3,184910589865,2469000,1
184.916,4,184913083865,2496006,0
184.918,10,184915624871,2496006,0
184.921,4,184918174877,2496006,0
184.923,14,184920697883,2496006,0
184.926,2,184923220889,2496006,0
184.928,10,184925770895,2496006,0
184.931,16,184928302901,2496006,0
184.933,4,184930843907,2496006,0
184.936,16,184933375913,2496006,0
184.938,10,184935907919,2469000,1
184.938,14,184935907919,2469000,1
184.941,2,184938383919,2496006,0
184.943,4,184940915925,2496006,0
184.946,16,184943438931,2469000,1
184.946,2,184943438931,2469000,1
184.948,11,184945905931,2469000,1
184.948,10,184945905931,2469000,1
184.953,23,184950895937,2469000,1
184.953,3,184950895937,2469000,1
184.956,10,184953371937,2496006,0
184.958,15,184955921943,2469000,1
184.958,2,184955921943,2469000,1
184.961,8,184958388943,2496006,0
184.963,19,184960911949,2496006,0
184.966,13,184963434955,2496006,0
184.968,10,184965957961,2469000,1
184.968,4,184965957961,2469000,1
184.971,13,184968451961,2469000,1
184.971,8,184968451961,2469000,1
184.973,8,184970920961,2496006,0
184.976,16,184973479967,2496006,0
184.978,8,184976002973,2496006,0
184.981,8,184978525979,2496006,0
184.984,19,184981361985,2469000,1
184.984,4,184981361985,2469000,1
184.986,14,184983828985,2496006,0
184.991,16,184988892997,2469000,1
184.991,14,184988892997,2469000,1
184.994,12,184991368997,2496006,0
184.996,10,184993901003,2496006,0
184.999,12,184996424009,2496006,0
185.001,8,184998947015,2469000,1
185.001,12,184998947015,2469000,1
185.004,4,185001414015,2496006,0
185.006,3,185003946021,2496006,0
185.009,2,185006478027,2469000,1
185.009,13,185006478027,2469000,1
185.012,10,185009276033,2469000,1
185.012,19,185009276033,2469000,1
185.014,16,185011770033,2496006,0
185.017,3,185014293039,2496006,0
185.019,4,185016834045,2496006,0
185.022,16,185019366051,2496006,0
185.024,19,185021898057,2496006,0
185.027,4,185024421063,2469000,1
185.027,14,185024421063,2469000,1
185.027,12,185024421063,2469000,1
185.027,19,185024421063,2469000,1
185.032,12,185029411069,2496006,0
185.034,4,185031934075,2496006,0
185.037,4,185034457081,2496006,0
185.039,3,185036980087,2496006,0
185.042,8,185039503093,2469000,1
185.042,3,185039503093,2469000,1
185.044,12,185042015093,2469000,1
185.044,16,185042015093,2469000,1
185.047,4,185044482093,2496006,0
185.05,10,185047023099,2496006,0
185.052,5,185049546105,2469000,1
185.052,19,185049546105,2469000,1
185.055,16,185052022105,2496006,0
185.057,19,185054545111,2496006,0
185.06,3,185057077117,2496006,0
185.062,19,185059609123,2496006,0
185.065,13,185062150129,2496006,0
185.067,3,185064682135,2469000,1
185.067,4,185064682135,2469000,1
185.067,10,185064682135,2469000,1
185.067,13,185064682135,2469000,1
185.07,16,185067149135,2496006,0
185.072,19,185069672141,2496006,0
185.077,19,185074745153,2496006,0
185.08,19,185077268159,2496006,0
185.082,16,185079791165,2469000,1
185.082,3,185079791165,2469000,1
185.085,9,185082598171,2496006,0
185.088,12,185085121177,2496006,0
185.09,14,185087644183,2496006,0
185.093,8,185090167189,2496006,0
185.095,9,185092690195,2496006,0
185.098,2,185095222201,2469000,1
185.098,14,185095222201,2469000,1
185.1,9,185097698201,2496006,0
185.103,19,185100221207,2496006,0
185.105,8,185102744213,2496006,0
185.108,12,185105267219,2469000,1
185.108,16,185105267219,2469000,1
185.11,9,185107752219,2496006,0
185.113,13,185110293225,2496006,0
185.116,19,185113129231,2496006,0
185.118,4,185115652237,2469000,1
185.118,10,185115652237,2469000,1
185.121,8,185118137237,2496006,0
185.123,13,185120669243,2469000,1
185.123,9,185120669243,2469000,1
185.126,13,185123138243,2496006,0
185.128,3,185125670249,2469000,1
185.128,12,185125670249,2469000,1
185.131,14,185128137249,2469000,1
185.131,16,185128137249,2469000,1
185.133,19,185130622249,2496006,0
185.136,8,185133145255,2496006,0
185.138,19,185135668261,2496006,0
185.141,13,185138209267,2469000,1
185.141,8,185138209267,2469000,1
185.143,19,185140685267,2469000,1
185.143,4,185140685267,2469000,1
185.146,19,185143206267,2496006,0
185.148,13,185145729273,2496006,0
185.151,10,185148261279,2469000,1
185.151,9,185148261279,2469000,1
185.153,10,185150730279,2496006,0
185.156,14,185153271285,2496006,0
185.158,14,185155794291,2496006,0
185.161,15,185158326297,2496006,0
185.163,13,185160849303,2469000,1
185.163,14,185160849303,2469000,1
185.166,8,185163316303,2496006,0
185.171,19,185168380315,2496006,0
185.173,10,185170912321,2496006,0
185.176,15,185173435327,2496006,0
185.178,10,185175967333,2496006,0
185.181,22,185178490339,2496006,0
185.184,8,185181013345,2496006,0
185.186,9,185183536351,2469000,1
185.186,13,185183536351,2469000,1
185.186,10,185183536351,2469000,1
185.189,12,185186325357,2496006,0
185.191,10,185188866363,2496006,0
185.194,19,185191398369,2496006,0
185.196,14,185193930375,2469000,1
185.196,8,185193930375,2469000,1
185.196,19,185193930375,2469000,1
185.199,22,185196397375,2469000,1
185.199,15,185196397375,2469000,1
185.201,1,185198864375,2469000,1
185.201,15,185198866375,2469000,1
185.204,22,185201333375,2496006,0
185.206,12,185203865381,2469000,1
185.206,8,185203865381,2469000,1
185.209,3,185206350381,2496006,0
185.211,10,185208873387,2469000,1
185.211,13,185208873387,2469000,1
185.214,12,185211340387,2469000,1
185.214,3,185211340387,2469000,1
185.217,22,185214138393,2496006,0
185.219,4,185216679399,2469000,1
185.219,13,185216679399,2469000,1
185.222,8,185219173399,2496006,0
185.224,8,185221705405,2496006,0
185.227,14,185224237411,2496006,0
185.229,22,185226778417,2496006,0
185.232,3,185229301423,2496006,0
185.234,19,185231851429,2496006,0
185.237,8,185234374435,2469000,1
185.237,10,185234374435,2469000,1
185.239,11,185236841435,2496006,0
185.242,22,185239382441,2496006,0
185.244,14,185241905447,2469000,1
185.244,7,185241905447,2469000,1
185.244,9,185241905447,2469000,1
185.247,3,185244399447,2469000,1
185.247,16,185244399447,2469000,1
185.247,10,185244399447,2469000,1
185.249,12,185246866447,2496006,0
185.252,6,185249398453,2496006,0
185.254,22,185251921459,2496006,0
185.257,19,185254453465,2496006,0
185.259,11,185256985471,2496006,0
185.262,15,185259508477,2469000,1
185.262,14,185259508477,2469000,1
185.264,6,185261975477,2496006,0
185.267,18,185264498483,2469000,1
185.267,11,185264498483,2469000,1
185.269,19,185266965483,2469000,1
185.269,11,185266967483,2469000,1
185.272,12,185269434483,2496006,0
185.274,8,185271957489,2496006,0
185.277,3,185274480495,2496006,0
185.279,22,185277003501,2496006,0
185.282,6,185279526507,2496006,0
185.285,3,185282058513,2496006,0
185.287,8,185284590519,2496006,0
185.29,12,185287426525,2496006,0
185.292,6,185289949531,2496006,0
185.295,22,185292490537,2496006,0
185.297,12,185295022543,2469000,1
185.297,22,185295022543,2469000,1
185.3,3,185297507543,2469000,1
185.3,19,185297507543,2469000,1
185.302,6,185299974543,2469000,1
185.302,11,185299974543,2469000,1
185.305,22,185302450543,2496006,0
185.307,8,185304973549,2496006,0
185.31,22,185307523555,2496006,0
185.313,8,185310073561,2496006,0
185.315,10,185312596567,2496006,0
185.318,10,185315128573,2496006,0
185.32,8,185317964579,2469000,1
185.323,22,185320476579,2469000,1
185.328,12,185325502585,2469000,1
185.328,19,185325502585,2469000,1
185.33,3,185327978585,2469000,1
185.33,6,185327978585,2469000,1
185.333,10,185330445585,2496006,0
185.335,12,185332995591,2496006,0
185.338,14,185335527597,2496006,0
185.341,9,185338131603,2469000,1
185.341,8,185338131603,2469000,1
185.341,10,185338131603,2469000,1
185.343,22,185340598603,2496006,0
185.346,12,185343130609,2496006,0
185.348,11,185345653615,2469000,1
185.348,22,185345653615,2469000,1
185.351,14,185348129615,2469000,1
185.351,9,185348129615,2469000,1
185.353,22,185350596615,2496006,0
185.356,12,185353119621,2496006,0
185.358,3,185355660627,2496006,0
185.361,10,185358201633,2496006,0
185.366,10,185363274645,2496006,0
185.368,3,185365806651,2496006,0
185.371,22,185368338657,2469000,1
185.371,12,185368338657,2469000,1
185.371,3,185368338657,2469000,1
185.373,6,185370823657,2496006,0
185.376,4,185373355663,2469000,1
185.376,7,185373355663,2469000,1
185.378,10,185375822663,2469000,1
185.378,5,185375822663,2469000,1
185.381,22,185378307663,2496006,0
185.383,20,185380830669,2496006,0
185.386,14,185383353675,2496006,0
185.388,20,185385876681,2496006,0
185.391,22,185388408687,2496006,0
185.394,2,185391253693,2496006,0
185.396,6,185393776699,2469000,1
185.396,5,185393776699,2469000,1
185.399,20,185396243699,2469000,1
185.399,10,185396243699,2469000,1
185.399,2,185396243699,2469000,1
185.399,6,185396245699,2469000,1
185.401,3,185398739699,2496006,0
185.404,14,185401262705,2469000,1
185.404,22,185401262705,2469000,1
185.409,12,185406261711,2496006,0
185.411,2,185408793717,2496006,0
185.414,3,185411325723,2496006,0
185.416,2,185413866729,2469000,1
185.416,12,185413866729,2469000,1
185.416,15,185413866729,2469000,1
185.419,22,185416333729,2496006,0
185.422,8,185419178735,2496006,0
185.424,3,185421701741,2469000,1
185.424,12,185421701741,2469000,1
185.427,8,185424186741,2496006,0
185.429,3,185426709747,2496006,0
185.432,22,185429232753,2496006,0
185.434,20,185431773759,2496006,0
185.437,13,185434341765,2496006,0
185.439,14,185436864771,2496006,0
185.442,6,185439387777,2469000,1
185.442,8,185439387777,2469000,1
185.444,19,185441854777,2496006,0
185.447,22,185444377783,2469000,1
185.447,10,185444377783,2469000,1
185.449,3,185446844783,2496006,0
185.452,22,185449367789,2496006,0
185.454,20,185451890795,2469000,1
185.457,13,185454366795,2469000,1
185.457,14,185454366795,2469000,1
185.459,2,185456851795,2496006,0
185.462,19,185459374801,2496006,0
185.464,20,185461906807,2496006,0
185.467,3,185464456813,2496006,0
185.469,2,185466988819,2469000,1
185.469,22,185466988819,2469000,1
185.472,19,185469473819,2496006,0
185.475,20,185472005825,2496006,0
185.477,13,185474528831,2496006,0
185.48,19,185477051837,2496006,0
185.482,2,185479574843,2496006,0
185.485,8,185482097849,2469000,1
185.485,14,185482097849,2469000,1
185.487,3,185484582849,2496006,0
185.49,13,185487105855,2496006,0
185.492,12,185489628861,2469000,1
185.492,3,185489628861,2469000,1
185.492,13,185489628861,2469000,1
185.495,2,185492426867,2469000,1
185.495,13,185492426867,2469000,1
185.497,19,185494893867,2469000,1
185.497,13,185494895867,2469000,1
185.5,3,185497371867,2496006,0
185.502,20,185499894873,2496006,0
185.507,20,185504967885,2496006,0
185.51,20,185507499891,2496006,0
185.512,22,185510022897,2469000,1
185.512,12,185510022897,2469000,1
185.515,3,185512489897,2496006,0
185.518,19,185515030903,2496006,0
185.52,19,185517553909,2496006,0
185.523,20,185520398915,2496006,0
185.525,22,185522939921,2496006,0
185.528,19,185525462927,2496006,0
185.53,14,185527985933,2469000,1
185.53,19,185527985933,2469000,1
185.533,20,185530452933,2469000,1
185.533,22,185530452933,2469000,1
185.533,19,185530454933,2469000,1
185.535,16,185532921933,2496006,0
185.538,3,185535462939,2496006,0
185.54,2,185538003945,2496006,0
185.543,16,185540526951,2469000,1
185.543,2,185540526951,2469000,1
185.545,17,185543002951,2496006,0
185.548,22,185545534957,2469000,1
185.548,17,185545534957,2469000,1
185.553,3,185550560963,2469000,1
185.553,22,185550560963,2469000,1
185.556,8,185553045963,2496006,0
185.558,9,185555595969,2496006,0
185.561,20,185558118975,2496006,0
185.563,10,185560659981,2496006,0
185.566,22,185563182987,2496006,0
185.568,8,185565705993,2496006,0
185.571,9,185568228999,2469000,1
185.571,4,185568228999,2469000,1
185.571,17,185568228999,2469000,1
185.573,22,185570695999,2496006,0
185.576,2,185573219005,2496006,0
185.578,16,185575751011,2496006,0
185.581,23,185578274017,2496006,0
185.583,10,185580797023,2469000,1
185.583,20,185580797023,2469000,1
185.586,8,185583273023,2469000,1
185.586,16,185583273023,2469000,1
185.588,14,185585749023,2496006,0
185.591,3,185588272029,2496006,0
185.593,9,185590804035,2469000,1
185.593,23,185590804035,2469000,1
185.596,14,185593593041,2469000,1
185.596,22,185593593041,2469000,1
185.599,21,185596060041,2496006,0
185.601,2,185598583047,2469000,1
185.601,16,185598583047,2469000,1
185.604,17,185601050047,2496006,0
185.606,6,185603573053,2469000,1
185.606,8,185603573053,2469000,1
185.606,22,185603573053,2469000,1
185.609,9,185606049053,2496006,0
185.611,23,185608572059,2496006,0
185.614,17,185611113065,2496006,0
185.616,21,185613636071,2496006,0
185.619,3,185616159077,2496006,0
185.621,10,185618682083,2496006,0
185.624,9,185621205089,2496006,0
185.627,19,185624050095,2469000,1
185.627,22,185624050095,2469000,1
185.629,23,185626517095,2469000,1
185.629,2,185626517095,2469000,1
185.631,3,185628993095,2469000,1
185.631,21,185628993095,2469000,1
185.634,20,185631460095,2496006,0
185.636,10,185634001101,2469000,1
185.636,14,185634001101,2469000,1
185.639,17,185636477101,2469000,1
185.639,9,185636477101,2469000,1
185.639,2,185636477101,2469000,1
185.641,13,185638962101,2496006,0
185.644,21,185641494107,2496006,0
185.647,20,185644044113,2496006,0
185.649,13,185646576119,2469000,1
185.649,20,185646576119,2469000,1
185.652,21,185649070119,2496006,0
185.654,11,185651602125,2469000,1
185.654,21,185651602125,2469000,1
185.657,9,185654078125,2469000,1
185.659,8,185656545125,2496006,0
185.662,13,185659086131,2496006,0
185.664,23,185661609137,2469000,1
185.664,13,185661609137,2469000,1
185.667,10,185664076137,2469000,1
185.667,23,185664078137,2469000,1
185.669,8,185666545137,2469000,1
185.669,3,185666545137,2469000,1
185.671,17,185669030137,2469000,1
185.671,13,185669030137,2469000,1
185.674,20,185671506137,2496006,0
185.677,20,185674038143,2496006,0
185.679,17,185676561149,2496006,0
185.682,16,185679084155,2496006,0
185.684,21,185681607161,2496006,0
185.687,2,185684139167,2469000,1
185.687,9,185684139167,2469000,1
185.689,21,185686606167,2496006,0
185.692,23,185689138173,2496006,0
185.694,20,185691670179,2496006,0
185.697,16,185694202185,2496006,0
185.7,17,185697038191,2496006,0
185.702,14,185699561197,2496006,0
185.705,16,185702093203,2496006,0
185.707,10,185704616209,2496006,0
185.71,12,185707148215,2496006,0
185.712,16,185709671221,2496006,0
185.715,8,185712194227,2496006,0
185.717,13,185714717233,2469000,1
185.717,21,185714717233,2469000,1
185.717,23,185714717233,2469000,1
185.72,10,185717184233,2469000,1
185.72,20,185717184233,2469000,1
185.722,16,185719660233,2469000,1
185.725,3,185722127233,2469000,1
185.725,17,185722127233,2469000,1
185.727,23,185724596233,2496006,0
185.73,14,185727432239,2496006,0
185.732,21,185729964245,2496006,0
185.735,8,185732487251,2469000,1
185.737,16,185734954251,2496006,0
185.74,23,185737477257,2469000,1
185.74,15,185737477257,2469000,1
185.742,22,185739944257,2469000,1
185.742,20,185739944257,2469000,1
185.745,12,185742411257,2496006,0
185.747,21,185744943263,2496006,0
185.75,14,185747511269,2496006,0
185.753,12,185750034275,2469000,1
185.753,10,185750034275,2469000,1
185.755,8,185752501275,2496006,0
185.758,16,185755024281,2496006,0
185.76,8,185757574287,2496006,0
185.763,17,185760097293,2496006,0
185.765,21,185762629299,2496006,0
185.768,21,185765161305,2496006,0
185.77,14,185767693311,2496006,0
185.773,17,185770216317,2496006,0
185.775,23,185772739323,2496006,0
185.778,23,185775271329,2496006,0
185.78,21,185777794335,2469000,1
185.78,16,185777794335,2469000,1
185.78,23,185777794335,2469000,1
185.783,12,185780261335,2496006,0
185.785,8,185782802341,2496006,0
185.788,14,185785325347,2496006,0
185.79,8,185787857353,2496006,0
185.793,14,185790380359,2496006,0
185.795,6,185792912365,2496006,0
185.798,8,185795435371,2496006,0
185.8,17,185797958377,2496006,0
185.803,12,185800803383,2469000,1
185.803,9,185800803383,2469000,1
185.808,20,185805802389,2496006,0
185.811,6,185808325395,2469000,1
185.811,21,185808325395,2469000,1
185.811,16,185808325395,2469000,1
185.813,14,185810792395,2496006,0
185.816,8,185813324401,2496006,0
185.818,19,185815856407,2469000,1
185.818,6,185815856407,2469000,1
185.821,23,185818341407,2496006,0
185.823,17,185820864413,2469000,1
185.823,20,185820864413,2469000,1
185.826,10,185823349413,2496006,0
185.828,14,185825908419,2496006,0
185.831,8,185828753425,2496006,0
185.834,23,185831285431,2496006,0
185.836,14,185833808437,2469000,1
185.836,8,185833808437,2469000,1
185.839,20,185836284437,2496006,0
185.841,12,185838807443,2496006,0
185.844,10,185841330449,2496006,0
185.846,17,185843853455,2496006,0
185.849,3,185846385461,2496006,0
185.851,12,185848908467,2496006,0
185.854,17,185851440473,2496006,0
185.856,20,185853963479,2496006,0
185.859,19,185856504485,2469000,1
185.859,23,185856504485,2469000,1
185.861,10,185858971485,2469000,1
185.861,8,185858971485,2469000,1
185.864,1,185861447485,2496006,0
185.866,12,185863970491,2496006,0
185.869,14,185866493497,2469000,1
185.869,10,185866493497,2469000,1
185.871,6,185868960497,2496006,0
185.874,17,185871492503,2469000,1
185.876,3,185873959503,2496006,0
185.879,1,185876491509,2469000,1
185.879,20,185876491509,2469000,1
185.881,6,185878958509,2496006,0
185.884,12,185881490515,2469000,1
185.884,17,185881490515,2469000,1
185.886,3,185883966515,2469000,1
185.886,23,185883966515,2469000,1
185.886,6,185883966515,2469000,1
185.889,6,185886435515,2496006,0
185.891,21,185888958521,2469000,1
185.891,16,185888958521,2469000,1
185.894,20,185891434521,2469000,1
185.894,6,185891434521,2469000,1
185.896,3,185893901521,2496006,0
185.899,2,185896433527,2496006,0
185.901,8,185898956533,2496006,0
185.904,8,185901792539,2496006,0
185.907,3,185904315545,2496006,0
185.909,13,185906847551,2469000,1
185.909,10,185906847551,2469000,1
185.912,2,185909314551,2469000,1
185.912,23,185909314551,2469000,1
185.914,12,185911781551,2496006,0
185.917,1,185914322557,2496006,0
185.919,8,185916872563,2496006,0
185.922,12,185919395569,2496006,0
185.924,21,185921918575,2469000,1
185.924,6,185921918575,2469000,1
185.924,8,185921918575,2469000,1
185.927,12,185924394575,2496006,0
185.929,3,185926917581,2496006,0
185.932,2,185929440587,2469000,1
185.932,12,185929440587,2469000,1
185.935,1,185932229593,2496006,0
185.937,19,185934779599,2469000,1
185.937,6,185934779599,2469000,1
185.94,15,185937246599,2496006,0
185.942,3,185939769605,2496006,0
185.945,15,185942301611,2496006,0
185.95,20,185947365623,2496006,0
185.952,4,185949897629,2469000,1
185.952,12,185949897629,2469000,1
185.955,3,185952364629,2469000,1
185.955,20,185952364629,2469000,1
185.957,1,185954831629,2496006,0
185.96,14,185957354635,2469000,1
185.96,3,185957354635,2469000,1
185.962,8,185959821635,2496006,0
185.965,8,185962353641,2496006,0
185.967,15,185964876647,2469000,1
185.967,22,185964876647,2469000,1
185.97,1,185967352647,2496006,0
185.972,15,185969884653,2496006,0
185.975,1,185972425659,2496006,0
185.977,17,185974957665,2469000,1
185.977,3,185974957665,2469000,1
185.98,20,185977433665,2496006,0
185.982,8,185979965671,2469000,1
185.982,20,185979965671,2469000,1
185.985,1,185982441671,2469000,1
185.985,15,185982441671,2469000,1
185.987,5,185984917671,2496006,0
185.99,2,185987440677,2496006,0
185.992,5,185989999683,2496006,0
185.995,15,185992522689,2496006,0
185.998,5,185995081695,2496006,0
186,5,185997604701,2496006,0
186.003,2,186000145707,2496006,0
186.005,12,186002668713,2469000,1
186.005,2,186002668713,2469000,1
186.008,5,186005466719,2469000,1
186.008,2,186005466719,2469000,1
186.01,15,186007933719,2469000,1
186.01,8,186007933719,2469000,1
186.01,1,186007933719,2469000,1
186.013,2,186010400719,2496006,0
186.015,1,186012923725,2496006,0
186.018,5,186015446731,2469000,1
186.02,16,186017913731,2496006,0
186.023,20,186020436737,2496006,0
186.025,2,186022959743,2496006,0
186.028,2,186025536749,2469000,1
186.028,10,186025536749,2469000,1
186.03,9,186028012749,2469000,1
186.03,3,186028012749,2469000,1
186.033,1,186030479749,2496006,0
186.036,15,186033315755,2469000,1
186.036,1,186033315755,2469000,1
186.038,16,186035782755,2469000,1
186.038,20,186035782755,2469000,1
186.041,2,186038339755,2496006,0
186.043,2,186040871761,2496006,0
186.046,23,186043394767,2496006,0
186.048,1,186045944773,2496006,0
186.051,2,186048467779,2496006,0
186.053,16,186050990785,2469000,1
186.053,1,186050990785,2469000,1
186.053,2,186050990785,2469000,1
186.056,20,186053457785,2469000,1
186.056,2,186053459785,2469000,1
186.058,23,186055926785,2469000,1
186.058,8,186055926785,2469000,1
186.061,1,186058393785,2496006,0
186.063,14,186060934791,2496006,0
186.066,23,186063457797,2496006,0
186.068,4,186065980803,2496006,0
186.071,14,186068521809,2496006,0
186.074,1,186071044815,2496006,0
186.076,14,186073576821,2469000,1
186.079,4,186076052821,2469000,1
186.079,5,186076052821,2469000,1
186.081,6,186078537821,2496006,0
186.084,6,186081060827,2496006,0
186.086,23,186083601833,2496006,0
186.089,17,186086133839,2469000,1
186.089,2,186086133839,2469000,1
186.091,1,186088609839,2496006,0
186.094,14,186091141845,2496006,0
186.096,1,186093673851,2496006,0
186.099,1,186096196857,2496006,0
186.101,6,186098719863,2469000,1
186.101,23,186098719863,2469000,1
186.104,15,186101204863,2496006,0
186.106,9,186103736869,2496006,0
186.109,1,186106572875,2496006,0
186.112,23,186109095881,2469000,1
186.112,15,186109095881,2469000,1
186.114,4,186111562881,2496006,0
186.117,20,186114094887,2496006,0
186.119,14,186116617893,2469000,1
186.119,20,186116617893,2469000,1
186.122,1,186119102893,2496006,0
186.124,1,186121634899,2496006,0
186.127,8,186124175905,2496006,0
186.129,4,186126698911,2496006,0
186.132,9,186129221917,2469000,1
186.132,20,186129221917,2469000,1
186.134,4,186131688917,2496006,0
186.14,1,186137047929,2469000,1
186.14,2,186137047929,2469000,1
186.14,9,186137047929,2469000,1
186.142,4,186139514929,2496006,0
186.145,16,186142073935,2469000,1
186.145,6,186142073935,2469000,1
186.145,15,186142073935,2469000,1
186.147,14,186144549935,2469000,1
186.147,8,186144549935,2469000,1
186.15,4,186147043935,2496006,0
186.152,13,186149566941,2496006,0
186.155,16,186152089947,2496006,0
186.157,16,186154621953,2496006,0
186.16,1,186157171959,2496006,0
186.162,14,186159712965,2496006,0
186.165,16,186162235971,2469000,1
186.165,4,186162235971,2469000,1
186.165,8,186162235971,2469000,1
186.167,13,186164702971,2496006,0
186.17,12,186167225977,2496006,0
186.172,1,186169748983,2469000,1
186.172,5,186169748983,2469000,1
186.175,14,186172242983,2496006,0
186.177,20,186174774989,2469000,1
186.177,6,186174774989,2469000,1
186.18,15,186177250989,2496006,0
186.182,12,186179773995,2496006,0
186.185,14,186182306001,2496006,0
186.187,23,186184847007,2469000,1
186.187,13,186184847007,2469000,1
186.19,11,186187314007,2469000,1
186.19,14,186187314007,2469000,1
186.192,21,186189781007,2469000,1
186.192,4,186189781007,2469000,1
186.195,9,186192248007,2496006,0
186.197,9,186194771013,2496006,0
186.2,15,186197294019,2469000,1
186.2,16,186197294019,2469000,1
186.202,14,186199761019,2496006,0
186.205,9,186202284025,2496006,0
186.207,12,186204816031,2469000,1
186.207,13,186204816031,2469000,1
186.21,9,186207283031,2496006,0
186.213,1,186210164037,2496006,0
186.215,14,186212687043,2496006,0
186.218,9,186215219049,2496006,0
186.22,9,186217787055,2469000,1
186.22,1,186217787055,2469000,1
186.223,12,186220308055,2496006,0
186.225,8,186222831061,2469000,1
186.225,14,186222831061,2469000,1
186.228,15,186225316061,2496006,0
186.23,13,186227839067,2496006,0
186.233,9,186230380073,2469000,1
186.235,4,186232865073,2496006,0
186.238,17,186235388079,2469000,1
186.238,1,186235388079,2469000,1
186.241,13,186238168085,2496006,0
186.243,12,186240700091,2496006,0
186.246,15,186243223097,2496006,0
186.248,4,186245746103,2496006,0
186.251,4,186248278109,2496006,0
186.253,15,186250819115,2496006,0
186.256,13,186253342121,2496006,0
186.258,4,186255865127,2469000,1
186.258,12,186255865127,2469000,1
186.258,2,186255865127,2469000,1
186.261,15,186258350127,2496006,0
186.263,12,186260882133,2496006,0
186.266,15,186263405139,2496006,0
186.268,13,186265937145,2496006,0
186.271,14,186268460151,2496006,0
186.273,12,186270983157,2469000,1
186.273,14,186270983157,2469000,1
186.276,16,186273468157,2496006,0
186.278,13,186275991163,2496006,0
186.281,15,186278523169,2469000,1
186.281,23,186278523169,2469000,1
186.286,9,186283531175,2496006,0
186.289,1,186286054181,2469000,1
186.289,4,186286054181,2469000,1
186.291,20,186288521181,2469000,1
186.291,6,186288521181,2469000,1
186.293,13,186290988181,2469000,1
186.293,15,186290988181,2469000,1
186.296,16,186293455181,2496006,0
186.298,3,186295987187,2496006,0
186.301,12,186298510193,2496006,0
186.304,3,186301042199,2496006,0
186.306,16,186303565205,2496006,0
186.309,14,186306088211,2469000,1
186.309,12,186306088211,2469000,1
186.311,9,186308555211,2496006,0
186.314,3,186311445217,2496006,0
186.316,16,186313968223,2496006,0
186.319,21,186316509229,2469000,1
186.319,12,186316509229,2469000,1
186.321,9,186318976229,2496006,0
186.324,3,186321517235,2469000,1
186.324,8,186321517235,2469000,1
186.326,9,186323984235,2496006,0
186.329,13,186326516241,2496006,0
186.332,9,186329039247,2496006,0
186.334,1,186331580253,2469000,1
186.334,9,186331580253,2469000,1
186.337,16,186334056253,2496006,0
186.339,13,186336597259,2496006,0
186.342,16,186339138265,2469000,1
186.342,3,186339138265,2469000,1
186.344,14,186341918271,2496006,0
186.347,18,186344450277,2469000,1
186.347,15,186344450277,2469000,1
186.349,13,186346917277,2469000,1
186.349,9,186346917277,2469000,1
186.352,10,186349411277,2496006,0
186.354,21,186351943283,2496006,0
186.357,10,186354475289,2496006,0
186.36,21,186357016295,2496006,0
186.362,14,186359539301,2496006,0
186.365,13,186362080307,2496006,0
186.367,4,186364612313,2496006,0
186.37,10,186367153319,2469000,1
186.37,4,186367153319,2469000,1
186.372,21,186369629319,2496006,0
186.375,21,186372152325,2496006,0
186.377,13,186374675331,2469000,1
186.377,14,186374675331,2469000,1
186.38,16,186377142331,2469000,1
186.38,21,186377142331,2469000,1
186.382,12,186379618331,2496006,0
186.385,10,186382141337,2469000,1
186.385,13,186382141337,2469000,1
186.387,9,186384617337,2496006,0
186.39,5,186387140343,2496006,0
186.392,5,186389672349,2496006,0
186.395,17,186392195355,2496006,0
186.397,21,186394718361,2496006,0
186.4,14,186397250367,2496006,0
186.402,9,186399773373,2469000,1
186.402,12,186399773373,2469000,1
186.405,5,186402240373,2496006,0
186.407,17,186404781379,2469000,1
186.407,4,186404781379,2469000,1
186.41,16,186407257379,2496006,0
186.412,5,186409789385,2469000,1
186.412,21,186409789385,2469000,1
186.412,6,186409789385,2469000,1
186.415,3,186412256385,2496006,0
186.418,13,186415092391,2469000,1
186.418,14,186415092391,2469000,1
186.42,5,186417559391,2496006,0
186.423,10,186420082397,2469000,1
186.423,9,186420082397,2469000,1
186.425,5,186422558397,2496006,0
186.428,3,186425090403,2496006,0
186.43,5,186427640409,2469000,1
186.43,12,186427640409,2469000,1
186.43,17,186427640409,2469000,1
186.435,3,186432630415,2469000,1
186.435,16,186432630415,2469000,1
186.435,21,186432630415,2469000,1
186.438,16,186435099415,2496006,0
186.44,8,186437622421,2496006,0
186.443,4,186440145427,2469000,1
186.443,8,186440145427,2469000,1
186.446,16,186443042433,2496006,0
186.448,14,186445574439,2496006,0
186.451,16,186448115445,2496006,0
186.453,5,186450647451,2496006,0
186.456,22,186453179457,2496006,0
186.458,14,186455702463,2496006,0
186.461,22,186458225469,2469000,1
186.461,14,186458225469,2469000,1
186.463,16,186460692469,2469000,1
186.463,23,186460692469,2469000,1
186.463,3,186460692469,2469000,1
186.466,8,186463168469,2496006,0
186.468,13,186465700475,2496006,0
186.471,21,186468223481,2496006,0
186.473,20,186470764487,2496006,0
186.476,16,186473287493,2469000,1
186.478,14,186475754493,2469000,1
186.478,20,186475754493,2469000,1
186.481,13,186478221493,2469000,1
186.481,8,186478221493,2469000,1
186.481,5,186478221493,2469000,1
186.481,20,186478223493,2469000,1
186.483,22,186480690493,2496006,0
186.486,21,186483222499,2469000,1
186.486,3,186483222499,2469000,1
186.486,5,186483222499,2469000,1
186.488,22,186485698499,2496006,0
186.491,9,186488230505,2496006,0
186.493,9,186490771511,2496006,0
186.496,20,186493312517,2496006,0
186.498,17,186495835523,2469000,1
186.498,20,186495835523,2469000,1
186.501,12,186498329523,2496006,0
186.503,14,186500852529,2496006,0
186.506,8,186503384535,2469000,1
186.506,22,186503384535,2469000,1
186.508,12,186505860535,2496006,0
186.511,13,186508383541,2496006,0
186.513,9,186510906547,2496006,0
186.516,15,186513438553,2469000,1
186.516,21,186513438553,2469000,1
186.519,5,186516236559,2496006,0
186.524,12,186521282571,2469000,1
186.524,14,186521282571,2469000,1
186.524,5,186521282571,2469000,1
186.526,21,186523758571,2496006,0
186.529,12,186526290577,2496006,0
186.531,6,186528831583,2496006,0
186.534,13,186531354589,2469000,1
186.534,9,186531354589,2469000,1
186.536,15,186533821589,2496006,0
186.539,21,186536344595,2496006,0
186.541,22,186538867601,2496006,0
186.544,14,186541390607,2469000,1
186.544,15,186541390607,2469000,1
186.546,6,186543857607,2469000,1
186.546,15,186543859607,2469000,1
186.549,20,186546639613,2469000,1
186.549,8,186546639613,2469000,1
186.549,13,186546639613,2469000,1
186.552,16,186549106613,2469000,1
186.552,13,186549108613,2469000,1
186.554,6,186551575613,2496006,0
186.557,21,186554107619,2496006,0
186.559,12,186556639625,2496006,0
186.562,12,186559189631,2496006,0
186.564,5,186561712637,2496006,0
186.567,21,186564235643,2469000,1
186.567,22,186564235643,2469000,1
186.569,12,186566711643,2496006,0
186.572,20,186569243649,2496006,0
186.574,10,186571766655,2469000,1
186.574,15,186571766655,2469000,1
186.574,6,186571766655,2469000,1
186.574,12,186571766655,2469000,1
186.577,5,186574242655,2469000,1
186.579,5,186576711655,2496006,0
186.582,9,186579243661,2469000,1
186.582,12,186579243661,2469000,1
186.584,6,186581710661,2496006,0
186.587,4,186584242667,2496006,0
186.589,16,186586765673,2496006,0
186.592,20,186589297679,2496006,0
186.594,20,186591820685,2496006,0
186.597,16,186594361691,2469000,1
186.597,5,186594361691,2469000,1
186.597,20,186594361691,2469000,1
186.599,15,186596837691,2496006,0
186.602,6,186599369697,2496006,0
186.604,4,186601910703,2496006,0
186.607,21,186604433709,2469000,1
186.607,22,186604433709,2469000,1
186.609,4,186606954709,2496006,0
186.612,14,186609477715,2469000,1
186.612,15,186609477715,2469000,1
186.614,9,186611962715,2496006,0
186.617,6,186614485721,2496006,0
186.62,5,186617035727,2469000,1
186.62,20,186617035727,2469000,1
186.62,4,186617035727,2469000,1
186.622,9,186619824733,2469000,1
186.622,12,186619824733,2469000,1
186.622,16,186619824733,2469000,1
186.627,6,186624814739,2469000,1
186.627,16,186624814739,2469000,1
186.63,1,186627299739,2496006,0
186.632,8,186629822745,2469000,1
186.632,14,186629822745,2469000,1
186.632,9,186629822745,2469000,1
186.635,3,186632289745,2496006,0
186.637,15,186634812751,2469000,1
186.637,9,186634812751,2469000,1
186.64,14,186637297751,2496006,0
186.642,14,186639865757,2496006,0
186.645,3,186642388763,2469000,1
186.645,15,186642388763,2469000,1
186.647,4,186644855763,2496006,0
186.65,20,186647691769,2496006,0
186.653,1,186650214775,2496006,0
186.655,4,186652755781,2469000,1
186.655,14,186652755781,2469000,1
186.655,17,186652755781,2469000,1
186.655,13,186652755781,2469000,1
186.658,22,186655231781,2496006,0
186.66,5,186657754787,2469000,1
186.66,6,186657754787,2469000,1
186.663,1,186660221787,2469000,1
186.663,22,186660221787,2469000,1
186.665,14,186662688787,2496006,0
186.668,4,186665211793,2496006,0
186.67,9,186667734799,2496006,0
186.673,22,186670257805,2469000,1
186.673,9,186670257805,2469000,1
186.675,1,186672724805,2496006,0
186.678,3,186675247811,2496006,0
186.68,20,186677770817,2496006,0
186.683,14,186680293823,2496006,0
186.685,14,186682816829,2469000,1
186.688,3,186685301829,2496006,0
186.69,21,186687824835,2496006,0
186.693,4,186690374841,2469000,1
186.693,9,186690374841,2469000,1
186.695,20,186692859841,2496006,0
186.698,1,186695382847,2496006,0
186.7,3,186697923853,2469000,1
186.7,22,186697923853,2469000,1
186.703,21,186700399853,2496006,0
186.705,1,186702922859,2496006,0
186.708,21,186705472865,2496006,0
186.711,20,186708004871,2496006,0
186.713,14,186710527877,2469000,1
186.713,3,186710527877,2469000,1
186.715,5,186712994877,2496006,0
186.718,21,186715526883,2469000,1
186.718,1,186715526883,2469000,1
186.721,20,186718020883,2496006,0
186.723,8,186720865889,2469000,1
186.723,4,186720865889,2469000,1
186.726,14,186723341889,2496006,0
186.728,23,186725864895,2469000,1
186.728,5,186725864895,2469000,1
186.731,6,186728349895,2496006,0
186.736,20,186733422907,2496006,0
186.738,20,186735999913,2469000,1
186.738,14,186735999913,2469000,1
186.741,12,186738475913,2469000,1
186.741,15,186738475913,2469000,1
186.743,22,186740942913,2469000,1
186.743,6,186740942913,2469000,1
186.746,7,186743427913,2469000,1
186.746,21,186743427913,2469000,1
186.746,14,186743427913,2469000,1
186.748,1,186745894913,2496006,0
186.751,5,186748417919,2496006,0
186.754,3,186751262925,2496006,0
186.756,5,186753785931,2496006,0
186.759,1,186756317937,2469000,1
186.759,9,186756317937,2469000,1
186.761,1,186758786937,2496006,0
186.764,3,186761309943,2469000,1
186.764,2,186761309943,2469000,1
186.766,1,186763776943,2496006,0
186.769,19,186766299949,2496006,0
186.771,5,186768831955,2496006,0
186.774,3,186771363961,2496006,0
186.776,16,186773886967,2469000,1
186.776,20,186773886967,2469000,1
186.776,6,186773886967,2469000,1
186.776,7,186773886967,2469000,1
186.779,1,186776353967,2496006,0
186.781,1,186778876973,2496006,0
186.784,15,186781399979,2469000,1
186.784,1,186781399979,2469000,1
186.789,20,186786398985,2496006,0
186.791,5,186788921991,2469000,1
186.791,19,186788921991,2469000,1
186.791,7,186788921991,2469000,1
186.794,3,186791397991,2469000,1
186.794,1,186791397991,2469000,1
186.796,20,186793900991,2496006,0
186.799,22,186796477997,2496006,0
186.801,1,186799001003,2496006,0
186.804,4,186801533009,2496006,0
186.807,7,186804074015,2496006,0
186.809,20,186806597021,2496006,0
186.812,14,186809120027,2496006,0
186.814,4,186811661033,2496006,0
186.817,5,186814193039,2469000,1
186.817,19,186814193039,2469000,1
186.819,20,186816669039,2469000,1
186.819,3,186816669039,2469000,1
186.819,22,186816669039,2469000,1
186.819,1,186816669039,2469000,1
186.822,22,186819163039,2496006,0
186.824,14,186821686045,2496006,0
186.827,7,186824522051,2469000,1
186.827,4,186824522051,2469000,1
186.829,14,186826998051,2469000,1
186.832,22,186829483051,2469000,1
186.832,21,186829483051,2469000,1
186.834,7,186831959051,2496006,0
186.837,1,186834482057,2496006,0
186.84,6,186837014063,2496006,0
186.842,14,186839537069,2469000,1
186.842,1,186839537069,2469000,1
186.845,6,186842004069,2496006,0
186.847,6,186844527075,2496006,0
186.85,6,186847122081,2469000,1
186.85,4,186847122081,2469000,1
186.85,7,186847122081,2469000,1
186.852,20,186849589081,2496006,0
186.855,3,186852452087,2496006,0
186.857,20,186854975093,2469000,1
186.857,1,186854975093,2469000,1
186.857,3,186854975093,2469000,1
186.86,6,186857442093,2496006,0
186.862,9,186859965099,2496006,0
186.865,9,186862497105,2496006,0
186.868,14,186865020111,2496006,0
186.873,19,186870075123,2469000,1
186.873,22,186870075123,2469000,1
186.875,12,186872542123,2469000,1
186.875,20,186872542123,2469000,1
186.878,20,186875011123,2496006,0
186.88,14,186877534129,2496006,0
186.883,20,186880057135,2496006,0
186.885,5,186882598141,2469000,1
186.885,6,186882598141,2469000,1
186.888,7,186885083141,2469000,1
186.888,9,186885083141,2469000,1
186.89,3,186887577141,2469000,1
186.89,20,186887577141,2469000,1
186.893,10,186890071141,2469000,1
186.893,14,186890071141,2469000,1
186.895,21,186892565141,2496006,0
186.898,7,186895088147,2496006,0
186.9,6,186897611153,2496006,0
186.903,5,186900143159,2496006,0
186.908,13,186905216171,2469000,1
186.908,22,186905216171,2469000,1
186.91,7,186907683171,2469000,1
186.91,9,186907683171,2469000,1
186.913,5,186910150171,2469000,1
186.913,21,186910150171,2469000,1
186.915,6,186912617171,2496006,0
186.918,5,186915167177,2496006,0
186.92,20,186917699183,2496006,0
186.923,4,186920294189,2469000,1
186.923,14,186920294189,2469000,1
186.925,21,186922761189,2469000,1
186.925,6,186922761189,2469000,1
186.928,20,186925541195,2469000,1
186.928,17,186925541195,2469000,1
186.928,3,186925541195,2469000,1
186.928,21,186925541195,2469000,1
186.931,5,186928008195,2496006,0
186.933,1,186930531201,2469000,1
186.933,19,186930531201,2469000,1
186.933,6,186930531201,2469000,1
186.935,20,186932998201,2496006,0
186.938,10,186935530207,2496006,0
186.941,7,186938062213,2469000,1
186.943,10,186940538213,2496006,0
186.946,10,186943061219,2496006,0
186.948,22,186945593225,2496006,0
186.951,5,186948116231,2496006,0
186.953,5,186950684237,2469000,1
186.953,20,186950684237,2469000,1
186.956,7,186953169237,2496006,0
186.959,22,186956005243,2496006,0
186.961,10,186958528249,2496006,0
186.964,22,186961069255,2496006,0
186.966,5,186963592261,2496006,0
186.969,7,186966115267,2496006,0
186.971,3,186968638273,2469000,1
186.971,7,186968638273,2469000,1
186.974,10,186971114273,2469000,1
186.974,21,186971114273,2469000,1
186.976,4,186973599273,2469000,1
186.979,5,186976084273,2469000,1
186.979,22,186976084273,2469000,1
186.979,14,186976084273,2469000,1
186.981,9,186978560273,2496006,0
186.984,5,186981083279,2496006,0
186.986,7,186983669285,2469000,1
186.986,10,186983669285,2469000,1
186.989,20,186986136285,2496006,0
186.991,5,186988668291,2469000,1
186.991,9,186988668291,2469000,1
186.994,20,186991144291,2496006,0
186.996,20,186993676297,2496006,0
186.999,20,186996199303,2496006,0
187.001,7,186998731309,2469000,1
187.001,5,186998731309,2469000,1
187.004,9,187001198309,2496006,0
187.009,6,187006280321,2496006,0
187.011,20,187008812327,2496006,0
187.014,9,187011344333,2469000,1
187.014,22,187011344333,2469000,1
187.016,20,187013829333,2496006,0
187.019,6,187016352339,2496006,0
187.021,9,187018884345,2469000,1
187.021,20,187018884345,2469000,1
187.024,10,187021387345,2496006,0
187.026,3,187023955351,2496006,0
187.029,10,187026478357,2469000,1
187.032,9,187029258363,2496006,0
187.034,6,187031781369,2496006,0
187.037,10,187034331375,2496006,0
187.039,10,187036854381,2496006,0
187.042,3,187039386387,2469000,1
187.042,10,187039386387,2469000,1
187.044,9,187041871387,2496006,0
187.047,20,187044403393,2496006,0
187.049,6,187046935399,2496006,0
187.052,20,187049476405,2496006,0
187.054,7,187051999411,2496006,0
187.057,6,187054522417,2469000,1
187.06,2,187057320423,2469000,1
187.06,7,187057320423,2469000,1
187.062,3,187059805423,2469000,1
187.062,9,187059805423,2469000,1
187.065,22,187062281423,2496006,0
187.067,21,187064804429,2496006,0
187.07,16,187067327435,2496006,0
187.072,9,187069850441,2496006,0
187.075,1,187072382447,2469000,1
187.075,20,187072382447,2469000,1
187.077,22,187074849447,2469000,1
187.077,5,187074849447,2469000,1
187.08,7,187077325447,2496006,0
187.082,9,187079848453,2496006,0
187.085,10,187082371459,2469000,1
187.085,6,187082371459,2469000,1
187.087,22,187084847459,2496006,0
187.09,21,187087370465,2469000,1
187.09,10,187087370465,2469000,1
187.092,22,187089837465,2496006,0
187.095,16,187092360471,2496006,0
187.1,20,187097406483,2469000,1
187.1,16,187097406483,2469000,1
187.102,7,187099891483,2469000,1
187.102,9,187099891483,2469000,1
187.105,6,187102358483,2496006,0
187.107,9,187104917489,2496006,0
187.11,6,187107440495,2496006,0
187.112,16,187109963501,2496006,0
187.115,22,187112486507,2496006,0
187.118,6,187115027513,2496006,0
187.12,14,187117550519,2469000,1
187.12,21,187117550519,2469000,1
187.12,22,187117550519,2469000,1
187.123,3,187120017519,2496006,0
187.125,3,187122558525,2496006,0
187.128,6,187125081531,2469000,1
187.128,3,187125081531,2469000,1
187.13,16,187127548531,2496006,0
187.133,9,187130402537,2496006,0
187.135,16,187132961543,2469000,1
187.138,7,187135437543,2496006,0
187.14,3,187137987549,2496006,0
187.143,9,187140519555,2496006,0
187.146,22,187143042561,2496006,0
187.148,6,187145583567,2469000,1
187.148,22,187145583567,2469000,1
187.151,3,187148068567,2469000,1
187.151,7,187148068567,2469000,1
187.153,9,187150562567,2496006,0
187.156,8,187153094573,2469000,1
187.156,20,187153094573,2469000,1
187.156,3,187153094573,2469000,1
187.158,9,187155561573,2496006,0
187.161,16,187158084579,2496006,0
187.163,7,187160956585,2496006,0
187.166,16,187163488591,2469000,1
187.168,9,187165955591,2496006,0
187.171,21,187168496597,2496006,0
187.174,5,187171037603,2496006,0
187.176,5,187173560609,2496006,0
187.179,21,187176083615,2469000,1
187.179,22,187176083615,2469000,1
187.181,9,187178550615,2496006,0
187.184,5,187181082621,2496006,0
187.186,22,187183605627,2496006,0
187.189,3,187186128633,2469000,1
187.189,7,187186128633,2469000,1
187.191,22,187188595633,2496006,0
187.194,9,187191118639,2496006,0
187.196,22,187193686645,2496006,0
187.199,9,187196209651,2496006,0
187.201,22,187198732657,2496006,0
187.204,16,187201255663,2469000,1
187.206,20,187203722663,2496006,0
187.209,21,187206254669,2469000,1
187.209,5,187206254669,2469000,1
187.209,16,187206254669,2469000,1
187.211,22,187208721669,2469000,1
187.211,9,187208721669,2469000,1
187.211,6,187208721669,2469000,1
187.214,9,187211190669,2496006,0
187.219,4,187216236681,2496006,0
187.221,20,187218759687,2469000,1
187.221,7,187218759687,2469000,1
187.221,21,187218759687,2469000,1
187.224,4,187221244687,2496006,0
187.226,19,187223767693,2496006,0
187.229,23,187226290699,2469000,1
187.229,6,187226290699,2469000,1
187.231,16,187228766699,2496006,0
187.234,16,187231289705,2496006,0
187.237,19,187234143711,2496006,0
187.239,9,187236675717,2469000,1
187.239,20,187236675717,2469000,1
187.239,19,187236675717,2469000,1
187.242,4,187239142717,2496006,0
187.244,5,187241674723,2469000,1
187.244,16,187241674723,2469000,1
187.244,4,187241674723,2469000,1
187.247,4,187244143723,2496006,0
187.249,22,187246666729,2496006,0
187.252,22,187249198735,2496006,0
187.254,10,187251748741,2496006,0
187.257,4,187254271747,2469000,1
187.257,16,187254271747,2469000,1
187.257,10,187254271747,2469000,1
187.259,9,187256738747,2469000,1
187.259,19,187256738747,2469000,1
187.262,7,187259205747,2469000,1
187.262,9,187259207747,2469000,1
187.267,10,187264528759,2496006,0
187.27,22,187267069765,2496006,0
187.272,20,187269592771,2496006,0
187.275,4,187272115777,2469000,1
187.275,20,187272115777,2469000,1
187.277,22,187274591777,2496006,0
187.28,21,187277114783,2496006,0
187.282,10,187279637789,2496006,0
187.285,10,187282178795,2496006,0
187.287,9,187284701801,2496006,0
187.29,10,187287224807,2496006,0
187.292,22,187289747813,2469000,1
187.292,16,187289747813,2469000,1
187.295,16,187292223813,2496006,0
187.297,9,187294746819,2496006,0
187.3,21,187297269825,2496006,0
187.302,16,187299792831,2496006,0
187.305,8,187302324837,2496006,0
187.307,9,187304847843,2496006,0
187.31,5,187307379849,2496006,0
187.312,21,187309902855,2469000,1
187.312,5,187309902855,2469000,1
187.315,21,187312371855,2496006,0
187.317,12,187314894861,2496006,0
187.32,9,187317417867,2469000,1
187.32,10,187317417867,2469000,1
187.32,22,187317417867,2469000,1
187.322,16,187319884867,2469000,1
187.322,20,187319884867,2469000,1
187.325,16,187322369867,2469000,1
187.327,4,187324863867,2496006,0
187.33,8,187327386873,2496006,0
187.332,21,187329909879,2496006,0
187.335,3,187332450885,2469000,1
187.335,20,187332450885,2469000,1
187.338,8,187335230891,2469000,1
187.338,12,187335230891,2469000,1
187.338,9,187335230891,2469000,1
187.34,4,187337697891,2496006,0
187.343,21,187340220897,2496006,0
187.345,4,187342752903,2496006,0
187.348,12,187345293909,2469000,1
187.348,4,187345293909,2469000,1
187.35,19,187347787909,2496006,0
187.353,21,187350310915,2469000,1
187.353,10,187350310915,2469000,1
187.355,5,187352786915,2496006,0
187.358,21,187355309921,2496006,0
187.36,14,187357841927,2496006,0
187.363,22,187360373933,2496006,0
187.365,18,187362896939,2496006,0
187.368,14,187365759945,2496006,0
187.371,18,187368282951,2469000,1
187.371,22,187368282951,2469000,1
187.373,16,187370758951,2469000,1
187.373,8,187370758951,2469000,1
187.373,19,187370758951,2469000,1
187.373,5,187370758951,2469000,1
187.376,4,187373234951,2496006,0
187.378,12,187375757957,2469000,1
187.378,4,187375757957,2469000,1
187.381,21,187378224957,2469000,1
187.381,5,187378224957,2469000,1
187.383,14,187380691957,2469000,1
187.383,21,187380693957,2469000,1
187.386,9,187383160957,2469000,1
187.388,19,187385645957,2496006,0
187.391,18,187388168963,2496006,0
187.393,22,187390691969,2496006,0
187.396,4,187393223975,2496006,0
187.398,1,187395755981,2496006,0
187.401,1,187398278987,2496006,0
187.403,1,187400810993,2496006,0
187.406,18,187403333999,2469000,1
187.406,19,187403333999,2469000,1
187.408,7,187405809999,2469000,1
187.408,10,187405809999,2469000,1
187.411,22,187408276999,2469000,1
187.411,5,187408276999,2469000,1
187.413,1,187410752999,2469000,1
187.413,13,187410752999,2469000,1
187.416,18,187413219999,2496006,0
187.418,4,187415752005,2496006,0
187.421,14,187418284011,2469000,1
187.421,10,187418284011,2469000,1
187.423,18,187420769011,2469000,1
187.423,20,187420769011,2469000,1
187.426,8,187423236011,2496006,0
187.428,4,187425777017,2496006,0
187.431,15,187428300023,2496006,0
187.433,8,187430823029,2496006,0
187.436,4,187433355035,2496006,0
187.438,22,187435887041,2469000,1
187.438,5,187435887041,2469000,1
187.441,21,187438667047,2496006,0
187.444,1,187441190053,2496006,0
187.446,19,187443713059,2496006,0
187.449,19,187446245065,2496006,0
187.451,8,187448777071,2469000,1
187.454,8,187451246071,2496006,0
187.456,15,187453778077,2496006,0
187.461,21,187458824089,2469000,1
187.461,4,187458824089,2469000,1
187.464,18,187461309089,2496006,0
187.466,1,187463841095,2496006,0
187.469,18,187466686101,2469000,1
187.469,1,187466686101,2469000,1
187.472,19,187469153101,2496006,0
187.474,9,187471676107,2496006,0
187.477,8,187474208113,2469000,1
187.477,19,187474208113,2469000,1
187.479,9,187476675113,2496006,0
187.482,15,187479198119,2496006,0
187.484,21,187481730125,2496006,0
187.487,4,187484262131,2496006,0
187.489,15,187486803137,2496006,0
187.492,21,187489326143,2496006,0
187.494,8,187491876149,2496006,0
187.497,21,187494417155,2469000,1
187.497,12,187494417155,2469000,1
187.497,9,187494417155,2469000,1
187.499,18,187496884155,2496006,0
187.502,8,187499407161,2469000,1
187.502,4,187499407161,2469000,1
187.504,1,187501892161,2496006,0
187.507,19,187504415167,2469000,1
187.507,15,187504415167,2469000,1
187.509,14,187506891167,2496006,0
187.512,6,187509414173,2469000,1
187.512,16,187509414173,2469000,1
187.512,4,187509414173,2469000,1
187.512,15,187509414173,2469000,1
187.514,16,187511899173,2496006,0
187.517,14,187514440179,2496006,0
187.519,18,187516963185,2496006,0
187.524,1,187522009197,2469000,1
187.524,14,187522009197,2469000,1
187.527,22,187524476197,2496006,0
187.529,17,187526999203,2469000,1
187.529,18,187526999203,2469000,1
187.532,16,187529511203,2496006,0
187.535,8,187532034209,2496006,0
187.537,21,187534575215,2496006,0
187.54,14,187537098221,2496006,0
187.542,9,187539934227,2496006,0
187.545,9,187542457233,2496006,0
187.547,8,187544980239,2496006,0
187.55,6,187547503245,2469000,1
187.55,22,187547503245,2469000,1
187.552,16,187549970245,2496006,0
187.555,9,187552493251,2496006,0
187.557,14,187555016257,2469000,1
187.557,21,187555016257,2469000,1
187.557,8,187555016257,2469000,1
187.56,11,187557483257,2496006,0
187.562,9,187560006263,2469000,1
187.562,21,187560006263,2469000,1
187.565,14,187562473263,2496006,0
187.567,1,187564996269,2496006,0
187.57,19,187567546275,2496006,0
187.573,18,187570391281,2469000,1
187.573,11,187570391281,2469000,1
187.575,4,187572867281,2469000,1
187.575,15,187572867281,2469000,1
187.578,16,187575334281,2496006,0
187.58,22,187577875287,2496006,0
187.583,1,187580407293,2469000,1
187.583,14,187580407293,2469000,1
187.583,22,187580407293,2469000,1
187.585,19,187582910293,2496006,0
187.588,21,187585433299,2469000,1
187.59,8,187587927299,2469000,1
187.59,11,187587927299,2469000,1
187.593,16,187590394299,2496006,0
187.595,4,187592917305,2469000,1
187.595,16,187592917305,2469000,1
187.598,19,187595393305,2496006,0
187.6,5,187597916311,2469000,1
187.6,9,187597916311,2469000,1
187.603,11,187600401311,2496006,0
187.605,19,187602924317,2496006,0
187.608,20,187605483323,2496006,0
187.611,1,187608006329,2496006,0
187.613,18,187610529335,2496006,0
187.616,19,187613061341,2469000,1
187.616,22,187613061341,2469000,1
187.618,14,187615546341,2469000,1
187.618,11,187615546341,2469000,1
187.621,16,187618013341,2496006,0
187.623,12,187620536347,2496006,0
187.626,19,187623059353,2496006,0
187.628,14,187625591359,2496006,0
187.631,18,187628123365,2496006,0
187.633,1,187630646371,2496006,0
187.636,20,187633169377,2496006,0
187.638,12,187635692383,2496006,0
187.641,1,187638224389,2496006,0
187.643,20,187640756395,2469000,1
187.643,19,187640756395,2469000,1
187.646,18,187643536401,2469000,1
187.646,14,187643536401,2469000,1
187.646,9,187643536401,2469000,1
187.646,1,187643536401,2469000,1
187.648,12,187646003401,2469000,1
187.648,16,187646003401,2469000,1
187.651,8,187648479401,2496006,0
187.653,19,187651002407,2469000,1
187.653,1,187651002407,2469000,1
187.656,8,187653478407,2469000,1
187.658,18,187655945407,2496006,0
187.661,14,187658468413,2496006,0
187.664,11,187661027419,2496006,0
187.666,7,187663559425,2496006,0
187.669,18,187666091431,2496006,0
187.671,20,187668614437,2469000,1
187.671,7,187668614437,2469000,1
187.674,19,187671394443,2496006,0
187.676,14,187673917449,2469000,1
187.676,18,187673917449,2469000,1
187.679,11,187676411449,2496006,0
187.681,15,187678934455,2469000,1
187.681,12,187678934455,2469000,1
187.684,22,187681401455,2469000,1
187.684,16,187681401455,2469000,1
187.686,8,187683868455,2496006,0
187.689,11,187686418461,2496006,0
187.691,22,187688941467,2496006,0
187.694,19,187691464473,2469000,1
187.694,18,187691464473,2469000,1
187.696,3,187693949473,2496006,0
187.699,7,187696499479,2496006,0
187.702,8,187699031485,2469000,1
187.702,16,187699031485,2469000,1
187.702,7,187699031485,2469000,1
187.704,19,187701507485,2496006,0
187.707,11,187704030491,2496006,0
187.709,22,187706553497,2496006,0
187.712,3,187709085503,2469000,1
187.712,19,187709085503,2469000,1
187.714,8,187711552503,2496006,0
187.717,14,187714093509,2469000,1
187.717,3,187714093509,2469000,1
187.719,20,187716569509,2469000,1
187.719,12,187716569509,2469000,1
187.722,11,187719045509,2496006,0
187.724,8,187721577515,2469000,1
187.724,1,187721577515,2469000,1
187.727,22,187724053515,2469000,1
187.729,11,187726547515,2469000,1
187.732,7,187729050515,2496006,0
187.734,19,187731582521,2469000,1
187.737,11,187734049521,2496006,0
187.742,11,187739104533,2496006,0
187.744,21,187741636539,2469000,1
187.744,3,187741636539,2469000,1
187.747,10,187744416545,2496006,0
187.749,7,187746975551,2496006,0
187.752,21,187749507557,2496006,0
187.755,11,187752039563,2469000,1
187.755,21,187752039563,2469000,1
187.757,10,187754506563,2496006,0
187.759,18,187757029569,2469000,1
187.759,8,187757029569,2469000,1
187.759,22,187757029569,2469000,1
187.762,7,187759514569,2469000,1
187.762,19,187759514569,2469000,1
187.765,21,187762008569,2496006,0
187.767,11,187764549575,2496006,0
187.77,10,187767081581,2496006,0
187.772,10,187769604587,2496006,0
187.775,21,187772136593,2496006,0
187.777,9,187774981599,2496006,0
187.78,7,187777513605,2469000,1
187.78,9,187777513605,2469000,1
187.782,10,187779989605,2496006,0
187.785,14,187782521611,2469000,1
187.785,21,187782521611,2469000,1
187.787,11,187784988611,2496006,0
187.79,21,187787547617,2496006,0
187.795,10,187792620629,2496006,0
187.798,9,187795170635,2496006,0
187.8,11,187797693641,2469000,1
187.8,8,187797693641,2469000,1
187.803,9,187800169641,2496006,0
187.805,12,187802692647,2496006,0
187.808,21,187805215653,2469000,1
187.808,12,187805215653,2469000,1
187.81,13,187807718653,2496006,0
187.813,9,187810241659,2469000,1
187.813,10,187810241659,2469000,1
187.813,20,187810241659,2469000,1
187.813,7,187810241659,2469000,1
187.815,9,187812753659,2496006,0
187.818,9,187815285665,2496006,0
187.82,11,187817808671,2496006,0
187.823,9,187820349677,2496006,0
187.825,22,187822881683,2496006,0
187.828,13,187825404689,2496006,0
187.83,21,187827927695,2469000,1
187.83,9,187827927695,2469000,1
187.833,16,187830412695,2469000,1
187.833,19,187830412695,2469000,1
187.835,1,187832879695,2469000,1
187.838,10,187835364695,2469000,1
187.838,13,187835364695,2469000,1
187.84,22,187837831695,2469000,1
187.84,11,187837831695,2469000,1
187.843,12,187840298695,2469000,1
187.843,7,187840298695,2469000,1
187.845,11,187842774695,2496006,0
187.848,8,187845306701,2496006,0
187.851,11,187848151707,2496006,0
187.853,4,187850674713,2496006,0
187.856,11,187853224719,2496006,0
187.858,9,187855756725,2469000,1
187.858,8,187855756725,2469000,1
187.861,4,187858259725,2496006,0
187.863,13,187860782731,2496006,0
187.866,3,187863305737,2469000,1
187.866,11,187863305737,2469000,1
187.866,8,187863305737,2469000,1
187.866,4,187863305737,2469000,1
187.868,9,187865790737,2496006,0
187.871,9,187868313743,2496006,0
187.873,22,187870845749,2469000,1
187.873,11,187870845749,2469000,1
187.879,18,187876166755,2496006,0
187.881,14,187878689761,2496006,0
187.884,18,187881212767,2496006,0
187.886,12,187883735773,2496006,0
187.889,12,187886258779,2496006,0
187.891,13,187888781785,2496006,0
187.894,9,187891313791,2496006,0
187.896,12,187893863797,2469000,1
187.896,18,187893863797,2469000,1
187.896,10,187893863797,2469000,1
187.899,4,187896339797,2496006,0
187.901,21,187898871803,2496006,0
187.904,14,187901403809,2469000,1
187.904,12,187901403809,2469000,1
187.906,14,187903879809,2496006,0
187.909,4,187906402815,2469000,1
187.909,13,187906402815,2469000,1
187.909,14,187906402815,2469000,1
187.911,9,187908869815,2496006,0
187.914,4,187911401821,2496006,0
187.916,21,187913924827,2496006,0
187.919,13,187916465833,2496006,0
187.924,4,187921520845,2469000,1
187.924,9,187921520845,2469000,1
187.926,5,187923987845,2496006,0
187.929,21,187926510851,2469000,1
187.929,10,187926510851,2469000,1
187.931,15,187928977851,2496006,0
187.934,5,187931518857,2496006,0
187.937,14,187934041863,2469000,1
187.937,4,187934041863,2469000,1
187.937,15,187934041863,2469000,1
187.939,8,187936517863,2496006,0
187.942,13,187939049869,2496006,0
187.944,18,187941581875,2469000,1
187.944,13,187941581875,2469000,1
187.947,9,187944057875,2496006,0
187.949,8,187946598881,2469000,1
187.949,14,187946598881,2469000,1
187.952,22,187949378887,2469000,1
187.952,12,187949378887,2469000,1
187.954,5,187951845887,2496006,0
187.957,15,187954368893,2496006,0
187.959,19,187956900899,2469000,1
187.959,21,187956900899,2469000,1
187.962,8,187959376899,2496006,0
187.964,15,187961926905,2496006,0
187.967,11,187964449911,2496006,0
187.969,9,187966972917,2496006,0
187.972,5,187969495923,2469000,1
187.972,9,187969495923,2469000,1
187.974,13,187971962923,2469000,1
187.977,15,187974429923,2496006,0
187.979,4,187976952929,2469000,1
187.979,15,187976952929,2469000,1
187.982,8,187979777935,2496006,0
187.985,11,187982309941,2469000,1
187.985,13,187982309941,2469000,1
187.987,9,187984785941,2496006,0
187.99,9,187987308947,2496006,0
187.992,18,187989840953,2496006,0
187.995,8,187992363959,2496006,0
187.997,9,187994931965,2496006,0
188,11,187997454971,2496006,0
188.002,18,187999995977,2496006,0
188.005,8,188002518983,2496006,0
188.008,18,188005041989,2496006,0
188.01,11,188007564995,2469000,1
188.01,3,188007564995,2469000,1
188.01,5,188007564995,2469000,1
188.01,15,188007564995,2469000,1
188.01,8,188007564995,2469000,1
188.01,18,188007564995,2469000,1
188.013,11,188010076995,2496006,0
188.015,9,188012600001,2496006,0
188.018,14,188015123007,2496006,0
188.023,21,188020178019,2496006,0
188.025,21,188022719025,2496006,0
188.028,14,188025251031,2496006,0
188.03,11,188027783037,2469000,1
188.03,4,188027783037,2469000,1
188.033,9,188030259037,2496006,0
188.035,21,188032791043,2496006,0
188.038,4,188035314049,2496006,0
188.04,8,188037855055,2469000,1
188.04,18,188037855055,2469000,1
188.043,18,188040324055,2496006,0
188.045,18,188042847061,2496006,0
188.048,14,188045370067,2496006,0
188.05,18,188047902073,2496006,0
188.053,21,188050425079,2469000,1
188.053,1,188050425079,2469000,1
188.053,13,188050425079,2469000,1
188.056,14,188053223085,2469000,1
188.056,11,188053223085,2469000,1
188.056,9,188053223085,2469000,1
188.058,18,188055699085,2496006,0
188.061,4,188058222091,2496006,0
188.063,9,188060745097,2469000,1
188.063,4,188060745097,2469000,1
188.066,18,188063248097,2469000,1
188.068,9,188065742097,2469000,1
188.068,4,188065742097,2469000,1
188.071,15,188068209097,2496006,0
188.073,11,188070732103,2469000,1
188.073,18,188070732103,2469000,1
188.076,21,188073253103,2496006,0
188.078,5,188075776109,2496006,0
188.081,8,188078317115,2496006,0
188.084,15,188081171121,2496006,0
188.086,15,188083694127,2496006,0
188.089,21,188086226133,2469000,1
188.089,14,188086226133,2469000,1
188.089,18,188086226133,2469000,1
188.091,9,188088693133,2496006,0
188.094,15,188091243139,2469000,1
188.094,8,188091243139,2469000,1
188.096,5,188093719139,2496006,0
188.099,20,188096251145,2496006,0
188.101,9,188098774151,2469000,1
188.101,12,188098774151,2469000,1
188.106,4,188103782157,2496006,0
188.109,22,188106314163,2496006,0
188.111,20,188108846169,2496006,0
188.114,22,188111387175,2469000,1
188.114,21,188111387175,2469000,1
188.116,4,188113854175,2469000,1
188.116,5,188113854175,2469000,1
188.119,20,188116321175,2496006,0
188.121,15,188118844181,2469000,1
188.121,8,188118844181,2469000,1
188.124,15,188121320181,2496006,0
188.126,6,188123861187,2469000,1
188.126,9,188123861187,2469000,1
188.129,15,188126328187,2496006,0
188.131,22,188128851193,2496006,0
188.134,22,188131419199,2469000,1
188.134,14,188131419199,2469000,1
188.134,20,188131419199,2469000,1
188.136,7,188133904199,2496006,0
188.139,4,188136427205,2469000,1
188.141,15,188138903205,2496006,0
188.144,11,188141426211,2496006,0
188.146,18,188143967217,2469000,1
188.146,5,188143967217,2469000,1
188.149,5,188146452217,2496006,0
188.151,16,188148993223,2496006,0
188.154,15,188151516229,2496006,0
188.157,7,188154361235,2496006,0
188.159,11,188156893241,2496006,0
188.162,4,188159416247,2469000,1
188.162,18,188159416247,2469000,1
188.164,8,188161892247,2496006,0
188.167,22,188164433253,2496006,0
188.169,20,188166956259,2469000,1
188.169,5,188166956259,2469000,1
188.172,13,188169432259,2496006,0
188.174,8,188171955265,2469000,1
188.174,16,188171955265,2469000,1
188.174,11,188171955265,2469000,1
188.177,7,188174422265,2469000,1
188.179,15,188176889265,2469000,1
188.179,16,188176889265,2469000,1
188.182,21,188179383265,2496006,0
188.184,15,188181915271,2496006,0
188.187,7,188184751277,2496006,0
188.19,21,188187283283,2469000,1
188.19,22,188187283283,2469000,1
188.192,14,188189750283,2496006,0
188.195,5,188192273289,2469000,1
188.195,13,188192273289,2469000,1
188.195,8,188192273289,2469000,1
188.197,15,188194758289,2496006,0
188.2,1,188197290295,2469000,1
188.2,9,188197290295,2469000,1
188.202,7,188199784295,2496006,0
188.205,14,188202316301,2496006,0
188.207,15,188204857307,2496006,0
188.21,11,188207398313,2496006,0
188.215,7,188212453325,2496006,0
188.217,7,188214976331,2496006,0
188.22,2,188217499337,2496006,0
188.222,22,188220022343,2469000,1
188.222,7,188220022343,2469000,1
188.225,14,188222489343,2469000,1
188.225,2,188222489343,2469000,1
188.227,21,188224965343,2496006,0
188.23,15,188227497349,2469000,1
188.23,13,188227497349,2469000,1
188.232,16,188229964349,2496006,0
188.235,11,188232487355,2496006,0
188.237,21,188235019361,2469000,1
188.237,16,188235019361,2469000,1
188.24,11,188237504361,2469000,1
188.24,3,188237504361,2469000,1
188.242,7,188239980361,2496006,0
188.245,20,188242512367,2496006,0
188.248,14,188245053373,2496006,0
188.25,7,188247576379,2496006,0
188.253,7,188250099385,2496006,0
188.255,10,188252622391,2469000,1
188.255,5,188252622391,2469000,1
188.258,15,188255089391,2469000,1
188.258,13,188255089391,2469000,1
188.26,8,188257869397,2496006,0
188.263,19,188260392403,2496006,0
188.265,20,188262915409,2496006,0
188.268,11,188265447415,2496006,0
188.27,2,188267988421,2496006,0
188.273,14,188270529427,2496006,0
188.276,7,188273061433,2496006,0
188.278,2,188275593439,2469000,1
188.278,11,188275593439,2469000,1
188.281,14,188278060439,2469000,1
188.281,20,188278060439,2469000,1
188.281,21,188278060439,2469000,1
188.281,19,188278060439,2469000,1
188.283,16,188280527439,2469000,1
188.283,8,188280527439,2469000,1
188.285,7,188283003439,2496006,0
188.288,2,188285866445,2496006,0
188.291,22,188288398451,2496006,0
188.293,2,188290939457,2496006,0
188.296,2,188293471463,2496006,0
188.298,22,188295994469,2496006,0
188.301,7,188298526475,2496006,0
188.306,7,188303572487,2496006,0
188.309,22,188306095493,2469000,1
188.309,9,188306095493,2469000,1
188.309,8,188306095493,2469000,1
188.311,19,188308571493,2496006,0
188.314,2,188311094499,2469000,1
188.314,15,188311094499,2469000,1
188.314,11,188311094499,2469000,1
188.314,20,188311094499,2469000,1
188.316,19,188313561499,2496006,0
188.319,7,188316093505,2469000,1
188.319,16,188316093505,2469000,1
188.321,21,188318560505,2496006,0
188.324,7,188321092511,2496006,0
188.326,23,188323615517,2469000,1
188.326,14,188323615517,2469000,1
188.326,2,188323615517,2469000,1
188.329,4,188326082517,2496006,0
188.331,21,188328605523,2469000,1
188.331,11,188328605523,2469000,1
188.334,12,188331081523,2496006,0
188.336,8,188333604529,2469000,1
188.336,20,188333604529,2469000,1
188.339,12,188336080529,2496006,0
188.341,4,188338612535,2496006,0
188.344,19,188341135541,2496006,0
188.346,19,188343658547,2496006,0
188.349,4,188346181553,2496006,0
188.351,22,188348713559,2469000,1
188.351,7,188348713559,2469000,1
188.351,23,188348713559,2469000,1
188.354,21,188351180559,2496006,0
188.356,2,188353703565,2496006,0
188.359,19,188356235571,2496006,0
188.362,12,188359071577,2496006,0
188.364,7,188361603583,2496006,0
188.369,4,188366649595,2496006,0
188.372,12,188369181601,2496006,0
188.374,4,188371722607,2469000,1
188.374,19,188371722607,2469000,1
188.377,7,188374189607,2469000,1
188.377,21,188374189607,2469000,1
188.379,2,188376674607,2496006,0
188.382,12,188379215613,2496006,0
188.384,19,188381756619,2496006,0
188.387,23,188384279625,2469000,1
188.387,12,188384279625,2469000,1
188.389,4,188386764625,2496006,0
188.392,14,188389600631,2496006,0
188.395,2,188392123637,2469000,1
188.395,8,188392123637,2469000,1
188.397,5,188394590637,2469000,1
188.397,13,188394590637,2469000,1
188.397,12,188394590637,2469000,1
188.4,19,188397102637,2469000,1
188.4,14,188397102637,2469000,1
188.402,21,188399614637,2469000,1
188.402,4,188399614637,2469000,1
188.402,14,188399614637,2469000,1
188.405,15,188402090637,2496006,0
188.407,7,188404622643,2496006,0
188.41,15,188407190649,2469000,1
188.412,22,188409675649,2469000,1
188.412,4,188409675649,2469000,1
188.415,7,188412151649,2496006,0
188.417,2,188414701655,2496006,0
188.42,19,188417224661,2496006,0
188.422,12,188419765667,2496006,0
188.425,7,188422288673,2469000,1
188.425,19,188422288673,2469000,1
188.427,23,188424773673,2496006,0
188.43,2,188427296679,2469000,1
188.43,23,188427296679,2469000,1
188.432,23,188429772679,2496006,0
188.435,15,188432295685,2496006,0
188.437,16,188434818691,2469000,1
188.437,12,188434818691,2469000,1
188.44,8,188437294691,2496006,0
188.442,15,188439826697,2496006,0
188.445,15,188442358703,2496006,0
188.447,2,188444881709,2496006,0
188.45,23,188447404715,2496006,0
188.452,16,188449927721,2496006,0
188.455,20,188452459727,2469000,1
188.457,16,188454935727,2496006,0
188.46,15,188457467733,2469000,1
188.46,8,188457467733,2469000,1
188.462,4,188459934733,2469000,1
188.462,16,188459934733,2469000,1
188.465,7,188462723739,2496006,0
188.468,23,188465246745,2469000,1
188.468,2,188465246745,2469000,1
188.47,19,188467713745,2496006,0
188.473,23,188470245751,2496006,0
188.475,7,188472777757,2469000,1
188.475,14,188472777757,2469000,1
188.475,15,188472777757,2469000,1
188.478,11,188475262757,2469000,1
188.478,12,188475262757,2469000,1
188.48,19,188477729757,2496006,0
188.483,21,188480270763,2496006,0
188.485,23,188482802769,2496006,0
188.488,19,188485343775,2496006,0
188.49,4,188487875781,2496006,0
188.493,12,188490729787,2496006,0
188.496,2,188493252793,2496006,0
188.498,19,188495775799,2469000,1
188.498,23,188495775799,2469000,1
188.501,16,188498242799,2496006,0
188.503,8,188500765805,2469000,1
188.506,12,188503241805,2469000,1
188.506,22,188503241805,2469000,1
188.506,21,188503241805,2469000,1
188.508,4,188505708805,2469000,1
188.511,7,188508193805,2496006,0
188.513,2,188510725811,2469000,1
188.513,16,188510725811,2469000,1
188.518,21,188515733817,2496006,0
188.521,19,188518292823,2496006,0
188.523,19,188520815829,2496006,0
188.526,7,188523338835,2496006,0
188.528,19,188525861841,2496006,0
188.531,12,188528384847,2496006,0
188.533,19,188530907853,2496006,0
188.536,21,188533430859,2469000,1
188.536,23,188533430859,2469000,1
188.538,2,188535915859,2496006,0
188.541,12,188538456865,2469000,1
188.541,4,188538456865,2469000,1
188.543,21,188540941865,2496006,0
188.546,7,188543482871,2469000,1
188.546,19,188543482871,2469000,1
188.548,16,188545958871,2496006,0
188.551,2,188548481877,2496006,0
188.554,2,188551004883,2496006,0
188.556,15,188553536889,2496006,0
188.559,21,188556059895,2496006,0
188.564,15,188561150907,2496006,0
188.566,21,188563986913,2469000,1
188.566,12,188563986913,2469000,1
188.569,7,188566453913,2469000,1
188.569,16,188566453913,2469000,1
188.571,2,188568920913,2469000,1
188.571,15,188568920913,2469000,1
188.574,22,188571405913,2469000,1
188.574,16,188571405913,2469000,1
188.574,15,188571405913,2469000,1
188.576,21,188573881913,2496006,0
188.579,8,188576404919,2469000,1
188.579,19,188576404919,2469000,1
188.581,7,188578871919,2496006,0
188.584,16,188581394925,2469000,1
188.584,21,188581394925,2469000,1
188.586,17,188583879925,2496006,0
188.589,7,188586429931,2469000,1
188.589,17,188586429931,2469000,1
188.591,12,188588896931,2496006,0
188.594,4,188591419937,2469000,1
188.594,2,188591419937,2469000,1
188.597,23,188594226943,2469000,1
188.597,21,188594226943,2469000,1
188.599,5,188596693943,2496006,0
188.602,21,188599216949,2496006,0
188.604,12,188601748955,2496006,0
188.607,5,188604280961,2496006,0
188.609,21,188606803967,2469000,1
188.609,5,188606803967,2469000,1
188.614,14,188611829973,2496006,0
188.617,17,188614352979,2469000,1
188.617,5,188614352979,2469000,1
188.619,12,188616828979,2496006,0
188.622,21,188619351985,2496006,0
188.624,17,188621874991,2496006,0
188.627,21,188624397997,2496006,0
188.629,21,188626921003,2496006,0
188.632,8,188629444009,2496006,0
188.634,21,188631994015,2469000,1
188.634,7,188631994015,2469000,1
188.637,9,188634461015,2469000,1
188.637,14,188634461015,2469000,1
188.639,12,188636937015,2469000,1
188.639,23,188636937015,2469000,1
188.642,12,188639406015,2496006,0
188.644,21,188641929021,2496006,0
188.647,16,188644452027,2469000,1
188.647,17,188644452027,2469000,1
188.649,19,188646937027,2469000,1
188.649,21,188646937027,2469000,1
188.652,8,188649413027,2469000,1
188.652,14,188649413027,2469000,1
188.654,7,188651889027,2496006,0
188.657,15,188654421033,2469000,1
188.657,8,188654421033,2469000,1
188.659,7,188656888033,2496006,0
188.662,12,188659429039,2496006,0
188.667,16,188664511051,2496006,0
188.67,18,188667347057,2496006,0
188.672,12,188669870063,2469000,1
188.672,18,188669870063,2469000,1
188.675,12,188672339063,2496006,0
188.677,12,188674871069,2496006,0
188.68,21,188677394075,2469000,1
188.68,12,188677394075,2469000,1
188.682,7,188679861075,2496006,0
188.685,17,188682384081,2496006,0
188.687,7,188684907087,2496006,0
188.69,2,188687430093,2469000,1
188.69,5,188687430093,2469000,1
188.692,19,188689897093,2496006,0
188.695,14,188692420099,2496006,0
188.698,18,188695274105,2496006,0
188.7,16,188697797111,2496006,0
188.703,18,188700338117,2496006,0
188.705,18,188702879123,2496006,0
188.708,19,188705402129,2469000,1
188.708,17,188705402129,2469000,1
188.708,7,188705402129,2469000,1
188.708,2,188705402129,2469000,1
188.71,14,188707878129,2496006,0
188.713,16,188710401135,2469000,1
188.713,18,188710401135,2469000,1
188.715,3,188712895135,2469000,1
188.715,21,188712895135,2469000,1
188.715,7,188712895135,2469000,1
188.718,2,188715380135,2496006,0
188.72,12,188717903141,2469000,1
188.72,17,188717903141,2469000,1
188.723,4,188720370141,2496006,0
188.725,14,188722893147,2496006,0
188.728,16,188725425153,2496006,0
188.73,13,188727948159,2469000,1
188.73,17,188727948159,2469000,1
188.733,2,188730415159,2496006,0
188.735,2,188732983165,2469000,1
188.735,16,188732983165,2469000,1
188.738,14,188735450165,2496006,0
188.74,8,188737973171,2496006,0
188.743,7,188740505177,2496006,0
188.745,4,188743028183,2469000,1
188.745,2,188743028183,2469000,1
188.748,11,188745495183,2469000,1
188.748,19,188745495183,2469000,1
188.75,16,188747962183,2496006,0
188.753,14,188750503189,2496006,0
188.755,18,188753026195,2469000,1
188.755,19,188753026195,2469000,1
188.758,18,188755495195,2496006,0
188.761,15,188758018201,2496006,0
188.763,7,188760541207,2469000,1
188.763,4,188760541207,2469000,1
188.766,8,188763008207,2496006,0
188.768,16,188765549213,2496006,0
188.771,14,188768394219,2496006,0
188.773,16,188770935225,2496006,0
188.776,8,188773458231,2469000,1
188.776,15,188773458231,2469000,1
188.776,14,188773458231,2469000,1
188.778,21,188775925231,2469000,1
188.778,18,188775925231,2469000,1
188.778,16,188775925231,2469000,1
188.783,8,188780942237,2469000,1
188.783,14,188780942237,2469000,1
188.786,20,188783409237,2496006,0
188.788,16,188785950243,2496006,0
188.791,7,188788500249,2496006,0
188.794,22,188791032255,2496006,0
188.796,8,188793564261,2469000,1
188.796,7,188793564261,2469000,1
188.799,20,188796031261,2469000,1
188.799,12,188796031261,2469000,1
188.801,18,188798820267,2496006,0
188.804,16,188801343273,2469000,1
188.804,15,188801343273,2469000,1
188.806,22,188803810273,2469000,1
188.806,18,188803810273,2469000,1
188.809,4,188806313273,2496006,0
188.811,4,188808890279,2496006,0
188.814,8,188811422285,2496006,0
188.816,2,188813945291,2496006,0
188.819,7,188816468297,2496006,0
188.821,2,188819018303,2469000,1
188.821,16,188819018303,2469000,1
188.824,20,188821485303,2496006,0
188.829,5,188826549315,2496006,0
188.832,4,188829081321,2469000,1
188.832,7,188829081321,2469000,1
188.832,2,188829081321,2469000,1
188.834,17,188831548321,2469000,1
188.834,8,188831548321,2469000,1
188.836,22,188834015321,2469000,1
188.836,18,188834015321,2469000,1
188.839,20,188836491321,2469000,1
188.839,4,188836491321,2469000,1
188.841,20,188838967321,2496006,0
188.844,15,188841517327,2469000,1
188.844,5,188841517327,2469000,1
188.846,20,188844002327,2496006,0
188.849,14,188846534333,2496006,0
188.852,14,188849111339,2469000,1
188.852,20,188849111339,2469000,1
188.854,15,188851587339,2496006,0
188.857,8,188854128345,2496006,0
188.859,15,188856651351,2496006,0
188.862,18,188859174357,2496006,0
188.864,20,188861697363,2496006,0
188.867,10,188864220369,2469000,1
188.869,7,188866687369,2496006,0
188.872,16,188869219375,2496006,0
188.875,15,188872064381,2469000,1
188.875,5,188872064381,2469000,1
188.877,8,188874531381,2496006,0
188.88,18,188877054387,2496006,0
188.882,14,188879577393,2469000,1
188.882,18,188879577393,2469000,1
188.885,7,188882044393,2469000,1
188.885,20,188882044393,2469000,1
188.887,13,188884529393,2496006,0
188.89,8,188887079399,2496006,0
188.892,16,188889611405,2496006,0
188.895,15,188892134411,2496006,0
188.897,8,188894657417,2496006,0
188.9,13,188897180423,2469000,1
188.9,5,188897180423,2469000,1
188.902,16,188899969429,2469000,1
188.902,19,188899969429,2469000,1
188.902,14,188899969429,2469000,1
188.905,22,188902454429,2496006,0
188.907,15,188904986435,2496006,0
188.91,12,188907509441,2469000,1
188.91,4,188907509441,2469000,1
188.915,18,188912508447,2469000,1
188.915,8,188912508447,2469000,1
188.917,2,188914975447,2469000,1
188.917,16,188914975447,2469000,1
188.92,3,188917451447,2496006,0
188.922,22,188919974453,2496006,0
188.925,20,188922497459,2469000,1
188.925,8,188922497459,2469000,1
188.927,22,188924964459,2496006,0
188.93,7,188927496465,2496006,0
188.932,13,188930019471,2469000,1
188.932,18,188930019471,2469000,1
188.932,16,188930019471,2469000,1
188.935,3,188932486471,2496006,0
188.938,7,188935009477,2496006,0
188.94,15,188937532483,2496006,0
188.943,23,188940055489,2496006,0
188.945,23,188942605495,2496006,0
188.948,15,188945128501,2496006,0
188.95,14,188947660507,2496006,0
188.953,22,188950183513,2496006,0
188.955,5,188952706519,2496006,0
188.958,3,188955229525,2496006,0
188.96,18,188957752531,2469000,1
188.96,14,188957752531,2469000,1
188.963,12,188960228531,2469000,1
188.963,7,188960228531,2469000,1
188.965,5,188962695531,2469000,1
188.965,22,188962695531,2469000,1
188.965,13,188962695531,2469000,1
188.968,15,188965171531,2469000,1
188.968,5,188965171531,2469000,1
188.97,23,188967638531,2496006,0
188.973,7,188970161537,2496006,0
188.978,3,188975538549,2496006,0
188.981,7,188978070555,2496006,0
188.983,22,188980602561,2496006,0
188.986,3,188983152567,2469000,1
188.986,23,188983152567,2469000,1
188.988,4,188985628567,2496006,0
188.991,14,188988169573,2496006,0
188.993,14,188990701579,2496006,0
188.996,21,188993224585,2469000,1
188.996,20,188993224585,2469000,1
188.998,13,188995700585,2469000,1
188.998,7,188995700585,2469000,1
188.998,22,188995700585,2469000,1
189.001,8,188998176585,2469000,1
189.001,15,188998176585,2469000,1
189.003,4,189000688585,2496006,0
189.006,14,189003524591,2496006,0
189.009,7,189006047597,2496006,0
189.011,23,189008579603,2496006,0
189.014,4,189011120609,2496006,0
189.016,23,189013643615,2496006,0
189.019,7,189016193621,2496006,0
189.021,3,189018716627,2496006,0
189.024,4,189021248633,2496006,0
189.026,14,189023771639,2496006,0
189.031,8,189028817651,2496006,0
189.034,23,189031340657,2496006,0
189.036,7,189033863663,2496006,0
189.039,5,189036386669,2496006,0
189.041,8,189038918675,2469000,1
189.041,22,189038918675,2469000,1
189.041,7,189038918675,2469000,1
189.044,3,189041394675,2469000,1
189.044,6,189041394675,2469000,1
189.044,2,189041394675,2469000,1
189.046,5,189043861675,2496006,0
189.049,23,189046384681,2469000,1
189.049,14,189046384681,2469000,1
189.051,4,189048860681,2496006,0
189.054,7,189051383687,2496006,0
189.056,8,189053906693,2496006,0
189.059,8,189056429699,2496006,0
189.061,5,189058979705,2496006,0
189.064,14,189061502711,2496006,0
189.067,3,189064034717,2496006,0
189.069,8,189066557723,2469000,1
189.069,6,189066557723,2469000,1
189.069,23,189066557723,2469000,1
189.072,20,189069033723,2496006,0
189.074,7,189071556729,2496006,0
189.077,5,189074079735,2469000,1
189.077,4,189074079735,2469000,1
189.079,7,189076859741,2496006,0
189.082,20,189079391747,2469000,1
189.082,16,189079391747,2469000,1
189.082,3,189079391747,2469000,1
189.084,15,189081867747,2496006,0
189.087,5,189084390753,2496006,0
189.089,5,189086913759,2496006,0
189.092,14,189089436765,2496006,0
189.094,15,189091968771,2496006,0
189.097,5,189094491777,2496006,0
189.102,8,189099546789,2496006,0
189.105,20,189102069795,2496006,0
189.107,7,189104905801,2496006,0
189.11,5,189107455807,2496006,0
189.112,6,189109987813,2496006,0
189.115,8,189112510819,2469000,1
189.115,14,189112510819,2469000,1
189.117,7,189114977819,2469000,1
189.117,15,189114977819,2469000,1
189.117,20,189114977819,2469000,1
189.12,4,189117453819,2469000,1
189.12,7,189117453819,2469000,1
189.122,15,189119938819,2496006,0
189.125,22,189122461825,2469000,1
189.125,3,189122461825,2469000,1
189.127,5,189124928825,2496006,0
189.13,20,189127460831,2496006,0
189.132,5,189129992837,2496006,0
189.135,6,189132515843,2496006,0
189.138,23,189135047849,2496006,0
189.14,5,189137588855,2469000,1
189.14,14,189137588855,2469000,1
189.14,15,189137588855,2469000,1
189.143,23,189140082855,2469000,1
189.143,11,189140082855,2469000,1
189.145,6,189142549855,2469000,1
189.145,20,189142549855,2469000,1
189.145,5,189142549855,2469000,1
189.148,23,189145043855,2496006,0
189.15,4,189147566861,2496006,0
189.153,8,189150098867,2496006,0
189.155,23,189152630873,2469000,1
189.155,6,189152630873,2469000,1
189.155,4,189152630873,2469000,1
189.158,8,189155097873,2496006,0
189.16,17,189157629879,2469000,1
189.16,20,189157629879,2469000,1
189.163,15,189160114879,2469000,1
189.165,8,189162590879,2496006,0
189.168,20,189165212885,2496006,0
189.17,6,189167735891,2496006,0
189.173,8,189170258897,2496006,0
189.175,6,189172808903,2469000,1
189.175,8,189172808903,2469000,1
189.178,4,189175275903,2496006,0
189.181,23,189178147909,2496006,0
189.183,7,189180679915,2469000,1
189.183,5,189180679915,2469000,1
189.186,20,189183155915,2496006,0
189.188,3,189185678921,2469000,1
189.188,20,189185678921,2469000,1
189.191,4,189188190921,2496006,0
189.193,5,189190722927,2496006,0
189.196,14,189193245933,2496006,0
189.198,14,189195768939,2496006,0
189.201,23,189198291945,2496006,0
189.203,8,189200823951,2496006,0
189.208,4,189205887963,2496006,0
189.211,8,189208732969,2496006,0
189.214,14,189211255975,2469000,1
189.214,5,189211255975,2469000,1
189.214,6,189211255975,2469000,1
189.214,7,189211255975,2469000,1
189.216,20,189213722975,2496006,0
189.219,15,189216245981,2496006,0
189.221,20,189218777987,2496006,0
189.224,4,189221300993,2469000,1
189.224,14,189221300993,2469000,1
189.224,15,189221300993,2469000,1
189.226,23,189223767993,2496006,0
189.229,20,189226290999,2496006,0
189.231,18,189228832005,2469000,1
189.231,23,189228832005,2469000,1
189.234,13,189231299005,2496006,0
189.236,19,189233831011,2469000,1
189.236,8,189233831011,2469000,1
189.239,20,189236307011,2496006,0
189.241,23,189238848017,2496006,0
189.244,1,189241380023,2496006,0
189.246,18,189243903029,2496006,0
189.249,23,189246426035,2496006,0
189.251,23,189248949041,2496006,0
189.254,13,189251472047,2469000,1
189.254,1,189251472047,2469000,1
189.256,20,189253939047,2496006,0
189.259,18,189256471053,2469000,1
189.259,20,189256471053,2469000,1
189.261,18,189258947053,2496006,0
189.264,6,189261470059,2496006,0
189.266,5,189264002065,2496006,0
189.269,1,189266525071,2496006,0
189.272,4,189269048077,2469000,1
189.272,8,189269048077,2469000,1
189.272,13,189269048077,2469000,1
189.274,22,189271524077,2496006,0
189.277,15,189274047083,2469000,1
189.277,23,189274047083,2469000,1
189.279,4,189276523083,2469000,1
189.279,15,189276523083,2469000,1
189.281,3,189278999083,2496006,0
189.284,6,189281835089,2469000,1
189.284,20,189281835089,2469000,1
189.284,18,189281835089,2469000,1
189.287,23,189284311089,2469000,1
189.287,18,189284311089,2469000,1
189.289,1,189286778089,2469000,1
189.289,13,189286778089,2469000,1
189.289,22,189286778089,2469000,1
189.292,5,189289254089,2496006,0
189.294,1,189291795095,2496006,0
189.297,3,189294318101,2496006,0
189.299,14,189296841107,2496006,0
189.302,2,189299373113,2469000,1
189.302,14,189299373113,2469000,1
189.304,9,189301840113,2469000,1
189.304,14,189301842113,2469000,1
189.307,3,189304354113,2469000,1
189.307,1,189304354113,2469000,1
189.309,5,189306821113,2496006,0
189.315,6,189312261125,2496006,0
189.317,1,189314802131,2469000,1
189.317,5,189314802131,2469000,1
189.317,6,189314802131,2469000,1
189.32,16,189317269131,2469000,1
189.32,22,189317269131,2469000,1
189.322,7,189319736131,2496006,0
189.325,6,189322259137,2469000,1
189.325,7,189322259137,2469000,1
189.327,5,189324762137,2496006,0
189.33,8,189327294143,2496006,0
189.332,3,189329817149,2469000,1
189.332,8,189329817149,2469000,1
189.335,23,189332284149,2496006,0
189.337,14,189334843155,2496006,0
189.34,5,189337366161,2469000,1
189.34,20,189337366161,2469000,1
189.342,18,189339833161,2496006,0
189.345,7,189342365167,2496006,0
189.347,7,189344906173,2496006,0
189.35,23,189347438179,2496006,0
189.352,18,189349970185,2469000,1
189.352,14,189349970185,2469000,1
189.357,7,189354960191,2496006,0
189.36,8,189357483197,2496006,0
189.363,3,189360015203,2496006,0
189.365,7,189362556209,2496006,0
189.368,15,189365097215,2469000,1
189.368,23,189365097215,2469000,1
189.37,3,189367591215,2496006,0
189.373,3,189370114221,2496006,0
189.375,3,189372637227,2496006,0
189.378,5,189375169233,2469000,1
189.378,8,189375169233,2469000,1
189.38,14,189377636233,2496006,0
189.383,6,189380159239,2496006,0
189.386,6,189383004245,2496006,0
189.388,7,189385527251,2496006,0
189.391,6,189388050257,2496006,0
189.393,3,189390582263,2496006,0
189.396,8,189393114269,2496006,0
189.398,18,189395637275,2496006,0
189.401,1,189398160281,2496006,0
189.403,23,189400683287,2496006,0
189.406,22,189403206293,2469000,1
189.406,14,189403206293,2469000,1
189.406,8,189403206293,2469000,1
189.408,21,189405673293,2469000,1
189.411,14,189408140293,2496006,0
189.413,1,189410663299,2469000,1
189.413,6,189410663299,2469000,1
189.413,7,189410663299,2469000,1
189.416,14,189413443305,2496006,0
189.418,18,189415984311,2469000,1
189.418,23,189415984311,2469000,1
189.418,14,189415984311,2469000,1
189.421,1,189418451311,2496006,0
189.423,4,189420974317,2496006,0
189.426,3,189423497323,2496006,0
189.429,23,189426029329,2496006,0
189.431,23,189428552335,2496006,0
189.434,4,189431093341,2469000,1
189.434,1,189431093341,2469000,1
189.434,7,189431093341,2469000,1
189.436,1,189433569341,2496006,0
189.439,1,189436092347,2496006,0
189.441,17,189438615353,2496006,0
189.444,11,189441138359,2496006,0
189.446,3,189443661365,2496006,0
189.449,14,189446193371,2496006,0
189.451,11,189448716377,2496006,0
189.454,13,189451239383,2469000,1
189.454,18,189451239383,2469000,1
189.456,18,189453715383,2496006,0
189.459,23,189456238389,2469000,1
189.459,18,189456238389,2469000,1
189.461,1,189458705389,2496006,0
189.464,17,189461228395,2496006,0
189.466,8,189463751401,2496006,0
189.469,8,189466274407,2496006,0
189.471,9,189468797413,2469000,1
189.471,6,189468797413,2469000,1
189.474,17,189471273413,2469000,1
189.474,6,189471273413,2469000,1
189.476,3,189473740413,2496006,0
189.479,14,189476263419,2496006,0
189.481,4,189478795425,2469000,1
189.481,11,189478795425,2469000,1
189.481,3,189478795425,2469000,1
189.484,1,189481262425,2496006,0
189.486,7,189483785431,2496006,0
189.489,11,189486621437,2496006,0
189.492,1,189489162443,2469000,1
189.492,5,189489162443,2469000,1
189.494,18,189491629443,2496006,0
189.497,8,189494152449,2496006,0
189.499,18,189496675455,2496006,0
189.502,11,189499207461,2496006,0
189.504,6,189501730467,2469000,1
189.504,14,189501730467,2469000,1
189.504,18,189501730467,2469000,1
189.507,3,189504197467,2469000,1
189.507,1,189504197467,2469000,1
189.509,8,189506664467,2469000,1
189.509,7,189506664467,2469000,1
189.512,18,189509131467,2496006,0
189.514,5,189511681473,2496006,0
189.517,23,189514526479,2469000,1
189.517,5,189514526479,2469000,1
189.519,18,189517020479,2469000,1
189.519,11,189517020479,2469000,1
189.522,17,189519487479,2496006,0
189.525,1,189522019485,2496006,0
189.527,4,189524560491,2469000,1
189.527,7,189524560491,2469000,1
189.527,5,189524560491,2469000,1
189.529,12,189527027491,2469000,1
189.529,18,189527027491,2469000,1
189.532,1,189529494491,2469000,1
189.532,8,189529494491,2469000,1
189.534,23,189531970491,2496006,0
189.537,15,189534520497,2496006,0
189.54,20,189537043503,2469000,1
189.54,17,189537043503,2469000,1
189.542,14,189539510503,2469000,1
189.542,7,189539510503,2469000,1
189.542,1,189539510503,2469000,1
189.544,22,189541977503,2496006,0
189.547,22,189544536509,2469000,1
189.547,23,189544536509,2469000,1
189.547,11,189544536509,2469000,1
189.552,23,189549562515,2496006,0
189.555,15,189552094521,2496006,0
189.557,3,189554626527,2469000,1
189.557,15,189554626527,2469000,1
189.56,17,189557093527,2496006,0
189.562,17,189559616533,2496006,0
189.565,23,189562193539,2469000,1
189.565,15,189562193539,2469000,1
189.567,17,189564696539,2469000,1
189.567,15,189564696539,2469000,1
189.57,22,189567163539,2496006,0
189.572,19,189569695545,2496006,0
189.575,23,189572236551,2496006,0
189.577,1,189574759557,2496006,0
189.58,23,189577282563,2496006,0
189.582,22,189579805569,2469000,1
189.582,1,189579805569,2469000,1
189.585,7,189582272569,2496006,0
189.587,23,189584795575,2496006,0
189.59,17,189587631581,2496006,0
189.593,5,189590154587,2469000,1
189.593,7,189590154587,2469000,1
189.595,19,189592621587,2496006,0
189.598,8,189595144593,2496006,0
189.6,14,189597667599,2496006,0
189.603,23,189600199605,2469000,1
189.603,22,189600199605,2469000,1
189.605,11,189602666605,2496006,0
189.608,8,189605189611,2469000,1
189.608,7,189605189611,2469000,1
189.61,14,189607656611,2496006,0
189.613,7,189610188617,2496006,0
189.615,18,189612720623,2469000,1
189.615,7,189612720623,2469000,1
189.618,19,189615187623,2469000,1
189.618,23,189615187623,2469000,1
189.62,17,189617967629,2496006,0
189.623,17,189620490635,2469000,1
189.625,11,189622984635,2496006,0
189.628,1,189625507641,2496006,0
189.63,7,189628030647,2469000,1
189.63,11,189628030647,2469000,1
189.633,14,189630515647,2469000,1
189.633,11,189630515647,2469000,1
189.635,22,189632991647,2469000,1
189.635,19,189632991647,2469000,1
189.635,14,189632991647,2469000,1
189.638,17,189635458647,2496006,0
189.64,1,189637981653,2496006,0
189.643,13,189640513659,2469000,1
189.643,8,189640513659,2469000,1
189.643,1,189640513659,2469000,1
189.646,16,189643043659,2496006,0
189.648,7,189645566665,2496006,0
189.651,23,189648089671,2496006,0
189.653,4,189650612677,2496006,0
189.656,16,189653135683,2496006,0
189.658,17,189655658689,2496006,0
189.661,15,189658181695,2469000,1
189.661,23,189658181695,2469000,1
189.663,4,189660675695,2496006,0
189.666,4,189663216701,2496006,0
189.668,7,189665748707,2469000,1
189.668,17,189665748707,2469000,1
189.671,4,189668224707,2496006,0
189.673,16,189670747713,2469000,1
189.673,23,189670747713,2469000,1
189.676,4,189673214713,2496006,0
189.678,1,189675737719,2496006,0
189.681,7,189678269725,2496006,0
189.683,4,189680792731,2496006,0
189.686,16,189683342737,2496006,0
189.688,7,189685865743,2469000,1
189.688,3,189685865743,2469000,1
189.691,4,189688332743,2496006,0
189.694,1,189691195749,2496006,0
189.696,7,189693727755,2496006,0
189.699,19,189696259761,2469000,1
189.699,17,189696259761,2469000,1
189.701,4,189698753761,2496006,0
189.704,8,189701285767,2469000,1
189.704,16,189701285767,2469000,1
189.706,11,189703752767,2469000,1
189.706,7,189703752767,2469000,1
189.709,1,189706228767,2496006,0
189.711,14,189708760773,2469000,1
189.711,7,189708760773,2469000,1
189.714,18,189711227773,2469000,1
189.714,1,189711227773,2469000,1
189.716,4,189713730773,2496006,0
189.719,7,189716253779,2496006,0
189.722,17,189719089785,2496006,0
189.724,23,189721612791,2496006,0
189.727,8,189724153797,2496006,0
189.729,16,189726676803,2496006,0
189.732,5,189729199809,2496006,0
189.734,17,189731722815,2496006,0
189.737,8,189734245821,2469000,1
189.737,17,189734245821,2469000,1
189.739,23,189736721821,2496006,0
189.742,7,189739253827,2469000,1
189.742,8,189739253827,2469000,1
189.744,4,189741720827,2496006,0
189.747,22,189744243833,2496006,0
189.749,23,189746766839,2469000,1
189.749,22,189746766839,2469000,1
189.752,16,189749242839,2469000,1
189.752,1,189749242839,2469000,1
189.757,22,189754232845,2496006,0
189.759,7,189756755851,2496006,0
189.762,5,189759287857,2469000,1
189.762,7,189759287857,2469000,1
189.764,22,189761763857,2496006,0
189.767,20,189764286863,2496006,0
189.769,15,189766809869,2496006,0
189.772,17,189769332875,2469000,1
189.772,4,189769332875,2469000,1
189.774,11,189771808875,2496006,0
189.777,22,189774331881,2496006,0
189.779,23,189776872887,2496006,0
189.782,23,189779395893,2496006,0
189.784,15,189781918899,2496006,0
189.787,4,189784441905,2496006,0
189.789,16,189786964911,2496006,0
189.792,22,189789487917,2496006,0
189.795,20,189792332923,2496006,0
189.797,15,189794855929,2496006,0
189.8,4,189797378935,2469000,1
189.8,5,189797378935,2469000,1
189.802,11,189799854935,2496006,0
189.805,20,189802377941,2469000,1
189.805,22,189802377941,2469000,1
189.807,16,189804853941,2496006,0
189.81,1,189807376947,2469000,1
189.81,23,189807376947,2469000,1
189.812,14,189809852947,2469000,1
189.812,7,189809852947,2469000,1
189.815,11,189812319947,2469000,1
189.815,20,189812319947,2469000,1
189.817,15,189814786947,2496006,0
189.82,22,189817309953,2469000,1
189.82,23,189817309953,2469000,1
189.82,11,189817309953,2469000,1
189.822,4,189819794953,2496006,0
189.825,15,189822630959,2469000,1
189.825,7,189822630959,2469000,1
189.828,16,189825133959,2496006,0
189.83,7,189827656965,2496006,0
189.835,6,189832711977,2496006,0
189.838,4,189835234983,2496006,0
189.84,7,189837757989,2496006,0
189.843,4,189840298995,2496006,0
189.845,6,189842831001,2469000,1
189.845,16,189842831001,2469000,1
189.845,8,189842831001,2469000,1
189.845,22,189842831001,2469000,1
189.848,7,189845352001,2469000,1
189.848,17,189845352001,2469000,1
189.848,4,189845352001,2469000,1
189.85,15,189847819001,2496006,0
189.853,15,189850351007,2496006,0
189.855,16,189852874013,2469000,1
189.855,15,189852874013,2469000,1
189.858,6,189855350013,2496006,0
189.86,6,189857873019,2496006,0
189.863,5,189860405025,2496006,0
189.865,5,189862928031,2496006,0
189.868,13,189865487037,2496006,0
189.87,19,189868010043,2469000,1
189.87,20,189868010043,2469000,1
189.873,20,189870479043,2496006,0
189.875,6,189873002049,2496006,0
189.878,13,189875552055,2496006,0
189.881,20,189878075061,2496006,0
189.883,2,189880598067,2496006,0
189.886,5,189883130073,2469000,1
189.886,15,189883130073,2469000,1
189.888,6,189885597073,2496006,0
189.891,4,189888120079,2469000,1
189.891,2,189888120079,2469000,1
189.893,23,189890587079,2496006,0
189.896,20,189893119085,2496006,0
189.898,7,189895955091,2496006,0
189.901,6,189898487097,2496006,0
189.903,11,189901019103,2469000,1
189.903,16,189901019103,2469000,1
189.906,5,189903486103,2496006,0
189.908,13,189906009109,2469000,1
189.911,6,189908494109,2496006,0
189.913,7,189911017115,2469000,1
189.913,23,189911017115,2469000,1
189.916,20,189913484115,2496006,0
189.918,13,189916016121,2469000,1
189.918,6,189916016121,2469000,1
189.921,4,189918501121,2469000,1
189.921,5,189918501121,2469000,1
189.923,23,189920977121,2469000,1
189.923,5,189920977121,2469000,1
189.926,2,189923757127,2496006,0
189.929,22,189926289133,2469000,1
189.929,15,189926289133,2469000,1
189.931,4,189928756133,2496006,0
189.934,7,189931288139,2496006,0
189.936,2,189933811145,2469000,1
189.936,4,189933811145,2469000,1
189.939,20,189936278145,2496006,0
189.941,10,189938810151,2469000,1
189.941,16,189938810151,2469000,1
189.941,4,189938810151,2469000,1
189.944,1,189941277151,2496006,0
189.946,4,189943818157,2469000,1
189.946,1,189943818157,2469000,1
189.949,7,189946294157,2469000,1
189.949,2,189946294157,2469000,1
189.951,8,189948770157,2496006,0
189.954,6,189951302163,2496006,0
189.956,20,189953825169,2496006,0
189.959,8,189956357175,2496006,0
189.961,20,189958907181,2496006,0
189.964,4,189961430187,2469000,1
189.964,20,189961430187,2469000,1
189.966,14,189963897187,2496006,0
189.969,23,189966420193,2496006,0
189.971,3,189968961199,2496006,0
189.974,8,189971484205,2469000,1
189.974,6,189971484205,2469000,1
189.974,23,189971484205,2469000,1
189.976,14,189973951205,2496006,0
189.979,14,189976474211,2496006,0
189.981,7,189978997217,2496006,0
189.984,1,189981529223,2496006,0
189.989,14,189986575235,2496006,0
189.992,7,189989098241,2496006,0
189.994,6,189991630247,2496006,0
189.997,1,189994153253,2469000,1
189.997,18,189994153253,2469000,1
189.997,14,189994153253,2469000,1
189.999,7,189996933259,2496006,0
190.002,8,189999456265,2496006,0
190.004,20,190001979271,2496006,0
190.007,3,190004502277,2496006,0
190.01,7,190007025283,2496006,0
190.012,23,190009557289,2496006,0
190.015,5,190012080295,2496006,0
190.017,14,190014612301,2496006,0
190.02,7,190017144307,2469000,1
190.02,20,190017144307,2469000,1
190.022,13,190019611307,2469000,1
190.022,6,190019611307,2469000,1
190.025,14,190022078307,2496006,0
190.027,3,190024601313,2469000,1
190.027,1,190024601313,2469000,1
190.03,17,190027381319,2496006,0
190.032,8,190029913325,2496006,0
190.035,23,190032445331,2469000,1
190.035,13,190032445331,2469000,1
190.037,5,190034921331,2496006,0
190.04,14,190037453337,2469000,1
190.04,1,190037453337,2469000,1
190.042,6,190039920337,2496006,0
190.045,5,190042461343,2496006,0
190.047,7,190044984349,2469000,1
190.047,3,190044984349,2469000,1
190.05,8,190047451349,2496006,0
190.052,6,190049974355,2469000,1
190.052,2,190049974355,2469000,1
190.052,17,190049974355,2469000,1
190.055,7,190052441355,2496006,0
190.057,8,190054982361,2469000,1
190.057,5,190054982361,2469000,1
190.06,15,190057485361,2469000,1
190.06,23,190057485361,2469000,1
190.062,20,190059979361,2469000,1
190.062,7,190059979361,2469000,1
190.065,5,190062482361,2469000,1
190.067,8,190064958361,2496006,0
190.07,14,190067490367,2496006,0
190.073,6,190070022373,2496006,0
190.075,17,190072545379,2496006,0
190.078,3,190075086385,2469000,1
190.078,6,190075086385,2469000,1
190.08,17,190077571385,2469000,1
190.08,11,190077571385,2469000,1
190.083,8,190080038385,2496006,0
190.085,2,190082561391,2469000,1
190.085,8,190082561391,2469000,1
190.088,20,190085028391,2496006,0
190.09,14,190087560397,2496006,0
190.093,14,190090128403,2496006,0
190.095,6,190092651409,2496006,0
190.098,7,190095174415,2469000,1
190.098,8,190095174415,2469000,1
190.1,23,190097650415,2469000,1
190.1,5,190097650415,2469000,1
190.103,6,190100430421,2496006,0
190.105,20,190102971427,2496006,0
190.108,14,190105503433,2496006,0
190.11,7,190108026439,2469000,1
190.11,14,190108026439,2469000,1
190.113,1,190110493439,2496006,0
190.115,6,190113025445,2469000,1
190.115,1,190113025445,2469000,1
190.118,20,190115492445,2496006,0
190.121,17,190118024451,2496006,0
190.123,13,190120547457,2496006,0
190.126,6,190123070463,2496006,0
190.128,19,190125593469,2469000,1
190.128,1,190125593469,2469000,1
190.128,17,190125593469,2469000,1
190.131,17,190128373475,2496006,0
190.133,13,190130950481,2469000,1
190.133,20,190130950481,2469000,1
190.136,6,190133417481,2496006,0
190.141,14,190138463493,2496006,0
190.143,17,190140986499,2496006,0
190.146,8,190143509505,2496006,0
190.149,6,190146059511,2496006,0
190.151,8,190148582517,2496006,0
190.154,17,190151105523,2496006,0
190.156,8,190153628529,2496006,0
190.159,14,190156169535,2496006,0
190.161,13,190158692541,2496006,0
190.164,17,190161251547,2496006,0
190.166,22,190163774553,2469000,1
190.166,17,190163774553,2469000,1
190.169,6,190166241553,2496006,0
190.171,8,190168764559,2496006,0
190.174,20,190171287565,2469000,1
190.174,6,190171287565,2469000,1
190.176,8,190173772565,2496006,0
190.179,13,190176295571,2496006,0
190.181,14,190178818577,2469000,1
190.181,8,190178818577,2469000,1
190.184,5,190181285577,2469000,1
190.184,20,190181285577,2469000,1
190.186,6,190183752577,2496006,0
190.189,7,190186275583,2496006,0
190.191,6,190188807589,2496006,0
190.194,20,190191330595,2496006,0
190.196,6,190193871601,2496006,0
190.199,8,190196394607,2496006,0
190.201,8,190198917613,2496006,0
190.204,13,190201753619,2496006,0
190.207,1,190204276625,2496006,0
190.209,1,190206799631,2496006,0
190.212,7,190209331637,2496006,0
190.214,20,190211881643,2496006,0
190.217,13,190214413649,2496006,0
190.219,14,190216936655,2469000,1
190.219,6,190216936655,2469000,1
190.222,17,190219403655,2469000,1
190.222,8,190219403655,2469000,1
190.222,6,190219405655,2469000,1
190.224,15,190221881655,2496006,0
190.227,20,190224413661,2469000,1
190.227,1,190224413661,2469000,1
190.229,7,190226907661,2496006,0
190.232,20,190229439667,2469000,1
190.232,7,190229439667,2469000,1
190.235,16,190232237673,2469000,1
190.235,13,190232237673,2469000,1
190.237,15,190234713673,2496006,0
190.24,3,190237236679,2496006,0
190.242,17,190239759685,2496006,0
190.245,3,190242291691,2496006,0
190.247,3,190244814697,2496006,0
190.25,1,190247337703,2496006,0
190.252,3,190249869709,2496006,0
190.255,15,190252392715,2496006,0
190.257,17,190254924721,2496006,0
190.26,17,190257447727,2496006,0
190.262,8,190259970733,2469000,1
190.262,15,190259970733,2469000,1
190.265,3,190262437733,2496006,0
190.267,4,190264969739,2469000,1
190.267,6,190264969739,2469000,1
190.27,3,190267463739,2496006,0
190.272,1,190269995745,2496006,0
190.275,7,190272536751,2496006,0
190.278,15,190275059757,2496006,0
190.28,3,190277582763,2469000,1
190.28,14,190277582763,2469000,1
190.28,17,190277582763,2469000,1
190.28,6,190277582763,2469000,1
190.28,7,190277582763,2469000,1
190.283,1,190280058763,2469000,1
190.283,16,190280058763,2469000,1
190.283,13,190280058763,2469000,1
190.285,17,190282525763,2469000,1
190.285,6,190282525763,2469000,1
190.288,15,190285019763,2496006,0
190.29,23,190287542769,2469000,1
190.29,17,190287542769,2469000,1
190.293,18,190290027769,2496006,0
190.298,13,190295091781,2496006,0
190.3,1,190297614787,2496006,0
190.303,18,190300146793,2496006,0
190.305,15,190302669799,2496006,0
190.308,8,190305514805,2496006,0
190.311,8,190308073811,2469000,1
190.311,18,190308073811,2469000,1
190.311,7,190308073811,2469000,1
190.313,1,190310549811,2469000,1
190.313,18,190310549811,2469000,1
190.315,20,190313025811,2469000,1
190.315,13,190313025811,2469000,1
190.318,3,190315492811,2469000,1
190.318,15,190315492811,2469000,1
190.32,13,190317977811,2496006,0
190.323,11,190320545817,2496006,0
190.326,7,190323095823,2469000,1
190.326,1,190323095823,2469000,1
190.328,11,190325562823,2496006,0
190.331,13,190328103829,2496006,0
190.333,11,190330635835,2496006,0
190.336,19,190333489841,2496006,0
190.339,18,190336012847,2496006,0
190.341,8,190338535853,2496006,0
190.344,15,190341076859,2469000,1
190.344,11,190341076859,2469000,1
190.346,22,190343552859,2469000,1
190.346,14,190343552859,2469000,1
190.346,23,190343552859,2469000,1
190.349,2,190346019859,2496006,0
190.351,2,190348551865,2496006,0
190.354,19,190351074871,2469000,1
190.354,13,190351074871,2469000,1
190.356,15,190353550871,2496006,0
190.359,2,190356073877,2496006,0
190.361,8,190358596883,2496006,0
190.364,18,190361119889,2469000,1
190.364,2,190361119889,2469000,1
190.366,15,190363604889,2496006,0
190.369,14,190366136895,2496006,0
190.371,15,190368713901,2496006,0
190.374,8,190371236907,2496006,0
190.376,14,190373777913,2469000,1
190.376,11,190373777913,2469000,1
190.379,18,190376271913,2496006,0
190.381,3,190378803919,2496006,0
190.384,19,190381344925,2496006,0
190.386,18,190383867931,2469000,1
190.386,1,190383867931,2469000,1
190.389,13,190386334931,2496006,0
190.391,15,190388857937,2496006,0
190.394,7,190391380943,2469000,1
190.394,8,190391380943,2469000,1
190.396,19,190393856943,2469000,1
190.396,2,190393856943,2469000,1
190.399,3,190396332943,2496006,0
190.401,13,190398864949,2496006,0
190.406,14,190403919961,2496006,0
190.409,9,190406755967,2496006,0
190.412,5,190409287973,2496006,0
190.414,14,190411819979,2469000,1
190.414,15,190411819979,2469000,1
190.417,3,190414295979,2469000,1
190.417,5,190414295979,2469000,1
190.419,11,190416762979,2469000,1
190.419,19,190416762979,2469000,1
190.422,3,190419229979,2496006,0
190.424,9,190421752985,2496006,0
190.427,13,190424275991,2496006,0
190.429,8,190426807997,2496006,0
190.432,18,190429331003,2496006,0
190.434,13,190431872009,2496006,0
190.437,3,190434395015,2496006,0
190.44,3,190437231021,2496006,0
190.442,9,190439763027,2469000,1
190.442,17,190439763027,2469000,1
190.442,14,190439763027,2469000,1
190.442,15,190439763027,2469000,1
190.445,18,190442248027,2496006,0
190.447,8,190444780033,2469000,1
190.447,9,190444780033,2469000,1
190.45,1,190447256033,2496006,0
190.452,20,190449779039,2469000,1
190.452,5,190449779039,2469000,1
190.455,3,190452246039,2496006,0
190.457,2,190454778045,2469000,1
190.457,15,190454778045,2469000,1
190.46,13,190457245045,2496006,0
190.462,3,190459777051,2469000,1
190.462,1,190459777051,2469000,1
190.465,1,190462246051,2469000,1
190.467,9,190464713051,2469000,1
190.467,13,190464713051,2469000,1
190.47,18,190467189051,2469000,1
190.47,8,190467189051,2469000,1
190.472,8,190469665051,2496006,0
190.475,19,190472197057,2496006,0
190.477,13,190474738063,2496006,0
190.48,13,190477297069,2496006,0
190.482,8,190479820075,2496006,0
190.485,19,190482361081,2496006,0
190.487,11,190484884087,2496006,0
190.49,23,190487407093,2496006,0
190.492,8,190489939099,2469000,1
190.492,13,190489939099,2469000,1
190.492,19,190489939099,2469000,1
190.495,11,190492406099,2496006,0
190.497,11,190494929105,2496006,0
190.5,18,190497461111,2496006,0
190.502,3,190499993117,2469000,1
190.502,8,190499993117,2469000,1
190.505,18,190502460117,2496006,0
190.507,11,190504992123,2469000,1
190.507,4,190504992123,2469000,1
190.51,23,190507459123,2496006,0
190.513,18,190510304129,2496006,0
190.515,13,190512827135,2496006,0
190.518,18,190515359141,2496006,0
190.52,23,190517882147,2496006,0
190.523,13,190520423153,2469000,1
190.523,21,190520423153,2469000,1
190.525,2,190522890153,2469000,1
190.525,19,190522890153,2469000,1
190.528,14,190525393153,2469000,1
190.528,8,190525393153,2469000,1
190.528,11,190525393153,2469000,1
190.53,23,190527860153,2496006,0
190.533,7,190530392159,2469000,1
190.533,9,190530392159,2469000,1
190.535,12,190532859159,2469000,1
190.535,18,190532859159,2469000,1
190.538,5,190535326159,2496006,0
190.541,5,190538171165,2496006,0
190.543,17,190540694171,2469000,1
190.543,3,190540694171,2469000,1
190.546,1,190543161171,2496006,0
190.548,23,190545684177,2469000,1
190.548,5,190545684177,2469000,1
190.551,13,190548151177,2496006,0
190.553,23,190550683183,2496006,0
190.556,13,190553206189,2496006,0
190.558,23,190555774195,2496006,0
190.561,19,190558306201,2496006,0
190.563,1,190560829207,2496006,0
190.566,13,190563361213,2496006,0
190.568,23,190565893219,2496006,0
190.571,5,190568434225,2496006,0
190.573,5,190570957231,2496006,0
190.576,9,190573480237,2496006,0
190.578,1,190576003243,2469000,1
190.578,19,190576003243,2469000,1
190.581,18,190578470243,2496006,0
190.583,14,190580993249,2469000,1
190.583,5,190580993249,2469000,1
190.586,11,190583460249,2496006,0
190.588,18,190585992255,2469000,1
190.591,23,190588459255,2469000,1
190.591,13,190588459255,2469000,1
190.593,15,190590926255,2469000,1
190.593,8,190590926255,2469000,1
190.596,11,190593393255,2496006,0
190.598,9,190595916261,2469000,1
190.601,23,190598383261,2469000,1
190.603,20,190600852261,2496006,0
190.606,11,190603375267,2469000,1
190.611,20,190608410273,2496006,0
190.614,1,190611246279,2496006,0
190.616,11,190613769285,2496006,0
190.619,8,190616301291,2469000,1
190.619,11,190616301291,2469000,1
190.621,19,190618768291,2496006,0
190.624,13,190621318297,2496006,0
190.626,5,190623841303,2496006,0
190.629,18,190626364309,2469000,1
190.629,9,190626364309,2469000,1
190.631,20,190628831309,2496006,0
190.634,1,190631354315,2496006,0
190.636,19,190633895321,2496006,0
190.639,5,190636418327,2496006,0
190.641,1,190638941333,2496006,0
190.644,13,190641786339,2496006,0
190.647,13,190644345345,2469000,1
190.647,5,190644345345,2469000,1
190.647,19,190644345345,2469000,1
190.649,20,190646812345,2496006,0
190.652,13,190649344351,2496006,0
190.654,11,190651876357,2496006,0
190.657,2,190654417363,2469000,1
190.657,23,190654417363,2469000,1
190.657,1,190654417363,2469000,1
190.659,19,190656884363,2496006,0
190.662,20,190659434369,2496006,0
190.664,13,190661966375,2496006,0
190.667,20,190664489381,2496006,0
190.669,19,190667021387,2469000,1
190.669,3,190667021387,2469000,1
190.669,11,190667021387,2469000,1
190.669,13,190667021387,2469000,1
190.669,20,190667021387,2469000,1
190.675,9,190672011393,2496006,0
190.677,5,190674543399,2496006,0
190.68,13,190677075405,2496006,0
190.682,11,190679598411,2496006,0
190.685,13,190682121417,2496006,0
190.687,9,190684653423,2496006,0
190.69,5,190687185429,2469000,1
190.69,19,190687185429,2469000,1
190.692,20,190689652429,2496006,0
190.695,20,190692184435,2496006,0
190.697,11,190694707441,2496006,0
190.7,20,190697230447,2496006,0
190.702,9,190699780453,2496006,0
190.705,1,190702303459,2469000,1
190.705,5,190702303459,2469000,1
190.707,20,190704770459,2496006,0
190.71,13,190707293465,2496006,0
190.712,18,190709816471,2469000,1
190.712,9,190709816471,2469000,1
190.715,11,190712310471,2469000,1
190.715,18,190712310471,2469000,1
190.718,1,190715090477,2496006,0
190.72,17,190717622483,2496006,0
190.723,17,190720172489,2496006,0
190.725,13,190722695495,2496006,0
190.728,20,190725218501,2496006,0
190.73,20,190727759507,2496006,0
190.733,1,190730282513,2496006,0
190.735,11,190732805519,2496006,0
190.738,19,190735337525,2496006,0
190.743,1,190740383537,2469000,1
190.743,20,190740383537,2469000,1
190.746,17,190743163543,2469000,1
190.746,19,190743163543,2469000,1
190.748,11,190745639543,2496006,0
190.751,23,190748162549,2496006,0
190.753,13,190750694555,2496006,0
190.756,9,190753226561,2469000,1
190.756,13,190753226561,2469000,1
190.758,23,190755702561,2496006,0
190.761,5,190758225567,2469000,1
190.761,19,190758225567,2469000,1
190.763,23,190760710567,2496006,0
190.766,1,190763260573,2469000,1
190.766,11,190763260573,2469000,1
190.768,20,190765727573,2496006,0
190.771,20,190768286579,2496006,0
190.773,20,190770827585,2496006,0
190.776,17,190773350591,2469000,1
190.776,9,190773350591,2469000,1
190.778,1,190775817591,2496006,0
190.781,23,190778340597,2496006,0
190.783,1,190780872603,2496006,0
190.786,23,190783413609,2469000,1
190.786,1,190783413609,2469000,1
190.788,13,190785880609,2496006,0
190.791,20,190788421615,2496006,0
190.793,23,190790953621,2496006,0
190.796,15,190793494627,2496006,0
190.799,23,190796035633,2469000,1
190.801,5,190798511633,2496006,0
190.804,15,190801034639,2469000,1
190.804,11,190801034639,2469000,1
190.806,20,190803501639,2469000,1
190.806,23,190803501639,2469000,1
190.808,13,190805968639,2496006,0
190.811,17,190808491645,2496006,0
190.814,5,190811032651,2469000,1
190.814,15,190811032651,2469000,1
190.814,13,190811032651,2469000,1
190.816,1,190813499651,2496006,0
190.819,19,190816353657,2496006,0
190.821,20,190818903663,2496006,0
190.824,23,190821444669,2469000,1
190.824,17,190821444669,2469000,1
190.826,20,190823938669,2469000,1
190.826,19,190823938669,2469000,1
190.829,13,190826405669,2469000,1
190.829,1,190826405669,2469000,1
190.831,21,190828881669,2496006,0
190.834,5,190831404675,2469000,1
190.834,19,190831404675,2469000,1
190.836,9,190833889675,2496006,0
190.839,20,190836430681,2496006,0
190.841,9,190838962687,2496006,0
190.844,9,190841494693,2496006,0
190.846,20,190844017699,2469000,1
190.846,21,190844017699,2469000,1
190.852,9,190849338711,2496006,0
190.854,15,190851870717,2496006,0
190.857,19,190854393723,2496006,0
190.859,20,190856916729,2496006,0
190.862,1,190859439735,2496006,0
190.864,19,190861980741,2469000,1
190.864,11,190861980741,2469000,1
190.867,17,190864447741,2496006,0
190.869,19,190866979747,2496006,0
190.872,20,190869502753,2496006,0
190.875,9,190872034759,2496006,0
190.877,15,190874557765,2496006,0
190.88,17,190877089771,2469000,1
190.88,9,190877089771,2469000,1
190.882,20,190879574771,2469000,1
190.882,9,190879574771,2469000,1
190.885,1,190882041771,2496006,0
190.887,15,190884564777,2469000,1
190.887,20,190884564777,2469000,1
190.89,13,190887031777,2496006,0
190.892,1,190889554783,2496006,0
190.895,18,190892086789,2469000,1
190.895,21,190892086789,2469000,1
190.895,19,190892086789,2469000,1
190.897,9,190894571789,2469000,1
190.897,19,190894571789,2469000,1
190.9,13,190897038789,2496006,0
190.902,15,190899561795,2496006,0
190.905,17,190902084801,2496006,0
190.907,21,190904634807,2469000,1
190.91,5,190907110807,2496006,0
190.912,17,190909633813,2469000,1
190.912,15,190909633813,2469000,1
190.912,19,190909633813,2469000,1
190.915,1,190912100813,2496006,0
190.917,13,190914623819,2469000,1
190.917,14,190914623819,2469000,1
190.917,1,190914623819,2469000,1
190.92,13,190917108819,2496006,0
190.922,5,190919962825,2496006,0
190.925,10,190922485831,2496006,0
190.928,6,190925035837,2469000,1
190.928,19,190925035837,2469000,1
190.93,5,190927529837,2496006,0
190.933,10,190930061843,2496006,0
190.935,13,190932593849,2496006,0
190.938,17,190935143855,2496006,0
190.94,15,190937675861,2469000,1
190.94,1,190937675861,2469000,1
190.943,13,190940142861,2496006,0
190.945,9,190942665867,2496006,0
190.948,5,190945188873,2469000,1
190.948,7,190945188873,2469000,1
190.95,21,190947968879,2496006,0
190.953,10,190950491885,2496006,0
190.955,5,190953023891,2469000,1
190.955,21,190953023891,2469000,1
190.958,11,190955490891,2496006,0
190.96,13,190958013897,2469000,1
190.96,11,190958013897,2469000,1
190.963,10,190960480897,2496006,0
190.965,17,190963012903,2469000,1
190.968,21,190965479903,2496006,0
190.97,20,190968002909,2496006,0
190.973,23,190970543915,2469000,1
190.973,9,190970543915,2469000,1
190.976,13,190973010915,2496006,0
190.978,5,190975551921,2496006,0
190.981,9,190978074927,2496006,0
190.983,21,190980597933,2469000,1
190.983,9,190980597933,2469000,1
190.986,11,190983064933,2469000,1
190.986,20,190983064933,2469000,1
190.986,21,190983066933,2469000,1
190.988,13,190985533933,2496006,0
190.991,10,190988056939,2496006,0
190.993,5,190990588945,2469000,1
190.993,11,190990588945,2469000,1
190.996,10,190993073945,2496006,0
190.998,3,190995596951,2469000,1
190.998,17,190995596951,2469000,1
191.001,13,190998099951,2496006,0
191.003,13,191000649957,2496006,0
191.006,10,191003208963,2496006,0
191.008,13,191005731969,2496006,0
191.011,20,191008263975,2496006,0
191.013,9,191010786981,2469000,1
191.013,20,191010786981,2469000,1
191.016,10,191013253981,2469000,1
191.016,15,191013253981,2469000,1
191.016,20,191013255981,2469000,1
191.018,5,191015722981,2496006,0
191.021,1,191018254987,2469000,1
191.024,5,191021052993,2469000,1
191.026,10,191023546993,2469000,1
191.029,13,191026013993,2496006,0
191.031,21,191028536999,2469000,1
191.031,5,191028536999,2469000,1
191.034,13,191031003999,2496006,0
191.039,11,191036086011,2496006,0
191.041,13,191038627017,2469000,1
191.041,17,191038627017,2469000,1
191.044,11,191041193017,2496006,0
191.046,19,191043761023,2496006,0
191.049,11,191046302029,2469000,1
191.049,19,191046302029,2469000,1
191.051,20,191048787029,2496006,0
191.054,9,191051623035,2496006,0
191.057,10,191054146041,2496006,0
191.059,5,191056687047,2469000,1
191.059,11,191056687047,2469000,1
191.062,11,191059156047,2496006,0
191.064,13,191061688053,2469000,1
191.067,10,191064155053,2496006,0
191.069,9,191066687059,2496006,0
191.072,19,191069210065,2496006,0
191.074,20,191071742071,2496006,0
191.077,19,191074292077,2469000,1
191.077,11,191074292077,2469000,1
191.079,11,191076768077,2496006,0
191.082,10,191079327083,2496006,0
191.084,9,191081850089,2496006,0
191.087,19,191084373095,2469000,1
191.087,10,191084373095,2469000,1
191.089,6,191086840095,2469000,1
191.089,20,191086840095,2469000,1
191.092,11,191089325095,2496006,0
191.094,9,191091848101,2469000,1
191.094,11,191091848101,2469000,1
191.097,11,191094317101,2496006,0
191.099,20,191096858107,2496006,0
191.102,9,191099390113,2496006,0
191.104,9,191101922119,2496006,0
191.107,17,191104445125,2496006,0
191.109,21,191106968131,2496006,0
191.112,19,191109491137,2496006,0
191.115,15,191112014143,2496006,0
191.117,11,191114537149,2469000,1
191.117,15,191114537149,2469000,1
191.12,11,191117006149,2496006,0
191.122,20,191119538155,2496006,0
191.125,21,191122070161,2469000,1
191.125,10,191122070161,2469000,1
191.127,9,191124850167,2496006,0
191.13,19,191127382173,2469000,1
191.13,17,191127382173,2469000,1
191.132,20,191129849173,2469000,1
191.132,19,191129851173,2469000,1
191.135,5,191132318173,2469000,1
191.135,15,191132318173,2469000,1
191.14,9,191137335179,2496006,0
191.142,11,191139858185,2469000,1
191.142,19,191139858185,2469000,1
191.145,22,191142334185,2496006,0
191.147,22,191144875191,2496006,0
191.15,13,191147407197,2496006,0
191.152,21,191149948203,2496006,0
191.155,13,191152793209,2469000,1
191.155,9,191152793209,2469000,1
191.158,10,191155260209,2496006,0
191.16,11,191157801215,2496006,0
191.163,22,191160324221,2469000,1
191.163,20,191160324221,2469000,1
191.165,10,191162791221,2496006,0
191.168,1,191165314227,2496006,0
191.17,9,191167846233,2496006,0
191.173,17,191170369239,2496006,0
191.175,21,191172892245,2496006,0
191.178,11,191175442251,2496006,0
191.18,21,191177965257,2469000,1
191.18,9,191177965257,2469000,1
191.183,1,191180432257,2469000,1
191.185,10,191182908257,2496006,0
191.188,11,191185431263,2469000,1
191.188,17,191185431263,2469000,1
191.19,8,191187898263,2496006,0
191.193,18,191190430269,2469000,1
191.193,10,191190430269,2469000,1
191.195,17,191192951269,2496006,0
191.198,13,191195474275,2496006,0
191.2,21,191198006281,2469000,1
191.2,11,191198006281,2469000,1
191.2,8,191198006281,2469000,1
191.203,9,191200482281,2496006,0
191.206,22,191203014287,2496006,0
191.208,22,191205537293,2496006,0
191.211,15,191208069299,2469000,1
191.211,13,191208069299,2469000,1
191.213,9,191210536299,2496006,0
191.216,17,191213059305,2469000,1
191.216,9,191213059305,2469000,1
191.218,1,191215526305,2496006,0
191.221,10,191218076311,2496006,0
191.223,22,191220599317,2496006,0
191.226,21,191223131323,2496006,0
191.228,1,191225967329,2469000,1
191.228,13,191225967329,2469000,1
191.231,17,191228452329,2496006,0
191.233,21,191230993335,2469000,1
191.233,22,191230993335,2469000,1
191.236,8,191233478335,2469000,1
191.236,10,191233478335,2469000,1
191.238,20,191235945335,2496006,0
191.241,8,191238468341,2496006,0
191.243,7,191240991347,2496006,0
191.246,16,191243514353,2469000,1
191.246,10,191243514353,2469000,1
191.248,10,191245983353,2496006,0
191.251,17,191248542359,2496006,0
191.254,8,191251065365,2469000,1
191.254,9,191251065365,2469000,1
191.256,19,191253550365,2496006,0
191.259,10,191256386371,2496006,0
191.261,20,191258909377,2469000,1
191.261,7,191258909377,2469000,1
191.264,21,191261403377,2496006,0
191.266,1,191263926383,2496006,0
191.269,22,191266458389,2469000,1
191.269,17,191266458389,2469000,1
191.274,20,191271457395,2496006,0
191.276,11,191273980401,2496006,0
191.279,23,191276503407,2469000,1
191.279,19,191276503407,2469000,1
191.281,10,191278988407,2496006,0
191.284,21,191281511413,2469000,1
191.284,6,191281511413,2469000,1
191.286,6,191283980413,2496006,0
191.289,1,191286503419,2496006,0
191.292,17,191289035425,2496006,0
191.294,20,191291567431,2469000,1
191.294,11,191291567431,2469000,1
191.297,7,191294043431,2469000,1
191.297,10,191294043431,2469000,1
191.299,8,191296510431,2496006,0
191.302,6,191299033437,2469000,1
191.302,13,191299033437,2469000,1
191.304,1,191301518437,2496006,0
191.307,19,191304041443,2469000,1
191.307,17,191304041443,2469000,1
191.309,21,191306526443,2469000,1
191.309,20,191306526443,2469000,1
191.309,7,191306526443,2469000,1
191.311,1,191309002443,2496006,0
191.314,8,191311525449,2469000,1
191.314,17,191311525449,2469000,1
191.316,1,191314001449,2496006,0
191.322,4,191319074461,2496006,0
191.324,1,191321597467,2469000,1
191.324,4,191321597467,2469000,1
191.327,11,191324064467,2469000,1
191.327,4,191324066467,2469000,1
191.329,15,191326560467,2469000,1
191.329,22,191326560467,2469000,1
191.332,1,191329349473,2469000,1
191.332,4,191329349473,2469000,1
191.334,2,191331825473,2496006,0
191.337,10,191334348479,2469000,1
191.337,8,191334348479,2469000,1
191.339,6,191336833479,2496006,0
191.342,9,191339356485,2496006,0
191.344,20,191341915491,2496006,0
191.347,21,191344456497,2469000,1
191.347,2,191344456497,2469000,1
191.347,20,191344456497,2469000,1
191.349,11,191346923497,2496006,0
191.352,6,191349446503,2496006,0
191.354,11,191351969509,2496006,0
191.357,9,191354492515,2496006,0
191.36,7,191357337521,2496006,0
191.362,20,191359869527,2496006,0
191.365,11,191362410533,2496006,0
191.37,6,191367465545,2496006,0
191.372,6,191369988551,2496006,0
191.375,7,191372511557,2469000,1
191.375,9,191372511557,2469000,1
191.377,11,191374978557,2496006,0
191.38,19,191377519563,2496006,0
191.383,2,191380051569,2469000,1
191.383,19,191380051569,2469000,1
191.385,6,191382518569,2496006,0
191.388,20,191385041575,2496006,0
191.39,5,191387591581,2496006,0
191.393,11,191390114587,2496006,0
191.395,20,191392637593,2496006,0
191.398,9,191395160599,2469000,1
191.398,2,191395160599,2469000,1
191.4,17,191397627599,2469000,1
191.4,1,191397627599,2469000,1
191.403,20,191400094599,2496006,0
191.405,20,191402626605,2496006,0
191.408,11,191405167611,2469000,1
191.408,6,191405167611,2469000,1
191.41,20,191407643611,2496006,0
191.413,8,191410166617,2469000,1
191.413,5,191410166617,2469000,1
191.415,5,191412635617,2496006,0
191.418,7,191415158623,2496006,0
191.42,10,191417681629,2496006,0
191.423,20,191420204635,2469000,1
191.423,19,191420204635,2469000,1
191.425,5,191422671635,2496006,0
191.428,13,191425194641,2469000,1
191.428,1,191425194641,2469000,1
191.433,7,191430533647,2496006,0
191.436,6,191433056653,2496006,0
191.438,19,191435579659,2496006,0
191.441,10,191438111665,2496006,0
191.443,19,191440652671,2496006,0
191.446,6,191443175677,2496006,0
191.448,5,191445698683,2496006,0
191.451,11,191448248689,2469000,1
191.451,7,191448248689,2469000,1
191.453,20,191450715689,2496006,0
191.456,7,191453238695,2496006,0
191.458,6,191455770701,2469000,1
191.458,7,191455770701,2469000,1
191.461,19,191458237701,2496006,0
191.464,9,191461073707,2496006,0
191.466,20,191463596713,2469000,1
191.466,10,191463596713,2469000,1
191.466,11,191463596713,2469000,1
191.469,22,191466063713,2469000,1
191.469,2,191466063713,2469000,1
191.471,5,191468530713,2496006,0
191.474,1,191471053719,2496006,0
191.476,21,191473603725,2496006,0
191.479,7,191476135731,2496006,0
191.481,21,191478658737,2496006,0
191.484,1,191481190743,2469000,1
191.484,19,191481190743,2469000,1
191.486,21,191483666743,2496006,0
191.489,9,191486189749,2496006,0
191.491,10,191488730755,2469000,1
191.491,5,191488730755,2469000,1
191.494,7,191491197755,2496006,0
191.499,21,191496243767,2469000,1
191.499,10,191496243767,2469000,1
191.501,20,191498728767,2496006,0
191.504,9,191501260773,2496006,0
191.506,9,191503783779,2496006,0
191.509,19,191506306785,2496006,0
191.511,6,191508829791,2496006,0
191.514,17,191511352797,2469000,1
191.514,13,191511352797,2469000,1
191.516,7,191513819797,2496006,0
191.519,21,191516342803,2496006,0
191.521,23,191518865809,2496006,0
191.524,21,191521397815,2496006,0
191.526,4,191523929821,2496006,0
191.529,20,191526452827,2496006,0
191.531,23,191528984833,2469000,1
191.531,6,191528984833,2469000,1
191.534,21,191531460833,2469000,1
191.534,11,191531460833,2469000,1
191.534,1,191531460833,2469000,1
191.534,20,191531460833,2469000,1
191.537,9,191534240839,2496006,0
191.539,19,191536763845,2496006,0
191.542,7,191539286851,2469000,1
191.542,23,191539286851,2469000,1
191.542,6,191539286851,2469000,1
191.544,5,191541753851,2496006,0
191.547,20,191544276857,2469000,1
191.547,6,191544276857,2469000,1
191.549,9,191546743857,2469000,1
191.549,19,191546743857,2469000,1
191.552,4,191549210857,2469000,1
191.552,5,191549210857,2469000,1
191.554,14,191551686857,2496006,0
191.557,14,191554209863,2496006,0
191.559,21,191556768869,2469000,1
191.559,20,191556768869,2469000,1
191.562,20,191559237869,2496006,0
191.565,8,191562100875,2496006,0
191.567,20,191564632881,2469000,1
191.567,4,191564632881,2469000,1
191.57,19,191567108881,2469000,1
191.57,14,191567108881,2469000,1
191.572,1,191569575881,2469000,1
191.572,7,191569575881,2469000,1
191.575,5,191572069881,2496006,0
191.577,8,191574601887,2469000,1
191.577,20,191574601887,2469000,1
191.58,6,191577068887,2496006,0
191.582,4,191579591893,2496006,0
191.585,9,191582123899,2496006,0
191.587,4,191584646905,2496006,0
191.59,14,191587196911,2496006,0
191.592,6,191589719917,2469000,1
191.592,19,191589719917,2469000,1
191.592,5,191589719917,2469000,1
191.592,8,191589719917,2469000,1
191.595,9,191592213917,2496006,0
191.597,4,191594754923,2469000,1
191.597,9,191594754923,2469000,1
191.6,23,191597221923,2496006,0
191.602,8,191599753929,2496006,0
191.605,14,191602285935,2469000,1
191.605,5,191602285935,2469000,1
191.607,3,191604752935,2496006,0
191.61,6,191607275941,2469000,1
191.61,14,191607275941,2469000,1
191.612,23,191609796941,2469000,1
191.612,20,191609796941,2469000,1
191.612,4,191609796941,2469000,1
191.612,8,191609796941,2469000,1
191.615,3,191612290941,2496006,0
191.617,23,191614813947,2496006,0
191.62,8,191617372953,2496006,0
191.622,21,191619904959,2496006,0
191.625,3,191622427965,2469000,1
191.625,21,191622427965,2469000,1
191.627,8,191624894965,2496006,0
191.63,9,191627417971,2496006,0
191.632,3,191629940977,2496006,0
191.635,7,191632463983,2496006,0
191.638,23,191635299989,2469000,1
191.638,4,191635299989,2469000,1
191.64,8,191637766989,2496006,0
191.643,3,191640325995,2496006,0
191.645,2,191642858001,2469000,1
191.645,6,191642858001,2469000,1
191.648,9,191645325001,2496006,0
191.65,14,191647866007,2469000,1
191.65,7,191647866007,2469000,1
191.653,21,191650351007,2496006,0
191.655,8,191652874013,2469000,1
191.655,3,191652874013,2469000,1
191.655,21,191652874013,2469000,1
191.658,10,191655350013,2496006,0
191.66,15,191657873019,2496006,0
191.663,13,191660396025,2469000,1
191.663,23,191660396025,2469000,1
191.665,8,191662881025,2496006,0
191.668,9,191665726031,2469000,1
191.668,14,191665726031,2469000,1
191.668,3,191665726031,2469000,1
191.671,7,191668202031,2496006,0
191.673,12,191670725037,2496006,0
191.676,6,191673257043,2496006,0
191.678,5,191675780049,2469000,1
191.678,21,191675780049,2469000,1
191.678,12,191675780049,2469000,1
191.681,15,191678256049,2496006,0
191.683,10,191680779055,2469000,1
191.683,8,191680779055,2469000,1
191.683,15,191680779055,2469000,1
191.686,1,191683246055,2469000,1
191.688,12,191685713055,2496006,0
191.693,6,191690777067,2496006,0
191.696,12,191693300073,2469000,1
191.696,7,191693300073,2469000,1
191.698,9,191695767073,2496006,0
191.701,7,191698290079,2496006,0
191.703,8,191700831085,2496006,0
191.706,17,191703363091,2469000,1
191.706,6,191703363091,2469000,1
191.708,6,191705839091,2496006,0
191.711,6,191708371097,2496006,0
191.713,10,191710894103,2469000,1
191.713,15,191710894103,2469000,1
191.716,8,191713361103,2469000,1
191.716,7,191713361103,2469000,1
191.718,9,191715828103,2496006,0
191.721,7,191718387109,2496006,0
191.723,9,191720919115,2469000,1
191.723,20,191720919115,2469000,1
191.723,12,191720919115,2469000,1
191.723,6,191720919115,2469000,1
191.726,4,191723404115,2496006,0
191.728,7,191725927121,2469000,1
191.728,21,191725927121,2469000,1
191.728,8,191725927121,2469000,1
191.731,6,191728439121,2496006,0
191.733,22,191730962127,2496006,0
191.736,4,191733494133,2469000,1
191.736,7,191733494133,2469000,1
191.738,19,191735961133,2496006,0
191.741,23,191738824139,2469000,1
191.741,19,191738824139,2469000,1
191.746,6,191743814145,2496006,0
191.749,4,191746346151,2496006,0
191.751,10,191748869157,2496006,0
191.754,21,191751401163,2469000,1
191.754,19,191751401163,2469000,1
191.756,3,191753868163,2469000,1
191.756,22,191753868163,2469000,1
191.759,12,191756335163,2496006,0
191.761,9,191758858169,2469000,1
191.761,22,191758858169,2469000,1
191.764,7,191761325169,2496006,0
191.766,23,191763866175,2496006,0
191.769,7,191766398181,2469000,1
191.769,12,191766398181,2469000,1
191.769,10,191766398181,2469000,1
191.769,23,191766398181,2469000,1
191.772,6,191769178187,2469000,1
191.772,4,191769178187,2469000,1
191.774,21,191771681187,2496006,0
191.777,15,191774204193,2496006,0
191.779,5,191776727199,2469000,1
191.779,10,191776727199,2469000,1
191.782,7,191779203199,2469000,1
191.782,21,191779203199,2469000,1
191.784,15,191781706199,2496006,0
191.787,6,191784256205,2496006,0
191.789,4,191786797211,2469000,1
191.789,21,191786797211,2469000,1
191.792,15,191789264211,2496006,0
191.794,6,191791787217,2469000,1
191.797,12,191794254217,2469000,1
191.797,15,191794254217,2469000,1
191.799,23,191796721217,2496006,0
191.802,3,191799262223,2496006,0
191.804,12,191801803229,2496006,0
191.807,8,191804326235,2496006,0
191.809,22,191806849241,2496006,0
191.812,3,191809408247,2469000,1
191.812,23,191809408247,2469000,1
191.814,12,191811884247,2496006,0
191.817,22,191814416253,2469000,1
191.817,8,191814416253,2469000,1
191.819,23,191816883253,2496006,0
191.822,12,191819406259,2496006,0
191.824,6,191821929265,2496006,0
191.827,23,191824470271,2469000,1
191.827,22,191824470271,2469000,1
191.829,6,191826946271,2469000,1
191.829,8,191826946271,2469000,1
191.832,19,191829413271,2469000,1
191.832,7,191829413271,2469000,1
191.832,23,191829413271,2469000,1
191.834,12,191831880271,2496006,0
191.837,9,191834403277,2496006,0
191.839,12,191836926283,2496006,0
191.842,9,191839449289,2496006,0
191.845,15,191842285295,2496006,0
191.847,11,191844817301,2469000,1
191.847,22,191844817301,2469000,1
191.85,4,191847293301,2469000,1
191.852,12,191849778301,2496006,0
191.855,3,191852301307,2496006,0
191.857,4,191854824313,2496006,0
191.86,9,191857347319,2496006,0
191.862,12,191859870325,2469000,1
191.862,3,191859870325,2469000,1
191.865,23,191862355325,2496006,0
191.867,4,191864878331,2469000,1
191.867,10,191864878331,2469000,1
191.867,15,191864878331,2469000,1
191.87,9,191867363331,2496006,0
191.873,23,191870199337,2469000,1
191.873,6,191870199337,2469000,1
191.875,12,191872666337,2496006,0
191.878,21,191875198343,2496006,0
191.88,15,191877739349,2496006,0
191.883,12,191880262355,2496006,0
191.885,10,191882794361,2469000,1
191.885,9,191882794361,2469000,1
191.888,5,191885288361,2496006,0
191.89,21,191887811367,2496006,0
191.893,12,191890334373,2469000,1
191.893,9,191890334373,2469000,1
191.895,15,191892810373,2496006,0
191.898,6,191895333379,2496006,0
191.9,8,191897856385,2496006,0
191.903,4,191900406391,2496006,0
191.905,3,191902929397,2496006,0
191.91,6,191907975409,2496006,0
191.913,23,191910498415,2496006,0
191.915,15,191913021421,2469000,1
191.915,3,191913021421,2469000,1
191.918,5,191915488421,2496006,0
191.92,8,191918011427,2469000,1
191.92,21,191918011427,2469000,1
191.923,4,191920478427,2469000,1
191.923,5,191920478427,2469000,1
191.925,12,191922981427,2496006,0
191.928,4,191925504433,2496006,0
191.93,10,191928027439,2469000,1
191.93,23,191928027439,2469000,1
191.933,6,191930494439,2496006,0
191.936,12,191933017445,2496006,0
191.938,8,191935558451,2469000,1
191.938,5,191935558451,2469000,1
191.941,7,191938025451,2496006,0
191.943,4,191940548457,2496006,0
191.946,12,191943384463,2496006,0
191.948,4,191945952469,2469000,1
191.948,9,191945952469,2469000,1
191.951,6,191948419469,2496006,0
191.953,3,191950942475,2496006,0
191.956,7,191953474481,2469000,1
191.956,21,191953474481,2469000,1
191.958,12,191955950481,2496006,0
191.961,15,191958482487,2496006,0
191.963,20,191961023493,2469000,1
191.963,3,191961023493,2469000,1
191.966,23,191963508493,2496006,0
191.969,6,191966031499,2469000,1
191.971,15,191968498499,2469000,1
191.971,19,191968498499,2469000,1
191.973,4,191970983499,2496006,0
191.976,12,191973819505,2496006,0
191.979,14,191976342511,2469000,1
191.979,15,191976342511,2469000,1
191.981,12,191978809511,2496006,0
191.984,4,191981341517,2496006,0
191.986,4,191983873523,2496006,0
191.989,1,191986405529,2469000,1
191.989,21,191986405529,2469000,1
191.991,23,191988872529,2496006,0
191.994,4,191991395535,2496006,0
191.996,12,191993936541,2496006,0
191.999,4,191996468547,2469000,1
191.999,8,191996468547,2469000,1
191.999,12,191996468547,2469000,1
192.001,23,191998935547,2469000,1
192.001,7,191998935547,2469000,1
192.001,6,191998935547,2469000,1
192.004,15,192001420547,2469000,1
192.004,4,192001420547,2469000,1
192.006,3,192003905547,2496006,0
192.009,22,192006446553,2496006,0
192.011,5,192008969559,2496006,0
192.014,3,192011492565,2496006,0
192.017,12,192014024571,2496006,0
192.019,5,192016583577,2496006,0
192.022,3,192019124583,2496006,0
192.027,22,192024179595,2496006,0
192.029,23,192026720601,2496006,0
192.032,12,192029252607,2496006,0
192.034,5,192031784613,2469000,1
192.034,7,192031784613,2469000,1
192.037,22,192034260613,2496006,0
192.039,3,192036783619,2496006,0
192.042,22,192039306625,2496006,0
192.044,12,192041829631,2496006,0
192.047,23,192044370637,2496006,0
192.05,7,192047215643,2496006,0
192.052,15,192049747649,2496006,0
192.055,23,192052270655,2469000,1
192.055,5,192052270655,2469000,1
192.057,22,192054737655,2469000,1
192.057,3,192054737655,2469000,1
192.06,7,192057204655,2496006,0
192.062,23,192059736661,2496006,0
192.065,7,192062259667,2496006,0
192.067,12,192064791673,2496006,0
192.07,15,192067323679,2496006,0
192.072,23,192069846685,2496006,0
192.075,6,192072378691,2496006,0
192.078,7,192075214697,2496006,0
192.08,23,192077755703,2496006,0
192.083,12,192080278709,2469000,1
192.083,4,192080278709,2469000,1
192.088,15,192085277715,2496006,0
192.09,5,192087809721,2469000,1
192.09,3,192087809721,2469000,1
192.093,9,192090276721,2496006,0
192.095,6,192092799727,2496006,0
192.098,7,192095331733,2496006,0
192.1,22,192097890739,2469000,1
192.1,23,192097890739,2469000,1
192.103,3,192100357739,2496006,0
192.105,15,192102889745,2496006,0
192.108,9,192105412751,2496006,0
192.11,7,192107935757,2496006,0
192.113,6,192110467763,2469000,1
192.113,7,192110467763,2469000,1
192.115,15,192112934763,2469000,1
192.115,12,192112934763,2469000,1
192.118,3,192115401763,2496006,0
192.12,9,192117942769,2469000,1
192.12,3,192117942769,2469000,1
192.123,6,192120463769,2496006,0
192.126,7,192123004775,2496006,0
192.128,15,192125563781,2496006,0
192.131,15,192128086787,2496006,0
192.136,21,192133141799,2469000,1
192.136,9,192133141799,2469000,1
192.138,6,192135608799,2469000,1
192.138,23,192135608799,2469000,1
192.141,7,192138102799,2496006,0
192.143,7,192140670805,2469000,1
192.143,3,192140670805,2469000,1
192.143,15,192140670805,2469000,1
192.146,8,192143191805,2496006,0
192.148,7,192145714811,2496006,0
192.151,5,192148559817,2496006,0
192.154,22,192151082823,2469000,1
192.154,3,192151082823,2469000,1
192.154,8,192151082823,2469000,1
192.156,23,192153558823,2496006,0
192.159,12,192156090829,2469000,1
192.159,6,192156090829,2469000,1
192.161,4,192158566829,2496006,0
192.164,23,192161107835,2469000,1
192.164,5,192161107835,2469000,1
192.166,4,192163583835,2469000,1
192.166,15,192163583835,2469000,1
192.169,5,192166050835,2496006,0
192.171,7,192168573841,2469000,1
192.174,8,192171076841,2469000,1
192.174,15,192171076841,2469000,1
192.176,5,192173570841,2496006,0
192.179,17,192176415847,2469000,1
192.179,3,192176415847,2469000,1
192.181,23,192178909847,2496006,0
192.184,4,192181432853,2496006,0
192.186,7,192183955859,2469000,1
192.186,5,192183955859,2469000,1
192.189,4,192186440859,2496006,0
192.191,15,192188990865,2496006,0
192.194,5,192191540871,2496006,0
192.197,9,192194063877,2496006,0
192.202,2,192199109889,2469000,1
192.202,23,192199109889,2469000,1
192.204,4,192201594889,2496006,0
192.207,15,192204117895,2496006,0
192.209,9,192206649901,2469000,1
192.209,8,192206649901,2469000,1
192.212,4,192209116901,2469000,1
192.212,15,192209116901,2469000,1
192.214,4,192211585901,2496006,0
192.217,5,192214108907,2496006,0
192.219,6,192216649913,2496006,0
192.222,4,192219172919,2469000,1
192.222,23,192219172919,2469000,1
192.222,6,192219172919,2469000,1
192.224,12,192221684919,2469000,1
192.224,8,192221684919,2469000,1
192.224,15,192221684919,2469000,1
192.227,7,192224151919,2496006,0
192.229,3,192226692925,2469000,1
192.232,5,192229168925,2496006,0
192.234,22,192231718931,2496006,0
192.237,4,192234250937,2469000,1
192.237,7,192234250937,2469000,1
192.239,4,192236719937,2496006,0
192.242,7,192239251943,2496006,0
192.244,5,192241783949,2469000,1
192.244,21,192241783949,2469000,1
192.244,4,192241783949,2469000,1
192.247,19,192244250949,2469000,1
192.247,9,192244250949,2469000,1
192.249,22,192246717949,2469000,1
192.249,5,192246717949,2469000,1
192.252,6,192249184949,2496006,0
192.255,6,192252047955,2496006,0
192.257,4,192254570961,2496006,0
192.26,7,192257093967,2469000,1
192.26,6,192257093967,2469000,1
192.262,23,192259569967,2469000,1
192.262,5,192259569967,2469000,1
192.267,9,192264559973,2496006,0
192.27,9,192267082979,2496006,0
192.272,6,192269632985,2496006,0
192.275,10,192272155991,2496006,0
192.277,4,192274678997,2496006,0
192.28,22,192277229003,2469000,1
192.28,4,192277229003,2469000,1
192.283,4,192280027009,2496006,0
192.285,9,192282568015,2496006,0
192.288,9,192285091021,2496006,0
192.29,4,192287614027,2469000,1
192.29,23,192287614027,2469000,1
192.293,9,192290081027,2496006,0
192.295,6,192292604033,2469000,1
192.295,10,192292604033,2469000,1
192.298,14,192295098033,2496006,0
192.3,14,192297621039,2496006,0
192.303,15,192300144045,2469000,1
192.305,7,192302611045,2469000,1
192.305,14,192302611045,2469000,1
192.308,8,192305078045,2496006,0
192.31,14,192307601051,2496006,0
192.313,14,192310124057,2496006,0
192.315,6,192312656063,2496006,0
192.318,9,192315188069,2496006,0
192.32,8,192317720075,2496006,0
192.323,6,192320243081,2496006,0
192.325,4,192322766087,2469000,1
192.325,9,192322766087,2469000,1
192.328,14,192325251087,2496006,0
192.33,22,192327792093,2496006,0
192.333,8,192330351099,2496006,0
192.335,6,192332874105,2496006,0
192.338,14,192335397111,2496006,0
192.34,10,192337920117,2496006,0
192.343,23,192340443123,2469000,1
192.343,9,192340443123,2469000,1
192.343,8,192340443123,2469000,1
192.343,14,192340443123,2469000,1
192.345,6,192342919123,2496006,0
192.348,10,192345442129,2469000,1
192.35,22,192347909129,2496006,0
192.353,6,192350441135,2496006,0
192.356,6,192353277141,2496006,0
192.358,4,192355800147,2496006,0
192.361,8,192358323153,2496006,0
192.363,7,192360855159,2496006,0
192.366,6,192363378165,2469000,1
192.366,8,192363378165,2469000,1
192.368,7,192365854165,2496006,0
192.371,6,192368377171,2496006,0
192.373,14,192370900177,2496006,0
192.376,22,192373432183,2496006,0
192.378,10,192375955189,2496006,0
192.381,10,192378478195,2496006,0
192.384,6,192381314201,2496006,0
192.386,14,192383837207,2496006,0
192.389,22,192386360213,2469000,1
192.389,4,192386360213,2469000,1
192.391,18,192388845213,2496006,0
192.394,10,192391368219,2496006,0
192.396,6,192393891225,2496006,0
192.399,7,192396414231,2496006,0
192.401,14,192398946237,2496006,0
192.404,8,192401469243,2496006,0
192.406,7,192403992249,2496006,0
192.409,7,192406515255,2496006,0
192.412,8,192409038261,2496006,0
192.417,18,192414111273,2496006,0
192.419,14,192416634279,2496006,0
192.422,10,192419166285,2496006,0
192.424,6,192421689291,2496006,0
192.427,22,192424212297,2496006,0
192.429,1,192426744303,2469000,1
192.429,5,192426744303,2469000,1
192.432,18,192429229303,2469000,1
192.432,7,192429229303,2469000,1
192.434,8,192431696303,2496006,0
192.437,22,192434219309,2469000,1
192.437,6,192434219309,2469000,1
192.437,8,192434219309,2469000,1
192.439,4,192436686309,2496006,0
192.442,14,192439209315,2496006,0
192.444,10,192441741321,2496006,0
192.447,20,192444264327,2469000,1
192.447,9,192444264327,2469000,1
192.449,18,192446758327,2496006,0
192.452,7,192449326333,2469000,1
192.452,4,192449326333,2469000,1
192.452,10,192449326333,2469000,1
192.454,22,192451793333,2469000,1
192.454,14,192451793333,2469000,1
192.457,10,192454573339,2496006,0
192.46,6,192457123345,2469000,1
192.46,4,192457123345,2469000,1
192.462,15,192459590345,2496006,0
192.465,10,192462122351,2469000,1
192.465,18,192462122351,2469000,1
192.467,7,192464598351,2496006,0
192.47,8,192467121357,2496006,0
192.475,8,192472194369,2469000,1
192.475,19,192472194369,2469000,1
192.477,15,192474661369,2496006,0
192.48,8,192477193375,2496006,0
192.482,4,192479716381,2496006,0
192.485,14,192482239387,2469000,1
192.485,6,192482239387,2469000,1
192.487,18,192485019393,2469000,1
192.487,8,192485019393,2469000,1
192.487,4,192485019393,2469000,1
192.49,15,192487504393,2469000,1
192.49,10,192487504393,2469000,1
192.49,7,192487504393,2469000,1
192.492,18,192489989393,2496006,0
192.495,9,192492530399,2469000,1
192.495,7,192492530399,2469000,1
192.497,11,192495006399,2469000,1
192.497,12,192495006399,2469000,1
192.5,18,192497473399,2469000,1
192.5,4,192497473399,2469000,1
192.502,14,192499940399,2469000,1
192.502,15,192499940399,2469000,1
192.505,18,192502416399,2496006,0
192.507,22,192504966405,2469000,1
192.507,8,192504966405,2469000,1
192.51,18,192507460405,2496006,0
192.513,14,192510037411,2496006,0
192.515,14,192512569417,2496006,0
192.518,18,192515101423,2496006,0
192.52,18,192517624429,2469000,1
192.523,14,192520127429,2496006,0
192.525,6,192522668435,2496006,0
192.528,14,192525209441,2469000,1
192.528,8,192525209441,2469000,1
192.53,10,192527685441,2496006,0
192.533,10,192530226447,2496006,0
192.535,4,192532767453,2496006,0
192.538,10,192535326459,2469000,1
192.538,6,192535326459,2469000,1
192.54,15,192537811459,2496006,0
192.543,18,192540334465,2496006,0
192.545,10,192542857471,2496006,0
192.548,4,192545425477,2469000,1
192.548,6,192545425477,2469000,1
192.55,14,192547892477,2469000,1
192.553,7,192550359477,2496006,0
192.555,15,192552882483,2496006,0
192.558,10,192555405489,2496006,0
192.561,10,192558250495,2496006,0
192.563,7,192560782501,2469000,1
192.563,18,192560782501,2469000,1
192.566,15,192563267501,2496006,0
192.568,4,192565808507,2496006,0
192.571,10,192568340513,2496006,0
192.573,16,192570872519,2496006,0
192.576,15,192573422525,2496006,0
192.578,4,192575963531,2469000,1
192.578,18,192575963531,2469000,1
192.581,7,192578430531,2469000,1
192.583,10,192580915531,2496006,0
192.586,16,192583447537,2469000,1
192.589,10,192586236543,2469000,1
192.589,16,192586236543,2469000,1
192.591,15,192588703543,2469000,1
192.596,22,192593756549,2496006,0
192.599,4,192596288555,2496006,0
192.601,4,192598838561,2496006,0
192.604,22,192601370567,2496006,0
192.606,15,192603902573,2469000,1
192.606,22,192603902573,2469000,1
192.609,14,192606369573,2496006,0
192.611,6,192608892579,2469000,1
192.611,14,192608892579,2469000,1
192.614,4,192611395579,2496006,0
192.616,7,192613918585,2496006,0
192.619,4,192616459591,2496006,0
192.621,10,192618982597,2496006,0
192.627,15,192624046609,2469000,1
192.627,10,192624046609,2469000,1
192.629,4,192626522609,2496006,0
192.632,8,192629045615,2496006,0
192.634,7,192631568621,2496006,0
192.637,15,192634100627,2496006,0
192.639,18,192636632633,2469000,1
192.639,15,192636632633,2469000,1
192.642,8,192639126633,2496006,0
192.644,7,192641649639,2469000,1
192.644,4,192641649639,2469000,1
192.644,22,192641649639,2469000,1
192.647,14,192644116639,2496006,0
192.649,16,192646639645,2496006,0
192.652,5,192649171651,2469000,1
192.652,10,192649171651,2469000,1
192.657,16,192654197657,2496006,0
192.659,8,192656720663,2496006,0
192.662,14,192659565669,2469000,1
192.662,23,192659565669,2469000,1
192.665,14,192662034669,2496006,0
192.667,15,192664575675,2496006,0
192.67,22,192667098681,2496006,0
192.672,7,192669621687,2496006,0
192.675,16,192672144693,2496006,0
192.677,12,192674685699,2469000,1
192.677,4,192674685699,2469000,1
192.68,15,192677152699,2469000,1
192.68,8,192677152699,2469000,1
192.68,16,192677152699,2469000,1
192.682,22,192679619699,2496006,0
192.685,14,192682142705,2469000,1
192.685,16,192682142705,2469000,1
192.687,7,192684645705,2496006,0
192.69,7,192687168711,2496006,0
192.692,10,192690013717,2469000,1
192.695,7,192692480717,2496006,0
192.698,8,192695012723,2496006,0
192.7,22,192697553729,2469000,1
192.7,10,192697553729,2469000,1
192.703,8,192700038729,2496006,0
192.705,8,192702561735,2496006,0
192.708,15,192705102741,2469000,1
192.708,8,192705102741,2469000,1
192.71,7,192707569741,2496006,0
192.713,14,192710101747,2496006,0
192.715,17,192712660753,2496006,0
192.718,18,192715201759,2496006,0
192.72,17,192717724765,2496006,0
192.723,7,192720247771,2469000,1
192.723,15,192720247771,2469000,1
192.725,14,192722714771,2496006,0
192.73,8,192727805783,2496006,0
192.733,4,192730328789,2496006,0
192.735,18,192732851795,2496006,0
192.738,14,192735374801,2496006,0
192.74,22,192737897807,2496006,0
192.743,17,192740429813,2496006,0
192.745,8,192742961819,2469000,1
192.745,6,192742961819,2469000,1
192.745,7,192742961819,2469000,1
192.748,8,192745446819,2496006,0
192.75,4,192747969825,2469000,1
192.75,16,192747969825,2469000,1
192.753,18,192750436825,2496006,0
192.755,14,192752959831,2469000,1
192.755,9,192752959831,2469000,1
192.758,22,192755471831,2496006,0
192.76,14,192757994837,2496006,0
192.763,17,192760517843,2469000,1
192.763,18,192760517843,2469000,1
192.768,8,192765829855,2496006,0
192.771,14,192768352861,2496006,0
192.773,17,192770884867,2496006,0
192.776,3,192773416873,2496006,0
192.778,14,192775939879,2469000,1
192.778,8,192775939879,2469000,1
192.781,17,192778424879,2469000,1
192.781,4,192778424879,2469000,1
192.781,3,192778424879,2469000,1
192.783,2,192780891879,2469000,1
192.783,22,192780891879,2469000,1
192.786,22,192783439879,2496006,0
192.788,7,192785962885,2469000,1
192.788,18,192785962885,2469000,1
192.788,17,192785962885,2469000,1
192.788,22,192785962885,2469000,1
192.791,8,192788438885,2496006,0
192.794,4,192791283891,2496006,0
192.796,8,192793806897,2496006,0
192.801,14,192798888909,2496006,0
192.804,4,192801420915,2496006,0
192.806,8,192803943921,2469000,1
192.806,3,192803943921,2469000,1
192.806,14,192803943921,2469000,1
192.809,18,192806455921,2496006,0
192.811,22,192808987927,2496006,0
192.814,22,192811519933,2496006,0
192.817,16,192814069939,2496006,0
192.819,4,192816592945,2496006,0
192.822,7,192819115951,2496006,0
192.824,18,192821638957,2496006,0
192.827,17,192824161963,2496006,0
192.829,6,192826693969,2496006,0
192.832,4,192829216975,2469000,1
192.832,14,192829216975,2469000,1
192.832,18,192829216975,2469000,1
192.834,3,192831683975,2496006,0
192.837,22,192834215981,2496006,0
192.839,8,192836738987,2496006,0
192.842,17,192839261993,2469000,1
192.842,16,192839261993,2469000,1
192.844,3,192841728993,2469000,1
192.844,16,192841730993,2469000,1
192.847,18,192844197993,2496006,0
192.849,8,192846720999,2496006,0
192.852,22,192849253005,2469000,1
192.852,7,192849253005,2469000,1
192.854,6,192851720005,2469000,1
192.854,4,192851720005,2469000,1
192.857,15,192854187005,2469000,1
192.857,8,192854187005,2469000,1
192.859,18,192856654005,2496006,0
192.862,17,192859213011,2469000,1
192.862,4,192859213011,2469000,1
192.864,18,192861689011,2496006,0
192.867,21,192864525017,2496006,0
192.87,7,192867057023,2496006,0
192.875,18,192872139035,2496006,0
192.877,7,192874671041,2469000,1
192.877,3,192874671041,2469000,1
192.877,18,192874671041,2469000,1
192.88,21,192877147041,2496006,0
192.882,6,192879670047,2496006,0
192.885,8,192882193053,2496006,0
192.887,22,192884725059,2496006,0
192.89,18,192887248065,2496006,0
192.892,21,192889798071,2496006,0
192.895,18,192892330077,2469000,1
192.895,8,192892330077,2469000,1
192.895,17,192892330077,2469000,1
192.898,6,192895119083,2496006,0
192.9,18,192897642089,2496006,0
192.903,21,192900165095,2469000,1
192.903,16,192900165095,2469000,1
192.905,6,192902632095,2496006,0
192.908,14,192905155101,2496006,0
192.91,10,192907678107,2496006,0
192.913,5,192910201113,2469000,1
192.913,22,192910201113,2469000,1
192.915,3,192912695113,2469000,1
192.915,22,192912695113,2469000,1
192.918,10,192915162113,2469000,1
192.918,22,192915164113,2469000,1
192.92,14,192917631113,2469000,1
192.923,6,192920098113,2496006,0
192.925,7,192922621119,2496006,0
192.928,8,192925144125,2469000,1
192.928,21,192925144125,2469000,1
192.93,18,192927611125,2469000,1
192.93,8,192927613125,2469000,1
192.933,14,192930098125,2469000,1
192.933,18,192930098125,2469000,1
192.935,18,192932592125,2496006,0
192.938,6,192935124131,2496006,0
192.94,22,192937656137,2496006,0
192.943,7,192940179143,2496006,0
192.945,18,192942738149,2496006,0
192.948,21,192945279155,2496006,0
192.95,14,192947811161,2496006,0
192.953,6,192950352167,2496006,0
192.955,10,192952875173,2469000,1
192.955,22,192952875173,2469000,1
192.955,14,192952875173,2469000,1
192.958,7,192955342173,2496006,0
192.96,22,192957883179,2496006,0
192.963,18,192960406185,2496006,0
192.965,7,192962929191,2469000,1
192.968,21,192965396191,2496006,0
192.971,6,192968232197,2496006,0
192.973,8,192970755203,2496006,0
192.976,22,192973296209,2496006,0
192.978,13,192975837215,2469000,1
192.978,17,192975837215,2469000,1
192.978,18,192975837215,2469000,1
192.981,14,192978304215,2496006,0
192.983,22,192980827221,2496006,0
192.986,21,192983350227,2496006,0
192.988,6,192985873233,2469000,1
192.988,14,192985873233,2469000,1
192.991,22,192988349233,2496006,0
192.993,8,192990890239,2496006,0
192.996,7,192993440245,2496006,0
192.999,22,192996276251,2496006,0
193.001,7,192998799257,2496006,0
193.004,21,193001322263,2496006,0
193.006,8,193003854269,2496006,0
193.009,7,193006386275,2496006,0
193.011,21,193008909281,2469000,1
193.011,22,193008909281,2469000,1
193.014,6,193011385281,2469000,1
193.014,14,193011385281,2469000,1
193.016,7,193013861281,2469000,1
193.019,18,193016337281,2496006,0
193.021,4,193018860287,2496006,0
193.024,1,193021383293,2469000,1
193.026,18,193023850293,2496006,0
193.029,8,193026382299,2496006,0
193.034,10,193031446311,2496006,0
193.036,18,193033969317,2496006,0
193.039,18,193036501323,2496006,0
193.042,15,193039024329,2496006,0
193.044,4,193041547335,2496006,0
193.047,22,193044079341,2496006,0
193.049,10,193046620347,2496006,0
193.052,8,193049152353,2496006,0
193.054,4,193051675359,2496006,0
193.057,21,193054207365,2496006,0
193.059,10,193056730371,2469000,1
193.059,22,193056730371,2469000,1
193.059,15,193056730371,2469000,1
193.059,3,193056730371,2469000,1
193.062,18,193059215371,2496006,0
193.064,15,193061738377,2496006,0
193.067,7,193064261383,2496006,0
193.069,15,193066793389,2496006,0
193.072,4,193069647395,2469000,1
193.072,8,193069647395,2469000,1
193.075,16,193072114395,2469000,1
193.075,21,193072114395,2469000,1
193.077,6,193074581395,2496006,0
193.08,15,193077104401,2496006,0
193.082,22,193079636407,2469000,1
193.082,6,193079636407,2469000,1
193.085,7,193082103407,2496006,0
193.087,18,193084626413,2469000,1
193.087,22,193084626413,2469000,1
193.092,10,193089634419,2496006,0
193.095,8,193092166425,2496006,0
193.097,15,193094689431,2496006,0
193.1,14,193097212437,2496006,0
193.103,7,193100048443,2469000,1
193.103,8,193100048443,2469000,1
193.105,15,193102542443,2469000,1
193.105,21,193102542443,2469000,1
193.108,10,193105018443,2496006,0
193.11,19,193107550449,2496006,0
193.113,4,193110091455,2496006,0
193.115,14,193112614461,2496006,0
193.118,10,193115137467,2469000,1
193.118,6,193115137467,2469000,1
193.12,18,193117649467,2496006,0
193.123,19,193120199473,2496006,0
193.125,8,193122722479,2469000,1
193.125,14,193122722479,2469000,1
193.128,4,193125189479,2496006,0
193.13,22,193127730485,2469000,1
193.13,4,193127730485,2469000,1
193.133,19,193130206485,2469000,1
193.133,7,193130206485,2469000,1
193.135,7,193132675485,2496006,0
193.138,18,193135198491,2469000,1
193.138,4,193135198491,2469000,1
193.14,15,193137683491,2469000,1
193.143,7,193140159491,2496006,0
193.145,7,193142682497,2496006,0
193.148,19,193145214503,2496006,0
193.15,19,193147737509,2496006,0
193.153,4,193150260515,2496006,0
193.155,10,193152783521,2496006,0
193.158,21,193155306527,2496006,0
193.16,6,193157829533,2469000,1
193.16,14,193157829533,2469000,1
193.163,4,193160323533,2469000,1
193.163,7,193160323533,2469000,1
193.165,10,193162826533,2469000,1
193.165,8,193162826533,2469000,1
193.168,19,193165302533,2496006,0
193.17,18,193167825539,2496006,0
193.173,21,193170366545,2469000,1
193.173,14,193170366545,2469000,1
193.173,7,193170366545,2469000,1
193.176,18,193173173551,2496006,0
193.178,18,193175714557,2496006,0
193.181,2,193178237563,2496006,0
193.183,15,193180760569,2496006,0
193.186,8,193183283575,2469000,1
193.186,19,193183283575,2469000,1
193.188,18,193185759575,2469000,1
193.191,6,193188226575,2496006,0
193.193,15,193190749581,2496006,0
193.196,4,193193272587,2496006,0
193.198,15,193195822593,2496006,0
193.201,21,193198345599,2496006,0
193.204,2,193201181605,2496006,0
193.206,10,193203740611,2469000,1
193.206,18,193203740611,2469000,1
193.209,22,193206207611,2469000,1
193.209,6,193206207611,2469000,1
193.211,4,193208692611,2496006,0
193.214,21,193211233617,2496006,0
193.216,7,193213756623,2496006,0
193.219,15,193216279629,2469000,1
193.219,2,193216279629,2469000,1
193.221,21,193218764629,2469000,1
193.221,4,193218764629,2469000,1
193.224,19,193221240629,2469000,1
193.224,10,193221240629,2469000,1
193.226,18,193223725629,2496006,0
193.229,10,193226248635,2496006,0
193.231,7,193228771641,2469000,1
193.231,18,193228771641,2469000,1
193.236,6,193233779647,2496006,0
193.239,18,193236320653,2496006,0
193.241,10,193238843659,2496006,0
193.244,19,193241366665,2496006,0
193.246,22,193243907671,2469000,1
193.246,2,193243907671,2469000,1
193.249,18,193246383671,2469000,1
193.249,7,193246383671,2469000,1
193.251,19,193248859671,2469000,1
193.251,6,193248859671,2469000,1
193.254,21,193251326671,2496006,0
193.256,7,193253858677,2496006,0
193.259,10,193256381683,2496006,0
193.261,15,193258913689,2469000,1
193.261,10,193258913689,2469000,1
193.264,14,193261380689,2496006,0
193.266,3,193263912695,2469000,1
193.266,4,193263912695,2469000,1
193.269,1,193266397695,2469000,1
193.269,6,193266397695,2469000,1
193.271,21,193268864695,2496006,0
193.274,21,193271387701,2496006,0
193.277,17,193274232707,2496006,0
193.279,19,193276764713,2496006,0
193.282,7,193279287719,2469000,1
193.282,14,193279287719,2469000,1
193.284,14,193281756719,2496006,0
193.287,16,193284279725,2469000,1
193.287,2,193284279725,2469000,1
193.289,7,193286746725,2496006,0
193.292,1,193289278731,2469000,1
193.292,6,193289278731,2469000,1
193.294,18,193291763731,2496006,0
193.297,19,193294286737,2496006,0
193.299,21,193296818743,2496006,0
193.302,17,193299341749,2496006,0
193.304,18,193301864755,2469000,1
193.304,10,193301864755,2469000,1
193.307,21,193304644761,2496006,0
193.31,7,193307176767,2496006,0
193.312,14,193309699773,2496006,0
193.315,19,193312222779,2469000,1
193.315,14,193312222779,2469000,1
193.317,7,193314725779,2496006,0
193.32,4,193317248785,2496006,0
193.322,21,193319789791,2469000,1
193.322,17,193319789791,2469000,1
193.325,10,193322256791,2469000,1
193.325,14,193322256791,2469000,1
193.327,4,193324723791,2469000,1
193.327,15,193324723791,2469000,1
193.327,19,193324723791,2469000,1
193.33,18,193327190791,2496006,0
193.332,1,193329722797,2496006,0
193.335,4,193332245803,2496006,0
193.337,7,193334768809,2496006,0
193.34,1,193337291815,2496006,0
193.342,17,193339832821,2496006,0
193.345,8,193342355827,2496006,0
193.347,18,193344887833,2469000,1
193.35,23,193347363833,2469000,1
193.35,21,193347363833,2469000,1
193.352,8,193349830833,2469000,1
193.352,4,193349830833,2469000,1
193.355,10,193352306833,2469000,1
193.355,8,193352306833,2469000,1
193.357,7,193354782833,2496006,0
193.36,9,193357314839,2469000,1
193.36,4,193357314839,2469000,1
193.362,1,193359781839,2496006,0
193.365,17,193362304845,2496006,0
193.367,21,193364836851,2496006,0
193.37,1,193367359857,2496006,0
193.372,7,193369882863,2469000,1
193.372,8,193369882863,2469000,1
193.375,18,193372349863,2496006,0
193.377,21,193374872869,2469000,1
193.377,18,193374872869,2469000,1
193.38,1,193377652875,2496006,0
193.383,18,193380184881,2496006,0
193.385,17,193382725887,2469000,1
193.385,18,193382725887,2469000,1
193.388,7,193385210887,2469000,1
193.388,21,193385210887,2469000,1
193.39,14,193387677887,2496006,0
193.393,1,193390209893,2496006,0
193.395,1,193392759899,2496006,0
193.398,14,193395300905,2469000,1
193.398,1,193395300905,2469000,1
193.4,14,193397794905,2496006,0
193.403,17,193400335911,2469000,1
193.405,18,193402802911,2496006,0
193.411,4,193408179923,2496006,0
193.413,19,193410702929,2496006,0
193.416,1,193413225935,2496006,0
193.418,14,193415757941,2496006,0
193.421,4,193418307947,2496006,0
193.423,1,193420839953,2469000,1
193.423,18,193420839953,2469000,1
193.426,19,193423315953,2496006,0
193.428,10,193425838959,2469000,1
193.428,18,193425838959,2469000,1
193.431,14,193428323959,2496006,0
193.433,14,193430864965,2496006,0
193.436,21,193433396971,2496006,0
193.438,19,193435919977,2496006,0
193.441,4,193438442983,2496006,0
193.443,17,193440965989,2469000,1
193.443,19,193440965989,2469000,1
193.446,19,193443441989,2496006,0
193.448,19,193446009995,2469000,1
193.448,14,193446009995,2469000,1
193.448,7,193446009995,2469000,1
193.451,4,193448476995,2496006,0
193.453,21,193451000001,2496006,0
193.456,4,193453523007,2496006,0
193.459,2,193456046013,2469000,1
193.459,15,193456046013,2469000,1
193.464,4,193461054019,2469000,1
193.464,2,193461054019,2469000,1
193.466,4,193463523019,2496006,0
193.469,1,193466046025,2496006,0
193.471,21,193468578031,2469000,1
193.471,6,193468578031,2469000,1
193.474,1,193471072031,2496006,0
193.476,4,193473595037,2469000,1
193.476,1,193473595037,2469000,1
193.479,19,193476062037,2496006,0
193.481,14,193478907043,2496006,0
193.484,20,193481439049,2496006,0
193.486,19,193483962055,2496006,0
193.489,19,193486485061,2496006,0
193.492,19,193489026067,2496006,0
193.494,14,193491558073,2496006,0
193.497,21,193494081079,2496006,0
193.499,8,193496622085,2496006,0
193.502,21,193499163091,2469000,1
193.502,20,193499163091,2469000,1
193.504,8,193501630091,2469000,1
193.504,21,193501632091,2469000,1
193.507,19,193504099091,2496006,0
193.509,18,193506640097,2469000,1
193.509,4,193506640097,2469000,1
193.509,1,193506640097,2469000,1
193.512,14,193509429103,2496006,0
193.517,19,193514511115,2496006,0
193.52,8,193517043121,2496006,0
193.522,1,193519566127,2496006,0
193.525,1,193522125133,2469000,1
193.525,20,193522125133,2469000,1
193.527,8,193524592133,2496006,0
193.53,14,193527115139,2496006,0
193.532,19,193529665145,2469000,1
193.532,1,193529665145,2469000,1
193.532,20,193529665145,2469000,1
193.535,15,193532141145,2496006,0
193.537,14,193534691151,2496006,0
193.54,8,193537214157,2496006,0
193.542,17,193539746163,2496006,0
193.545,19,193542278169,2469000,1
193.545,17,193542278169,2469000,1
193.547,21,193544745169,2496006,0
193.55,21,193547277175,2496006,0
193.552,15,193549800181,2469000,1
193.552,6,193549800181,2469000,1
193.555,7,193552276181,2496006,0
193.557,8,193554808187,2469000,1
193.557,14,193554808187,2469000,1
193.562,21,193559798193,2469000,1
193.562,11,193559798193,2469000,1
193.565,7,193562265193,2496006,0
193.567,14,193564806199,2496006,0
193.57,7,193567347205,2496006,0
193.572,20,193569897211,2496006,0
193.575,7,193572420217,2469000,1
193.575,4,193572420217,2469000,1
193.575,20,193572420217,2469000,1
193.577,21,193574896217,2496006,0
193.58,14,193577428223,2496006,0
193.582,17,193579951229,2496006,0
193.585,8,193582787235,2469000,1
193.585,14,193582787235,2469000,1
193.588,20,193585263235,2496006,0
193.59,17,193587786241,2496006,0
193.593,15,193590336247,2469000,1
193.593,7,193590336247,2469000,1
193.595,1,193592803247,2496006,0
193.598,19,193595335253,2469000,1
193.598,21,193595335253,2469000,1
193.598,8,193595335253,2469000,1
193.6,19,193597804253,2496006,0
193.603,20,193600345259,2469000,1
193.603,5,193600345259,2469000,1
193.605,14,193602812259,2469000,1
193.605,21,193602812259,2469000,1
193.608,19,193605279259,2469000,1
193.608,17,193605279259,2469000,1
193.61,1,193607746259,2496006,0
193.613,16,193610600265,2496006,0
193.616,7,193613132271,2496006,0
193.618,12,193615655277,2469000,1
193.618,7,193615655277,2469000,1
193.621,7,193618131277,2496006,0
193.623,21,193620654283,2469000,1
193.623,7,193620654283,2469000,1
193.626,1,193623121283,2496006,0
193.628,16,193625653289,2496006,0
193.631,19,193628185295,2496006,0
193.633,15,193630717301,2469000,1
193.633,17,193630717301,2469000,1
193.636,1,193633211301,2469000,1
193.636,18,193633211301,2469000,1
193.638,20,193635714301,2496006,0
193.641,16,193638255307,2469000,1
193.641,19,193638255307,2469000,1
193.641,1,193638255307,2469000,1
193.643,16,193640740307,2496006,0
193.646,7,193643263313,2469000,1
193.646,16,193643263313,2469000,1
193.648,20,193645775313,2496006,0
193.651,16,193648316319,2469000,1
193.651,20,193648316319,2469000,1
193.653,7,193650801319,2496006,0
193.656,1,193653333325,2496006,0
193.658,16,193655856331,2496006,0
193.661,7,193658388337,2496006,0
193.663,3,193660911343,2469000,1
193.663,1,193660911343,2469000,1
193.666,7,193663378343,2496006,0
193.668,17,193665910349,2469000,1
193.668,20,193665910349,2469000,1
193.671,19,193668377349,2496006,0
193.673,18,193670900355,2496006,0
193.676,7,193673432361,2496006,0
193.678,18,193675982367,2496006,0
193.681,14,193678505373,2469000,1
193.681,20,193678505373,2469000,1
193.683,16,193680972373,2469000,1
193.686,7,193683752379,2496006,0
193.689,19,193686293385,2496006,0
193.691,7,193688816391,2469000,1
193.694,18,193691283391,2496006,0
193.699,18,193696347403,2496006,0
193.701,19,193698888409,2496006,0
193.704,18,193701429415,2469000,1
193.704,3,193701429415,2469000,1
193.704,16,193701429415,2469000,1
193.706,1,193703896415,2496006,0
193.709,13,193706437421,2496006,0
193.711,7,193708969427,2496006,0
193.714,16,193711492433,2496006,0
193.717,16,193714346439,2496006,0
193.719,19,193716869445,2469000,1
193.719,18,193716869445,2469000,1
193.722,13,193719336445,2496006,0
193.724,18,193721859451,2496006,0
193.727,1,193724382457,2496006,0
193.729,21,193726905463,2496006,0
193.732,4,193729428469,2496006,0
193.734,4,193731951475,2496006,0
193.737,4,193734483481,2496006,0
193.739,15,193737015487,2469000,1
193.742,18,193739482487,2469000,1
193.742,13,193739482487,2469000,1
193.742,7,193739482487,2469000,1
193.744,16,193741949487,2496006,0
193.747,21,193744481493,2469000,1
193.747,1,193744481493,2469000,1
193.749,8,193746957493,2496006,0
193.752,16,193749489499,2496006,0
193.755,19,193752021505,2496006,0
193.757,4,193754562511,2469000,1
193.757,13,193754562511,2469000,1
193.76,16,193757047511,2496006,0
193.762,18,193759570517,2469000,1
193.762,7,193759570517,2469000,1
193.765,18,193762039517,2496006,0
193.767,1,193764562523,2496006,0
193.77,8,193767094529,2496006,0
193.772,4,193769635535,2496006,0
193.775,1,193772158541,2496006,0
193.777,19,193774681547,2496006,0
193.78,4,193777204553,2496006,0
193.782,18,193779727559,2496006,0
193.785,16,193782250565,2469000,1
193.785,1,193782250565,2469000,1
193.787,4,193784717565,2496006,0
193.79,21,193787553571,2496006,0
193.795,17,193792608583,2496006,0
193.798,8,193795131589,2469000,1
193.798,1,193795131589,2469000,1
193.8,20,193797598589,2496006,0
193.803,19,193800130595,2496006,0
193.805,13,193802662601,2469000,1
193.805,18,193802662601,2469000,1
193.805,4,193802662601,2469000,1
193.808,17,193805147601,2469000,1
193.808,8,193805147601,2469000,1
193.81,19,193807623601,2496006,0
193.813,20,193810146607,2469000,1
193.813,19,193810146607,2469000,1
193.815,21,193812613607,2496006,0
193.818,13,193815458613,2469000,1
193.818,19,193815458613,2469000,1
193.82,18,193817925613,2496006,0
193.823,21,193820457619,2496006,0
193.825,16,193822980625,2496006,0
193.828,17,193825503631,2496006,0
193.831,16,193828044637,2496006,0
193.833,18,193830567643,2496006,0
193.836,1,193833090649,2496006,0
193.838,18,193835640655,2469000,1
193.838,21,193835640655,2469000,1
193.838,8,193835640655,2469000,1
193.841,1,193838116655,2469000,1
193.841,20,193838116655,2469000,1
193.841,19,193838116655,2469000,1
193.843,4,193840583655,2469000,1
193.843,20,193840585655,2469000,1
193.846,17,193843061655,2469000,1
193.846,7,193843061655,2469000,1
193.848,16,193845528655,2496006,0
193.851,14,193848060661,2496006,0
193.853,18,193850583667,2469000,1
193.853,16,193850583667,2469000,1
193.856,17,193853050667,2496006,0
193.858,16,193855573673,2496006,0
193.861,1,193858105679,2469000,1
193.861,4,193858105679,2469000,1
193.863,14,193860581679,2496006,0
193.866,5,193863131685,2496006,0
193.868,17,193865663691,2469000,1
193.868,16,193865663691,2469000,1
193.871,14,193868130691,2496006,0
193.873,17,193870653697,2496006,0
193.876,5,193873185703,2469000,1
193.876,21,193873185703,2469000,1
193.878,15,193875652703,2469000,1
193.878,14,193875652703,2469000,1
193.881,18,193878128703,2496006,0
193.883,16,193880660709,2496006,0
193.886,17,193883183715,2496006,0
193.888,17,193885733721,2496006,0
193.891,16,193888569727,2469000,1
193.891,14,193888569727,2469000,1
193.891,17,193888569727,2469000,1
193.894,4,193891045727,2496006,0
193.896,18,193893577733,2496006,0
193.899,20,193896100739,2469000,1
193.899,4,193896100739,2469000,1
193.901,21,193898603739,2496006,0
193.904,18,193901126745,2469000,1
193.904,21,193901126745,2469000,1
193.909,5,193906188751,2496006,0
193.911,1,193908711757,2496006,0
193.914,16,193911261763,2496006,0
193.916,17,193913793769,2496006,0
193.919,4,193916316775,2496006,0
193.922,21,193919152781,2496006,0
193.924,1,193921675787,2469000,1
193.924,4,193921675787,2469000,1
193.927,17,193924151787,2469000,1
193.927,5,193924151787,2469000,1
193.927,19,193924151787,2469000,1
193.929,17,193926645787,2496006,0
193.932,18,193929168793,2496006,0
193.934,16,193931700799,2496006,0
193.937,21,193934223805,2469000,1
193.937,17,193934223805,2469000,1
193.939,18,193936699805,2496006,0
193.942,1,193939240811,2469000,1
193.942,5,193939240811,2469000,1
193.944,7,193941743811,2469000,1
193.944,16,193941743811,2469000,1
193.947,17,193944210811,2496006,0
193.949,14,193946742817,2496006,0
193.954,18,193951815829,2496006,0
193.957,4,193954338835,2496006,0
193.959,11,193956870841,2496006,0
193.962,18,193959411847,2469000,1
193.962,2,193959411847,2469000,1
193.962,21,193959411847,2469000,1
193.962,5,193959411847,2469000,1
193.964,17,193961878847,2496006,0
193.967,16,193964419853,2469000,1
193.967,14,193964419853,2469000,1
193.969,17,193966886853,2496006,0
193.972,16,193969409859,2496006,0
193.974,18,193971932865,2496006,0
193.977,8,193974464871,2469000,1
193.977,4,193974464871,2469000,1
193.977,17,193974464871,2469000,1
193.979,11,193976949871,2496006,0
193.982,21,193979472877,2496006,0
193.985,1,193982004883,2496006,0
193.987,9,193984545889,2469000,1
193.987,1,193984545889,2469000,1
193.99,16,193987021889,2496006,0
193.992,17,193989553895,2496006,0
193.995,18,193992389901,2496006,0
193.997,11,193994912907,2469000,1
193.997,18,193994912907,2469000,1
194,14,193997397907,2469000,1
194,1,193997397907,2469000,1
194.002,17,193999864907,2469000,1
194.002,21,193999864907,2469000,1
194.005,18,194002349907,2496006,0
194.007,1,194004881913,2469000,1
194.007,17,194004881913,2469000,1
194.01,16,194007357913,2496006,0
194.012,21,194009880919,2496006,0
194.015,11,194012403925,2496006,0
194.017,4,194014953931,2496006,0
194.02,4,194017485937,2496006,0
194.023,18,194020339943,2496006,0
194.025,11,194022862949,2469000,1
194.025,21,194022862949,2469000,1
194.028,14,194025338949,2496006,0
194.03,16,194027870955,2496006,0
194.033,14,194030411961,2469000,1
194.033,10,194030411961,2469000,1
194.033,4,194030411961,2469000,1
194.035,4,194032887961,2496006,0
194.038,4,194035410967,2496006,0
194.043,16,194040456979,2469000,1
194.043,18,194040456979,2469000,1
194.045,11,194042986979,2496006,0
194.048,21,194045527985,2469000,1
194.048,4,194045527985,2469000,1
194.05,5,194048003985,2469000,1
194.05,16,194048003985,2469000,1
194.053,21,194050488985,2496006,0
194.055,11,194053011991,2469000,1
194.055,14,194053011991,2469000,1
194.055,18,194053011991,2469000,1
194.058,1,194055487991,2496006,0
194.061,17,194058010997,2496006,0
194.063,11,194060534003,2496006,0
194.066,6,194063102009,2496006,0
194.068,4,194065625015,2496006,0
194.071,21,194068148021,2496006,0
194.073,21,194070671027,2496006,0
194.076,17,194073194033,2469000,1
194.076,1,194073194033,2469000,1
194.076,4,194073194033,2469000,1
194.081,22,194078184039,2469000,1
194.081,13,194078184039,2469000,1
194.083,17,194080669039,2469000,1
194.083,13,194080669039,2469000,1
194.086,11,194083136039,2496006,0
194.088,6,194085704045,2496006,0
194.091,8,194088236051,2496006,0
194.093,21,194090759057,2496006,0
194.096,14,194093595063,2496006,0
194.099,11,194096118069,2496006,0
194.101,15,194098641075,2469000,1
194.101,21,194098641075,2469000,1
194.104,8,194101117075,2496006,0
194.106,11,194103640081,2496006,0
194.109,2,194106163087,2496006,0
194.111,1,194108686093,2496006,0
194.114,11,194111227099,2496006,0
194.116,16,194113750105,2469000,1
194.116,6,194113750105,2469000,1
194.119,21,194116226105,2469000,1
194.119,11,194116226105,2469000,1
194.121,8,194118693105,2469000,1
194.121,14,194118693105,2469000,1
194.124,2,194121160105,2469000,1
194.124,4,194121160105,2469000,1
194.124,14,194121162105,2469000,1
194.126,7,194123942111,2496006,0
194.129,17,194126465117,2496006,0
194.131,2,194128997123,2469000,1
194.131,17,194128997123,2469000,1
194.134,20,194131482123,2469000,1
194.134,1,194131482123,2469000,1
194.134,6,194131482123,2469000,1
194.136,11,194134003123,2496006,0
194.139,18,194136526129,2496006,0
194.142,7,194139049135,2496006,0
194.144,7,194141572141,2496006,0
194.147,17,194144131147,2496006,0
194.149,1,194146681153,2496006,0
194.152,8,194149204159,2496006,0
194.154,6,194151727165,2496006,0
194.157,17,194154250171,2469000,1
194.157,11,194154250171,2469000,1
194.159,7,194156717171,2469000,1
194.159,18,194156717171,2469000,1
194.162,20,194159184171,2496006,0
194.164,19,194161707177,2496006,0
194.167,21,194164230183,2496006,0
194.169,19,194166753189,2469000,1
194.172,1,194169220189,2496006,0
194.174,6,194171743195,2496006,0
194.177,8,194174266201,2496006,0
194.179,20,194176807207,2496006,0
194.182,20,194179330213,2496006,0
194.184,21,194181853219,2469000,1
194.184,19,194181853219,2469000,1
194.187,11,194184329219,2496006,0
194.189,20,194186852225,2469000,1
194.189,21,194186852225,2469000,1
194.192,1,194189319225,2469000,1
194.192,17,194189319225,2469000,1
194.192,18,194189319225,2469000,1
194.194,8,194191795225,2469000,1
194.194,6,194191795225,2469000,1
194.197,5,194194262225,2496006,0
194.2,6,194197098231,2496006,0
194.202,14,194199621237,2496006,0
194.205,11,194202180243,2496006,0
194.207,5,194204712249,2496006,0
194.21,21,194207244255,2496006,0
194.212,1,194209767261,2496006,0
194.215,7,194212290267,2496006,0
194.217,18,194214813273,2469000,1
194.217,6,194214813273,2469000,1
194.22,4,194217280273,2469000,1
194.22,19,194217280273,2469000,1
194.222,21,194219747273,2469000,1
194.222,11,194219747273,2469000,1
194.222,14,194219747273,2469000,1
194.222,1,194219747273,2469000,1
194.225,5,194222214273,2496006,0
194.228,2,194225050279,2496006,0
194.233,8,194230096291,2496006,0
194.235,22,194232619297,2496006,0
194.238,5,194235142303,2469000,1
194.238,20,194235142303,2469000,1
194.238,11,194235142303,2469000,1
194.238,8,194235142303,2469000,1
194.24,22,194237636303,2469000,1
194.24,2,194237636303,2469000,1
194.24,1,194237636303,2469000,1
194.243,8,194240103303,2496006,0
194.245,7,194242626309,2496006,0
194.248,11,194245149315,2496006,0
194.25,6,194247672321,2469000,1
194.25,4,194247672321,2469000,1
194.25,8,194247672321,2469000,1
194.253,14,194250139321,2496006,0
194.255,5,194252689327,2469000,1
194.255,14,194252689327,2469000,1
194.258,21,194255156327,2496006,0
194.26,7,194257697333,2469000,1
194.26,2,194257697333,2469000,1
194.263,14,194260182333,2496006,0
194.265,11,194262714339,2469000,1
194.265,14,194262714339,2469000,1
194.268,17,194265181339,2496006,0
194.27,16,194267713345,2469000,1
194.27,22,194267713345,2469000,1
194.27,21,194267713345,2469000,1
194.27,11,194267713345,2469000,1
194.27,17,194267713345,2469000,1
194.273,21,194270297345,2469000,1
194.273,17,194270297345,2469000,1
194.275,8,194272764345,2469000,1
194.278,14,194275231345,2496006,0
194.28,20,194277781351,2496006,0
194.283,6,194280313357,2469000,1
194.283,7,194280313357,2469000,1
194.283,21,194280313357,2469000,1
194.285,14,194282798357,2496006,0
194.288,5,194285330363,2496006,0
194.29,2,194287871369,2469000,1
194.29,5,194287871369,2469000,1
194.293,20,194290347369,2496006,0
194.295,22,194292879375,2496006,0
194.298,1,194295438381,2469000,1
194.298,14,194295438381,2469000,1
194.301,8,194298227387,2496006,0
194.303,20,194300750393,2496006,0
194.306,17,194303291399,2496006,0
194.308,8,194305832405,2469000,1
194.308,22,194305832405,2469000,1
194.313,7,194310822411,2469000,1
194.313,21,194310822411,2469000,1
194.316,20,194313307411,2469000,1
194.316,2,194313307411,2469000,1
194.318,5,194315783411,2496006,0
194.321,22,194318306417,2469000,1
194.321,20,194318306417,2469000,1
194.323,11,194320773417,2469000,1
194.323,17,194320773417,2469000,1
194.326,8,194323258417,2496006,0
194.328,8,194325817423,2496006,0
194.331,22,194328662429,2496006,0
194.334,19,194331185435,2496006,0
194.336,14,194333708441,2469000,1
194.336,19,194333708441,2469000,1
194.339,5,194336184441,2496006,0
194.341,8,194338707447,2496006,0
194.344,5,194341230453,2496006,0
194.346,8,194343753459,2496006,0
194.351,22,194348817471,2469000,1
194.351,17,194348817471,2469000,1
194.354,21,194351293471,2496006,0
194.356,5,194353843477,2469000,1
194.356,22,194353843477,2469000,1
194.359,19,194356310477,2496006,0
194.361,8,194358833483,2469000,1
194.361,22,194358833483,2469000,1
194.364,18,194361300483,2496006,0
194.366,5,194363823489,2496006,0
194.369,7,194366346495,2496006,0
194.371,21,194368869501,2469000,1
194.371,5,194368869501,2469000,1
194.374,20,194371336501,2496006,0
194.376,14,194373877507,2496006,0
194.379,19,194376400513,2496006,0
194.381,18,194378932519,2496006,0
194.384,8,194381455525,2469000,1
194.384,14,194381455525,2469000,1
194.386,1,194383922525,2469000,1
194.386,18,194383922525,2469000,1
194.389,7,194386389525,2496006,0
194.391,18,194388921531,2496006,0
194.394,20,194391462537,2496006,0
194.396,14,194393985543,2496006,0
194.402,19,194399049555,2496006,0
194.404,14,194401894561,2469000,1
194.404,18,194401894561,2469000,1
194.407,20,194404370561,2496006,0
194.409,5,194406893567,2496006,0
194.412,19,194409416573,2469000,1
194.412,17,194409416573,2469000,1
194.412,7,194409416573,2469000,1
194.414,21,194411892573,2469000,1
194.414,1,194411892573,2469000,1
194.417,19,194414395573,2496006,0
194.419,20,194416954579,2496006,0
194.422,5,194419477585,2496006,0
194.424,5,194422000591,2496006,0
194.427,19,194424532597,2496006,0
194.43,18,194427064603,2469000,1
194.43,7,194427064603,2469000,1
194.432,20,194429871609,2496006,0
194.435,6,194432403615,2469000,1
194.435,14,194432403615,2469000,1
194.437,8,194434888615,2469000,1
194.437,19,194434888615,2469000,1
194.44,5,194437355615,2469000,1
194.442,20,194439831615,2496006,0
194.445,6,194442399621,2496006,0
194.447,20,194444922627,2496006,0
194.45,6,194447445633,2496006,0
194.452,5,194449977639,2496006,0
194.455,4,194452500645,2496006,0
194.458,6,194455032651,2469000,1
194.458,11,194455032651,2469000,1
194.458,14,194455032651,2469000,1
194.46,20,194457517651,2469000,1
194.46,19,194457517651,2469000,1
194.463,5,194460011651,2496006,0
194.465,11,194462561657,2496006,0
194.468,5,194465102663,2469000,1
194.468,23,194465102663,2469000,1
194.468,2,194465102663,2469000,1
194.468,4,194465102663,2469000,1
194.47,7,194467569663,2496006,0
194.473,20,194470092669,2469000,1
194.475,11,194472559669,2496006,0
194.478,7,194475082675,2496006,0
194.48,21,194477614681,2496006,0
194.483,23,194480146687,2496006,0
194.485,21,194482678693,2496006,0
194.488,18,194485210699,2496006,0
194.49,11,194487742705,2469000,1
194.49,14,194487742705,2469000,1
194.49,5,194487742705,2469000,1
194.493,6,194490209705,2496006,0
194.495,7,194492732711,2469000,1
194.495,18,194492732711,2469000,1
194.498,19,194495199711,2496006,0
194.5,21,194497731717,2469000,1
194.5,17,194497731717,2469000,1
194.503,23,194500234717,2469000,1
194.503,11,194500234717,2469000,1
194.506,20,194503023723,2496006,0
194.508,16,194505546729,2496006,0
194.511,6,194508078735,2469000,1
194.513,4,194510554735,2469000,1
194.513,16,194510554735,2469000,1
194.515,19,194513030735,2469000,1
194.518,22,194515497735,2496006,0
194.521,1,194518020741,2496006,0
194.523,16,194520543747,2469000,1
194.523,1,194520543747,2469000,1
194.526,20,194523010747,2496006,0
194.531,21,194528083759,2496006,0
194.533,6,194530606765,2496006,0
194.536,5,194533442771,2496006,0
194.538,18,194535965777,2496006,0
194.541,7,194538497783,2469000,1
194.541,1,194538497783,2469000,1
194.543,20,194540964783,2469000,1
194.543,22,194540964783,2469000,1
194.546,8,194543440783,2496006,0
194.548,23,194545963789,2469000,1
194.548,4,194545963789,2469000,1
194.548,6,194545963789,2469000,1
194.548,7,194545963789,2469000,1
194.551,8,194548430789,2496006,0
194.553,18,194550971795,2496006,0
194.556,8,194553503801,2469000,1
194.556,21,194553503801,2469000,1
194.556,18,194553503801,2469000,1
194.558,16,194555979801,2469000,1
194.558,5,194555979801,2469000,1
194.558,22,194555979801,2469000,1
194.558,8,194555979801,2469000,1
194.558,21,194555979801,2469000,1
194.561,6,194558446801,2496006,0
194.563,22,194560969807,2496006,0
194.566,19,194563501813,2496006,0
194.569,6,194566051819,2469000,1
194.569,1,194566051819,2469000,1
194.571,19,194568518819,2496006,0
194.574,7,194571041825,2469000,1
194.574,16,194571041825,2469000,1
194.576,20,194573508825,2496006,0
194.579,23,194576031831,2469000,1
194.579,19,194576031831,2469000,1
194.581,22,194578543831,2496006,0
194.584,6,194581084837,2496006,0
194.586,11,194583625843,2469000,1
194.586,16,194583625843,2469000,1
194.586,19,194583625843,2469000,1
194.589,6,194586101843,2469000,1
194.589,5,194586101843,2469000,1
194.589,20,194586101843,2469000,1
194.591,22,194588568843,2496006,0
194.594,1,194591100849,2496006,0
194.596,18,194593623855,2496006,0
194.599,22,194596146861,2496006,0
194.601,1,194598669867,2496006,0
194.604,18,194601246873,2496006,0
194.606,8,194603769879,2496006,0
194.609,22,194606632885,2469000,1
194.612,1,194609117885,2496006,0
194.614,18,194611685891,2496006,0
194.617,6,194614208897,2469000,1
194.617,20,194614208897,2469000,1
194.617,22,194614208897,2469000,1
194.619,8,194616684897,2496006,0
194.622,18,194619225903,2496006,0
194.624,1,194621748909,2496006,0
194.627,20,194624289915,2496006,0
194.629,21,194626812921,2469000,1
194.629,20,194626812921,2469000,1
194.632,5,194629279921,2496006,0
194.634,18,194631802927,2469000,1
194.634,8,194631802927,2469000,1
194.634,5,194631802927,2469000,1
194.637,19,194634582933,2469000,1
194.637,20,194634582933,2469000,1
194.637,8,194634582933,2469000,1
194.64,1,194637058933,2496006,0
194.642,5,194639581939,2496006,0
194.647,1,194644672951,2496006,0
194.65,22,194647213957,2496006,0
194.652,18,194649736963,2496006,0
194.655,12,194652259969,2496006,0
194.657,5,194654791975,2496006,0
194.66,5,194657350981,2469000,1
194.66,22,194657350981,2469000,1
194.662,1,194659817981,2469000,1
194.662,19,194659817981,2469000,1
194.665,22,194662284981,2496006,0
194.667,12,194664834987,2496006,0
194.67,22,194667357993,2469000,1
194.67,18,194667357993,2469000,1
194.672,4,194669851993,2469000,1
194.675,1,194672318993,2496006,0
194.677,5,194674850999,2496006,0
194.68,1,194677374005,2496006,0
194.682,12,194679897011,2496006,0
194.685,20,194682420017,2496006,0
194.687,5,194684961023,2496006,0
194.69,20,194687502029,2496006,0
194.693,1,194690034035,2469000,1
194.693,18,194690034035,2469000,1
194.695,6,194692501035,2496006,0
194.698,12,194695033041,2496006,0
194.7,1,194697556047,2496006,0
194.703,8,194700097053,2496006,0
194.705,22,194702620059,2496006,0
194.708,5,194705143065,2469000,1
194.708,20,194705143065,2469000,1
194.713,1,194710455077,2496006,0
194.715,22,194712978083,2496006,0
194.718,6,194715501089,2469000,1
194.718,11,194715501089,2469000,1
194.72,18,194717968089,2496006,0
194.723,18,194720491095,2496006,0
194.726,12,194723032101,2496006,0
194.728,8,194725573107,2496006,0
194.731,23,194728105113,2469000,1
194.731,22,194728105113,2469000,1
194.733,1,194730581113,2496006,0
194.736,8,194733113119,2469000,1
194.736,12,194733113119,2469000,1
194.738,3,194735589119,2469000,1
194.738,1,194735589119,2469000,1
194.741,18,194738378125,2496006,0
194.743,12,194740901131,2496006,0
194.746,6,194743424137,2496006,0
194.748,8,194745947143,2469000,1
194.748,18,194745947143,2469000,1
194.751,3,194748414143,2496006,0
194.753,18,194750937149,2496006,0
194.756,20,194753460155,2496006,0
194.758,5,194755983161,2496006,0
194.764,5,194761029173,2496006,0
194.766,6,194763552179,2496006,0
194.769,12,194766084185,2496006,0
194.771,3,194768607191,2496006,0
194.774,20,194771139197,2496006,0
194.776,18,194773662203,2496006,0
194.779,22,194776185209,2496006,0
194.781,6,194778708215,2496006,0
194.784,12,194781231221,2496006,0
194.786,1,194783754227,2496006,0
194.789,8,194786286233,2496006,0
194.791,5,194788818239,2496006,0
194.794,22,194791341245,2496006,0
194.796,1,194793864251,2469000,1
194.796,5,194793864251,2469000,1
194.799,3,194796331251,2496006,0
194.801,8,194798854257,2469000,1
194.801,21,194798854257,2469000,1
194.804,20,194801321257,2496006,0
194.806,18,194803844263,2469000,1
194.806,3,194803844263,2469000,1
194.809,6,194806320263,2496006,0
194.811,12,194808852269,2496006,0
194.814,6,194811697275,2496006,0
194.817,6,194814229281,2496006,0
194.819,10,194816761287,2496006,0
194.822,12,194819284293,2469000,1
194.822,22,194819284293,2469000,1
194.824,20,194821751293,2469000,1
194.824,6,194821751293,2469000,1
194.827,13,194824218293,2469000,1
194.827,3,194824218293,2469000,1
194.827,10,194824218293,2469000,1
194.829,5,194826694293,2469000,1
194.832,1,194829179293,2496006,0
194.834,5,194831720299,2496006,0
194.837,18,194834252305,2469000,1
194.837,22,194834252305,2469000,1
194.839,1,194836746305,2469000,1
194.839,8,194836746305,2469000,1
194.842,5,194839526311,2496006,0
194.845,10,194842067317,2496006,0
194.847,14,194844608323,2469000,1
194.847,3,194844608323,2469000,1
194.85,17,194847084323,2469000,1
194.85,12,194847084323,2469000,1
194.85,6,194847084323,2469000,1
194.852,20,194849596323,2469000,1
194.852,10,194849596323,2469000,1
194.855,5,194852072323,2496006,0
194.857,23,194854622329,2469000,1
194.857,22,194854622329,2469000,1
194.86,5,194857089329,2496006,0
194.862,20,194859675335,2496006,0
194.865,1,194862198341,2496006,0
194.867,12,194864748347,2496006,0
194.87,5,194867271353,2469000,1
194.87,22,194867271353,2469000,1
194.872,10,194869738353,2496006,0
194.875,6,194872261359,2496006,0
194.877,20,194874793365,2469000,1
194.877,7,194874793365,2469000,1
194.877,6,194874793365,2469000,1
194.88,18,194877260365,2496006,0
194.882,8,194879783371,2496006,0
194.885,6,194882306377,2496006,0
194.887,1,194884856383,2496006,0
194.89,12,194887388389,2496006,0
194.892,6,194889920395,2469000,1
194.892,10,194889920395,2469000,1
194.895,18,194892387395,2496006,0
194.897,12,194894910401,2496006,0
194.9,8,194897433407,2496006,0
194.902,13,194899974413,2469000,1
194.902,12,194899974413,2469000,1
194.905,8,194902468413,2469000,1
194.905,13,194902468413,2469000,1
194.907,18,194904935413,2496006,0
194.91,1,194907458419,2469000,1
194.91,18,194907458419,2469000,1
194.912,10,194909925419,2496006,0
194.915,20,194912761425,2496006,0
194.918,5,194915293431,2469000,1
194.92,1,194917769431,2469000,1
194.923,13,194920236431,2496006,0
194.925,12,194922759437,2469000,1
194.925,18,194922759437,2469000,1
194.928,8,194925226437,2496006,0
194.93,2,194927758443,2469000,1
194.93,8,194927758443,2469000,1
194.935,10,194932757449,2496006,0
194.938,20,194935280455,2496006,0
194.94,6,194937821461,2496006,0
194.943,4,194940353467,2496006,0
194.946,13,194943189473,2496006,0
194.948,20,194945712479,2496006,0
194.951,7,194948244485,2496006,0
194.953,3,194950776491,2496006,0
194.956,4,194953299497,2496006,0
194.958,7,194955822503,2496006,0
194.961,3,194958345509,2496006,0
194.963,5,194960868515,2469000,1
194.963,10,194960868515,2469000,1
194.966,6,194963335515,2496006,0
194.968,20,194965858521,2496006,0
194.971,13,194968381527,2496006,0
194.973,8,194970913533,2496006,0
194.976,13,194973445539,2496006,0
194.978,16,194975977545,2496006,0
194.981,3,194978500551,2496006,0
194.983,6,194981023557,2469000,1
194.983,7,194981023557,2469000,1
194.986,3,194983490557,2496006,0
194.988,20,194986013563,2469000,1
194.988,12,194986013563,2469000,1
194.988,4,194986013563,2469000,1
194.988,3,194986013563,2469000,1
194.991,14,194988489563,2469000,1
194.991,3,194988489563,2469000,1
194.993,8,194990956563,2496006,0
194.996,13,194993479569,2496006,0
195.001,18,194998525581,2496006,0
195.004,16,195001048587,2496006,0
195.006,8,195003571593,2469000,1
195.006,13,195003571593,2469000,1
195.009,10,195006038593,2496006,0
195.011,20,195008570599,2496006,0
195.014,10,195011093605,2496006,0
195.016,16,195013625611,2469000,1
195.016,13,195013625611,2469000,1
195.019,18,195016414617,2469000,1
195.019,10,195016414617,2469000,1
195.021,6,195018881617,2496006,0
195.024,22,195021404623,2496006,0
195.026,16,195023936629,2496006,0
195.029,1,195026468635,2469000,1
195.029,10,195026468635,2469000,1
195.031,22,195028935635,2496006,0
195.034,18,195031458641,2496006,0
195.036,4,195033999647,2469000,1
195.036,8,195033999647,2469000,1
195.036,20,195033999647,2469000,1
195.039,7,195036475647,2496006,0
195.041,6,195038998653,2496006,0
195.044,16,195041521659,2496006,0
195.047,20,195044357665,2469000,1
195.047,6,195044357665,2469000,1
195.049,19,195046851665,2469000,1
195.049,11,195046851665,2469000,1
195.049,18,195046851665,2469000,1
195.052,7,195049318665,2496006,0
195.054,22,195051850671,2469000,1
195.054,8,195051850671,2469000,1
195.054,16,195051850671,2469000,1
195.057,11,195054335671,2496006,0
195.059,22,195056858677,2496006,0
195.062,6,195059381683,2496006,0
195.064,4,195061958689,2469000,1
195.067,7,195064425689,2496006,0
195.069,10,195066957695,2496006,0
195.072,7,195069480701,2496006,0
195.075,22,195072012707,2496006,0
195.077,12,195074535713,2469000,1
195.077,11,195074535713,2469000,1
195.077,7,195074535713,2469000,1
195.079,6,195077002713,2496006,0
195.082,5,195079534719,2469000,1
195.082,13,195079534719,2469000,1
195.085,3,195082010719,2496006,0
195.087,10,195084533725,2469000,1
195.087,18,195084533725,2469000,1
195.089,6,195087000725,2469000,1
195.089,16,195087000725,2469000,1
195.092,22,195089467725,2496006,0
195.094,3,195091999731,2496006,0
195.097,6,195094522737,2496006,0
195.1,16,195097045743,2496006,0
195.102,22,195099568749,2496006,0
195.105,8,195102109755,2469000,1
195.105,11,195102109755,2469000,1
195.105,22,195102109755,2469000,1
195.107,11,195104578755,2496006,0
195.11,3,195107101761,2496006,0
195.112,3,195109624767,2496006,0
195.115,11,195112165773,2469000,1
195.115,16,195112165773,2469000,1
195.117,7,195114632773,2496006,0
195.12,20,195117468779,2496006,0
195.122,6,195119991785,2496006,0
195.125,3,195122514791,2496006,0
195.128,11,195125037797,2496006,0
195.13,3,195127569803,2496006,0
195.133,7,195130110809,2496006,0
195.135,10,195132633815,2496006,0
195.138,11,195135156821,2496006,0
195.14,16,195137697827,2496006,0
195.143,22,195140220833,2496006,0
195.148,10,195145266845,2469000,1
195.148,9,195145266845,2469000,1
195.148,20,195145266845,2469000,1
195.148,22,195145266845,2469000,1
195.151,1,195148046851,2469000,1
195.151,6,195148046851,2469000,1
195.153,7,195150513851,2496006,0
195.156,3,195153036857,2496006,0
195.158,3,195155559863,2496006,0
195.161,9,195158082869,2496006,0
195.163,16,195160605875,2469000,1
195.163,6,195160605875,2469000,1
195.166,9,195163072875,2496006,0
195.168,11,195165604881,2496006,0
195.171,9,195168127887,2496006,0
195.173,11,195170650893,2496006,0
195.176,3,195173173899,2496006,0
195.178,5,195175714905,2496006,0
195.181,7,195178246911,2496006,0
195.183,10,195180769917,2496006,0
195.186,5,195183292923,2469000,1
195.186,10,195183292923,2469000,1
195.188,21,195185759923,2469000,1
195.188,18,195185759923,2469000,1
195.191,20,195188226923,2496006,0
195.193,3,195190749929,2469000,1
195.193,22,195190749929,2469000,1
195.193,5,195190749929,2469000,1
195.196,20,195193216929,2496006,0
195.198,11,195195739935,2496006,0
195.201,9,195198262941,2496006,0
195.203,9,195200794947,2496006,0
195.206,20,195203335953,2469000,1
195.206,22,195203335953,2469000,1
195.208,7,195205802953,2496006,0
195.211,1,195208325959,2496006,0
195.213,6,195210848965,2496006,0
195.216,6,195213371971,2496006,0
195.218,16,195215894977,2496006,0
195.221,1,195218435983,2469000,1
195.221,22,195218435983,2469000,1
195.224,7,195221215989,2496006,0
195.226,11,195223738995,2496006,0
195.229,6,195226271001,2469000,1
195.229,10,195226271001,2469000,1
195.229,9,195226271001,2469000,1
195.231,4,195228747001,2469000,1
195.231,20,195228747001,2469000,1
195.234,7,195231223001,2496006,0
195.236,3,195233746007,2469000,1
195.236,16,195233746007,2469000,1
195.239,11,195236222007,2496006,0
195.241,5,195238745013,2496006,0
195.244,20,195241268019,2469000,1
195.244,5,195241268019,2469000,1
195.246,7,195243735019,2496006,0
195.249,9,195246258025,2496006,0
195.252,7,195249094031,2469000,1
195.254,9,195251570031,2496006,0
195.257,6,195254093037,2469000,1
195.257,16,195254093037,2469000,1
195.259,3,195256578037,2496006,0
195.262,1,195259101043,2496006,0
195.264,19,195261624049,2496006,0
195.267,9,195264147055,2469000,1
195.267,11,195264147055,2469000,1
195.269,3,195266614055,2496006,0
195.272,13,195269137061,2496006,0
195.274,3,195271669067,2496006,0
195.277,13,195274192073,2496006,0
195.279,11,195276715079,2496006,0
195.282,18,195279238085,2469000,1
195.282,19,195279238085,2469000,1
195.284,19,195281723085,2496006,0
195.287,19,195284264091,2496006,0
195.289,1,195286787097,2496006,0
195.292,3,195289319103,2496006,0
195.294,5,195291842109,2496006,0
195.297,7,195294374115,2496006,0
195.299,11,195296897121,2496006,0
195.302,8,195299420127,2469000,1
195.302,13,195299420127,2469000,1
195.304,3,195301896127,2469000,1
195.304,15,195301896127,2469000,1
195.304,6,195301896127,2469000,1
195.307,19,195304363127,2469000,1
195.307,9,195304363127,2469000,1
195.309,10,195306857127,2496006,0
195.312,1,195309380133,2496006,0
195.314,7,195311903139,2469000,1
195.314,5,195311903139,2469000,1
195.317,11,195314388139,2496006,0
195.319,16,195316911145,2496006,0
195.322,20,195319434151,2496006,0
195.325,19,195322279157,2469000,1
195.325,1,195322279157,2469000,1
195.327,11,195324746157,2496006,0
195.33,11,195327269163,2496006,0
195.332,16,195329819169,2469000,1
195.332,9,195329819169,2469000,1
195.332,10,195329819169,2469000,1
195.335,20,195332286169,2496006,0
195.337,11,195334809175,2496006,0
195.34,13,195337341181,2496006,0
195.342,3,195339864187,2496006,0
195.345,7,195342396193,2496006,0
195.347,13,195344928199,2469000,1
195.347,10,195344928199,2469000,1
195.35,3,195347395199,2496006,0
195.352,3,195349918205,2496006,0
195.355,20,195352763211,2496006,0
195.358,11,195355286217,2496006,0
195.36,10,195357809223,2496006,0
195.363,7,195360350229,2469000,1
195.365,5,195362817229,2496006,0
195.368,10,195365358235,2496006,0
195.37,11,195367881241,2469000,1
195.37,22,195367881241,2469000,1
195.37,10,195367881241,2469000,1
195.373,1,195370348241,2469000,1
195.373,3,195370348241,2469000,1
195.375,20,195372815241,2496006,0
195.378,13,195375356247,2469000,1
195.378,11,195375356247,2469000,1
195.38,16,195377841247,2496006,0
195.383,16,195380364253,2496006,0
195.385,7,195382896259,2469000,1
195.385,10,195382896259,2469000,1
195.388,5,195385363259,2496006,0
195.39,9,195387886265,2496006,0
195.393,20,195390418271,2496006,0
195.395,11,195392941277,2496006,0
195.398,16,195395464283,2496006,0
195.4,19,195398005289,2469000,1
195.4,3,195398005289,2469000,1
195.403,11,195400481289,2469000,1
195.403,13,195400481289,2469000,1
195.405,9,195402948289,2496006,0
195.408,16,195405480295,2496006,0
195.41,20,195408012301,2469000,1
195.41,5,195408012301,2469000,1
195.413,9,195410515301,2496006,0
195.416,13,195413065307,2496006,0
195.418,1,195415588313,2496006,0
195.421,20,195418111319,2469000,1
195.421,13,195418111319,2469000,1
195.423,3,195420587319,2469000,1
195.423,16,195420587319,2469000,1
195.426,9,195423054319,2469000,1
195.426,12,195423054319,2469000,1
195.426,18,195423054319,2469000,1
195.428,10,195425852325,2496006,0
195.431,5,195428402331,2469000,1
195.431,1,195428402331,2469000,1
195.433,16,195430896331,2496006,0
195.436,11,195433428337,2496006,0
195.438,11,195435951343,2496006,0
195.441,7,195438474349,2469000,1
195.441,13,195438474349,2469000,1
195.441,11,195438474349,2469000,1
195.443,10,195440941349,2496006,0
195.446,9,195443464355,2496006,0
195.449,10,195446005361,2496006,0
195.451,6,195448546367,2496006,0
195.454,5,195451069373,2469000,1
195.454,1,195451069373,2469000,1
195.456,16,195453849379,2496006,0
195.461,7,195458904391,2496006,0
195.464,11,195461436397,2496006,0
195.466,16,195463959403,2496006,0
195.469,10,195466482409,2469000,1
195.469,11,195466482409,2469000,1
195.471,7,195468949409,2469000,1
195.471,9,195468949409,2469000,1
195.474,20,195471425409,2496006,0
195.476,6,195473948415,2496006,0
195.479,16,195476489421,2469000,1
195.479,20,195476489421,2469000,1
195.481,16,195478965421,2496006,0
195.484,4,195481488427,2496006,0
195.487,4,195484011433,2496006,0
195.489,13,195486543439,2469000,1
195.489,7,195486543439,2469000,1
195.492,20,195489028439,2496006,0
195.494,6,195491551445,2496006,0
195.497,20,195494074451,2496006,0
195.499,16,195496597457,2496006,0
195.502,11,195499120463,2469000,1
195.502,6,195499120463,2469000,1
195.504,4,195501623463,2496006,0
195.507,16,195504173469,2496006,0
195.509,10,195506696475,2469000,1
195.509,6,195506696475,2469000,1
195.512,9,195509163475,2496006,0
195.514,20,195511695481,2496006,0
195.517,9,195514218487,2469000,1
195.517,20,195514218487,2469000,1
195.519,23,195516694487,2496006,0
195.522,2,195519217493,2496006,0
195.524,4,195521749499,2469000,1
195.524,16,195521749499,2469000,1
195.527,6,195524216499,2496006,0
195.53,6,195527079505,2496006,0
195.532,6,195529611511,2496006,0
195.535,23,195532134517,2496006,0
195.537,16,195534657523,2496006,0
195.54,9,195537180529,2496006,0
195.542,4,195539703535,2469000,1
195.542,6,195539703535,2469000,1
195.545,2,195542170535,2496006,0
195.547,20,195544702541,2496006,0
195.55,9,195547225547,2496006,0
195.552,23,195549748553,2469000,1
195.552,1,195549748553,2469000,1
195.555,6,195552215553,2496006,0
195.557,16,195554747559,2496006,0
195.563,20,195560106571,2469000,1
195.563,2,195560106571,2469000,1
195.565,2,195562575571,2496006,0
195.568,1,195565098577,2496006,0
195.57,20,195567621583,2496006,0
195.573,23,195570162589,2496006,0
195.575,19,195572694595,2469000,1
195.575,16,195572694595,2469000,1
195.578,2,195575170595,2469000,1
195.578,9,195575170595,2469000,1
195.578,6,195575170595,2469000,1
195.58,1,195577655595,2496006,0
195.583,20,195580178601,2469000,1
195.583,2,195580178601,2469000,1
195.583,6,195580178601,2469000,1
195.585,21,195582645601,2469000,1
195.585,20,195582647601,2469000,1
195.588,5,195585114601,2469000,1
195.588,7,195585114601,2469000,1
195.59,17,195587608601,2469000,1
195.59,11,195587608601,2469000,1
195.59,23,195587608601,2469000,1
195.593,6,195590084601,2496006,0
195.595,1,195592607607,2496006,0
195.598,23,195595148613,2496006,0
195.6,4,195597689619,2496006,0
195.603,6,195600230625,2469000,1
195.603,3,195600230625,2469000,1
195.603,16,195600230625,2469000,1
195.605,10,195602706625,2496006,0
195.608,4,195605247631,2469000,1
195.608,9,195605247631,2469000,1
195.61,1,195607714631,2496006,0
195.613,23,195610246637,2469000,1
195.613,6,195610246637,2469000,1
195.613,1,195610246637,2469000,1
195.615,7,195612713637,2496006,0
195.618,18,195615254643,2496006,0
195.62,10,195617777649,2496006,0
195.623,1,195620345655,2496006,0
195.625,7,195622904661,2496006,0
195.628,9,195625427667,2496006,0
195.63,18,195627950673,2496006,0
195.633,1,195630786679,2469000,1
195.633,6,195630786679,2469000,1
195.633,7,195630786679,2469000,1
195.636,10,195633253679,2496006,0
195.638,4,195635785685,2496006,0
195.641,16,195638317691,2496006,0
195.643,23,195640840697,2469000,1
195.643,7,195640840697,2469000,1
195.648,4,195645830703,2496006,0
195.651,13,195648362709,2469000,1
195.651,18,195648362709,2469000,1
195.653,9,195650829709,2496006,0
195.656,2,195653361715,2469000,1
195.656,9,195653361715,2469000,1
195.658,10,195655828715,2496006,0
195.661,9,195658673721,2496006,0
195.664,4,195661196727,2496006,0
195.666,20,195663728733,2469000,1
195.666,16,195663728733,2469000,1
195.669,10,195666222733,2469000,1
195.669,16,195666222733,2469000,1
195.671,4,195668689733,2496006,0
195.674,1,195671212739,2469000,1
195.674,23,195671212739,2469000,1
195.676,9,195673697739,2496006,0
195.679,2,195676220745,2496006,0
195.681,18,195678743751,2496006,0
195.684,16,195681284757,2496006,0
195.686,16,195683861763,2469000,1
195.686,18,195683861763,2469000,1
195.686,4,195683861763,2469000,1
195.689,9,195686337763,2496006,0
195.691,2,195688860769,2496006,0
195.694,10,195691383775,2496006,0
195.696,7,195693906781,2496006,0
195.699,9,195696429787,2496006,0
195.701,23,195698952793,2469000,1
195.701,9,195698952793,2469000,1
195.704,18,195701437793,2496006,0
195.706,18,195703960799,2496006,0
195.709,10,195706492805,2469000,1
195.709,9,195706492805,2469000,1
195.709,18,195706492805,2469000,1
195.711,10,195708968805,2496006,0
195.714,7,195711491811,2496006,0
195.717,4,195714014817,2496006,0
195.719,2,195716546823,2496006,0
195.722,7,195719087829,2496006,0
195.724,4,195721628835,2469000,1
195.724,1,195721628835,2469000,1
195.727,10,195724095835,2469000,1
195.727,16,195724095835,2469000,1
195.729,2,195726589835,2496006,0
195.732,2,195729112841,2496006,0
195.734,4,195731948847,2496006,0
195.737,7,195734489853,2496006,0
195.74,7,195737012859,2496006,0
195.742,4,195739562865,2496006,0
195.745,4,195742094871,2496006,0
195.747,18,195744626877,2496006,0
195.75,2,195747149883,2496006,0
195.752,7,195749672889,2469000,1
195.752,11,195749672889,2469000,1
195.755,4,195752139889,2469000,1
195.755,10,195752139889,2469000,1
195.757,22,195754633889,2496006,0
195.76,20,195757165895,2496006,0
195.762,18,195759688901,2496006,0
195.765,14,195762533907,2496006,0
195.768,18,195765074913,2469000,1
195.768,4,195765074913,2469000,1
195.77,2,195767541913,2496006,0
195.773,14,195770064919,2469000,1
195.773,3,195770064919,2469000,1
195.773,10,195770064919,2469000,1
195.775,22,195772540919,2496006,0
195.778,4,195775063925,2496006,0
195.78,14,195777586931,2496006,0
195.783,2,195780109937,2496006,0
195.785,18,195782632943,2496006,0
195.788,9,195785155949,2496006,0
195.79,4,195787678955,2469000,1
195.79,22,195787678955,2469000,1
195.79,20,195787678955,2469000,1
195.793,6,195790145955,2469000,1
195.793,7,195790145955,2469000,1
195.793,9,195790145955,2469000,1
195.795,10,195792648955,2496006,0
195.798,18,195795180961,2469000,1
195.798,14,195795180961,2469000,1
195.798,22,195795180961,2469000,1
195.8,14,195797649961,2496006,0
195.803,13,195800172967,2469000,1
195.803,16,195800172967,2469000,1
195.803,20,195800172967,2469000,1
195.805,2,195802639967,2496006,0
195.808,10,195805162973,2469000,1
195.808,11,195805162973,2469000,1
195.808,2,195805162973,2469000,1
195.81,9,195807629973,2496006,0
195.813,18,195810197979,2496006,0
195.815,9,195812729985,2496006,0
195.818,23,195815270991,2496006,0
195.82,14,195817793997,2469000,1
195.82,9,195817793997,2469000,1
195.823,7,195820260997,2469000,1
195.823,22,195820260997,2469000,1
195.823,10,195820260997,2469000,1
195.823,9,195820262997,2469000,1
195.825,14,195822738997,2496006,0
195.828,18,195825262003,2496006,0
195.83,4,195827785009,2496006,0
195.833,14,195830308015,2496006,0
195.835,2,195832831021,2469000,1
195.835,10,195832831021,2469000,1
195.838,14,195835611027,2496006,0
195.841,23,195838134033,2496006,0
195.843,14,195840666039,2496006,0
195.846,18,195843189045,2496006,0
195.848,20,195845730051,2496006,0
195.851,23,195848253057,2496006,0
195.853,14,195850776063,2469000,1
195.853,4,195850776063,2469000,1
195.856,20,195853261063,2496006,0
195.858,18,195855793069,2469000,1
195.858,2,195855793069,2469000,1
195.858,20,195855793069,2469000,1
195.861,23,195858278069,2496006,0
195.863,23,195860828075,2496006,0
195.866,14,195863673081,2496006,0
195.869,23,195866205087,2496006,0
195.871,18,195868737093,2496006,0
195.876,20,195873810105,2496006,0
195.879,20,195876369111,2496006,0
195.881,7,195878901117,2469000,1
195.881,14,195878901117,2469000,1
195.884,4,195881368117,2469000,1
195.884,23,195881368117,2469000,1
195.886,20,195883844117,2469000,1
195.886,18,195883844117,2469000,1
195.886,5,195883844117,2469000,1
195.886,1,195883844117,2469000,1
195.889,8,195886320117,2469000,1
195.889,14,195886320117,2469000,1
195.891,18,195888787117,2496006,0
195.894,5,195891328123,2496006,0
195.896,18,195893869129,2496006,0
195.899,9,195896392135,2496006,0
195.901,4,195898915141,2469000,1
195.901,23,195898915141,2469000,1
195.904,20,195901382141,2496006,0
195.906,18,195903905147,2496006,0
195.909,9,195906437153,2496006,0
195.911,20,195908960159,2496006,0
195.914,19,195911483165,2496006,0
195.917,20,195914015171,2496006,0
195.919,5,195916547177,2496006,0
195.922,19,195919070183,2496006,0
195.924,20,195921593189,2469000,1
195.924,5,195921593189,2469000,1
195.927,9,195924096189,2469000,1
195.927,20,195924096189,2469000,1
195.929,18,195926563189,2496006,0
195.932,16,195929104195,2496006,0
195.934,19,195931654201,2496006,0
195.94,5,195937022213,2496006,0
195.942,19,195939581219,2469000,1
195.942,16,195939581219,2469000,1
195.942,18,195939581219,2469000,1
195.945,5,195942048219,2496006,0
195.947,22,195944616225,2496006,0
195.95,22,195947157231,2496006,0
195.952,9,195949680237,2496006,0
195.955,5,195952212243,2496006,0
195.957,10,195954744249,2496006,0
195.96,22,195957267255,2496006,0
195.962,6,195959790261,2496006,0
195.965,22,195962313267,2496006,0
195.968,14,195965174003,2496006,0
195.97,9,195967697009,2469000,1
195.97,19,195967697009,2469000,1
195.97,16,195967697009,2469000,1
195.973,20,195970182009,2496006,0
195.975,5,195972705015,2496006,0
195.978,14,195975237021,2469000,1
195.978,6,195975237021,2469000,1
195.978,18,195975237021,2469000,1
195.978,10,195975237021,2469000,1
195.98,20,195977722021,2469000,1
195.98,23,195977722021,2469000,1
195.98,14,195977722021,2469000,1
195.983,22,195980207021,2469000,1
195.983,9,195980207021,2469000,1
195.985,22,195982683021,2496006,0
195.988,5,195985206027,2469000,1
195.988,6,195985206027,2469000,1
195.988,10,195985206027,2469000,1
195.993,20,195990214033,2496006,0
195.995,22,195992737039,2496006,0
195.998,19,195995260045,2496006,0
196,22,195997783051,2496006,0
196.003,20,196000315057,2496006,0
196.005,18,196002847063,2496006,0
196.008,2,196005379069,2496006,0
196.01,19,196007902075,2496006,0
196.013,10,196010443081,2496006,0
196.015,18,196012975087,2496006,0
196.018,13,196015516093,2469000,1
196.018,5,196015516093,2469000,1
196.02,19,196017983093,2469000,1
196.02,22,196017983093,2469000,1
196.023,10,196020450093,2469000,1
196.023,16,196020450093,2469000,1
196.025,20,196022917093,2469000,1
196.025,19,196022917093,2469000,1
196.028,7,196025393093,2469000,1
196.028,2,196025393093,2469000,1
196.03,18,196027896093,2469000,1
196.03,22,196027896093,2469000,1
196.033,5,196030363093,2496006,0
196.035,14,196032886099,2469000,1
196.035,2,196032886099,2469000,1
196.038,10,196035362099,2469000,1
196.038,16,196035362099,2469000,1
196.04,5,196037829099,2469000,1
196.04,10,196037831099,2469000,1
196.043,20,196040638105,2469000,1
196.046,18,196043105105,2496006,0
196.048,20,196045637111,2496006,0
196.051,18,196048196117,2496006,0
196.053,20,196050728123,2496006,0
196.056,12,196053260129,2469000,1
196.056,9,196053260129,2469000,1
196.058,6,196055727129,2496006,0
196.061,10,196058259135,2496006,0
196.063,20,196060782141,2496006,0
196.066,4,196063305147,2469000,1
196.066,10,196063305147,2469000,1
196.068,18,196065781147,2496006,0
196.071,5,196068617153,2496006,0
196.074,20,196071140159,2469000,1
196.074,6,196071140159,2469000,1
196.076,10,196073616159,2496006,0
196.079,5,196076139165,2496006,0
196.081,23,196078662171,2469000,1
196.081,4,196078662171,2469000,1
196.084,23,196081147171,2496006,0
196.086,19,196083670177,2469000,1
196.086,9,196083670177,2469000,1
196.089,18,196086164177,2496006,0
196.091,23,196088687183,2496006,0
196.094,22,196091210189,2496006,0
196.096,10,196093742195,2496006,0
196.099,6,196096265201,2469000,1
196.099,5,196096265201,2469000,1
196.104,18,196101255207,2496006,0
196.106,22,196103796213,2496006,0
196.109,18,196106355219,2469000,1
196.109,23,196106355219,2469000,1
196.111,10,196108840219,2496006,0
196.114,20,196111363225,2496006,0
196.116,6,196113886231,2469000,1
196.116,23,196113886231,2469000,1
196.119,2,196116362231,2469000,1
196.119,19,196116362231,2469000,1
196.119,9,196116362231,2469000,1
196.121,22,196118829231,2496006,0
196.124,10,196121361237,2496006,0
196.126,19,196123884243,2496006,0
196.129,5,196126407249,2496006,0
196.131,6,196128939255,2496006,0
196.134,20,196131462261,2496006,0
196.136,22,196134003267,2496006,0
196.139,5,196136544273,2469000,1
196.139,10,196136544273,2469000,1
196.142,18,196139011273,2496006,0
196.144,6,196141847279,2496006,0
196.147,19,196144379285,2496006,0
196.149,1,196146911291,2496006,0
196.152,22,196149434297,2496006,0
196.154,19,196151957303,2496006,0
196.157,20,196154480309,2469000,1
196.157,18,196154480309,2469000,1
196.157,22,196154480309,2469000,1
196.159,10,196156956309,2469000,1
196.159,19,196156956309,2469000,1
196.164,20,196161955315,2496006,0
196.167,1,196164487321,2469000,1
196.167,6,196164487321,2469000,1
196.167,22,196164487321,2469000,1
196.169,1,196166972321,2496006,0
196.172,20,196169495327,2496006,0
196.175,5,196172331333,2496006,0
196.177,5,196174854339,2496006,0
196.18,5,196177377345,2496006,0
196.182,14,196179918351,2496006,0
196.185,5,196182450357,2469000,1
196.185,7,196182450357,2469000,1
196.185,23,196182450357,2469000,1
196.187,1,196184926357,2469000,1
196.187,6,196184926357,2469000,1
196.19,1,196187395357,2496006,0
196.192,22,196189918363,2496006,0
196.195,10,196192441369,2469000,1
196.195,20,196192441369,2469000,1
196.197,18,196194917369,2496006,0
196.2,5,196197440375,2496006,0
196.202,1,196199999381,2496006,0
196.205,5,196202522387,2469000,1
196.205,14,196202522387,2469000,1
196.207,19,196204989387,2496006,0
196.21,22,196207548393,2496006,0
196.213,19,196210089399,2469000,1
196.213,18,196210089399,2469000,1
196.215,1,196212574399,2496006,0
196.218,5,196215097405,2469000,1
196.22,14,196217564405,2496006,0
196.223,22,196220123411,2496006,0
196.225,1,196222646417,2496006,0
196.228,20,196225169423,2469000,1
196.228,22,196225169423,2469000,1
196.23,18,196227636423,2496006,0
196.233,14,196230168429,2496006,0
196.235,14,196232718435,2496006,0
196.238,19,196235241441,2496006,0
196.24,1,196237764447,2496006,0
196.243,6,196240296453,2469000,1
196.243,14,196240296453,2469000,1
196.245,19,196242772453,2496006,0
196.248,18,196245608459,2496006,0
196.251,19,196248131465,2496006,0
196.253,19,196250681471,2496006,0
196.256,19,196253204477,2496006,0
196.258,20,196255736483,2496006,0
196.261,1,196258268489,2496006,0
196.263,20,196260791495,2496006,0
196.266,22,196263314501,2496006,0
196.268,18,196265846507,2496006,0
196.271,5,196268378513,2496006,0
196.273,19,196270910519,2469000,1
196.276,22,196273708525,2469000,1
196.276,14,196273708525,2469000,1
196.279,19,196276184525,2469000,1
196.279,14,196276184525,2469000,1
196.281,5,196278651525,2496006,0
196.284,1,196281183531,2496006,0
196.286,18,196283706537,2469000,1
196.286,20,196283706537,2469000,1
196.289,2,196286173537,2469000,1
196.289,18,196286175537,2469000,1
196.291,19,196288669537,2469000,1
196.291,14,196288669537,2469000,1
196.294,16,196291136537,2496006,0
196.296,16,196293677543,2496006,0
196.299,5,196296200549,2469000,1
196.299,1,196296200549,2469000,1
196.301,10,196298712549,2496006,0
196.304,22,196301253555,2469000,1
196.304,20,196301253555,2469000,1
196.304,10,196301253555,2469000,1
196.306,16,196303738555,2496006,0
196.309,1,196306261561,2496006,0
196.311,11,196308784567,2496006,0
196.314,11,196311307573,2496006,0
196.316,5,196313866579,2496006,0
196.319,11,196316389585,2469000,1
196.319,16,196316389585,2469000,1
196.319,5,196316389585,2469000,1
196.324,1,196321433591,2496006,0
196.326,14,196323956597,2496006,0
196.329,23,196326479603,2496006,0
196.331,16,196329002609,2496006,0
196.334,1,196331525615,2496006,0
196.337,16,196334048621,2496006,0
196.339,14,196336580627,2469000,1
196.339,18,196336580627,2469000,1
196.342,23,196339047627,2496006,0
196.344,7,196341570633,2496006,0
196.347,10,196344093639,2496006,0
196.349,10,196346929645,2496006,0
196.352,16,196349452651,2469000,1
196.352,7,196349452651,2469000,1
196.354,5,196351937651,2496006,0
196.357,6,196354469657,2469000,1
196.357,11,196354469657,2469000,1
196.359,1,196356936657,2469000,1
196.359,5,196356936657,2469000,1
196.362,23,196359403657,2469000,1
196.362,1,196359405657,2469000,1
196.364,10,196361872657,2496006,0
196.367,14,196364395663,2496006,0
196.369,10,196366927669,2496006,0
196.372,4,196369459675,2469000,1
196.372,6,196369459675,2469000,1
196.374,20,196371926675,2496006,0
196.377,14,196374780681,2496006,0
196.38,3,196377303687,2496006,0
196.382,7,196379826693,2496006,0
196.385,20,196382349699,2496006,0
196.39,22,196387404711,2496006,0
196.392,7,196389936717,2469000,1
196.392,23,196389936717,2469000,1
196.392,10,196389936717,2469000,1
196.395,7,196392405717,2496006,0
196.397,16,196394928723,2469000,1
196.397,22,196394928723,2469000,1
196.4,5,196397395723,2496006,0
196.402,20,196399918729,2496006,0
196.405,7,196402450735,2469000,1
196.405,22,196402450735,2469000,1
196.405,20,196402450735,2469000,1
196.407,3,196404917735,2496006,0
196.41,14,196407440741,2496006,0
196.412,5,196409990747,2469000,1
196.412,10,196409990747,2469000,1
196.415,3,196412457747,2496006,0
196.417,14,196414989753,2496006,0
196.42,11,196417512759,2496006,0
196.423,3,196420071765,2496006,0
196.425,5,196422603771,2496006,0
196.428,11,196425126777,2469000,1
196.428,8,196425126777,2469000,1
196.43,14,196427602777,2496006,0
196.433,5,196430125783,2496006,0
196.435,2,196432657789,2469000,1
196.435,20,196432657789,2469000,1
196.438,19,196435142789,2496006,0
196.44,14,196437665795,2469000,1
196.44,22,196437665795,2469000,1
196.443,5,196440132795,2469000,1
196.443,7,196440132795,2469000,1
196.445,11,196442599795,2496006,0
196.448,19,196445122801,2496006,0
196.45,3,196447958807,2496006,0
196.453,11,196450481813,2496006,0
196.456,3,196453022819,2496006,0
196.458,23,196455545825,2469000,1
196.458,5,196455545825,2469000,1
196.461,1,196458012825,2496006,0
196.463,19,196460535831,2496006,0
196.466,5,196463058837,2496006,0
196.468,15,196465581843,2496006,0
196.471,3,196468104849,2469000,1
196.471,11,196468104849,2469000,1
196.471,19,196468104849,2469000,1
196.471,5,196468104849,2469000,1
196.473,14,196470571849,2496006,0
196.476,14,196473094855,2496006,0
196.478,15,196475635861,2496006,0
196.481,18,196478471867,2469000,1
196.481,10,196478471867,2469000,1
196.483,1,196480938867,2469000,1
196.483,2,196480938867,2469000,1
196.486,5,196483414867,2496006,0
196.488,19,196485937873,2496006,0
196.491,14,196488460879,2496006,0
196.493,6,196491001885,2469000,1
196.493,16,196491001885,2469000,1
196.496,5,196493468885,2469000,1
196.496,11,196493468885,2469000,1
196.498,14,196495935885,2496006,0
196.501,15,196498476891,2496006,0
196.503,14,196500999897,2496006,0
196.506,7,196503531903,2496006,0
196.509,15,196506063909,2496006,0
196.511,1,196508586915,2496006,0
196.514,19,196511109921,2496006,0
196.516,14,196513641927,2469000,1
196.516,3,196513641927,2469000,1
196.519,6,196516108927,2496006,0
196.521,7,196518640933,2469000,1
196.521,3,196518640933,2469000,1
196.524,5,196521116933,2469000,1
196.524,11,196521116933,2469000,1
196.526,20,196523592933,2496006,0
196.529,15,196526115939,2469000,1
196.529,19,196526115939,2469000,1
196.531,6,196528591939,2496006,0
196.534,1,196531114945,2496006,0
196.536,6,196533646951,2496006,0
196.539,1,196536187957,2469000,1
196.539,7,196536187957,2469000,1
196.541,1,196538656957,2496006,0
196.544,19,196541179963,2496006,0
196.546,11,196543711969,2496006,0
196.549,6,196546234975,2469000,1
196.549,20,196546234975,2469000,1
196.549,15,196546234975,2469000,1
196.551,11,196548728975,2469000,1
196.551,14,196548728975,2469000,1
196.554,18,196551535981,2469000,1
196.554,15,196551535981,2469000,1
196.557,1,196554011981,2496006,0
196.559,19,196556552987,2496006,0
196.562,17,196559075993,2496006,0
196.564,17,196561625999,2496006,0
196.567,6,196564158005,2496006,0
196.569,7,196566681011,2496006,0
196.572,1,196569222017,2496006,0
196.574,22,196571754023,2496006,0
196.577,19,196574277029,2496006,0
196.579,7,196576800035,2469000,1
196.579,22,196576800035,2469000,1
196.582,6,196579580041,2469000,1
196.582,20,196579580041,2469000,1
196.582,19,196579580041,2469000,1
196.585,17,196582047041,2496006,0
196.587,11,196584570047,2496006,0
196.59,19,196587111053,2496006,0
196.592,11,196589634059,2496006,0
196.595,1,196592166065,2469000,1
196.595,7,196592166065,2469000,1
196.597,11,196594633065,2496006,0
196.6,19,196597156071,2469000,1
196.6,14,196597156071,2469000,1
196.602,11,196599650071,2496006,0
196.605,10,196602173077,2469000,1
196.605,6,196602173077,2469000,1
196.605,17,196602173077,2469000,1
196.607,5,196604658077,2469000,1
196.607,17,196604658077,2469000,1
196.61,23,196607143077,2469000,1
196.61,16,196607143077,2469000,1
196.612,3,196609610077,2469000,1
196.612,15,196609610077,2469000,1
196.615,22,196612122077,2469000,1
196.615,1,196612122077,2469000,1
196.617,7,196614589077,2469000,1
196.617,19,196614589077,2469000,1
196.617,11,196614589077,2469000,1
196.62,5,196617056077,2496006,0
196.625,5,196622138089,2469000,1
196.625,1,196622138089,2469000,1
196.625,11,196622138089,2469000,1
196.627,19,196624614089,2496006,0
196.63,11,196627137095,2496006,0
196.632,21,196629696101,2469000,1
196.632,8,196629696101,2469000,1
196.635,11,196632199101,2469000,1
196.635,20,196632199101,2469000,1
196.637,3,196634693101,2469000,1
196.637,5,196634693101,2469000,1
196.64,19,196637160101,2469000,1
196.64,8,196637160101,2469000,1
196.642,21,196639681101,2496006,0
196.645,21,196642204107,2496006,0
196.647,14,196644745113,2496006,0
196.65,7,196647295119,2496006,0
196.652,11,196649818125,2496006,0
196.655,8,196652341131,2496006,0
196.658,21,196655177137,2496006,0
196.66,6,196657700143,2496006,0
196.663,9,196660232149,2469000,1
196.663,17,196660232149,2469000,1
196.665,11,196662699149,2469000,1
196.665,14,196662699149,2469000,1
196.668,7,196665193149,2496006,0
196.67,19,196667725155,2496006,0
196.673,20,196670248161,2469000,1
196.673,6,196670248161,2469000,1
196.675,8,196672742161,2496006,0
196.678,21,196675265167,2496006,0
196.68,19,196677788173,2469000,1
196.68,22,196677788173,2469000,1
196.683,19,196680264173,2496006,0
196.686,8,196683100179,2496006,0
196.688,7,196685650185,2496006,0
196.691,19,196688173191,2496006,0
196.693,8,196690714197,2469000,1
196.693,21,196690714197,2469000,1
196.696,5,196693190197,2469000,1
196.696,11,196693190197,2469000,1
196.696,6,196693190197,2469000,1
196.698,7,196695666197,2469000,1
196.698,18,196695666197,2469000,1
196.701,19,196698133197,2496006,0
196.703,1,196700656203,2496006,0
196.706,14,196703179209,2496006,0
196.708,22,196705702215,2496006,0
196.711,1,196708234221,2496006,0
196.713,21,196710766227,2496006,0
196.716,14,196713289233,2496006,0
196.718,19,196715821239,2496006,0
196.721,1,196718362245,2469000,1
196.721,22,196718362245,2469000,1
196.721,19,196718362245,2469000,1
196.723,7,196720829245,2496006,0
196.726,14,196723352251,2469000,1
196.726,21,196723352251,2469000,1
196.728,7,196725828251,2496006,0
196.731,14,196728351257,2496006,0
196.733,8,196730874263,2496006,0
196.736,7,196733433269,2496006,0
196.738,2,196735956275,2469000,1
196.738,21,196735956275,2469000,1
196.738,7,196735956275,2469000,1
196.741,22,196738423275,2496006,0
196.743,14,196740955281,2496006,0
196.746,8,196743478287,2496006,0
196.748,6,196746001293,2469000,1
196.748,18,196746001293,2469000,1
196.748,22,196746001293,2469000,1
196.751,16,196748477293,2469000,1
196.751,20,196748477293,2469000,1
196.751,19,196748477293,2469000,1
196.751,6,196748477293,2469000,1
196.753,14,196750944293,2496006,0
196.756,1,196753467299,2496006,0
196.759,17,196756303305,2469000,1
196.759,1,196756303305,2469000,1
196.761,8,196758770305,2469000,1
196.761,15,196758770305,2469000,1
196.764,7,196761300305,2496006,0
196.766,14,196763841311,2469000,1
196.766,7,196763841311,2469000,1
196.769,19,196766317311,2496006,0
196.771,22,196768840317,2496006,0
196.774,21,196771372323,2496006,0
196.779,11,196776427335,2496006,0
196.781,11,196778950341,2496006,0
196.784,19,196781473347,2469000,1
196.784,5,196781473347,2469000,1
196.784,11,196781473347,2469000,1
196.786,22,196783940347,2469000,1
196.786,8,196783940347,2469000,1
196.789,22,196786720353,2496006,0
196.792,14,196789252359,2496006,0
196.794,21,196791775365,2496006,0
196.797,18,196794307371,2469000,1
196.797,8,196794307371,2469000,1
196.797,21,196794307371,2469000,1
196.799,1,196796774371,2496006,0
196.802,7,196799297377,2496006,0
196.804,14,196801820383,2469000,1
196.804,22,196801820383,2469000,1
196.807,19,196804305383,2469000,1
196.807,7,196804305383,2469000,1
196.809,22,196806781383,2496006,0
196.812,22,196809322389,2496006,0
196.814,18,196811863395,2469000,1
196.814,1,196811863395,2469000,1
196.817,22,196814366395,2496006,0
196.819,11,196816898401,2496006,0
196.822,14,196819421407,2496006,0
196.824,8,196821944413,2469000,1
196.824,21,196821944413,2469000,1
196.824,11,196821944413,2469000,1
196.827,22,196824438413,2469000,1
196.827,13,196824438413,2469000,1
196.829,14,196826914413,2496006,0
196.832,7,196829446419,2496006,0
196.834,22,196831969425,2496006,0
196.837,16,196834492431,2496006,0
196.84,19,196837024437,2496006,0
196.842,16,196839556443,2496006,0
196.845,21,196842079449,2496006,0
196.847,19,196844611455,2469000,1
196.847,14,196844611455,2469000,1
196.85,22,196847078455,2469000,1
196.85,7,196847078455,2469000,1
196.85,11,196847078455,2469000,1
196.85,16,196847078455,2469000,1
196.852,7,196849547455,2496006,0
196.855,1,196852088461,2496006,0
196.857,21,196854611467,2469000,1
196.857,18,196854611467,2469000,1
196.86,7,196857078467,2496006,0
196.862,11,196859914473,2496006,0
196.865,1,196862437479,2496006,0
196.867,7,196864978485,2496006,0
196.87,17,196867501491,2496006,0
196.873,11,196870042497,2496006,0
196.875,11,196872574503,2496006,0
196.878,1,196875097509,2496006,0
196.88,7,196877620515,2469000,1
196.88,10,196877620515,2469000,1
196.88,11,196877620515,2469000,1
196.883,19,196880087515,2469000,1
196.883,21,196880087515,2469000,1
196.888,21,196885095521,2496006,0
196.89,21,196887931527,2496006,0
196.893,1,196890463533,2496006,0
196.895,17,196892986539,2469000,1
196.895,21,196892986539,2469000,1
196.898,22,196895453539,2469000,1
196.898,1,196895453539,2469000,1
196.9,14,196897920539,2469000,1
196.9,18,196897920539,2469000,1
196.9,1,196897922539,2469000,1
196.903,16,196900398539,2496006,0
196.905,21,196902930545,2469000,1
196.905,1,196902930545,2469000,1
196.908,17,196905406545,2496006,0
196.91,11,196907947551,2496006,0
196.913,17,196910470557,2496006,0
196.915,23,196912993563,2469000,1
196.915,11,196912993563,2469000,1
196.918,7,196915469563,2469000,1
196.918,14,196915469563,2469000,1
196.92,16,196917954563,2496006,0
196.923,17,196920477569,2496006,0
196.925,19,196923018575,2469000,1
196.925,18,196923018575,2469000,1
196.928,17,196925557575,2496006,0
196.931,10,196928098581,2469000,1
196.931,16,196928098581,2469000,1
196.933,7,196930565581,2496006,0
196.936,17,196933088587,2496006,0
196.941,11,196938152599,2496006,0
196.943,11,196940729605,2469000,1
196.943,16,196940729605,2469000,1
196.946,7,196943196605,2496006,0
196.948,17,196945719611,2496006,0
196.951,21,196948296617,2496006,0
196.953,7,196950819623,2496006,0
196.956,5,196953360629,2469000,1
196.956,7,196953360629,2469000,1
196.958,22,196955836629,2496006,0
196.961,17,196958359635,2469000,1
196.961,14,196958359635,2469000,1
196.964,21,196961184641,2496006,0
196.966,22,196963725647,2496006,0
196.971,7,196968807659,2496006,0
196.974,11,196971330665,2469000,1
196.974,17,196971330665,2469000,1
196.976,21,196973824665,2496006,0
196.979,7,196976365671,2496006,0
196.981,22,196978888677,2469000,1
196.981,1,196978888677,2469000,1
196.984,23,196981355677,2496006,0
196.986,21,196983878683,2496006,0
196.989,7,196986401689,2496006,0
196.992,6,196989237695,2496006,0
196.994,22,196991760701,2496006,0
196.997,21,196994292707,2469000,1
196.997,16,196994292707,2469000,1
196.999,3,196996768707,2496006,0
197.002,17,196999300713,2496006,0
197.004,6,197001823719,2496006,0
197.007,23,197004346725,2496006,0
197.012,19,197009392737,2496006,0
197.014,23,197011915743,2496006,0
197.017,3,197014447749,2469000,1
197.017,7,197014447749,2469000,1
197.017,19,197014447749,2469000,1
197.019,22,197016914749,2496006,0
197.022,20,197019446755,2469000,1
197.022,21,197019446755,2469000,1
197.024,7,197021922755,2496006,0
197.027,23,197024445761,2496006,0
197.029,19,197026968767,2496006,0
197.032,6,197029491773,2496006,0
197.034,17,197032014779,2469000,1
197.034,7,197032014779,2469000,1
197.034,6,197032014779,2469000,1
197.037,22,197034490779,2496006,0
197.04,22,197037013785,2496006,0
197.042,19,197039545791,2496006,0
197.045,23,197042077797,2496006,0
197.047,22,197044600803,2469000,1
197.047,17,197044600803,2469000,1
197.05,11,197047094803,2496006,0
197.052,3,197049635809,2496006,0
197.055,19,197052158815,2469000,1
197.055,12,197052158815,2469000,1
197.055,22,197052158815,2469000,1
197.057,6,197054625815,2496006,0
197.062,7,197059671827,2496006,0
197.065,23,197062534833,2469000,1
197.065,3,197062534833,2469000,1
197.068,6,197065010833,2496006,0
197.07,11,197067533839,2496006,0
197.073,7,197070083845,2496006,0
197.075,11,197072615851,2496006,0
197.078,16,197075147857,2496006,0
197.08,21,197077679863,2469000,1
197.08,3,197077679863,2469000,1
197.083,6,197080155863,2496006,0
197.085,2,197082678869,2496006,0
197.088,16,197085210875,2496006,0
197.09,7,197087733881,2469000,1
197.09,2,197087733881,2469000,1
197.093,19,197090200881,2496006,0
197.096,11,197093036887,2496006,0
197.098,6,197095586893,2496006,0
197.101,22,197098109899,2496006,0
197.103,19,197100632905,2469000,1
197.103,23,197100632905,2469000,1
197.106,6,197103099905,2496006,0
197.108,16,197105649911,2469000,1
197.108,19,197105649911,2469000,1
197.111,2,197108116911,2496006,0
197.113,11,197110639917,2469000,1
197.113,2,197110639917,2469000,1
197.116,22,197113142917,2469000,1
197.116,6,197113142917,2469000,1
197.118,17,197115663917,2496006,0
197.121,16,197118186923,2496006,0
197.123,3,197120709929,2469000,1
197.123,6,197120709929,2469000,1
197.126,7,197123176929,2469000,1
197.126,16,197123176929,2469000,1
197.128,23,197125688929,2469000,1
197.128,2,197125688929,2469000,1
197.131,4,197128155929,2496006,0
197.133,17,197130678935,2469000,1
197.133,11,197130678935,2469000,1
197.136,22,197133145935,2469000,1
197.136,7,197133145935,2469000,1
197.138,11,197135612935,2496006,0
197.141,18,197138135941,2496006,0
197.143,4,197140667947,2469000,1
197.143,21,197140667947,2469000,1
197.143,18,197140667947,2469000,1
197.146,2,197143143947,2496006,0
197.148,17,197145675953,2496006,0
197.153,8,197150730965,2496006,0
197.156,11,197153271971,2496006,0
197.158,2,197155803977,2469000,1
197.158,16,197155803977,2469000,1
197.161,4,197158270977,2496006,0
197.163,17,197160793983,2496006,0
197.166,8,197163316989,2469000,1
197.166,17,197163316989,2469000,1
197.169,11,197166132995,2496006,0
197.171,22,197168674001,2496006,0
197.174,18,197171224007,2496006,0
197.176,4,197173747013,2496006,0
197.179,11,197176279019,2469000,1
197.179,14,197176279019,2469000,1
197.179,19,197176279019,2469000,1
197.179,6,197176279019,2469000,1
197.181,15,197178764019,2469000,1
197.181,3,197178764019,2469000,1
197.184,18,197181231019,2496006,0
197.186,22,197183772025,2496006,0
197.189,4,197186295031,2496006,0
197.191,8,197188818037,2469000,1
197.194,22,197191312037,2469000,1
197.194,2,197191312037,2469000,1
197.197,18,197194101043,2496006,0
197.199,17,197196633049,2469000,1
197.199,4,197196633049,2469000,1
197.199,18,197196633049,2469000,1
197.202,16,197199109049,2469000,1
197.202,11,197199109049,2469000,1
197.204,13,197201630049,2496006,0
197.207,22,197204153055,2496006,0
197.209,22,197206676061,2496006,0
197.212,22,197209235067,2496006,0
197.214,18,197211776073,2496006,0
197.217,13,197214326079,2469000,1
197.219,18,197216820079,2469000,1
197.219,22,197216820079,2469000,1
197.222,17,197219296079,2496006,0
197.224,4,197221828085,2469000,1
197.224,11,197221828085,2469000,1
197.227,2,197224304085,2469000,1
197.227,17,197224304085,2469000,1
197.229,18,197226852085,2496006,0
197.232,1,197229384091,2469000,1
197.234,21,197231851091,2496006,0
197.237,13,197234374097,2496006,0
197.239,22,197236924103,2496006,0
197.242,21,197239447109,2469000,1
197.244,13,197241914109,2469000,1
197.244,18,197241914109,2469000,1
197.247,8,197244381109,2469000,1
197.247,21,197244381109,2469000,1
197.249,4,197246848109,2496006,0
197.252,17,197249380115,2496006,0
197.254,13,197251903121,2469000,1
197.257,17,197254370121,2496006,0
197.259,23,197256893127,2469000,1
197.259,22,197256893127,2469000,1
197.262,7,197259360127,2469000,1
197.262,18,197259360127,2469000,1
197.264,17,197261836127,2469000,1
197.267,17,197264305127,2496006,0
197.27,13,197267156003,2496006,0
197.272,6,197269679009,2469000,1
197.272,22,197269679009,2469000,1
197.272,17,197269679009,2469000,1
197.275,16,197272146009,2496006,0
197.277,4,197274669015,2496006,0
197.28,6,197277192021,2496006,0
197.282,13,197279724027,2496006,0
197.285,22,197282247033,2496006,0
197.287,19,197284797039,2496006,0
197.29,3,197287329045,2469000,1
197.292,13,197289823045,2469000,1
197.292,7,197289823045,2469000,1
197.295,16,197292290045,2469000,1
197.295,4,197292290045,2469000,1
197.295,6,197292290045,2469000,1
197.297,22,197294757045,2469000,1
197.297,18,197294757045,2469000,1
197.3,8,197297546051,2496006,0
197.303,17,197300078057,2496006,0
197.305,19,197302601063,2496006,0
197.308,8,197305124069,2469000,1
197.308,17,197305124069,2469000,1
197.31,22,197307591069,2496006,0
197.313,6,197310123075,2496006,0
197.315,19,197312673081,2496006,0
197.318,22,197315214087,2469000,1
197.318,8,197315214087,2469000,1
197.323,21,197320213093,2496006,0
197.325,6,197322736099,2469000,1
197.325,2,197322736099,2469000,1
197.325,8,197322736099,2469000,1
197.328,16,197325203099,2496006,0
197.33,17,197327726105,2496006,0
197.333,13,197330258111,2496006,0
197.335,4,197332799117,2496006,0
197.338,19,197335322123,2496006,0
197.34,13,197337863129,2469000,1
197.34,17,197337863129,2469000,1
197.343,16,197340330129,2469000,1
197.343,21,197340330129,2469000,1
197.345,16,197342833129,2496006,0
197.348,4,197345365135,2469000,1
197.348,17,197345365135,2469000,1
197.35,18,197347832135,2496006,0
197.353,19,197350355141,2469000,1
197.353,21,197350355141,2469000,1
197.355,16,197352822141,2469000,1
197.355,6,197352822141,2469000,1
197.36,22,197357812147,2496006,0
197.363,15,197360389153,2496006,0
197.365,19,197362921159,2496006,0
197.368,18,197365444165,2496006,0
197.37,13,197367967171,2496006,0
197.373,22,197370812177,2496006,0
197.376,18,197373335183,2496006,0
197.378,19,197375867189,2469000,1
197.378,15,197375867189,2469000,1
197.378,18,197375867189,2469000,1
197.381,4,197378334189,2496006,0
197.383,16,197380866195,2469000,1
197.383,13,197380866195,2469000,1
197.383,4,197380866195,2469000,1
197.386,11,197383342195,2469000,1
197.386,19,197383342195,2469000,1
197.388,15,197385809195,2496006,0
197.391,19,197388359201,2496006,0
197.393,17,197390900207,2469000,1
197.393,6,197390900207,2469000,1
197.393,22,197390900207,2469000,1
197.396,15,197393385207,2469000,1
197.396,17,197393385207,2469000,1
197.398,15,197395888207,2496006,0
197.401,19,197398756003,2496006,0
197.404,4,197401279009,2496006,0
197.406,15,197403811015,2496006,0
197.409,4,197406334021,2496006,0
197.411,21,197408866027,2469000,1
197.411,18,197408866027,2469000,1
197.414,19,197411333027,2469000,1
197.414,16,197411333027,2469000,1
197.414,13,197411333027,2469000,1
197.416,22,197413800027,2496006,0
197.419,15,197416350033,2496006,0
197.421,2,197418891039,2469000,1
197.421,4,197418891039,2469000,1
197.426,8,197423917045,2496006,0
197.429,22,197426449051,2469000,1
197.429,15,197426449051,2469000,1
197.431,4,197428952051,2496006,0
197.434,8,197431484057,2496006,0
197.437,16,197434034063,2469000,1
197.437,8,197434034063,2469000,1
197.439,4,197436510063,2496006,0
197.442,13,197439033069,2496006,0
197.444,14,197441556075,2469000,1
197.444,19,197441556075,2469000,1
197.447,8,197444032075,2496006,0
197.449,18,197446555081,2496006,0
197.452,15,197449078087,2496006,0
197.454,22,197451601093,2496006,0
197.457,13,197454124099,2469000,1
197.459,15,197456618099,2496006,0
197.462,4,197459141105,2496006,0
197.464,8,197461682111,2496006,0
197.467,15,197464214117,2469000,1
197.467,22,197464214117,2469000,1
197.469,18,197466690117,2496006,0
197.472,15,197469213123,2496006,0
197.475,4,197472067129,2496006,0
197.477,8,197474626135,2496006,0
197.48,13,197477167141,2496006,0
197.482,8,197479690147,2496006,0
197.485,8,197482213153,2496006,0
197.49,18,197487259165,2496006,0
197.492,15,197489782171,2469000,1
197.492,8,197489782171,2469000,1
197.495,4,197492258171,2469000,1
197.495,22,197492258171,2469000,1
197.497,13,197494761171,2496006,0
197.5,13,197497293177,2496006,0
197.502,4,197499825183,2496006,0
197.505,21,197502661189,2496006,0
197.508,18,197505193195,2496006,0
197.51,18,197507716201,2496006,0
197.513,8,197510239207,2496006,0
197.515,15,197512762213,2496006,0
197.518,13,197515294219,2469000,1
197.518,18,197515294219,2469000,1
197.52,11,197517761219,2496006,0
197.523,6,197520293225,2469000,1
197.523,19,197520293225,2469000,1
197.528,4,197525283231,2496006,0
197.53,15,197527806237,2496006,0
197.533,1,197530338243,2496006,0
197.535,21,197532861249,2469000,1
197.535,4,197532861249,2469000,1
197.538,13,197535328249,2496006,0
197.54,8,197537860255,2469000,1
197.54,11,197537860255,2469000,1
197.543,13,197540327255,2496006,0
197.545,22,197542868261,2496006,0
197.548,15,197545391267,2496006,0
197.55,5,197547914273,2496006,0
197.553,18,197550446279,2469000,1
197.553,11,197550446279,2469000,1
197.555,13,197552931279,2469000,1
197.555,1,197552931279,2469000,1
197.558,22,197555398279,2496006,0
197.56,15,197557957285,2469000,1
197.56,21,197557957285,2469000,1
197.56,4,197557957285,2469000,1
197.56,5,197557957285,2469000,1
197.565,13,197563001291,2469000,1
197.565,22,197563001291,2469000,1
197.568,8,197565495291,2496006,0
197.571,23,197568045297,2469000,1
197.571,15,197568045297,2469000,1
197.573,7,197570521297,2496006,0
197.576,22,197573044303,2496006,0
197.578,7,197575898309,2496006,0
197.581,22,197578430315,2496006,0
197.583,1,197580962321,2496006,0
197.586,5,197583494327,2469000,1
197.586,8,197583494327,2469000,1
197.588,22,197585988327,2469000,1
197.588,8,197585988327,2469000,1
197.591,7,197588473327,2469000,1
197.591,22,197588473327,2469000,1
197.593,1,197590940327,2496006,0
197.596,13,197593490333,2496006,0
197.599,22,197596013339,2496006,0
197.601,22,197598545345,2496006,0
197.604,1,197601068351,2469000,1
197.604,15,197601068351,2469000,1
197.606,18,197603848357,2496006,0
197.609,13,197606398363,2469000,1
197.609,11,197606398363,2469000,1
197.609,18,197606398363,2469000,1
197.611,5,197608865363,2496006,0
197.614,22,197611397369,2496006,0
197.616,4,197613929375,2496006,0
197.619,1,197616452381,2496006,0
197.621,1,197618993387,2496006,0
197.624,4,197621516393,2469000,1
197.624,13,197621516393,2469000,1
197.626,21,197623983393,2469000,1
197.626,7,197623983393,2469000,1
197.626,1,197623983393,2469000,1
197.629,5,197626495393,2469000,1
197.629,22,197626495393,2469000,1
197.629,7,197626495393,2469000,1
197.631,6,197628962393,2496006,0
197.634,1,197631494399,2496006,0
197.637,6,197634026405,2496006,0
197.639,18,197636558411,2469000,1
197.639,6,197636558411,2469000,1
197.642,4,197639052411,2496006,0
197.644,21,197641593417,2496006,0
197.647,8,197644116423,2496006,0
197.649,4,197646639429,2469000,1
197.649,1,197646639429,2469000,1
197.652,5,197649106429,2496006,0
197.654,8,197651629435,2496006,0
197.657,22,197654152441,2496006,0
197.659,13,197656675447,2469000,1
197.662,21,197659151447,2496006,0
197.667,8,197664224459,2496006,0
197.669,19,197666747465,2496006,0
197.672,1,197669270471,2496006,0
197.674,5,197671793477,2496006,0
197.677,1,197674343483,2469000,1
197.677,19,197674343483,2469000,1
197.677,6,197674343483,2469000,1
197.68,22,197677123489,2496006,0
197.682,21,197679664495,2496006,0
197.685,8,197682187501,2469000,1
197.685,21,197682187501,2469000,1
197.687,4,197684663501,2496006,0
197.69,19,197687195507,2469000,1
197.69,4,197687195507,2469000,1
197.692,22,197689671507,2469000,1
197.692,5,197689671507,2469000,1
197.695,21,197692138507,2496006,0
197.697,4,197694661513,2496006,0
197.702,16,197699734525,2469000,1
197.702,1,197699734525,2469000,1
197.702,8,197699734525,2469000,1
197.705,22,197702201525,2496006,0
197.707,17,197704724531,2496006,0
197.71,17,197707560537,2496006,0
197.713,5,197710092543,2496006,0
197.715,17,197712633549,2469000,1
197.715,22,197712633549,2469000,1
197.715,21,197712633549,2469000,1
197.718,4,197715109549,2496006,0
197.72,18,197717641555,2496006,0
197.723,5,197720173561,2469000,1
197.723,6,197720173561,2469000,1
197.725,17,197722649561,2496006,0
197.728,4,197725190567,2469000,1
197.728,19,197725190567,2469000,1
197.728,22,197725190567,2469000,1
197.73,7,197727657567,2496006,0
197.733,17,197730189573,2496006,0
197.735,18,197732721579,2496006,0
197.738,7,197735253585,2496006,0
197.743,21,197740308597,2496006,0
197.745,4,197742849603,2496006,0
197.748,5,197745372609,2496006,0
197.75,17,197747895615,2496006,0
197.753,18,197750418621,2496006,0
197.755,11,197752941627,2496006,0
197.758,7,197755464633,2496006,0
197.76,11,197757996639,2496006,0
197.763,4,197760519645,2469000,1
197.763,11,197760519645,2469000,1
197.765,5,197762986645,2496006,0
197.768,21,197765518651,2496006,0
197.771,22,197768041657,2469000,1
197.771,21,197768041657,2469000,1
197.773,18,197770517657,2496006,0
197.776,15,197773040663,2496006,0
197.778,17,197775563669,2469000,1
197.778,21,197775563669,2469000,1
197.781,18,197778030669,2496006,0
197.783,7,197780866675,2496006,0
197.786,5,197783389681,2496006,0
197.788,7,197785939687,2469000,1
197.788,17,197785939687,2469000,1
197.793,9,197790947693,2469000,1
197.793,3,197790947693,2469000,1
197.793,18,197790947693,2469000,1
197.796,15,197793423693,2496006,0
197.798,8,197795946699,2469000,1
197.798,4,197795946699,2469000,1
197.801,1,197798422699,2496006,0
197.803,5,197800945705,2469000,1
197.803,18,197800945705,2469000,1
197.806,1,197803430705,2496006,0
197.808,11,197805953711,2496006,0
197.811,7,197808789717,2496006,0
197.814,13,197811348723,2496006,0
197.816,13,197813871729,2496006,0
197.819,15,197816394735,2496006,0
197.821,11,197818917741,2496006,0
197.824,13,197821449747,2469000,1
197.824,15,197821449747,2469000,1
197.826,1,197823934747,2496006,0
197.829,7,197826466753,2469000,1
197.829,22,197826466753,2469000,1
197.831,18,197828933753,2496006,0
197.834,5,197831456759,2496006,0
197.836,1,197833979765,2469000,1
197.836,5,197833979765,2469000,1
197.839,11,197836446765,2496006,0
197.841,11,197838996771,2496006,0
197.844,18,197841519777,2496006,0
197.847,5,197844042783,2469000,1
197.849,7,197846509783,2496006,0
197.852,6,197849050789,2496006,0
197.854,2,197851573795,2469000,1
197.854,17,197851573795,2469000,1
197.857,18,197854058795,2496006,0
197.859,13,197856608801,2469000,1
197.859,11,197856608801,2469000,1
197.862,18,197859075801,2469000,1
197.862,15,197859075801,2469000,1
197.864,11,197861560801,2496006,0
197.867,21,197864083807,2469000,1
197.867,1,197864083807,2469000,1
197.867,7,197864083807,2469000,1
197.869,6,197866559807,2496006,0
197.872,7,197869100813,2496006,0
197.874,7,197871632819,2496006,0
197.877,6,197874164825,2496006,0
197.879,4,197876687831,2469000,1
197.879,18,197876687831,2469000,1
197.879,7,197876687831,2469000,1
197.882,1,197879163831,2469000,1
197.882,6,197879163831,2469000,1
197.884,11,197881943837,2496006,0
197.887,7,197884466843,2496006,0
197.89,7,197887052849,2496006,0
197.892,19,197889575855,2469000,1
197.892,1,197889575855,2469000,1
197.895,15,197892060855,2469000,1
197.895,7,197892060855,2469000,1
197.897,11,197894536855,2496006,0
197.9,6,197897077861,2496006,0
197.902,21,197899600867,2496006,0
197.905,8,197902150873,2496006,0
197.907,6,197904673879,2496006,0
197.91,11,197907205885,2469000,1
197.91,18,197907205885,2469000,1
197.912,21,197909681885,2469000,1
197.912,5,197909681885,2469000,1
197.915,11,197912461891,2496006,0
197.917,23,197915002897,2496006,0
197.92,13,197917534903,2469000,1
197.92,23,197917534903,2469000,1
197.922,8,197920001903,2469000,1
197.922,23,197920003903,2469000,1
197.925,17,197922488903,2496006,0
197.928,6,197925011909,2496006,0
197.93,7,197927552915,2496006,0
197.933,17,197930075921,2469000,1
197.933,6,197930075921,2469000,1
197.933,7,197930075921,2469000,1
197.935,11,197932542921,2469000,1
197.937,7,197935018921,2469000,1
197.94,8,197937485921,2496006,0
197.943,21,197940035927,2469000,1
197.948,10,197945052933,2469000,1
197.948,21,197945052933,2469000,1
197.95,8,197947519933,2469000,1
197.95,7,197947519933,2469000,1
197.953,6,197950067933,2496006,0
197.955,22,197952635939,2469000,1
197.955,17,197952635939,2469000,1
197.958,11,197955102939,2496006,0
197.96,8,197957625945,2496006,0
197.963,6,197960166951,2496006,0
197.965,20,197962698957,2496006,0
197.968,20,197965266963,2469000,1
197.968,8,197965266963,2469000,1
197.97,6,197967733963,2469000,1
197.97,23,197967733963,2469000,1
197.973,11,197970209963,2496006,0
197.975,20,197972732969,2496006,0
197.978,8,197975255975,2496006,0
197.98,8,197977805981,2496006,0
197.983,20,197980337987,2496006,0
197.985,11,197982878993,2469000,1
197.985,20,197982878993,2469000,1
197.988,8,197985667999,2496006,0
197.991,8,197988200005,2496006,0
197.993,18,197990723011,2469000,1
197.993,6,197990723011,2469000,1
197.993,8,197990723011,2469000,1
197.998,7,197995749017,2496006,0
198.001,13,197998272023,2496006,0
198.003,21,198000795029,2469000,1
198.003,13,198000795029,2469000,1
198.006,15,198003262029,2496006,0
198.008,4,198005785035,2496006,0
198.011,11,198008308041,2469000,1
198.011,15,198008308041,2469000,1
198.013,8,198010775041,2496006,0
198.016,7,198013611047,2496006,0
198.019,8,198016143053,2496006,0
198.021,6,198018666059,2496006,0
198.024,20,198021207065,2469000,1
198.024,15,198021207065,2469000,1
198.026,5,198023683065,2496006,0
198.029,4,198026206071,2496006,0
198.031,6,198028738077,2469000,1
198.031,13,198028738077,2469000,1
198.034,11,198031205077,2496006,0
198.036,7,198033728083,2469000,1
198.039,8,198036195083,2496006,0
198.041,23,198038736089,2496006,0
198.044,17,198041259095,2496006,0
198.046,17,198043800101,2496006,0
198.049,4,198046332107,2496006,0
198.051,23,198048855113,2469000,1
198.051,5,198048855113,2469000,1
198.051,11,198048855113,2469000,1
198.054,5,198051324113,2496006,0
198.056,3,198053847119,2496006,0
198.059,16,198056370125,2496006,0
198.061,4,198058893131,2469000,1
198.061,11,198058893131,2469000,1
198.064,8,198061360131,2496006,0
198.066,5,198063892137,2496006,0
198.069,3,198066415143,2469000,1
198.069,6,198066415143,2469000,1
198.069,8,198066415143,2469000,1
198.069,5,198066415143,2469000,1
198.071,17,198068918143,2496006,0
198.074,4,198071441149,2496006,0
198.076,16,198073964155,2496006,0
198.079,15,198076487161,2496006,0
198.082,7,198079028167,2496006,0
198.084,17,198081551173,2469000,1
198.084,23,198081551173,2469000,1
198.087,5,198084018173,2496006,0
198.089,7,198086872179,2469000,1
198.089,15,198086872179,2469000,1
198.092,4,198089348179,2469000,1
198.092,20,198089348179,2469000,1
198.094,16,198091824179,2469000,1
198.094,4,198091824179,2469000,1
198.097,3,198094291179,2469000,1
198.097,17,198094291179,2469000,1
198.099,8,198096758179,2496006,0
198.102,5,198099308185,2496006,0
198.104,19,198101840191,2496006,0
198.107,8,198104408197,2469000,1
198.107,13,198104408197,2469000,1
198.109,8,198106877197,2496006,0
198.112,19,198109400203,2496006,0
198.114,5,198111932209,2469000,1
198.114,7,198111932209,2469000,1
198.114,19,198111932209,2469000,1
198.117,19,198114401209,2496006,0
198.12,19,198117255215,2496006,0
198.122,15,198119778221,2469000,1
198.122,16,198119778221,2469000,1
198.125,8,198122254221,2469000,1
198.125,9,198122254221,2469000,1
198.127,23,198124739221,2469000,1
198.13,3,198127224221,2469000,1
198.13,7,198127224221,2469000,1
198.132,5,198129691221,2469000,1
198.132,19,198129691221,2469000,1
198.135,11,198132185221,2496006,0
198.137,1,198134717227,2469000,1
198.137,9,198134717227,2469000,1
198.137,11,198134717227,2469000,1
198.142,6,198139716233,2496006,0
198.145,11,198142239239,2469000,1
198.145,6,198142239239,2469000,1
198.147,8,198144706239,2496006,0
198.15,18,198147265245,2496006,0
198.152,8,198149806251,2496006,0
198.155,17,198152347257,2469000,1
198.155,19,198152347257,2469000,1
198.157,9,198154823257,2469000,1
198.157,6,198154823257,2469000,1
198.16,18,198157299257,2469000,1
198.16,16,198157299257,2469000,1
198.162,4,198159775257,2469000,1
198.162,11,198159775257,2469000,1
198.165,21,198162242257,2496006,0
198.167,21,198164765263,2496006,0
198.17,18,198167288269,2496006,0
198.172,8,198169811275,2496006,0
198.175,17,198172334281,2496006,0
198.177,21,198174857287,2469000,1
198.177,18,198174857287,2469000,1
198.177,8,198174857287,2469000,1
198.18,17,198177324287,2496006,0
198.182,19,198179883293,2469000,1
198.182,16,198179883293,2469000,1
198.187,5,198184873299,2496006,0
198.19,17,198187405305,2496006,0
198.193,15,198190259311,2496006,0
198.195,17,198192791317,2496006,0
198.198,18,198195314323,2496006,0
198.2,18,198197837329,2496006,0
198.203,6,198200360335,2496006,0
198.205,8,198202892341,2496006,0
198.208,9,198205415347,2496006,0
198.21,5,198207947353,2496006,0
198.213,15,198210470359,2469000,1
198.213,5,198210470359,2469000,1
198.215,17,198212937359,2496006,0
198.218,8,198215478365,2469000,1
198.218,21,198215478365,2469000,1
198.221,6,198218258371,2496006,0
198.223,18,198220799377,2496006,0
198.226,5,198223340383,2496006,0
198.228,6,198225863389,2469000,1
198.228,9,198225863389,2469000,1
198.231,2,198228330389,2469000,1
198.231,3,198228330389,2469000,1
198.231,8,198228330389,2469000,1
198.233,21,198230806389,2496006,0
198.236,17,198233338395,2469000,1
198.238,5,198235805395,2469000,1
198.238,8,198235805395,2469000,1
198.241,9,198238272395,2496006,0
198.243,15,198240813401,2496006,0
198.246,18,198243336407,2496006,0
198.248,20,198245859413,2469000,1
198.248,21,198245859413,2469000,1
198.251,9,198248344413,2496006,0
198.253,21,198250867419,2496006,0
198.256,17,198253399425,2496006,0
198.258,15,198255922431,2496006,0
198.261,9,198258472437,2469000,1
198.261,6,198258472437,2469000,1
198.263,23,198260939437,2496006,0
198.266,18,198263471443,2496006,0
198.268,13,198265994449,2469000,1
198.268,23,198265994449,2469000,1
198.271,6,198268470449,2496006,0
198.273,21,198270993455,2469000,1
198.273,15,198270993455,2469000,1
198.276,18,198273460455,2496006,0
198.278,9,198275983461,2496006,0
198.281,5,198278506467,2469000,1
198.281,17,198278506467,2469000,1
198.283,9,198280973467,2496006,0
198.289,6,198286100479,2469000,1
198.289,21,198286100479,2469000,1
198.291,4,198288567479,2496006,0
198.294,18,198291403485,2496006,0
198.296,23,198293926491,2469000,1
198.296,5,198293926491,2469000,1
198.299,9,198296393491,2469000,1
198.299,15,198296393491,2469000,1
198.301,6,198298869491,2496006,0
198.304,7,198301401497,2469000,1
198.304,17,198301401497,2469000,1
198.306,11,198303868497,2496006,0
198.309,4,198306409503,2496006,0
198.311,8,198308932509,2496006,0
198.314,9,198311455515,2496006,0
198.316,21,198313978521,2496006,0
198.319,18,198316510527,2469000,1
198.319,21,198316510527,2469000,1
198.321,4,198318977527,2469000,1
198.321,9,198318977527,2469000,1
198.324,11,198321757533,2469000,1
198.324,6,198321757533,2469000,1
198.327,8,198324224533,2496006,0
198.329,12,198326792539,2496006,0
198.332,11,198329315545,2496006,0
198.334,8,198331847551,2496006,0
198.337,4,198334370557,2496006,0
198.339,4,198336902563,2496006,0
198.342,13,198339425569,2496006,0
198.347,11,198344480581,2496006,0
198.349,11,198347003587,2496006,0
198.352,8,198349526593,2469000,1
198.352,6,198349526593,2469000,1
198.354,21,198351993593,2496006,0
198.357,8,198354516599,2496006,0
198.36,4,198357039605,2469000,1
198.36,12,198357039605,2469000,1
198.362,18,198359515605,2496006,0
198.365,13,198362038611,2496006,0
198.367,13,198364570617,2496006,0
198.37,16,198367093623,2496006,0
198.372,15,198369616629,2469000,1
198.372,8,198369616629,2469000,1
198.372,16,198369616629,2469000,1
198.375,12,198372083629,2469000,1
198.375,16,198372085629,2469000,1
198.377,9,198374552629,2469000,1
198.377,19,198374552629,2469000,1
198.377,11,198374552629,2469000,1
198.38,23,198377046629,2496006,0
198.382,21,198379569635,2496006,0
198.385,12,198382092641,2496006,0
198.387,18,198384633647,2496006,0
198.39,13,198387156653,2469000,1
198.39,16,198387156653,2469000,1
198.392,18,198389623653,2496006,0
198.395,23,198392146659,2496006,0
198.397,18,198394982665,2496006,0
198.4,7,198397514671,2496006,0
198.403,12,198400046677,2469000,1
198.403,4,198400046677,2469000,1
198.405,18,198402513677,2496006,0
198.408,7,198405036683,2496006,0
198.41,20,198407559689,2469000,1
198.41,17,198407559689,2469000,1
198.41,21,198407559689,2469000,1
198.41,23,198407559689,2469000,1
198.413,7,198410026689,2496006,0
198.415,8,198412576695,2469000,1
198.415,7,198412576695,2469000,1
198.418,13,198415043695,2469000,1
198.42,18,198417510695,2496006,0
198.423,11,198420042701,2496006,0
198.425,18,198422878707,2496006,0
198.428,12,198425482713,2496006,0
198.431,8,198428005719,2496006,0
198.433,18,198430537725,2469000,1
198.433,16,198430537725,2469000,1
198.433,21,198430537725,2469000,1
198.436,11,198433013725,2496006,0
198.438,8,198435536731,2469000,1
198.438,15,198435536731,2469000,1
198.44,22,198438030731,2469000,1
198.44,23,198438030731,2469000,1
198.443,6,198440497731,2496006,0
198.446,9,198443029737,2496006,0
198.448,7,198445561743,2469000,1
198.448,12,198445561743,2469000,1
198.451,21,198448037743,2496006,0
198.453,13,198450569749,2469000,1
198.453,11,198450569749,2469000,1
198.456,21,198453054749,2496006,0
198.458,15,198455586755,2469000,1
198.458,9,198455586755,2469000,1
198.461,21,198458071755,2469000,1
198.461,6,198458071755,2469000,1
198.463,4,198460547755,2496006,0
198.466,5,198463079761,2496006,0
198.468,18,198465602767,2469000,1
198.468,8,198465602767,2469000,1
198.471,11,198468096767,2496006,0
198.476,4,198473151779,2496006,0
198.478,21,198475701785,2496006,0
198.481,5,198478224791,2496006,0
198.483,12,198480756797,2469000,1
198.483,5,198480756797,2469000,1
198.486,11,198483250797,2496006,0
198.488,8,198485773803,2496006,0
198.491,4,198488296809,2496006,0
198.493,6,198490819815,2496006,0
198.496,9,198493360821,2496006,0
198.499,21,198496196827,2469000,1
198.499,5,198496196827,2469000,1
198.501,6,198498672827,2469000,1
198.501,18,198498672827,2469000,1
198.504,9,198501139827,2496006,0
198.506,23,198503689833,2469000,1
198.506,11,198503689833,2469000,1
198.509,8,198506156833,2496006,0
198.511,9,198508679839,2496006,0
198.514,4,198511211845,2496006,0
198.516,9,198513734851,2496006,0
198.519,6,198516266857,2469000,1
198.519,11,198516266857,2469000,1
198.521,9,198518751857,2469000,1
198.521,1,198518751857,2469000,1
198.521,19,198518751857,2469000,1
198.521,11,198518751857,2469000,1
198.524,7,198521227857,2496006,0
198.529,8,198526595869,2496006,0
198.532,6,198529118875,2496006,0
198.534,4,198531641881,2496006,0
198.537,21,198534164887,2496006,0
198.539,4,198536687893,2496006,0
198.542,9,198539228899,2496006,0
198.544,8,198541760905,2496006,0
198.547,4,198544292911,2496006,0
198.549,7,198546824917,2496006,0
198.552,21,198549356923,2469000,1
198.552,6,198549356923,2469000,1
198.554,9,198551823923,2496006,0
198.557,4,198554346929,2469000,1
198.557,19,198554346929,2469000,1
198.559,8,198556813929,2469000,1
198.559,4,198556815929,2469000,1
198.562,3,198559300929,2496006,0
198.564,17,198561823935,2496006,0
198.567,23,198564355941,2469000,1
198.567,7,198564355941,2469000,1
198.569,9,198566831941,2496006,0
198.572,12,198569363947,2469000,1
198.572,5,198569363947,2469000,1
198.574,9,198571857947,2469000,1
198.574,17,198571857947,2469000,1
198.577,3,198574342947,2496006,0
198.579,8,198576874953,2469000,1
198.582,6,198579341953,2496006,0
198.584,4,198581882959,2496006,0
198.587,7,198584432965,2469000,1
198.587,9,198584432965,2469000,1
198.589,4,198586908965,2469000,1
198.589,21,198586908965,2469000,1
198.589,17,198586908965,2469000,1
198.592,3,198589375965,2496006,0
198.594,14,198591907971,2469000,1
198.594,5,198591907971,2469000,1
198.597,12,198594383971,2496006,0
198.599,13,198596906977,2469000,1
198.599,6,198596906977,2469000,1
198.602,6,198599686983,2496006,0
198.605,12,198602218989,2496006,0
198.607,21,198604741995,2496006,0
198.61,17,198607274001,2469000,1
198.61,3,198607274001,2469000,1
198.612,6,198609777001,2496006,0
198.615,21,198612300007,2469000,1
198.615,6,198612300007,2469000,1
198.617,12,198614785007,2496006,0
198.62,4,198617308013,2469000,1
198.62,12,198617308013,2469000,1
198.622,17,198619802013,2496006,0
198.625,18,198622325019,2496006,0
198.627,3,198624857025,2469000,1
198.63,11,198627646031,2496006,0
198.633,23,198630196037,2496006,0
198.635,13,198632719043,2469000,1
198.635,12,198632719043,2469000,1
198.638,8,198635186043,2469000,1
198.638,7,198635186043,2469000,1
198.638,9,198635186043,2469000,1
198.64,17,198637653043,2496006,0
198.643,16,198640185049,2469000,1
198.643,21,198640185049,2469000,1
198.645,18,198642661049,2496006,0
198.648,17,198645184055,2496006,0
198.65,21,198647707061,2469000,1
198.65,18,198647707061,2469000,1
198.653,11,198650183061,2469000,1
198.653,6,198650183061,2469000,1
198.653,23,198650183061,2469000,1
198.655,21,198652686061,2496006,0
198.658,4,198655236067,2496006,0
198.66,3,198657759073,2469000,1
198.66,17,198657759073,2469000,1
198.663,11,198660244073,2496006,0
198.665,11,198662767079,2496006,0
198.668,21,198665317085,2496006,0
198.67,11,198667840091,2469000,1
198.673,4,198670307091,2496006,0
198.678,23,198675371103,2496006,0
198.68,18,198677903109,2496006,0
198.683,21,198680444115,2496006,0
198.685,4,198682967121,2469000,1
198.685,17,198682967121,2469000,1
198.685,18,198682967121,2469000,1
198.688,18,198685479121,2496006,0
198.691,23,198688011127,2496006,0
198.693,11,198690552133,2496006,0
198.696,18,198693084139,2469000,1
198.696,21,198693084139,2469000,1
198.698,23,198695551139,2496006,0
198.701,11,198698101145,2469000,1
198.701,8,198698101145,2469000,1
198.701,7,198698101145,2469000,1
198.701,4,198698101145,2469000,1
198.703,12,198700881151,2496006,0
198.706,21,198703413157,2496006,0
198.711,5,198708495169,2496006,0
198.713,17,198711018175,2469000,1
198.713,23,198711018175,2469000,1
198.713,11,198711018175,2469000,1
198.716,5,198713485175,2496006,0
198.719,5,198716044181,2469000,1
198.719,6,198716044181,2469000,1
198.721,12,198718511181,2496006,0
198.724,21,198721034187,2496006,0
198.726,3,198723611193,2469000,1
198.726,18,198723611193,2469000,1
198.729,6,198726078193,2496006,0
198.731,21,198728610199,2469000,1
198.731,4,198728610199,2469000,1
198.734,12,198731408205,2496006,0
198.736,5,198733940211,2496006,0
198.741,23,198738986223,2496006,0
198.744,11,198741509229,2496006,0
198.747,12,198744041235,2469000,1
198.747,18,198744041235,2469000,1
198.749,6,198746535235,2496006,0
198.752,21,198749067241,2496006,0
198.754,7,198751599247,2496006,0
198.757,5,198754140253,2469000,1
198.757,7,198754140253,2469000,1
198.759,21,198756607253,2496006,0
198.762,23,198759130259,2496006,0
198.764,17,198761653265,2469000,1
198.764,11,198761653265,2469000,1
198.767,21,198764138265,2496006,0
198.769,6,198766661271,2496006,0
198.772,5,198769184277,2469000,1
198.772,11,198769184277,2469000,1
198.774,12,198771651277,2496006,0
198.779,23,198776715289,2496006,0
198.782,21,198779247295,2496006,0
198.784,9,198781797301,2496006,0
198.787,4,198784329307,2469000,1
198.787,6,198784329307,2469000,1
198.789,21,198786805307,2469000,1
198.789,12,198786805307,2469000,1
198.792,12,198789274307,2496006,0
198.794,23,198791806313,2496006,0
198.797,9,198794347319,2496006,0
198.799,12,198796870325,2469000,1
198.799,23,198796870325,2469000,1
198.802,7,198799337325,2496006,0
198.804,8,198801860331,2496006,0
198.807,7,198804696337,2496006,0
198.81,6,198807237343,2469000,1
198.81,7,198807237343,2469000,1
198.812,17,198809704343,2496006,0
198.815,12,198812227349,2496006,0
198.817,8,198814750355,2496006,0
198.82,23,198817273361,2469000,1
198.82,8,198817273361,2469000,1
198.822,17,198819740361,2496006,0
198.825,9,198822272367,2496006,0
198.827,9,198824795373,2496006,0
198.83,12,198827318379,2469000,1
198.83,17,198827318379,2469000,1
198.832,21,198829812379,2496006,0
198.835,7,198832675385,2469000,1
198.835,9,198832675385,2469000,1
198.838,21,198835169385,2496006,0
198.84,8,198837701391,2496006,0
198.843,12,198840224397,2496006,0
198.845,9,198842747403,2496006,0
198.848,17,198845270409,2496006,0
198.85,7,198847793415,2496006,0
198.853,5,198850325421,2469000,1
198.853,17,198850325421,2469000,1
198.855,8,198852810421,2496006,0
198.858,9,198855342427,2496006,0
198.86,12,198857865433,2469000,1
198.86,11,198857865433,2469000,1
198.863,21,198860332433,2496006,0
198.868,7,198865405445,2496006,0
198.87,9,198867937451,2496006,0
198.873,18,198870478457,2496006,0
198.875,8,198873001463,2496006,0
198.878,9,198875542469,2496006,0
198.881,23,198878065475,2469000,1
198.881,17,198878065475,2469000,1
198.881,21,198878065475,2469000,1
198.883,7,198880532475,2469000,1
198.883,9,198880532475,2469000,1
198.885,18,198882999475,2496006,0
198.888,21,198885549481,2496006,0
198.891,7,198888072487,2469000,1
198.891,21,198888072487,2469000,1
198.893,6,198890539487,2496006,0
198.896,9,198893071493,2496006,0
198.898,8,198895594499,2496006,0
198.901,12,198898117505,2496006,0
198.903,18,198900649511,2496006,0
198.906,6,198903172517,2496006,0
198.908,12,198906026523,2469000,1
198.908,7,198906026523,2469000,1
198.911,9,198908493523,2496006,0
198.913,14,198911016529,2469000,1
198.916,9,198913483529,2496006,0
198.918,18,198916024535,2469000,1
198.918,6,198916024535,2469000,1
198.921,8,198918500535,2496006,0
198.924,14,198921023541,2496006,0
198.926,6,198923555547,2496006,0
198.929,7,198926078553,2469000,1
198.929,6,198926078553,2469000,1
198.931,8,198928545553,2469000,1
198.931,12,198928545553,2469000,1
198.934,14,198931021553,2496006,0
198.936,9,198933544559,2496006,0
198.939,3,198936389565,2496006,0
198.941,21,198938912571,2469000,1
198.941,18,198938912571,2469000,1
198.944,9,198941415571,2496006,0
198.946,12,198943938577,2496006,0
198.949,6,198946461583,2496006,0
198.951,14,198948984589,2496006,0
198.954,3,198951507595,2496006,0
198.957,12,198954039601,2496006,0
198.959,17,198956571607,2496006,0
198.962,5,198959094613,2496006,0
198.964,12,198961635619,2469000,1
198.964,3,198961635619,2469000,1
198.964,14,198961635619,2469000,1
198.964,6,198961635619,2469000,1
198.964,9,198961635619,2469000,1
198.967,5,198964111619,2469000,1
198.967,17,198964111619,2469000,1
198.969,14,198966605619,2496006,0
198.972,5,198969128625,2469000,1
198.972,14,198969128625,2469000,1
198.974,16,198971595625,2469000,1
198.974,8,198971595625,2469000,1
198.977,6,198974062625,2496006,0
198.979,6,198976603631,2496006,0
198.982,4,198979144637,2496006,0
198.984,5,198981676643,2496006,0
198.987,4,198984199649,2496006,0
198.989,4,198986722655,2496006,0
198.992,14,198989245661,2469000,1
198.992,8,198989245661,2469000,1
198.992,5,198989245661,2469000,1
198.994,6,198991721661,2496006,0
198.997,23,198994244667,2496006,0
198.999,9,198996767673,2496006,0
199.002,12,198999290679,2469000,1
199.002,5,198999290679,2469000,1
199.004,9,199001757679,2496006,0
199.007,17,199004280685,2469000,1
199.007,23,199004280685,2469000,1
199.009,4,199006747685,2496006,0
199.012,6,199009601691,2496006,0
199.015,3,199012124697,2496006,0
199.017,6,199014710703,2469000,1
199.017,4,199014710703,2469000,1
199.02,20,199017177703,2469000,1
199.022,9,199019644703,2496006,0
199.025,3,199022167709,2469000,1
199.025,21,199022167709,2469000,1
199.027,18,199024652709,2496006,0
199.03,5,199027175715,2469000,1
199.032,14,199029642715,2496006,0
199.035,11,199032174721,2469000,1
199.035,3,199032174721,2469000,1
199.04,10,199037486727,2496006,0
199.043,6,199040009733,2496006,0
199.045,9,199042532739,2469000,1
199.045,10,199042532739,2469000,1
199.047,14,199044999739,2469000,1
199.047,18,199044999739,2469000,1
199.05,23,199047466739,2469000,1
199.05,10,199047466739,2469000,1
199.052,6,199049960739,2469000,1
199.052,4,199049960739,2469000,1
199.055,12,199052454739,2496006,0
199.058,9,199055004745,2496006,0
199.06,2,199057554751,2496006,0
199.063,12,199060077757,2496006,0
199.065,9,199062618763,2496006,0
199.068,14,199065159769,2496006,0
199.07,17,199067682775,2496006,0
199.073,9,199070214781,2469000,1
199.073,14,199070214781,2469000,1
199.075,18,199072708781,2469000,1
199.075,2,199072708781,2469000,1
199.078,12,199075184781,2496006,0
199.083,6,199080239793,2496006,0
199.085,17,199082762799,2496006,0
199.088,12,199085285805,2496006,0
199.09,6,199087808811,2496006,0
199.093,23,199090358817,2496006,0
199.095,6,199092881823,2496006,0
199.098,12,199095404829,2469000,1
199.098,17,199095404829,2469000,1
199.1,14,199097871829,2496006,0
199.103,4,199100394835,2496006,0
199.105,12,199102917841,2496006,0
199.108,6,199105440847,2469000,1
199.108,3,199105440847,2469000,1
199.11,9,199107907847,2469000,1
199.11,2,199107907847,2469000,1
199.113,4,199110687853,2496006,0
199.116,14,199113246859,2469000,1
199.116,10,199113246859,2469000,1
199.118,5,199115713859,2496006,0
199.121,23,199118236865,2496006,0
199.123,8,199120759871,2469000,1
199.123,18,199120759871,2469000,1
199.123,10,199120759871,2469000,1
199.126,7,199123226871,2496006,0
199.128,4,199125749877,2469000,1
199.128,6,199125749877,2469000,1
199.131,9,199128216877,2496006,0
199.133,15,199130739883,2496006,0
199.136,12,199133262889,2496006,0
199.138,17,199135803895,2496006,0
199.144,5,199141171907,2496006,0
199.146,9,199143694913,2469000,1
199.146,23,199143694913,2469000,1
199.149,5,199146161913,2496006,0
199.151,7,199148702919,2496006,0
199.154,12,199151234925,2496006,0
199.156,15,199153757931,2496006,0
199.159,4,199156289937,2496006,0
199.161,7,199158821943,2469000,1
199.161,17,199158821943,2469000,1
199.164,5,199161297943,2469000,1
199.164,14,199161297943,2469000,1
199.166,7,199163773943,2496006,0
199.169,15,199166314949,2496006,0
199.171,7,199168837955,2496006,0
199.174,12,199171360961,2496006,0
199.176,4,199173883967,2469000,1
199.176,7,199173883967,2469000,1
199.179,21,199176350967,2496006,0
199.181,9,199178873973,2496006,0
199.184,23,199181396979,2496006,0
199.186,4,199183946985,2496006,0
199.189,23,199186469991,2496006,0
199.191,21,199188992997,2496006,0
199.194,17,199191516003,2469000,1
199.194,15,199191516003,2469000,1
199.196,12,199193983003,2496006,0
199.199,23,199196515009,2496006,0
199.202,9,199199047015,2496006,0
199.204,9,199201570021,2496006,0
199.207,7,199204102027,2496006,0
199.212,4,199209148039,2469000,1
199.212,7,199209148039,2469000,1
199.214,5,199211615039,2496006,0
199.217,2,199214451045,2496006,0
199.219,9,199216974051,2496006,0
199.222,13,199219506057,2469000,1
199.222,21,199219506057,2469000,1
199.222,12,199219506057,2469000,1
199.224,17,199221982057,2469000,1
199.224,15,199221982057,2469000,1
199.224,21,199221982057,2469000,1
199.227,7,199224449057,2496006,0
199.229,2,199226972063,2469000,1
199.229,23,199226972063,2469000,1
199.232,6,199229448063,2469000,1
199.232,5,199229448063,2469000,1
199.234,9,199231915063,2496006,0
199.237,12,199234456069,2469000,1
199.237,9,199234456069,2469000,1
199.239,4,199236923069,2496006,0
199.242,21,199239446075,2496006,0
199.245,7,199242282081,2469000,1
199.245,21,199242282081,2469000,1
199.247,15,199244749081,2469000,1
199.247,5,199244749081,2469000,1
199.25,23,199247225081,2496006,0
199.252,21,199249757087,2469000,1
199.252,5,199249757087,2469000,1
199.255,14,199252242087,2496006,0
199.257,23,199254765093,2496006,0
199.26,2,199257306099,2496006,0
199.262,14,199259829105,2496006,0
199.265,4,199262352111,2469000,1
199.265,21,199262352111,2469000,1
199.267,14,199264864111,2469000,1
199.267,23,199264864111,2469000,1
199.27,2,199267340111,2496006,0
199.272,7,199269863117,2496006,0
199.275,9,199272395123,2469000,1
199.275,5,199272395123,2469000,1
199.277,12,199274880123,2469000,1
199.277,4,199274880123,2469000,1
199.282,2,199279888129,2496006,0
199.285,3,199282420135,2496006,0
199.287,7,199284943141,2496006,0
199.29,6,199287475147,2496006,0
199.292,6,199289998153,2496006,0
199.295,14,199292530159,2496006,0
199.298,18,199295053165,2496006,0
199.3,3,199297585171,2496006,0
199.303,4,199300108177,2496006,0
199.305,6,199302658183,2469000,1
199.305,2,199302658183,2469000,1
199.308,7,199305125183,2496006,0
199.31,18,199307648189,2496006,0
199.313,3,199310171195,2469000,1
199.313,21,199310171195,2469000,1
199.313,23,199310171195,2469000,1
199.315,4,199312638195,2469000,1
199.315,7,199312638195,2469000,1
199.315,18,199312638195,2469000,1
199.318,9,199315427201,2496006,0
199.32,14,199317950207,2496006,0
199.323,13,199320500213,2496006,0
199.326,9,199323032219,2469000,1
199.326,13,199323032219,2469000,1
199.328,10,199325508219,2469000,1
199.328,4,199325508219,2469000,1
199.33,7,199327975219,2496006,0
199.333,6,199330507225,2496006,0
199.335,14,199333030231,2469000,1
199.335,9,199333030231,2469000,1
199.338,7,199335533231,2496006,0
199.341,6,199338056237,2469000,1
199.341,18,199338056237,2469000,1
199.343,2,199340532237,2496006,0
199.346,14,199343064243,2496006,0
199.351,3,199348423255,2469000,1
199.351,14,199348423255,2469000,1
199.353,14,199350899255,2496006,0
199.356,9,199353422261,2496006,0
199.358,14,199355945267,2496006,0
199.361,7,199358477273,2496006,0
199.364,14,199361009279,2496006,0
199.366,9,199363541285,2469000,1
199.366,2,199363541285,2469000,1
199.369,20,199366008285,2496006,0
199.371,13,199368531291,2469000,1
199.371,20,199368531291,2469000,1
199.373,5,199370998291,2496006,0
199.376,6,199373521297,2496006,0
199.379,7,199376044303,2496006,0
199.381,14,199378567309,2496006,0
199.384,18,199381099315,2496006,0
199.386,14,199383640321,2469000,1
199.386,15,199383640321,2469000,1
199.389,20,199386107321,2496006,0
199.391,7,199388630327,2496006,0
199.394,6,199391153333,2469000,1
199.394,23,199391153333,2469000,1
199.396,5,199393620333,2469000,1
199.396,20,199393620333,2469000,1
199.399,11,199396096333,2469000,1
199.399,17,199396096333,2469000,1
199.401,18,199398563333,2469000,1
199.401,15,199398563333,2469000,1
199.404,9,199401030333,2496006,0
199.406,5,199403589339,2496006,0
199.409,2,199406112345,2469000,1
199.409,14,199406112345,2469000,1
199.409,6,199406112345,2469000,1
199.409,20,199406112345,2469000,1
199.409,18,199406112345,2469000,1
199.411,4,199408579345,2496006,0
199.414,13,199411120351,2469000,1
199.414,7,199411120351,2469000,1
199.414,6,199411120351,2469000,1
199.416,2,199413596351,2496006,0
199.419,9,199416128357,2469000,1
199.419,2,199416128357,2469000,1
199.421,5,199418908363,2496006,0
199.424,14,199421431369,2496006,0
199.426,4,199423963375,2469000,1
199.429,7,199426466375,2496006,0
199.431,5,199428998381,2469000,1
199.431,3,199428998381,2469000,1
199.434,14,199431510381,2496006,0
199.437,20,199434051387,2496006,0
199.439,23,199436574393,2496006,0
199.442,23,199439106399,2496006,0
199.444,4,199441629405,2496006,0
199.447,7,199444152411,2496006,0
199.449,2,199446988417,2496006,0
199.452,20,199449511423,2469000,1
199.452,23,199449511423,2469000,1
199.454,14,199451987423,2496006,0
199.457,5,199454510429,2469000,1
199.457,2,199454510429,2469000,1
199.459,9,199456986429,2496006,0
199.462,12,199459509435,2469000,1
199.462,23,199459509435,2469000,1
199.465,4,199462021435,2496006,0
199.467,7,199464544441,2496006,0
199.47,20,199467067447,2496006,0
199.472,14,199469590453,2469000,1
199.472,2,199469590453,2469000,1
199.475,22,199472057453,2469000,1
199.475,5,199472057453,2469000,1
199.475,9,199472057453,2469000,1
199.477,16,199474560453,2469000,1
199.477,12,199474560453,2469000,1
199.477,9,199474560453,2469000,1
199.48,18,199477045453,2496006,0
199.482,4,199479568459,2469000,1
199.482,20,199479568459,2469000,1
199.485,7,199482044459,2496006,0
199.487,20,199484576465,2496006,0
199.49,23,199487099471,2496006,0
199.492,23,199489622477,2469000,1
199.495,8,199492107477,2496006,0
199.497,18,199494639483,2496006,0
199.5,20,199497162489,2496006,0
199.502,7,199499730495,2496006,0
199.505,4,199502253501,2496006,0
199.507,20,199504785507,2469000,1
199.507,14,199504785507,2469000,1
199.51,3,199507252507,2496006,0
199.512,17,199509775513,2496006,0
199.515,8,199512298519,2496006,0
199.517,17,199514821525,2496006,0
199.52,23,199517344531,2469000,1
199.52,20,199517344531,2469000,1
199.523,18,199520124537,2496006,0
199.525,3,199522656543,2496006,0
199.528,21,199525188549,2469000,1
199.528,18,199525188549,2469000,1
199.53,17,199527655549,2496006,0
199.533,7,199530187555,2469000,1
199.533,4,199530187555,2469000,1
199.533,18,199530187555,2469000,1
199.535,8,199532663555,2496006,0
199.538,17,199535186561,2496006,0
199.54,20,199537718567,2469000,1
199.54,17,199537718567,2469000,1
199.543,3,199540203567,2469000,1
199.543,4,199540203567,2469000,1
199.545,7,199542688567,2496006,0
199.548,9,199545211573,2496006,0
199.55,14,199547752579,2469000,1
199.55,17,199547752579,2469000,1
199.553,8,199550532585,2496006,0
199.556,9,199553055591,2469000,1
199.556,2,199553055591,2469000,1
199.556,23,199553055591,2469000,1
199.558,18,199555522591,2469000,1
199.56,7,199557989591,2469000,1
199.56,2,199557989591,2469000,1
199.565,3,199562988597,2496006,0
199.568,7,199565547603,2496006,0
199.571,13,199568079609,2469000,1
199.571,8,199568079609,2469000,1
199.573,3,199570546609,2469000,1
199.573,6,199570546609,2469000,1
199.576,7,199573031609,2496006,0
199.578,11,199575572615,2496006,0
199.581,11,199578104621,2496006,0
199.583,7,199580636627,2496006,0
199.586,9,199583168633,2496006,0
199.588,8,199585691639,2496006,0
199.591,20,199588232645,2469000,1
199.591,9,199588232645,2469000,1
199.593,7,199590735645,2496006,0
199.596,11,199593258651,2496006,0
199.598,11,199595817657,2496006,0
199.601,7,199598340663,2469000,1
199.601,8,199598340663,2469000,1
199.603,3,199600816663,2469000,1
199.603,8,199600816663,2469000,1
199.606,17,199603283663,2469000,1
199.606,9,199603283663,2469000,1
199.608,18,199605750663,2496006,0
199.611,5,199608273669,2496006,0
199.613,4,199610796675,2469000,1
199.613,3,199610796675,2469000,1
199.616,14,199613272675,2469000,1
199.616,11,199613272675,2469000,1
199.621,8,199618280681,2496006,0
199.623,18,199620803687,2469000,1
199.623,5,199620803687,2469000,1
199.626,11,199623583693,2496006,0
199.629,11,199626160699,2496006,0
199.631,18,199628683705,2496006,0
199.634,8,199631215711,2496006,0
199.636,7,199633738717,2496006,0
199.639,7,199636261723,2496006,0
199.641,18,199638793729,2496006,0
199.644,7,199641316735,2496006,0
199.646,18,199643839741,2496006,0
199.649,11,199646380747,2496006,0
199.651,8,199648903753,2469000,1
199.651,18,199648903753,2469000,1
199.654,7,199651764759,2469000,1
199.654,11,199651764759,2469000,1
199.657,5,199654231759,2496006,0
199.659,17,199656754765,2469000,1
199.659,18,199656754765,2469000,1
199.662,7,199659221765,2496006,0
199.667,9,199664276777,2496006,0
199.669,5,199666817783,2496006,0
199.672,23,199669349789,2469000,1
199.672,8,199669349789,2469000,1
199.674,7,199671852789,2496006,0
199.677,15,199674393795,2496006,0
199.679,11,199676916801,2496006,0
199.682,9,199679439807,2496006,0
199.684,5,199681989813,2496006,0
199.687,8,199684512819,2496006,0
199.69,17,199687062825,2496006,0
199.692,7,199689585831,2496006,0
199.695,9,199692135837,2469000,1
199.695,4,199692135837,2469000,1
199.695,15,199692135837,2469000,1
199.695,11,199692135837,2469000,1
199.697,8,199694602837,2496006,0
199.7,5,199697125843,2496006,0
199.705,5,199702207855,2496006,0
199.707,7,199704739861,2496006,0
199.71,17,199707262867,2496006,0
199.712,22,199709785873,2496006,0
199.715,8,199712308879,2496006,0
199.717,15,199714831885,2496006,0
199.72,22,199717354891,2496006,0
199.722,5,199719877897,2496006,0
199.725,17,199722400903,2496006,0
199.728,17,199725236909,2496006,0
199.73,14,199727759915,2496006,0
199.733,9,199730282921,2469000,1
199.733,11,199730282921,2469000,1
199.735,15,199732758921,2469000,1
199.735,7,199732758921,2469000,1
199.738,23,199735234921,2496006,0
199.74,8,199737757927,2469000,1
199.74,18,199737757927,2469000,1
199.743,17,199740224927,2496006,0
199.745,22,199742774933,2469000,1
199.745,5,199742774933,2469000,1
199.745,8,199742774933,2469000,1
199.748,23,199745241933,2496006,0
199.75,7,199747773939,2496006,0
199.753,12,199750296945,2469000,1
199.753,14,199750296945,2469000,1
199.755,17,199752772945,2496006,0
199.758,15,199755608951,2469000,1
199.758,7,199755608951,2469000,1
199.761,17,199758120951,2496006,0
199.763,22,199760643957,2496006,0
199.766,14,199763166963,2496006,0
199.768,23,199765689969,2469000,1
199.768,7,199765689969,2469000,1
199.771,14,199768165969,2496006,0
199.773,17,199770688975,2469000,1
199.773,15,199770688975,2469000,1
199.776,22,199773155975,2496006,0
199.778,11,199775696981,2496006,0
199.781,3,199778219987,2469000,1
199.781,5,199778219987,2469000,1
199.783,7,199780686987,2496006,0
199.786,23,199783209993,2496006,0
199.788,11,199785732999,2496006,0
199.791,22,199788256005,2496006,0
199.793,14,199790779011,2469000,1
199.793,11,199790779011,2469000,1
199.796,3,199793246011,2496006,0
199.798,17,199795787017,2496006,0
199.801,17,199798319023,2496006,0
199.803,7,199800842029,2469000,1
199.803,22,199800842029,2469000,1
199.806,23,199803309029,2496006,0
199.808,6,199805832035,2496006,0
199.811,6,199808364041,2496006,0
199.813,17,199810887047,2469000,1
199.813,5,199810887047,2469000,1
199.816,9,199813372047,2496006,0
199.818,11,199815895053,2496006,0
199.821,6,199818418059,2469000,1
199.821,3,199818418059,2469000,1
199.821,9,199818418059,2469000,1
199.823,8,199820885059,2469000,1
199.823,15,199820885059,2469000,1
199.826,23,199823370059,2496006,0
199.828,11,199825893065,2496006,0
199.831,14,199828729071,2496006,0
199.834,18,199831261077,2469000,1
199.834,7,199831261077,2469000,1
199.834,9,199831261077,2469000,1
199.836,20,199833728077,2469000,1
199.836,17,199833728077,2469000,1
199.839,3,199836195077,2496006,0
199.841,22,199838718083,2496006,0
199.844,14,199841241089,2496006,0
199.846,22,199843800095,2496006,0
199.849,23,199846323101,2496006,0
199.851,1,199848846107,2496006,0
199.854,11,199851369113,2496006,0
199.856,1,199853892119,2496006,0
199.859,6,199856728125,2496006,0
199.862,3,199859251131,2496006,0
199.864,14,199861792137,2469000,1
199.864,2,199861792137,2469000,1
199.864,13,199861792137,2469000,1
199.864,3,199861792137,2469000,1
199.867,6,199864259137,2496006,0
199.869,11,199866809143,2469000,1
199.869,23,199866809143,2469000,1
199.872,22,199869285143,2496006,0
199.874,23,199871808149,2469000,1
199.874,22,199871808149,2469000,1
199.877,3,199874284149,2496006,0
199.879,1,199876807155,2469000,1
199.879,11,199876807155,2469000,1
199.884,3,199881797161,2496006,0
199.887,3,199884329167,2496006,0
199.889,6,199886861173,2496006,0
199.892,8,199889384179,2496006,0
199.894,1,199891907185,2496006,0
199.897,6,199894439191,2469000,1
199.897,1,199894439191,2469000,1
199.899,10,199896915191,2469000,1
199.899,7,199896915191,2469000,1
199.899,14,199896915191,2469000,1
199.902,8,199899400191,2469000,1
199.902,17,199899400191,2469000,1
199.904,3,199901867191,2469000,1
199.904,22,199901867191,2469000,1
199.907,8,199904352191,2496006,0
199.909,9,199906929197,2496006,0
199.912,8,199909479203,2469000,1
199.912,1,199909479203,2469000,1
199.914,5,199911955203,2496006,0
199.917,9,199914496209,2496006,0
199.919,6,199917028215,2469000,1
199.919,3,199917028215,2469000,1
199.922,9,199919513215,2469000,1
199.922,5,199919513215,2469000,1
199.922,23,199919513215,2469000,1
199.922,14,199919513215,2469000,1
199.927,5,199924575221,2496006,0
199.93,9,199927098227,2496006,0
199.932,14,199929934233,2496006,0
199.935,9,199932493239,2469000,1
199.935,5,199932493239,2469000,1
199.935,8,199932493239,2469000,1
199.937,15,199934960239,2469000,1
199.937,22,199934960239,2469000,1
199.94,19,199937436239,2469000,1
199.94,11,199937436239,2469000,1
199.942,14,199939921239,2496006,0
199.945,18,199942462245,2496006,0
199.947,7,199944985251,2496006,0
199.95,9,199947508257,2496006,0
199.953,14,199950031263,2496006,0
199.955,14,199952554269,2496006,0
199.958,5,199955077275,2469000,1
199.958,8,199955077275,2469000,1
199.96,18,199957544275,2496006,0
199.963,7,199960380281,2496006,0
199.965,14,199962939287,2496006,0
199.968,18,199965471293,2496006,0
199.973,7,199970526305,2469000,1
199.973,21,199970526305,2469000,1
199.975,9,199972993305,2496006,0
199.978,6,199975534311,2496006,0
199.981,3,199978057317,2496006,0
199.983,18,199980580323,2496006,0
199.986,9,199983130329,2469000,1
199.986,17,199983130329,2469000,1
199.986,1,199983130329,2469000,1
199.988,14,199985597329,2496006,0
199.991,18,199988120335,2496006,0
199.993,7,199990643341,2496006,0
199.996,6,199993184347,2496006,0
199.998,7,199995716353,2496006,0
200.001,3,199998248359,2496006,0
200.003,6,200000771365,2469000,1
200.003,18,200000771365,2469000,1
200.003,3,200000771365,2469000,1
200.006,19,200003238365,2496006,0
200.008,14,200005761371,2496006,0
200.011,18,200008284377,2496006,0
200.013,7,200010825383,2496006,0
200.016,14,200013366389,2496006,0
200.018,7,200015889395,2496006,0
200.021,19,200018412401,2496006,0
200.023,18,200020935407,2469000,1
200.026,9,200023402407,2496006,0
200.028,6,200025943413,2496006,0
200.031,9,200028475419,2469000,1
200.031,1,200028475419,2469000,1
200.033,4,200030942419,2496006,0
200.036,7,200033778425,2496006,0
200.039,14,200036319431,2496006,0
200.041,4,200038842437,2469000,1
200.041,18,200038842437,2469000,1
200.044,7,200041309437,2469000,1
200.044,22,200041309437,2469000,1
200.044,6,200041309437,2469000,1
200.046,14,200043776437,2496006,0
200.049,19,200046299443,2496006,0
200.051,5,200048822449,2496006,0
200.054,3,200051345455,2496006,0
200.056,14,200053868461,2469000,1
200.056,3,200053868461,2469000,1
200.059,19,200056344461,2469000,1
200.059,8,200056344461,2469000,1
200.061,5,200058811461,2469000,1
200.061,3,200058811461,2469000,1
200.064,20,200061591467,2496006,0
200.067,20,200064114473,2496006,0
200.069,14,200066646479,2496006,0
200.072,9,200069169485,2496006,0
200.074,14,200071728491,2496006,0
200.077,20,200074251497,2496006,0
200.079,6,200076783503,2496006,0
200.082,20,200079315509,2496006,0
200.084,9,200081838515,2496006,0
200.087,1,200084370521,2469000,1
200.089,23,200086864521,2469000,1
200.089,4,200086864521,2469000,1
200.092,6,200089331521,2496006,0
200.094,7,200091854527,2496006,0
200.097,20,200094386533,2469000,1
200.097,14,200094386533,2469000,1
200.099,5,200096853533,2496006,0
200.102,6,200099385539,2496006,0
200.104,19,200101917545,2469000,1
200.104,9,200101917545,2469000,1
200.107,5,200104384545,2496006,0
200.109,6,200106925551,2469000,1
200.109,7,200106925551,2469000,1
200.109,5,200106925551,2469000,1
200.112,11,200109455551,2496006,0
200.115,18,200112014557,2496006,0
200.117,14,200114537563,2496006,0
200.12,16,200117078569,2496006,0
200.122,3,200119610575,2469000,1
200.122,7,200119610575,2469000,1
200.125,18,200122086575,2469000,1
200.125,20,200122086575,2469000,1
200.127,6,200124553575,2469000,1
200.127,3,200124553575,2469000,1
200.13,11,200127020575,2496006,0
200.132,9,200129579581,2469000,1
200.132,18,200129579581,2469000,1
200.135,4,200132055581,2469000,1
200.135,14,200132055581,2469000,1
200.137,11,200134844587,2469000,1
200.137,5,200134844587,2469000,1
200.137,16,200134844587,2469000,1
200.142,15,200139861593,2496006,0
200.145,9,200142384599,2496006,0
200.147,16,200144943605,2496006,0
200.15,16,200147484611,2496006,0
200.152,9,200150016617,2469000,1
200.152,15,200150016617,2469000,1
200.152,19,200150016617,2469000,1
200.155,11,200152528617,2496006,0
200.158,16,200155051623,2496006,0
200.16,14,200157619629,2496006,0
200.163,18,200160142635,2469000,1
200.163,9,200160142635,2469000,1
200.165,5,200162609635,2496006,0
200.168,11,200165445641,2469000,1
200.168,14,200165445641,2469000,1
200.17,20,200167939641,2469000,1
200.173,16,200170424641,2469000,1
200.173,15,200170424641,2469000,1
200.173,14,200170424641,2469000,1
200.175,4,200172891641,2496006,0
200.178,22,200175414647,2469000,1
200.178,5,200175414647,2469000,1
200.18,5,200177883647,2496006,0
200.183,4,200180415653,2496006,0
200.185,7,200182956659,2496006,0
200.188,5,200185488665,2469000,1
200.188,6,200185488665,2469000,1
200.19,9,200187955665,2496006,0
200.193,9,200190505671,2496006,0
200.195,7,200193028677,2469000,1
200.195,4,200193028677,2469000,1
200.195,18,200193028677,2469000,1
200.198,5,200195495677,2496006,0
200.2,11,200198018683,2469000,1
200.2,18,200198018683,2469000,1
200.203,9,200200503683,2496006,0
200.208,16,200205585695,2496006,0
200.211,5,200208126701,2496006,0
200.213,17,200210658707,2469000,1
200.213,5,200210658707,2469000,1
200.216,9,200213134707,2496006,0
200.218,16,200215693713,2469000,1
200.218,14,200215693713,2469000,1
200.221,4,200218169713,2496006,0
200.223,7,200220692719,2469000,1
200.223,14,200220692719,2469000,1
200.226,5,200223186719,2496006,0
200.228,9,200225736725,2469000,1
200.231,4,200228212725,2496006,0
200.233,16,200230744731,2496006,0
200.236,19,200233276737,2496006,0
200.238,16,200235799743,2496006,0
200.241,5,200238635749,2496006,0
200.244,16,200241176755,2496006,0
200.246,4,200243708761,2469000,1
200.246,15,200243708761,2469000,1
200.249,19,200246193761,2496006,0
200.251,5,200248716767,2469000,1
200.251,8,200248716767,2469000,1
200.254,3,200251183767,2496006,0
200.256,20,200253706773,2469000,1
200.256,11,200253706773,2469000,1
200.261,19,200258705779,2469000,1
200.261,16,200258705779,2469000,1
200.264,9,200261190779,2496006,0
200.266,9,200263713785,2496006,0
200.269,7,200266576791,2496006,0
200.272,9,200269099797,2469000,1
200.272,6,200269099797,2469000,1
200.272,18,200269099797,2469000,1
200.272,3,200269099797,2469000,1
200.272,7,200269099797,2469000,1
200.274,4,200271575797,2469000,1
200.274,3,200271575797,2469000,1
200.274,7,200271575797,2469000,1
200.277,3,200274060797,2496006,0
200.279,5,200276619803,2496006,0
200.282,16,200279160809,2496006,0
200.284,5,200281692815,2469000,1
200.284,3,200281692815,2469000,1
200.287,19,200284159815,2496006,0
200.289,19,200286682821,2496006,0
200.292,16,200289205827,2496006,0
200.294,19,200291755833,2496006,0
200.297,6,200294296839,2496006,0
200.299,16,200296819845,2469000,1
200.299,11,200296819845,2469000,1
200.302,9,200299331845,2496006,0
200.304,6,200301854851,2496006,0
200.307,16,200304377857,2496006,0
200.309,19,200306909863,2496006,0
200.312,3,200309432869,2469000,1
200.314,11,200311899869,2496006,0
200.317,23,200314422875,2496006,0
200.319,16,200316945881,2496006,0
200.322,6,200319486887,2496006,0
200.325,11,200322009893,2496006,0
200.327,5,200324532899,2469000,1
200.327,11,200324532899,2469000,1
200.33,9,200327008899,2496006,0
200.332,1,200329531905,2469000,1
200.332,4,200329531905,2469000,1
200.332,19,200329531905,2469000,1
200.334,16,200332007905,2469000,1
200.334,13,200332007905,2469000,1
200.337,23,200334492905,2496006,0
200.34,16,200337024911,2496006,0
200.342,6,200339869917,2496006,0
200.345,15,200342401923,2469000,1
200.345,9,200342401923,2469000,1
200.347,7,200344868923,2496006,0
200.35,5,200347391929,2469000,1
200.352,3,200349867929,2496006,0
200.355,16,200352408935,2469000,1
200.355,6,200352408935,2469000,1
200.357,14,200354875935,2469000,1
200.357,23,200354875935,2469000,1
200.36,3,200357369935,2496006,0
200.362,19,200359892941,2469000,1
200.365,11,200362368941,2469000,1
200.367,7,200364844941,2496006,0
200.37,23,200367367947,2496006,0
200.373,9,200370203953,2496006,0
200.375,16,200372726959,2469000,1
200.375,3,200372726959,2469000,1
200.378,23,200375193959,2469000,1
200.38,9,200377714959,2496006,0
200.383,7,200380246965,2496006,0
200.385,6,200382787971,2496006,0
200.388,7,200385319977,2496006,0
200.39,3,200387842983,2469000,1
200.39,6,200387842983,2469000,1
200.393,23,200390336983,2496006,0
200.395,9,200392868989,2496006,0
200.398,6,200395391995,2496006,0
200.4,9,200397924001,2496006,0
200.403,11,200400447007,2496006,0
200.405,7,200402979013,2496006,0
200.408,6,200405511019,2496006,0
200.411,9,200408034025,2469000,1
200.411,23,200408034025,2469000,1
200.413,3,200410519025,2496006,0
200.416,23,200413060031,2496006,0
200.418,3,200415592037,2469000,1
200.418,11,200415592037,2469000,1
200.421,7,200418059037,2469000,1
200.421,11,200418061037,2469000,1
200.423,6,200420564037,2496006,0
200.426,7,200423087043,2496006,0
200.428,4,200425619049,2469000,1
200.428,19,200425619049,2469000,1
200.431,23,200428113049,2496006,0
200.433,7,200430636055,2496006,0
200.436,9,200433159061,2496006,0
200.438,3,200435682067,2469000,1
200.438,9,200435682067,2469000,1
200.441,7,200438149067,2496006,0
200.443,6,200440681073,2469000,1
200.446,7,200443488079,2496006,0
200.448,16,200446020085,2469000,1
200.448,7,200446020085,2469000,1
200.451,11,200448487085,2469000,1
200.451,9,200448487085,2469000,1
200.451,6,200448487085,2469000,1
200.453,3,200450954085,2496006,0
200.456,23,200453477091,2496006,0
200.459,19,200456036097,2469000,1
200.459,7,200456036097,2469000,1
200.461,3,200458512097,2496006,0
200.464,23,200461062103,2496006,0
200.466,3,200463594109,2496006,0
200.469,20,200466117115,2496006,0
200.474,20,200471521127,2469000,1
200.474,15,200471521127,2469000,1
200.476,23,200473997127,2496006,0
200.479,5,200476538133,2469000,1
200.479,11,200476538133,2469000,1
200.479,3,200476538133,2469000,1
200.482,7,200479014133,2496006,0
200.484,20,200481537139,2496006,0
200.487,2,200484060145,2496006,0
200.489,20,200486610151,2469000,1
200.489,3,200486610151,2469000,1
200.492,2,200489086151,2469000,1
200.492,6,200489086151,2469000,1
200.494,23,200491553151,2496006,0
200.497,9,200494085157,2496006,0
200.499,23,200496608163,2496006,0
200.502,7,200499140169,2469000,1
200.504,12,200501607169,2469000,1
200.504,11,200501607169,2469000,1
200.507,9,200504119169,2496006,0
200.509,2,200506642175,2496006,0
200.512,23,200509192181,2496006,0
200.514,2,200511778187,2496006,0
200.517,23,200514319193,2469000,1
200.517,20,200514319193,2469000,1
200.517,7,200514319193,2469000,1
200.517,9,200514319193,2469000,1
200.517,2,200514319193,2469000,1
200.519,6,200516795193,2469000,1
200.519,9,200516795193,2469000,1
200.522,21,200519352193,2496006,0
200.527,21,200524452205,2496006,0
200.529,2,200526975211,2496006,0
200.532,16,200529498217,2469000,1
200.532,23,200529498217,2469000,1
200.534,23,200531967217,2496006,0
200.537,21,200534526223,2496006,0
200.54,3,200537049229,2469000,1
200.542,2,200539516229,2496006,0
200.545,20,200542039235,2496006,0
200.547,23,200544875241,2496006,0
200.55,21,200547416247,2469000,1
200.55,4,200547416247,2469000,1
200.552,23,200549892247,2496006,0
200.555,5,200552433253,2496006,0
200.557,9,200554965259,2496006,0
200.56,23,200557497265,2469000,1
200.56,2,200557497265,2469000,1
200.565,20,200562487271,2496006,0
200.568,7,200565010277,2496006,0
200.57,5,200567533283,2496006,0
200.573,21,200570074289,2496006,0
200.575,9,200572597295,2469000,1
200.575,2,200572597295,2469000,1
200.578,7,200575404301,2469000,1
200.578,20,200575404301,2469000,1
200.58,9,200577871301,2496006,0
200.583,23,200580394307,2496006,0
200.585,14,200582926313,2496006,0
200.588,9,200585449319,2496006,0
200.59,5,200587981325,2469000,1
200.59,2,200587981325,2469000,1
200.593,21,200590448325,2496006,0
200.598,23,200595521337,2496006,0
200.601,21,200598053343,2469000,1
200.601,14,200598053343,2469000,1
200.603,9,200600538343,2496006,0
200.606,20,200603070349,2496006,0
200.608,9,200605593355,2496006,0
200.611,9,200608116361,2496006,0
200.613,7,200610639367,2496006,0
200.616,20,200613162373,2496006,0
200.618,7,200615721379,2469000,1
200.618,23,200615721379,2469000,1
200.621,20,200618188379,2469000,1
200.621,4,200618188379,2469000,1
200.623,9,200620655379,2496006,0
200.626,14,200623187385,2496006,0
200.628,5,200625719391,2496006,0
200.631,20,200628251397,2469000,1
200.633,5,200630745397,2496006,0
200.636,14,200633277403,2496006,0
200.638,9,200635800409,2469000,1
200.638,23,200635800409,2469000,1
200.641,2,200638276409,2469000,1
200.641,21,200638276409,2469000,1
200.643,5,200640752409,2496006,0
200.646,5,200643311415,2496006,0
200.648,14,200645834421,2496006,0
200.651,7,200648679427,2496006,0
200.654,14,200651211433,2496006,0
200.656,5,200653761439,2496006,0
200.661,14,200658825451,2469000,1
200.661,5,200658825451,2469000,1
200.664,7,200661337451,2496006,0
200.666,5,200663869457,2496006,0
200.669,3,200666401463,2469000,1
200.669,9,200666401463,2469000,1
200.669,14,200666401463,2469000,1
200.671,23,200668895463,2496006,0
200.674,17,200671427469,2469000,1
200.674,19,200671427469,2469000,1
200.674,15,200671427469,2469000,1
200.676,7,200673894469,2496006,0
200.682,5,200679298481,2496006,0
200.684,20,200681830487,2469000,1
200.684,23,200681830487,2469000,1
200.687,7,200684324487,2496006,0
200.689,22,200686865493,2469000,1
200.689,3,200686865493,2469000,1
200.692,5,200689341493,2496006,0
200.694,21,200691864499,2496006,0
200.697,6,200694387505,2496006,0
200.699,5,200696928511,2496006,0
200.702,7,200699460517,2469000,1
200.702,5,200699460517,2469000,1
200.704,9,200701927517,2496006,0
200.707,20,200704450523,2496006,0
200.709,14,200706973529,2469000,1
200.709,9,200706973529,2469000,1
200.712,21,200709440529,2469000,1
200.712,23,200709440529,2469000,1
200.714,6,200711925529,2496006,0
200.717,20,200714502535,2496006,0
200.72,6,200717043541,2496006,0
200.722,7,200719584547,2496006,0
200.727,7,200724630559,2496006,0
200.73,20,200727153565,2469000,1
200.73,5,200727153565,2469000,1
200.73,7,200727153565,2469000,1
200.732,6,200729656565,2496006,0
200.735,6,200732224571,2469000,1
200.735,20,200732224571,2469000,1
200.737,9,200734691571,2469000,1
200.737,6,200734693571,2469000,1
200.74,21,200737160571,2496006,0
200.742,23,200739710577,2496006,0
200.745,6,200742233583,2496006,0
200.75,7,200747297595,2496006,0
200.753,18,200750133601,2496006,0
200.755,6,200752656607,2469000,1
200.755,21,200752656607,2469000,1
200.758,6,200755125607,2496006,0
200.76,23,200757657613,2469000,1
200.76,18,200757657613,2469000,1
200.76,6,200757657613,2469000,1
200.763,14,200760124613,2496006,0
200.765,7,200762647619,2469000,1
200.765,21,200762647619,2469000,1
200.768,7,200765123619,2496006,0
200.77,7,200767673625,2496006,0
200.773,14,200770223631,2496006,0
200.778,20,200775269643,2496006,0
200.781,14,200778177649,2469000,1
200.781,7,200778177649,2469000,1
200.783,5,200780644649,2469000,1
200.783,23,200780644649,2469000,1
200.783,20,200780644649,2469000,1
200.783,7,200780646649,2469000,1
200.786,18,200783131649,2496006,0
200.788,6,200785690655,2496006,0
200.791,9,200788213661,2496006,0
200.793,7,200790736667,2496006,0
200.796,14,200793268673,2496006,0
200.798,20,200795791679,2469000,1
200.801,7,200798258679,2469000,1
200.801,14,200798258679,2469000,1
200.803,14,200800727679,2496006,0
200.806,6,200803250685,2496006,0
200.808,18,200805782691,2469000,1
200.808,19,200805782691,2469000,1
200.811,16,200808258691,2496006,0
200.813,9,200810781697,2496006,0
200.816,8,200813313703,2496006,0
200.818,8,200815854709,2496006,0
200.821,7,200818377715,2496006,0
200.823,16,200820909721,2496006,0
200.826,21,200823441727,2469000,1
200.826,14,200823441727,2469000,1
200.826,6,200823441727,2469000,1
200.828,14,200825910727,2496006,0
200.831,6,200828433733,2496006,0
200.833,16,200830956739,2469000,1
200.836,9,200833423739,2469000,1
200.836,14,200833423739,2469000,1
200.838,8,200835890739,2496006,0
200.841,20,200838422745,2496006,0
200.843,14,200840954751,2469000,1
200.843,8,200840954751,2469000,1
200.846,5,200843421751,2469000,1
200.846,23,200843421751,2469000,1
200.848,7,200845888751,2469000,1
200.848,21,200845888751,2469000,1
200.851,18,200848364751,2496006,0
200.854,21,200851209757,2496006,0
200.856,20,200853732763,2469000,1
200.856,14,200853732763,2469000,1
200.856,7,200853732763,2469000,1
200.859,6,200856199763,2496006,0
200.861,8,200858722769,2496006,0
200.864,12,200861263775,2469000,1
200.864,23,200861263775,2469000,1
200.866,20,200863739775,2496006,0
200.869,18,200866262781,2496006,0
200.871,21,200868785787,2496006,0
200.874,12,200871308793,2469000,1
200.874,20,200871308793,2469000,1
200.876,8,200873775793,2469000,1
200.876,9,200873775793,2469000,1
200.876,14,200873775793,2469000,1
200.876,20,200873777793,2469000,1
200.879,6,200876244793,2496006,0
200.884,16,200881621805,2496006,0
200.887,21,200884144811,2496006,0
200.889,7,200886676817,2469000,1
200.889,8,200886676817,2469000,1
200.889,21,200886676817,2469000,1
200.892,18,200889143817,2469000,1
200.892,12,200889143817,2469000,1
200.894,9,200891610817,2496006,0
200.897,16,200894133823,2496006,0
200.899,21,200896656829,2469000,1
200.899,9,200896656829,2469000,1
200.902,20,200899141829,2496006,0
200.904,6,200901673835,2496006,0
200.907,20,200904196841,2496006,0
200.909,16,200906737847,2469000,1
200.909,6,200906737847,2469000,1
200.909,20,200906737847,2469000,1
200.912,12,200909213847,2496006,0
200.914,20,200911745853,2496006,0
200.917,12,200914286859,2496006,0
200.919,18,200916818865,2496006,0
200.922,6,200919341871,2496006,0
200.924,9,200921864877,2496006,0
200.927,11,200924396883,2469000,1
200.927,18,200924396883,2469000,1
200.929,20,200926863883,2496006,0
200.932,9,200929386889,2496006,0
200.934,12,200931918895,2469000,1
200.934,17,200931918895,2469000,1
200.937,20,200934394895,2469000,1
200.937,18,200934394895,2469000,1
200.939,16,200936861895,2496006,0
200.942,9,200939384901,2496006,0
200.944,2,200941916907,2469000,1
200.944,6,200941916907,2469000,1
200.947,8,200944392907,2496006,0
200.949,12,200946951913,2496006,0
200.952,9,200949474919,2496006,0
200.955,16,200952015925,2496006,0
200.957,9,200954851931,2496006,0
200.96,12,200957392937,2496006,0
200.962,8,200959933943,2496006,0
200.965,6,200962474949,2469000,1
200.965,16,200962474949,2469000,1
200.967,20,200964941949,2496006,0
200.97,9,200967464955,2496006,0
200.973,8,200970005961,2496006,0
200.975,20,200972528967,2469000,1
200.975,21,200972528967,2469000,1
200.975,18,200972528967,2469000,1
200.977,12,200974995967,2496006,0
200.983,7,200980104979,2496006,0
200.985,9,200982940985,2469000,1
200.985,20,200982940985,2469000,1
200.988,8,200985425985,2496006,0
200.99,12,200987966991,2496006,0
200.993,7,200990498997,2496006,0
200.996,19,200993031003,2496006,0
200.998,16,200995572009,2496006,0
